0,0,0.716,0,0.018161079406738282,-0.013077889442443848,0,0,1,0,0,0,0.28400000000000003,0,0,0,0.22720000000000004,0,0,0,0,0,0,0,0,0
-0.0008844083150227865,-0.0014757996877034505,0.714,0.0009773843811169412,-0.013266124725341798,-0.022136995315551758,0,0,1,0,0.0008844083150227865,0.0014757996877034505,0.28600000000000003,-0.0009773843811169412,0.005204977642269624,0.008685472816667312,0.2414282307692308,-0.005488389217041285,0,0,0,0,0,0,0,0
0.0007406579357863071,-0.003499346108828825,0.713,0.000715584993317586,0.024346315383911132,-0.030377006530761717,0,0,1,0,-0.0007406579357863071,0.003499346108828825,0.28700000000000003,-0.000715584993317586,-0.009120592265272539,0.01264892608985725,0.2387091153846154,0.0004927198734486688,0,0,0,0,0,0,0,0
0.0020044579144774437,-0.004859947227915795,0.716,-0.0005759586531579599,0.01894239044189453,-0.020422576904296875,0,0,1,0,-0.0020044579144774437,0.004859947227915795,0.28400000000000003,0.0005759586531579599,-0.007808515225473519,0.009762680142584395,0.2166166538461539,0.00653692932919894,0,0,0,0,0,0,0,0
0.002156184192349064,-0.006179086450168696,0.716,-0.000855211333477213,0.002287290334701538,-0.01978577423095703,0,0,1,0,-0.002156184192349064,0.006179086450168696,0.28400000000000003,0.000855211333477213,-0.0018853336869585873,0.010095449502130312,0.23464490000000005,0.002124541698564727,0,0,0,0,0,0,0,0
0.005862804417605916,-0.00849277792025448,0.718,0.00003490658504001732,0.05562896347045899,-0.03465781021118164,0,0,1,0,-0.005862804417605916,0.00849277792025448,0.28200000000000003,-0.00003490658504001732,-0.022896569862983846,0.016720718958375708,0.22410866923076925,-0.004143143132042618,0,0,0,0,0,0,0,0
0.010784120291994374,-0.011155035182176237,0.723,-0.0003839724354388622,0.07381834411621094,-0.03993643569946289,0,0,1,0,-0.010784120291994374,0.011155035182176237,0.277,0.0003839724354388622,-0.03190490635830729,0.019935991087475617,0.20575532307692307,0.0023172602222644597,0,0,0,0,0,0,0,0
0.016866377873275804,-0.014177732406638877,0.722,0.000506145483078368,0.0912512664794922,-0.045305423736572266,0,0,1,0,-0.016866377873275804,0.014177732406638877,0.278,-0.000506145483078368,-0.04120822287014317,0.02339738579329909,0.2406700153846154,-0.004614382030080969,0,0,0,0,0,0,0,0
0.02703716547330904,-0.018235045355511806,0.732,0.0012217304763959542,0.15253099060058595,-0.060936904907226565,0,0,1,0,-0.02703716547330904,0.018235045355511806,0.268,-0.0012217304763959542,-0.06832635246715024,0.031008902794041268,0.17518124615384617,-0.0045244304455540445,0,0,0,0,0,0,0,0
0.037202919570936216,-0.022466859865743073,0.737,0.0003839724354386394,0.15240864562988282,-0.06366346740722656,0,0,1,0,-0.037202919570936216,0.022466859865743073,0.263,-0.0003839724354386394,-0.07177306167190159,0.0333992868307299,0.20067009701492539,0.003367182971832919,0,0,0,0,0,0,0,0
0.046890771216960114,-0.026541408222199844,0.747,0.0009948376736368387,0.14529429626464843,-0.06117401885986328,0,0,1,0,-0.046890771216960114,0.026541408222199844,0.253,-0.0009948376736368387,-0.076522750693066,0.035629740124430126,0.16572119999999996,-0.0038582684776908983,0,0,0,0,0,0,0,0
0.06128474775734508,-0.030590321962657294,0.757,0.0029321531433503796,0.21584912109375,-0.06094847106933594,0,0,1,0,-0.06128474775734508,0.030590321962657294,0.243,-0.0029321531433503796,-0.10828516288525741,0.03719323759740942,0.16014204615384614,-0.011873609157412875,0,0,0,0,0,0,0,0
0.0753944857413642,-0.03422865477554923,0.766,0.004049163864626948,0.21148513793945312,-0.055195335388183595,0,0,1,0,-0.0753944857413642,0.03422865477554923,0.23399999999999999,-0.004049163864626948,-0.11270813280977753,0.03652734085743488,0.16060532727272725,-0.009126485324974985,0,0,0,0,0,0,0,0
0.08757937385327678,-0.035903632451982706,0.777,0.004834562028024569,0.1826700897216797,-0.02586453628540039,0,0,1,0,-0.08757937385327678,0.035903632451982706,0.22299999999999998,-0.004834562028024569,-0.11172520661814907,0.027398691360562444,0.13982638888888882,-0.008574553282298957,0,0,0,0,0,0,0,0
0.09931727797664487,-0.0378075414018692,0.787,0.007086036763096936,0.17592843627929688,-0.02940951156616211,0,0,1,0,-0.09931727797664487,0.0378075414018692,0.21299999999999997,-0.007086036763096936,-0.10950895813708156,0.02872881066942236,0.14368256231884055,-0.016875057350368095,0,0,0,0,0,0,0,0
0.10973737949559069,-0.03843409239684985,0.796,0.009093165402890515,0.15623100280761718,-0.010505578041076661,0,0,1,0,-0.10973737949559069,0.03843409239684985,0.20399999999999996,-0.009093165402890515,-0.11407010642842284,0.0229453875613857,0.13766554838709671,-0.01880507817608525,0,0,0,0,0,0,0,0
0.11886779627279598,-0.038194668903600584,0.806,0.010576695267085602,0.1369832458496094,0.0023458552360534667,0,0,1,0,-0.11886779627279598,0.038194668903600584,0.19399999999999995,-0.010576695267085602,-0.10905320779510837,0.0180243175010822,0.1278868461538461,-0.01742375617875524,0,0,0,0,0,0,0,0
0.12541555916072192,-0.03711800605909006,0.816,0.012985249634837938,0.09838175964355468,0.01511025333404541,0,0,1,0,-0.12541555916072192,0.03711800605909006,0.18400000000000005,-0.012985249634837938,-0.09796906587335587,0.013090111697428176,0.12191709696969757,-0.02393322403371219,0,0,0,0,0,0,0,0
0.1298449674745535,-0.0364616980996807,0.825,0.014590952546672755,0.0665633544921875,0.008981059074401856,0,0,1,0,-0.1298449674745535,0.0364616980996807,0.17500000000000004,-0.014590952546672755,-0.08939584439880256,0.014961267576793232,0.12042336153846156,-0.022001889062833443,0,0,0,0,0,0,0,0
0.1333533353866395,-0.03502863646321814,0.837,0.015358897417550034,0.05293355178833008,0.020725807189941405,0,0,1,0,-0.1333533353866395,0.03502863646321814,0.16300000000000003,-0.015358897417550034,-0.08571601000128938,0.010316029003230235,0.09769043283582089,-0.018797456540881136,0,0,0,0,0,0,0,0
0.1342041035610836,-0.03327763852628381,0.846,0.01715658654710439,0.013163402557373046,0.026065876007080078,0,0,1,0,-0.1342041035610836,0.03327763852628381,0.15400000000000003,-0.01715658654710439,-0.072625137468642,0.0072198715077760565,0.1041472,-0.02571701097355371,0,0,0,0,0,0,0,0
0.13396472880160018,-0.03184502743318134,0.856,0.01864011641129948,-0.0032214303016662596,0.021547603607177734,0,0,1,0,-0.13396472880160018,0.03184502743318134,0.14400000000000002,-0.01864011641129948,-0.0665770962919956,0.008537971813267976,0.09323704615384615,-0.025487177322969113,0,0,0,0,0,0,0,0
0.13267054966419184,-0.030082018486933208,0.868,0.02083923126881238,-0.01891640281677246,0.0268023738861084,0,0,1,0,-0.13267054966419184,0.030082018486933208,0.132,-0.02083923126881238,-0.060336526699438904,0.0058969552890683705,0.07372581538461534,-0.030988992149641147,0,0,0,0,0,0,0,0
0.1301162240482211,-0.02934642924554998,0.875,0.021624629432209778,-0.03807664489746094,0.011829837799072266,0,0,1,0,-0.1301162240482211,0.02934642924554998,0.125,-0.021624629432209778,-0.05256823134776317,0.011140802369222758,0.09644498787878784,-0.025194621084016138,0,0,0,0,0,0,0,0
0.12688221838905522,-0.02825123794203501,0.884,0.02223549467040798,-0.048143524169921875,0.017472959518432616,0,0,1,0,-0.12688221838905522,0.02825123794203501,0.11599999999999999,-0.02223549467040798,-0.0474306069168883,0.008704871901990208,0.07940452727272723,-0.025012154844036176,0,0,0,0,0,0,0,0
0.12297824546127703,-0.026663976391945503,0.891,0.023614304779483238,-0.0580157585144043,0.025105031967163086,0,0,1,0,-0.12297824546127703,0.026663976391945503,0.10899999999999999,-0.023614304779483238,-0.041357504592035535,0.005055802139939438,0.08394814999999996,-0.030077477165773504,0,0,0,0,0,0,0,0
0.11930022430105156,-0.025435278097186955,0.898,0.026598817800393755,-0.05471975326538086,0.019728023529052733,0,0,1,0,-0.11930022430105156,0.025435278097186955,0.10199999999999998,-0.026598817800393755,-0.041442426440886124,0.006622752587770068,0.08018138787878783,-0.04016478607725974,0,0,0,0,0,0,0,0
0.11479908071126532,-0.025409975808132562,0.907,0.027768188399229794,-0.0674831771850586,0.0021750648021697998,0,0,1,0,-0.11479908071126532,0.025409975808132562,0.09299999999999997,-0.027768188399229794,-0.03415435471886713,0.013003816224880104,0.06147904999999995,-0.03324961308127373,0,0,0,0,0,0,0,0
0.11026522963970667,-0.0237048315743685,0.916,0.02762856205907039,-0.06727140808105468,0.02745551300048828,0,0,1,0,-0.11026522963970667,0.0237048315743685,0.08399999999999996,-0.02762856205907039,-0.03253268361939152,0.003262829647415158,0.0563249272727272,-0.026993896876527642,0,0,0,0,0,0,0,0
0.1049590180675455,-0.021627081189261065,0.924,0.028361600344907874,-0.07870182800292969,0.03335312652587891,0,0,1,0,-0.1049590180675455,0.021627081189261065,0.07599999999999996,-0.028361600344907874,-0.02585299964567671,0.00026228661677695116,0.0557295575757575,-0.031693592553260076,0,0,0,0,0,0,0,0
0.10048114086698569,-0.019605758553514773,0.929,0.030159289474462007,-0.06628134155273438,0.032212387084960936,0,0,1,0,-0.10048114086698569,0.019605758553514773,0.07099999999999995,-0.030159289474462007,-0.027328978796450965,-0.0007715619255018649,0.06726444999999995,-0.038585957269247004,0,0,0,0,0,0,0,0
0.09795525619077229,-0.019145047603720006,0.936,0.032899456400093285,-0.03766265106201172,0.008050031661987304,0,0,1,0,-0.09795525619077229,0.019145047603720006,0.06399999999999995,-0.032899456400093285,-0.03701718082812682,0.0075838837766550316,0.051731892307692234,-0.045546380672237645,1427126260145,0,0,0,0,0,0,0
0.0948455873985417,-0.018152286036949673,0.943,0.0330041761552129,-0.04612995910644531,0.01641768455505371,0,0,1,0,-0.0948455873985417,0.018152286036949673,0.05700000000000005,-0.0330041761552129,-0.03263519416941097,0.004315590097912998,0.047079187878788474,-0.033480175042120246,1427126260145,0,0,0,0,0,0,0
0.09124397954594779,-0.017689358083541558,0.946,0.03242821750205472,-0.05376556015014648,0.008722835540771485,0,0,1,0,-0.09124397954594779,0.017689358083541558,0.05400000000000005,-0.03242821750205472,-0.02799109361497666,0.006867579896340315,0.06599755384615388,-0.029769946795170803,1427126260145,0,0,0,0,0,0,0
0.08893856685030482,-0.01695737825265659,0.949,0.03391174736625003,-0.034207019805908206,0.012095134735107422,0,0,1,0,-0.08893856685030482,0.01695737825265659,0.051000000000000045,-0.03391174736625003,-0.034064686387719666,0.005123759606044446,0.06417890909090912,-0.040655064930774164,1427126260145,0,0,0,0,0,0,0
0.08736706918960238,-0.01782475251231775,0.955,0.03714060648243934,-0.02400004005432129,-0.012203903198242187,0,0,1,0,-0.08736706918960238,0.01782475251231775,0.04500000000000004,-0.03714060648243934,-0.03696639803566874,0.014194018784394871,0.0427635,-0.05227588358957672,1427126260145,0,0,0,0,0,0,0
0.08632938093407916,-0.019759145225615206,0.958,0.03817035074111597,-0.016632009506225585,-0.02841790771484375,0,0,1,0.03714060648243934,-0.08632938093407916,0.019759145225615206,0.04200000000000004,-0.0010297442586766348,-0.04316469046703958,0.009879572612807603,0.03360000000000003,-0.0010297442586766348,1427126260145,0,0,0,0,0,0,0
0.08526898777650241,-0.021394524338286803,0.96,0.04115486376202649,-0.016830429077148438,-0.023905832290649413,0,0,1,0.03714060648243934,-0.08526898777650241,0.021394524338286803,0.040000000000000036,-0.004014257279587152,-0.03715225686898888,0.019254621715898694,0.021820238805970168,-0.01737774841799245,1427126260537,0,0,0,0,0,0,0
0.08452498128136844,-0.022798692262469614,0.963,0.04476769531365466,-0.01201722812652588,-0.020585521697998047,0,0,1,0.03714060648243934,-0.08452498128136844,0.022798692262469614,0.03700000000000003,-0.007627088831215323,-0.038304931330250674,0.01910731496096419,0.013698550000000014,-0.024562236729472373,1427126260602,0,0,0,0,0,0,0
0.08534733337808194,-0.02557357724199245,0.962,0.04871213942316178,0.010460166931152344,-0.04213360977172852,0,0,1,0.03714060648243934,-0.08534733337808194,0.02557357724199245,0.038000000000000034,-0.01157153294072244,-0.04720218022753302,0.027547891810163795,0.036458630303030336,-0.029500824347572972,1427126260668,0,0,0,0,0,0,0
0.08654313254503612,-0.029444655354242816,0.964,0.0520282650019508,0.015088301658630371,-0.058870697021484376,0,0,1,0.03714060648243934,-0.08654313254503612,0.029444655354242816,0.03600000000000003,-0.01488765851951146,-0.049837599408554076,0.035316009739650586,0.019187139393939415,-0.029960956604916093,1427126260734,0,0,0,0,0,0,0
0.08820873569174298,-0.03453996385688263,0.962,0.05478588522010198,0.02097553253173828,-0.07762549591064453,0,0,1,0.03714060648243934,-0.08820873569174298,0.03453996385688263,0.038000000000000034,-0.01764527873766264,-0.05363796408173497,0.045664249092649364,0.04274371111111115,-0.030776803586001593,1427126260797,0,0,0,0,0,0,0
0.08898056497114422,-0.04016732086163462,0.962,0.05693264020005518,0.006937885761260986,-0.08491767120361328,0,0,1,0.03714060648243934,-0.08898056497114422,0.04016732086163462,0.038000000000000034,-0.019792033717615842,-0.048984369085789264,0.050497919996986065,0.03187960000000003,-0.029700133625092162,1427126260862,0,0,0,0,0,0,0
0.09021268342509042,-0.04573022113345684,0.963,0.06019640590128451,0.013703739166259766,-0.08435995483398437,0,0,1,0.03714060648243934,-0.09021268342509042,0.04573022113345684,0.03700000000000003,-0.02305579941884517,-0.052137546727615405,0.05296202006085824,0.02593548461538464,-0.03811933342451898,1427126260927,0,0,0,0,0,0,0
0.0916890024065868,-0.051561846808747334,0.97,0.06358234465015355,0.01684221076965332,-0.08864817810058594,0,0,1,0.03714060648243934,-0.0916890024065868,0.051561846808747334,0.030000000000000027,-0.026441738167714217,-0.054014767949632496,0.056422017163334406,-0.010646064179104485,-0.041602657938769654,1427126260994,0,0,0,0,0,0,0
0.0929273521811004,-0.057307926202347245,0.972,0.06632251157578463,0.013061165809631348,-0.08719728851318359,0,0,1,0.03714060648243934,-0.0929273521811004,0.057307926202347245,0.028000000000000025,-0.02918190509334529,-0.05386009395583968,0.06079010793721504,0.013386388888888903,-0.04223031902492183,1427126261057,0,0,0,0,0,0,0
0.09351317490741136,-0.06320637254861772,0.975,0.06885323899117625,0.0029043259620666504,-0.08886454772949219,0,0,1,0.03714060648243934,-0.09351317490741136,0.06320637254861772,0.025000000000000022,-0.03171263250873691,-0.050441638714744844,0.06313802373352576,0.006353409090909097,-0.043215938942335184,1427126261123,0,0,0,0,0,0,0
0.09340029816902595,-0.06973483077240296,0.972,0.07051130178057098,-0.008426395416259766,-0.09757835388183594,0,0,1,0.03714060648243934,-0.09340029816902595,0.06973483077240296,0.028000000000000025,-0.03337069529813164,-0.04673147704745592,0.0703211773599626,0.04099834615384619,-0.04102329278764579,1427126261188,0,0,0,0,0,0,0
0.09282147863994972,-0.07482615687808802,0.972,0.07230899091012512,-0.014041197776794434,-0.07556842803955079,0,0,1,0.03714060648243934,-0.09282147863994972,0.07482615687808802,0.028000000000000025,-0.03516838442768578,-0.043993478524929304,0.06517707370192878,0.025026500000000024,-0.0434654111794741,1427126261253,0,0,0,0,0,0,0
0.09105666858976115,-0.07986886974640207,0.974,0.07347836150896116,-0.031867712020874024,-0.07353052520751953,0,0,1,0.03714060648243934,-0.09105666858976115,0.07986886974640207,0.026000000000000023,-0.03633775502652182,-0.03692905026704159,0.06707796986350296,0.012992039393939411,-0.041653075930322,1427126261319,0,0,0,0,0,0,0
0.08903664891403355,-0.08387150351942511,0.976,0.07494443808063657,-0.034626171112060546,-0.0576530876159668,0,0,1,0.03714060648243934,-0.08903664891403355,0.08387150351942511,0.02400000000000002,-0.03780383159819723,-0.034458726403065715,0.06394478747035283,0.011384869230769246,-0.044570338852083745,1427126261384,0,0,0,0,0,0,0
0.08739463903558328,-0.08775714708673399,0.976,0.07623598172711232,-0.02892503356933594,-0.05627688217163086,0,0,1,0.03714060648243934,-0.08739463903558328,0.08775714708673399,0.02400000000000002,-0.039095375244672985,-0.035729965349168544,0.06531470413807583,0.022310100000000024,-0.045056345920714926,1427126261449,0,0,0,0,0,0,0
0.08537505503588898,-0.0908319036993043,0.98,0.07764969842122782,-0.03371847152709961,-0.04368014907836914,0,0,1,0.03714060648243934,-0.08537505503588898,0.0908319036993043,0.020000000000000018,-0.04050909193878848,-0.03274257571301146,0.06254480881009636,-0.002298361538461538,-0.047033938219321544,1427126261514,0,0,0,0,0,0,0
0.08223707152188536,-0.09386655723433576,0.983,0.07899360194526328,-0.050458969116210936,-0.04173136138916016,0,0,1,0.03714060648243934,-0.08223707152188536,0.09386655723433576,0.017000000000000015,-0.04185299546282394,-0.025204886821602594,0.06390720919152829,0.0007967538461538526,-0.04805562711221838,1427126261579,0,0,0,0,0,0,0
0.08028853260446156,-0.09577546735923853,0.983,0.07937757438070236,-0.03139646339416504,-0.026237930297851562,0,0,1,0.03714060648243934,-0.08028853260446156,0.09577546735923853,0.017000000000000015,-0.04223696789826303,-0.031152803443318403,0.05841162216178151,0.017066200000000017,-0.04393096393696487,1427126261647,0,0,0,0,0,0,0
0.07778904526266929,-0.0967863759878223,0.986,0.08075638448977762,-0.03857664489746094,-0.012142958641052247,0,0,1,0.03714060648243934,-0.07778904526266929,0.0967863759878223,0.014000000000000012,-0.043615778007338284,-0.026095270511119546,0.05476893823892792,-0.0019122666666666656,-0.050181540431506175,1427126261710,0,0,0,0,0,0,0
0.07483108570340505,-0.09767608042865125,0.989,0.08178612874845426,-0.04530136108398437,-0.009722854614257813,0,0,1,0.03714060648243934,-0.07483108570340505,0.09767608042865125,0.01100000000000001,-0.04464552226601492,-0.022623497175045096,0.054451837083781575,-0.003727946153846152,-0.04939818807529169,1427126261775,0,0,0,0,0,0,0
0.0705364791926869,-0.09854087664212001,0.993,0.08250171374177206,-0.06526351165771484,-0.007665865898132325,0,0,1,0.03714060648243934,-0.0705364791926869,0.09854087664212001,0.007000000000000006,-0.04536110725933273,-0.013324712892563272,0.05481416553608615,-0.012267061538461545,-0.04866380722849184,1427126261840,0,0,0,0,0,0,0
0.06556088496244696,-0.09788234472444741,0.999,0.08344419153784877,-0.07356603240966797,0.015994823455810547,0,0,1,0.03714060648243934,-0.06556088496244696,0.09788234472444741,0.0010000000000000009,-0.04630358505540943,-0.007619263271455762,0.04640069221423656,-0.02734018181818184,-0.05058757503757626,1427126261906,0,0,0,0,0,0,0
0.06074277194138862,-0.09793048993130145,1.001,0.08382816397328763,-0.07208042144775391,0.005303991794586182,0,0,1,0.03714060648243934,-0.06074277194138862,0.09793048993130145,-0.0009999999999998899,-0.04668755749084829,-0.006085424614855808,0.05023692914684127,-0.007734660606059932,-0.048432886742843115,1427126261972,0,0,0,0,0,0,0
0.056712930449252796,-0.09791741440053608,1.001,0.08449138908904552,-0.060218936920166014,0.005256724834442139,0,0,1,0.03714060648243934,-0.056712930449252796,0.09791741440053608,-0.0009999999999998899,-0.04735078260660618,-0.007619203838254856,0.049966236226909246,0.002865000000000093,-0.050459650336721305,1427126262036,0,0,0,0,0,0,0
0.05456774889043072,-0.09738075741422744,1.002,0.08555603993276217,-0.03138360214233398,0.010736645698547364,0,0,1,0.03714060648243934,-0.05456774889043072,0.09738075741422744,-0.0020000000000000018,-0.048415433450322835,-0.016888270428443264,0.046896895333497716,-0.003416550000000609,-0.053405984280244644,1427126262100,0,0,0,0,0,0,0
0.051775633300431105,-0.0976618524057149,1.008,0.08520697408236333,-0.042088844299316405,-0.0006221370697021484,0,0,1,0.03714060648243934,-0.051775633300431105,0.0976618524057149,-0.008000000000000007,-0.04806636759992399,-0.012672685502341092,0.05150612583617807,-0.03414468358208958,-0.046503386180227674,1427126262167,0,0,0,0,0,0,0
0.04832813158292753,-0.09709957175124699,1.009,0.0858876524906409,-0.050807132720947265,0.01280454921722412,0,0,1,0.03714060648243934,-0.04832813158292753,0.09709957175124699,-0.008999999999999897,-0.04874704600820156,-0.006712018085426572,0.04674375023379413,-0.00912774999999931,-0.05193772604700266,1427126262231,0,0,0,0,0,0,0
0.0446276808673653,-0.09793844655092426,1.006,0.08662069077647862,-0.05638156509399414,-0.007775253295898438,0,0,1,0.03714060648243934,-0.0446276808673653,0.09793844655092426,-0.006000000000000005,-0.04948008429403928,-0.004414505598188751,0.05468596051130215,0.014372441791044209,-0.0527623452754022,1427126262298,0,0,0,0,0,0,0
0.04202772989662884,-0.0977744799126945,1.009,0.0865508776063988,-0.0386402702331543,0.005824198722839355,0,0,1,0.03714060648243934,-0.04202772989662884,0.0977744799126945,-0.008999999999999897,-0.049410271123959466,-0.00802754821624392,0.04937246755723026,-0.020422566666665976,-0.049077827456912734,1427126262361,0,0,0,0,0,0,0
0.03957515495480776,-0.09777996354895006,1.004,0.08618435846348006,-0.036658027648925784,0.003098167181015015,2.5,0,1,0,2.460424845045192,0.09777996354895006,-0.0040000000000000036,-0.08618435846348006,1.230212422522596,0.04888998177447503,-0.003200000000000003,-0.08618435846348006,0,0,0,0,0,0,0,0
0.03638813702624228,-0.097644488311821,1,0.08691739674931777,-0.04745291519165039,0.0061395540237426756,2.5,0,1,0,2.4636118629737576,0.097644488311821,0,-0.08691739674931777,1.2505681449670096,0.04815623102723362,0.021538461538461555,-0.09030065037626103,0,0,0,0,0,0,0,0
0.0336569299247537,-0.09875946905445511,0.997,0.08335692507524907,-0.042265293121337894,-0.01310521697998047,2.5,0,1,0,2.4663430700752462,0.09875946905445511,0.0030000000000000027,-0.08335692507524907,1.2510825055213515,0.05551113955985314,0.018573346153846166,-0.0669239788872397,0,0,0,0,0,0,0,0
0.030776634306204663,-0.09971432027349145,0.995,0.08080874436733733,-0.04424694061279297,-0.010675817489624024,2.5,0,1,0,2.469223365693795,0.09971432027349145,0.0050000000000000044,-0.08080874436733733,1.2547201359215878,0.05511423910984943,0.014658560606060618,-0.06922610478592033,0,0,0,0,0,0,0,0
0.03541996553047795,-0.10137710496597031,0.992,0.07967428035354131,0.06740936279296875,-0.030482582092285156,2.5,0,1,0,2.464580034469522,0.10137710496597031,0.008000000000000007,-0.07967428035354131,1.213308288951918,0.060040261640825765,0.02290995000000002,-0.07435648028887246,0,0,0,0,0,0,0,0
0.04264770298178231,-0.1054153597499119,0.99,0.07777187146886756,0.10325106048583985,-0.069010498046875,2.5,0,1,0,2.457352297018218,0.1054153597499119,0.010000000000000009,-0.07777187146886756,1.1977663305758168,0.07477900406624871,0.018937930769230785,-0.06899152277037335,0,0,0,0,0,0,0,0
0.05429645587140336,-0.1087377130677014,0.987,0.07824311036690591,0.1703312530517578,-0.06326014709472656,2.5,0,1,0,2.445703544128597,0.1087377130677014,0.013000000000000012,-0.07824311036690591,1.1707010151802135,0.07238603910077063,0.026563590909090933,-0.08038510535798933,0,0,0,0,0,0,0,0
0.07462378410014774,-0.11343436143590255,0.994,0.07534586380859512,0.29847048950195315,-0.09406695556640625,2.5,0,1,0,2.425376215899852,0.11343436143590255,0.006000000000000005,-0.07534586380859512,1.112698205159242,0.08287321671817921,-0.033188350000000026,-0.06176502056651328,0,0,0,0,0,0,0,0
0.10275669953062799,-0.11920616275530634,1.004,0.07353072138652109,0.4142794189453125,-0.11809679412841798,2.5,0,1,0,2.397243300469372,0.11920616275530634,-0.0040000000000000036,-0.07353072138652109,1.0666251785412086,0.08986318271365065,-0.05440488823529416,-0.06552274011266505,0,0,0,0,0,0,0,0
0.1350287997272296,-0.12359112938734008,1.005,0.07394960040699974,0.47794134521484377,-0.10115956115722656,2.5,0,1,0,2.3649712002727705,0.12359112938734008,-0.004999999999999893,-0.07394960040699974,1.017491385360464,0.0867866532660064,-0.009321355555554857,-0.07594426240927907,0,0,0,0,0,0,0,0
0.17422748101222058,-0.13124829424772472,0.998,0.07428121296487891,0.5778873291015625,-0.15798484802246093,2.5,0,1,0,2.3257725189877796,0.13124829424772472,0.0020000000000000018,-0.07428121296487891,0.9676234200881885,0.10757050906370233,0.03953950769230712,-0.07581173246278276,0,0,0,0,0,0,0,0
0.22363359165172983,-0.13616803784447476,0.99,0.07367034772668071,0.7335714111328125,-0.12859123229980468,2.5,0,1,0,2.27636640834827,0.13616803784447476,0.010000000000000009,-0.07367034772668071,0.8894369217941454,0.09537892943633615,0.051389123076923116,-0.07085096970422748,0,0,0,0,0,0,0,0
0.28080370166921925,-0.14047866034936463,0.985,0.07096508738608945,0.8504664306640625,-0.12760295104980468,2.5,0,1,0,2.2191962983307807,0.14047866034936463,0.015000000000000013,-0.07096508738608945,0.8204881938824996,0.09434566901568414,0.039332776923076955,-0.05847927042951438,0,0,0,0,0,0,0,0
0.34186614811325705,-0.143127412414015,0.979,0.06995279641993271,0.9108141479492188,-0.10457626342773438,2.5,0,1,0,2.158133851886743,0.143127412414015,0.02100000000000002,-0.06995279641993271,0.7849715518640143,0.08618961011705203,0.04823485294117651,-0.06548680686335887,0,0,0,0,0,0,0,0
0.40938409820015587,-0.14620138454478804,0.973,0.06763150851478031,1.0070694580078126,-0.11678508758544921,2.5,0,1,0,2.0906159017998442,0.14620138454478804,0.027000000000000024,-0.06763150851478031,0.6917219458897846,0.09126304331774042,0.05565593333333338,-0.056577756585483155,0,0,0,0,0,0,0,0
0.48233539591105823,-0.1445773836443323,0.965,0.06482152841906944,1.0934140625,-0.04964636611938476,2.5,0,1,0,2.017664604088942,0.1445773836443323,0.03500000000000003,-0.06482152841906944,0.6388428217502009,0.06472277498491914,0.07202702307692313,-0.05185238951578848,0,0,0,0,0,0,0,0
0.5596971496654108,-0.13979184032489764,0.96,0.06396631708559222,1.1626390380859375,-0.003535548210144043,2.5,0,1,0,1.9403028503345892,0.13979184032489764,0.040000000000000036,-0.06396631708559222,0.5776745322610095,0.04539717807306479,0.06013317692307697,-0.06001918785415893,0,0,0,0,0,0,0,0
0.6518574694270165,-0.12991618591539117,0.957,0.060702551384362674,1.3890467529296875,0.059464805603027346,2.5,0,1,0,1.8481425305729835,0.12991618591539117,0.04300000000000004,-0.060702551384362674,0.45311107883217866,0.013135505904154604,0.0520434461538462,-0.045639017378687835,0,0,0,0,0,0,0,0
0.7526569905258665,-0.11772480428444443,0.958,0.05932374127528742,1.5203018798828125,0.09080844116210937,2.5,0,1,0,1.7473430094741333,0.11772480428444443,0.04200000000000004,-0.05932374127528742,0.3655695253902769,-0.004357152098635304,0.030063769696969726,-0.05305642259767261,0,0,0,0,0,0,0,0
0.855788830850561,-0.10441539432648148,0.955,0.05653121447209644,1.5560927734375,0.10757127380371094,2.5,0,1,0,1.644211169149439,0.10441539432648148,0.04500000000000004,-0.05653121447209644,0.3027204250685763,-0.016871881015174547,0.05397289090909096,-0.04383791082122837,0,0,0,0,0,0,0,0
0.9611235552901825,-0.090444216393617,0.956,0.053668874498825875,1.589337646484375,0.1199599609375,0.9785924937585067,0.23457654209058953,1,0,0.017468938468324202,0.32502075848420653,0.04400000000000004,-0.053668874498825875,-8.336665488979834,1.2997008056079256,0.03241594117647062,-0.041040904028514555,0,1,0,0,0,0,0,0
1.07791127560318,-0.07219333292294339,0.958,0.05302310267558788,1.76397900390625,0.17939622497558594,0.9785924937585067,0.23457654209058953,1,0,-0.09931878184467324,0.3067698750135329,0.04200000000000004,-0.05302310267558788,-0.6710046363392881,0.05390604572861196,0.025116488888888913,-0.04994799875540695,0,1,0,0,0,0,0,0
1.1991397840010478,-0.05842113196693104,0.96,0.05143485305627296,1.826820556640625,0.10991918182373046,0.9785924937585067,0.23457654209058953,1,0,-0.22054729024254116,0.2929976740575206,0.040000000000000036,-0.05143485305627296,-0.7564288802470219,0.07208610331115797,0.02376848888888891,-0.043871759630963826,0,0,0,0,0,0,0,0
1.3211369163430977,-0.043984522008575416,0.963,0.05281366316534843,1.838670166015625,0.12218069458007813,0.9785924937585067,0.23457654209058953,1,0,-0.34254442258459106,0.2785610640991649,0.03700000000000003,-0.05281366316534843,-0.8010660226591994,0.06382549847359291,0.016566253846153865,-0.05917740213031215,0,0,0,0,0,0,0,0
1.45920241185566,-0.030397825000362408,0.97,0.054960418145301636,2.078853271484375,0.09419096374511719,0.9785924937585067,0.23457654209058953,1,0,-0.48060991809715325,0.26497436709095196,0.030000000000000027,-0.054960418145301636,-0.9347508064979695,0.06396999200016647,-0.009246064179104483,-0.06457275387643538,0,0,0,0,0,0,0,0
1.6017611612637614,-0.01309454719318371,0.975,0.0592539281052076,2.14941015625,0.14169009399414062,0.9785924937585067,0.23457654209058953,1,0,-0.6231686675052548,0.24767108928377324,0.025000000000000022,-0.0592539281052076,-1.0528216129849666,0.03328312629852752,-0.003439476923076921,-0.07907012792015819,0,0,0,0,0,0,0,0
1.7312959453736205,0.007388796653737431,0.985,0.058224183846530955,1.957806884765625,0.19164662170410157,0.9785924937585067,0.23457654209058953,1,0,-0.7527034516151139,0.2271877454368521,0.015000000000000013,-0.058224183846530955,-1.058840050575329,0.004340063754105103,-0.03910790000000003,-0.053397257633984195,0,0,0,0,0,0,0,0
1.8569874065066014,0.030600242200277024,0.994,0.05695009349257509,1.9024376220703125,0.23786946105957033,0.9785924937585067,0.23457654209058953,1,0,-0.8783949127480948,0.20397629989031252,0.006000000000000005,-0.05695009349257509,-1.0906635625657495,-0.02009949455044538,-0.04004293846153849,-0.05106967647431726,0,0,0,0,0,0,0,0
1.965959962264922,0.05468323362920806,1.011,0.05749114556069325,1.6525001220703126,0.26761956787109376,0.9785924937585067,0.23457654209058953,1,0,-0.9873674685064153,0.17989330846138146,-0.010999999999999899,-0.05749114556069325,-1.0557667542051137,-0.03475038722750749,-0.09540551515151455,-0.05995047314304851,0,0,0,0,0,0,0,0
2.0579795650619253,0.07953569352202469,1.026,0.05522221753310076,1.3994337158203125,0.2928600158691406,0.9785924937585067,0.23457654209058953,1,0,-1.0793870713034186,0.15504084856856484,-0.026000000000000023,-0.05522221753310076,-0.9825121335899237,-0.04727542903938134,-0.09463668235294181,-0.04521224094078097,0,0,0,0,0,0,0,0
2.1338485124996924,0.10422422704579765,1.039,0.0533023553559069,1.1567393798828125,0.30695065307617186,0.9785924937585067,0.23457654209058953,1,0,-1.1552560187411858,0.1303523150447919,-0.038999999999999924,-0.0533023553559069,-0.9826892101094091,-0.07099255815144187,-0.10145969677419292,-0.04401269965980755,0,0,0,0,0,0,0,0
2.182928929647201,0.12478297152874132,1.048,0.051225413546033736,0.75159033203125,0.2687202453613281,0.9785924937585067,0.23457654209058953,1,0,-1.2043364358886943,0.10979357056184821,-0.04800000000000004,-0.051225413546033736,-0.8439989614091046,-0.052530742640049255,-0.08404613846153913,-0.04163952826969607,0,0,0,0,0,0,0,0
2.2212730654471615,0.14632037932294417,1.054,0.0478918346747246,0.5909492797851562,0.29318731689453126,0.9785924937585067,0.23457654209058953,1,0,-1.2426805716886549,0.08825616276764536,-0.05400000000000005,-0.0478918346747246,-0.8061680259631162,-0.06851180555351652,-0.07304329230769237,-0.03250608603791318,0,0,0,0,0,0,0,0
2.2495245832453863,0.1642155147565495,1.055,0.04647811798060888,0.4361374206542969,0.24783175659179688,0.9785924937585067,0.23457654209058953,1,0,-1.2709320894868796,0.07036102733404004,-0.05499999999999994,-0.04647811798060888,-0.7667750245572025,-0.05780140281471922,-0.04727771538461474,-0.039953271700074795,0,0,0,0,0,0,0,0
2.2636307428437563,0.18400225980329438,1.058,0.04499458811641401,0.2251536865234375,0.2866497802734375,0.9785924937585067,0.23457654209058953,1,0,-1.2850382490852497,0.05057428228729516,-0.05800000000000005,-0.04499458811641401,-0.6962544160325392,-0.0746660625311638,-0.06035334179104541,-0.03835191708270566,0,0,0,0,0,0,0,0
2.2714334096475843,0.20214384559889748,1.057,0.043563418129778396,0.12916151428222655,0.266583984375,0.9785924937585067,0.23457654209058953,1,0,-1.2928409158890777,0.03243269649169206,-0.05699999999999994,-0.043563418129778396,-0.6699651082797355,-0.07956430229514336,-0.038777749999999334,-0.036854808817423944,0,0,0,0,0,0,0,0
2.268485698786197,0.2191005065516479,1.052,0.04195771521794358,-0.03309686660766602,0.2560341796875,0.9785924937585067,0.23457654209058953,1,0,-1.2898932050276903,0.01547603553894164,-0.052000000000000046,-0.04195771521794358,-0.6107865600952513,-0.08012587346660066,-0.013661423076923692,-0.03454677870178289,0,0,0,0,0,0,0,0
2.25524407478165,0.2348745675852025,1.044,0.03991567999311021,-0.18852481079101563,0.24473405456542968,0.9785924937585067,0.23457654209058953,1,0,-1.2766515810231434,-0.000298025494612969,-0.04400000000000004,-0.03991567999311021,-0.5495668085420911,-0.08164525198120282,0.008606423076923088,-0.0304909020323408,0,0,0,0,0,0,0,0
2.2331723236267744,0.2487158465341705,1.035,0.038606683054114764,-0.32252749633789063,0.22066543579101563,0.9785924937585067,0.23457654209058953,1,0,-1.2545798298682678,-0.014139304443580969,-0.03499999999999992,-0.038606683054114764,-0.49179957135229824,-0.0781677938558011,0.020963538461539172,-0.03256515872028964,0,0,0,0,0,0,0,0
2.2025035565321036,0.25819328795318713,1.028,0.03813544415607641,-0.45420169067382815,0.1598115692138672,0.9785924937585067,0.23457654209058953,1,0,-1.223911062773597,-0.0236167458625976,-0.028000000000000025,-0.03813544415607641,-0.43592312169074593,-0.05790139655181777,0.014481564179103911,-0.03602541923948678,0,0,0,0,0,0,0,0
2.166322530552468,0.26595366997009195,1.021,0.03635520831904195,-0.5378826904296875,0.13701277160644532,0.9785924937585067,0.23457654209058953,1,0,-1.1877300367939612,-0.03137712787950242,-0.020999999999999908,-0.03635520831904195,-0.38093774745856357,-0.054732235738914725,0.02166125000000072,-0.02801035283294292,0,0,0,0,0,0,0,0
2.1198500183655513,0.2728835880526582,1.013,0.03530801076784543,-0.6928488159179688,0.12921726989746093,0.9785924937585067,0.23457654209058953,1,0,-1.1412575246070447,-0.038307045962068687,-0.0129999999999999,-0.03530801076784543,-0.30607169049883653,-0.053097448726635625,0.0327724230769232,-0.03047479130078454,0,0,0,0,0,0,0,0
2.070521938067388,0.2768563045379804,1.005,0.036686820876920906,-0.7373564453125,0.08567332458496094,0.9785924937585067,0.23457654209058953,1,0,-1.0919294443088814,-0.042279762447390845,-0.004999999999999893,-0.036686820876920906,-0.2667412685049193,-0.0391878955989577,0.039139923076923204,-0.043050559841884654,0,0,0,0,0,0,0,0
2.0111277814776662,0.28028935925397924,1.004,0.0351509311351659,-0.888424072265625,0.08413858032226562,0.9785924937585067,0.23457654209058953,1,0,-1.0325352877191596,-0.04571281716338971,-0.0040000000000000036,-0.0351509311351659,-0.18351338888483765,-0.03802826522252636,0.002221615384614795,-0.02806220925014281,0,0,0,0,0,0,0,0
1.9490512671070146,0.28020705254488126,0.991,0.03419100004656908,-0.9306159057617187,0.03149013137817383,0.9785924937585067,0.23457654209058953,1,0,-0.9704587733485079,-0.04563051045429173,0.009000000000000008,-0.03419100004656908,-0.15343826196924715,-0.019108823901793994,0.07420996470588243,-0.029956009949818396,0,0,0,0,0,0,0,0
1.8760466164920537,0.27431962258692655,0.981,0.03319616237293224,-1.0974486083984376,-0.05082559967041016,0.9785924937585067,0.23457654209058953,1,0,-0.8974541227335471,-0.03974308049633701,0.019000000000000017,-0.03319616237293224,-0.03143141147916362,0.01609415967403178,0.07097345555555562,-0.028458840117518723,0,0,0,0,0,0,0,0
1.8022909041345967,0.2680518855795724,0.972,0.029932396671702916,-1.1088465576171875,-0.05724490356445312,0.9785924937585067,0.23457654209058953,1,0,-0.82369841037609,-0.033475343488982845,0.028000000000000025,-0.029932396671702916,-0.009549810903440092,0.019735989521570216,0.0705299727272728,-0.015097098029751434,0,0,0,0,0,0,0,0
1.7286907515296708,0.26218535623412514,0.965,0.028448866807507606,-1.106141357421875,-0.05491802215576172,0.9785924937585067,0.23457654209058953,1,0,-0.7500982577711641,-0.02760881414353561,0.03500000000000003,-0.028448866807507606,0.03814225941905658,0.021496167629732922,0.06690795000000006,-0.02149482056909209,0,0,0,0,0,0,0,0
1.642219356182462,0.2561148187403824,0.954,0.026284658535034727,-1.29913623046875,-0.05412599563598633,0.9785924937585067,0.23457654209058953,1,0,-0.6636268624239554,-0.021538276649792854,0.04600000000000004,-0.026284658535034727,0.14406097078963598,0.025122363720559135,0.09695646923076932,-0.01629600496977529,0,0,0,0,0,0,0,0
1.5531540270008108,0.2479210200583046,0.947,0.024050637092482036,-1.3387486572265626,-0.08775279235839843,0.9785924937585067,0.23457654209058953,1,0,-0.5745615332423042,-0.013344477967715068,0.05300000000000005,-0.024050637092482036,0.18786011841622513,0.03932623863082049,0.08024796417910456,-0.014047556006425209,0,0,0,0,0,0,0,0
1.4676362644790448,0.2405558822651612,0.946,0.021066124071571518,-1.28505224609375,-0.07959674072265625,0.9785924937585067,0.23457654209058953,1,0,-0.4890437707205382,-0.005979340174571662,0.05400000000000005,-0.021066124071571518,0.240142937799257,0.04111904677605965,0.05037655555555562,-0.00685415730533096,0,0,0,0,0,0,0,0
1.3876498930506587,0.23495766551488262,0.943,0.01954768762233686,-1.2012982177734375,-0.05868144607543945,0.9785924937585067,0.23457654209058953,1,0,-0.409057399292152,-0.0003811234242930839,0.05700000000000005,-0.01954768762233686,0.23546740168028085,0.03314471927680469,0.06374534615384622,-0.01253951939509998,0,0,0,0,0,0,0,0
1.3078133963229872,0.23150928906016763,0.944,0.018343410438460585,-1.1983297119140626,-0.028307971954345704,0.9785924937585067,0.23457654209058953,1,0,-0.32922090256448056,0.003067253030421907,0.05600000000000005,-0.018343410438460585,0.26784787953019684,0.023013532686810494,0.041858069696969744,-0.01286942323902297,0,0,0,0,0,0,0,0
1.2355214991802983,0.2291218156444098,0.946,0.01544616388015,-1.0848529052734375,-0.015915992736816407,0.9785924937585067,0.23457654209058953,1,0,-0.25692900542179165,0.005454726446179725,0.05400000000000005,-0.01544616388015,0.2697155243509514,0.018779596216119406,0.03514286923076927,-0.002074256687947305,0,0,0,0,0,0,0,0
1.1733379545130105,0.22759014296828328,0.951,0.013753194505715249,-0.9329967651367187,-0.008565464019775391,0.9785924937585067,0.23457654209058953,1,0,-0.19474546075450383,0.006986399122306253,0.049000000000000044,-0.013753194505715249,0.23625216812938993,0.01469576253054012,0.016120997014925406,-0.006172734620186512,0,0,0,0,0,0,0,0
1.1189337642320087,0.2279023784165632,0.958,0.013002702927357867,-0.8159212646484375,0.015906206130981447,0.9785924937585067,0.23457654209058953,1,0,-0.1403412704735021,0.0066741636740263455,0.04200000000000004,-0.013002702927357867,0.2407719373895575,0.004807932976386691,-0.0019838888888888753,-0.00942893350660843,0,1,0,0,0,0,0,0
1.071283499855345,0.22971715513321916,0.962,0.012845623294678565,-0.714339599609375,0.036512821197509766,0.9785924937585067,0.23457654209058953,1,0,-0.09269100609683845,0.004859386957370371,0.038000000000000034,-0.012845623294678565,0.2149811878895973,-0.003985422728877084,0.012743678787878809,-0.0121316249643181,1427126266077,1,0,0,0,0,0,0
1.0305767689950653,0.23207640307114416,0.967,0.013037609512397665,-0.6100960083007813,0.04322913360595703,0.9785924937585067,0.23457654209058953,1,0,-0.051984275236558686,0.0025001390194453743,0.03300000000000003,-0.013037609512397665,0.2052254218388881,-0.008441767847733988,0.0028232500000000132,-0.013937544907955944,1427126266077,1,0,0,0,0,0,0
0.9976248601857065,0.23439952287284632,0.974,0.01583013631558864,-0.4937823181152344,0.041287864685058594,0.9785924937585067,0.23457654209058953,1,0,-0.019032366427199854,0.00017701921774321283,0.026000000000000023,-0.01583013631558864,0.17381885144829168,-0.009020648461370346,-0.012382612121212121,-0.02852343996645671,1427126266077,1,0,0,0,0,0,0
0.9727400135017561,0.23758444795612985,0.98,0.016283921921107093,-0.37246969604492186,0.05367660140991211,0.9785924937585067,0.23457654209058953,1,0,0.0058524802567505585,-0.0030079058655403113,0.020000000000000018,-0.016283921921107093,0.14348526251976745,-0.015185275744420891,-0.011747581818181817,-0.018346583764372787,1427126266077,1,0,0,0,0,0,0
0.9565623555501751,0.24152855108189536,0.989,0.01731366617978395,-0.24166935729980468,0.06310506439208985,0.9785924937585067,0.23457654209058953,1,0,0.02203013820833155,-0.006952008991305825,0.01100000000000001,-0.01731366617978395,0.10809466165546766,-0.0218413363325544,-0.03627775000000001,-0.022140592392331716,1427126266077,1,0,0,0,0,0,0
0.9509710206603559,0.2440233279038117,0.994,0.018448130193580194,-0.08320957946777344,0.03886806869506836,0.9785924937585067,0.23457654209058953,1,0.01731366617978395,0.027621473098150773,-0.00944678581322217,0.006000000000000005,-0.0011344640137962436,0.013810736549075386,-0.004723392906611085,0.004800000000000005,-0.0011344640137962436,1427126266077,1,0,0,0,0,0,0
0.9472454497589113,0.2472316829592809,1.002,0.02298598624876539,-0.054986282348632814,0.049148025512695315,0.9785924937585067,0.23457654209058953,1,0.01731366617978395,0.031347043999595314,-0.012655140868691378,-0.0020000000000000018,-0.00567232006898144,0.03606779997523223,-0.023881361434098886,-0.04536280000000004,-0.02694352032766205,1427126266467,1,0,0,0,0,0,0
0.9481621563264192,0.24986813733502056,1.012,0.025848326222035957,0.014655908584594727,0.0392203254699707,0.9785924937585067,0.23457654209058953,1,0.01731366617978395,0.03043033743208745,-0.015291595244431022,-0.01200000000000001,-0.008534660042252007,0.010393992140427551,-0.021645186812336972,-0.06272230303030307,-0.021545296284390947,1427126266533,1,0,0,0,0,0,0
0.9549072496321261,0.25367996245292235,1.015,0.02867575961026695,0.10262037658691406,0.05454332733154297,0.9785924937585067,0.23457654209058953,1,0.01731366617978395,0.02368524412638051,-0.019103420362332812,-0.014999999999999902,-0.011362093430483,-0.02333692473711789,-0.029495220488447747,-0.02786414179104413,-0.024022242930024758,1427126266600,1,0,0,0,0,0,0
0.9640075444628695,0.25806767241692985,1.024,0.029967303256742718,0.13833535766601562,0.061874759674072265,0.9785924937585067,0.23457654209058953,1,0.01731366617978395,0.01458494929563714,-0.023491130326340315,-0.02400000000000002,-0.012653637076958768,-0.04319951509382542,-0.03616752207664414,-0.06954370000000068,-0.018803844917319568,1427126266663,1,0,0,0,0,0,0
0.974304981190716,0.2632720730055307,1.019,0.03218387140677551,0.1567312774658203,0.07340285491943359,0.9785924937585067,0.23457654209058953,1,0.01731366617978395,0.004287512567790697,-0.028695530914941147,-0.018999999999999906,-0.014870205226991562,-0.053235989297315205,-0.04243590347641234,0.011255876923077623,-0.025100519765604457,1427126266728,1,0,0,0,0,0,0
0.986506193178594,0.2674538031659059,1.018,0.033423055175691364,0.18494181823730468,0.05680425262451172,0.8718904859645978,-0.024762164138858123,1,0.01731366617978395,-0.11461570721399617,-0.292215967304764,-0.018000000000000016,-0.016109388995907414,-0.6878628869587922,-1.5438221483756633,-0.009682969696970295,-0.021742042490979472,0,1,0,0,0,0,0,0
0.9989655323661406,0.27315189249027166,1.011,0.03621558197888256,0.18964189147949218,0.07917832946777344,0.8718904859645978,-0.024762164138858123,1,0.01731366617978395,-0.12707504640154277,-0.2979140566291298,-0.010999999999999899,-0.018901915799098612,-0.1307165271734435,-0.18008999697054795,0.0282348076923084,-0.03179050104459644,0,1,0,0,0,0,0,0
1.0156240788717887,0.2774794253118712,1.004,0.03728023282259899,0.252064697265625,0.05582292175292969,0.8718904859645978,-0.024762164138858123,1,0.01731366617978395,-0.1437335929071909,-0.3022415894507293,-0.0040000000000000036,-0.019966566642815042,-0.16039269205007312,-0.17472026108179312,0.03323731212121156,-0.024805888659707908,0,1,0,0,0,0,0,0
1.027214049354878,0.28193281556341293,1.001,0.03605850234620304,0.17621853637695312,0.060274787902832035,0.8718904859645978,-0.024762164138858123,1,0.01731366617978395,-0.1553235633902802,-0.30669497970227105,-0.0009999999999998899,-0.018744836166419088,-0.14132895852769053,-0.17854868124239173,0.014915950000000712,-0.01301797455831305,0,0,0,0,0,0,0,0
1.0328928757619042,0.2837365584909233,1.003,0.03740240587023872,0.0861024169921875,0.02396767234802246,0.8718904859645978,-0.024762164138858123,1,0.01731366617978395,-0.1610023897973064,-0.3084987226297814,-0.0029999999999998916,-0.02008873969045477,-0.11055910333445348,-0.16472530659321422,-0.013558161194029769,-0.02610621815628619,0,0,0,0,0,0,0,0
1.034104611205705,0.2795859380816043,1.007,0.04101523742186667,0.015835214614868164,-0.06289543151855469,0.8718904859645978,-0.024762164138858123,1,0.01731366617978395,-0.16221412524110723,-0.30434810222046244,-0.006999999999999895,-0.02370157124208272,-0.08822995522331373,-0.13072353612948856,-0.028230199999999935,-0.04063671914033873,0,0,0,0,0,0,0,0
1.030312547325334,0.2687868304172779,1.006,0.04349360495969882,-0.06347517776489257,-0.15951805114746093,0.8718904859645978,-0.024762164138858123,1,0.01731366617978395,-0.15842206136073622,-0.29354899455613603,-0.006000000000000005,-0.02617993877991487,-0.0593914139050369,-0.0900644532378001,-0.0002095846153852103,-0.03761855818529402,0,0,0,0,0,0,0,0
1.0216465831352477,0.2560954512215242,1.003,0.04475024202113457,-0.13814382934570313,-0.18453872680664063,0.8718904859645978,-0.024762164138858123,1,0.01731366617978395,-0.14975609717064986,-0.28085761536038234,-0.0029999999999998916,-0.02743657584135062,-0.030307611717769807,-0.07575772998160794,0.012457341791045459,-0.03306330895225696,0,0,0,0,0,0,0,0
1.0062035362869863,0.23941941230313968,1,0.04731587602156642,-0.24260391235351564,-0.2395274200439453,0.8718904859645978,-0.024762164138858123,1,0.01731366617978395,-0.1343130503223885,-0.2641815764419978,0,-0.030002209841782472,0.017854037010202606,-0.041239733787938826,0.015852366666666066,-0.04221951460574368,0,0,0,0,0,0,0,0
0.9873486467891911,0.21655179666626,0.999,0.05057964172279574,-0.29873077392578123,-0.3292532958984375,0.8718904859645978,-0.024762164138858123,1,0.01731366617978395,-0.11545816082459326,-0.24131396080511813,0.0010000000000000009,-0.03326597554301179,0.04293805730705236,0.0005258742660993743,0.005376815384615394,-0.048329509548685576,0,0,0,0,0,0,0,0
0.9673923095418434,0.19290562777305773,0.996,0.05347688828110611,-0.3168948059082031,-0.3391046142578125,0.8718904859645978,-0.024762164138858123,1,0.01731366617978395,-0.09550182357724557,-0.21766779191191585,0.0040000000000000036,-0.03616322210132216,0.05715592782229109,0.014468333193449284,0.018327690909090928,-0.04933252463909657,0,0,0,0,0,0,0,0
0.9475194646869716,0.1679138440963039,0.993,0.053686327791345544,-0.3177042236328125,-0.3584073791503906,0.8718904859645978,-0.024762164138858123,1,0.01731366617978395,-0.07562897872237373,-0.192676008235162,0.007000000000000006,-0.036372661611561594,0.06659967243639833,0.03397289483977044,0.02077389090909093,-0.0373246593853772,0,1,0,0,0,0,0,0
0.9274666375818105,0.14253756743483853,0.986,0.05262167694762911,-0.32078460693359373,-0.36395504760742187,0.8718904859645978,-0.024762164138858123,1,0.01731366617978395,-0.05557615161721263,-0.16729973157369665,0.014000000000000012,-0.03530801076784516,0.08086811701048839,0.05279828817008095,0.04883565000000005,-0.030317459937924396,0,1,0,0,0,0,0,0
0.9019519082987718,0.11642709277561607,0.982,0.05461135229490279,-0.4027913208007812,-0.37098486328125,0.8718904859645978,-0.024762164138858123,1,0.01731366617978395,-0.03006142233417397,-0.1411892569144742,0.018000000000000016,-0.03729768611511884,0.1213290473278874,0.06758010303996843,0.035409861538461575,-0.046480803102535814,0,1,0,0,0,0,0,0
0.8781014903318292,0.09177157873408269,0.981,0.056147242036657795,-0.3774099426269531,-0.3497535095214844,0.8718904859645978,-0.024762164138858123,1,0.01731366617978395,-0.006211004367231321,-0.11653374287294081,0.019000000000000017,-0.038833575856873845,0.12428854284107997,0.07199770980184972,0.020179515384615408,-0.045922297741896934,0,1,0,0,0,0,0,0
0.8573334555921204,0.06462700550399912,0.98,0.05508259119294092,-0.3338789978027344,-0.38904513549804687,0.8718904859645978,-0.024762164138858123,1,0.01731366617978395,0.014557030372477464,-0.08938916964285724,0.020000000000000018,-0.03776892501315697,0.11808457413403259,0.0989145198565092,0.02110951538461541,-0.032855151888309855,1427126267771,1,0,0,0,0,0,0
0.8388912692367186,0.04009569598628526,0.984,0.05401794034922472,-0.2964717102050781,-0.3521816101074219,0.8718904859645978,-0.024762164138858123,1,0.01731366617978395,0.0329992167278792,-0.06485786012514339,0.016000000000000014,-0.03670427416944077,0.11183967688779495,0.09312226503450838,-0.008263422388059698,-0.03193718083936822,1427126267771,1,0,0,0,0,0,0
0.8238365480136596,0.017513907353124813,0.988,0.05558873667601952,-0.2437798614501953,-0.32604031372070313,0.8718904859645978,-0.024762164138858123,1,0.01731366617978395,0.048053937950938264,-0.04227607149198294,0.01200000000000001,-0.03827507049623557,0.10538851923970083,0.09973162744397694,-0.012366100000000005,-0.04563817827808619,1427126267771,1,0,0,0,0,0,0
0.813475898109537,-0.002820776290239052,0.983,0.05672320068981599,-0.1721166534423828,-0.2959145202636719,0.8718904859645978,-0.024762164138858123,1,0.01731366617978395,0.05841458785506082,-0.02194138784861907,0.017000000000000015,-0.03940953451003204,0.08406442185361584,0.09588500116330498,0.040542476923076956,-0.04464552226601576,1427126267771,1,0,0,0,0,0,0
0.8069885002162852,-0.019964727152413302,0.982,0.05886995566976897,-0.11173353576660157,-0.2512288360595703,0.8718904859645978,-0.024762164138858123,1,0.01731366617978395,0.06490198574831263,-0.00479743698644482,0.018000000000000016,-0.04155628948998502,0.06649433472475108,0.08727298943856067,0.01992101538461541,-0.051464389397460314,1427126267771,1,0,0,0,0,0,0
0.8053675783594386,-0.03664132682221078,0.981,0.06103416394224184,-0.03898946380615234,-0.24828512573242187,0.8718904859645978,-0.024762164138858123,1,0.01731366617978395,0.06652290760515922,0.011879162683352658,0.019000000000000017,-0.04372049776245789,0.041143933808628096,0.09310250430871328,0.02084451538461541,-0.053709151327717294,1427126268097,0,0,0,0,0,0,0
0.8096814823182802,-0.05111255093826869,0.993,0.06222098783359778,0.05134770965576172,-0.2206111602783203,0.8718904859645978,-0.024762164138858123,1,0.01731366617978395,0.06220900364631765,0.02635038679941057,0.007000000000000006,-0.04490732165381383,0.007765301906036505,0.08615464285576388,-0.056779767164179144,-0.05022145848078071,1427126268164,0,0,0,0,0,0,0
0.815725422343875,-0.06499050639205962,0.996,0.06424556976591125,0.07753952026367188,-0.21340376281738282,0.8718904859645978,-0.024762164138858123,1,0.01731366617978395,0.05616506362072282,0.0402283422532015,0.0040000000000000036,-0.0469319035861273,-0.006263409515339446,0.09462277008441021,-0.013134666666666671,-0.056572769930477176,1427126268227,0,0,0,0,0,0,0
0.8240696544067058,-0.07409239796517257,1,0.06761405522226019,0.11613995361328125,-0.14428237915039063,0.8718904859645978,-0.024762164138858123,1,0.01731366617978395,0.047820831557892074,0.04933023382631445,0,-0.05030038904247624,-0.021076234695997183,0.07037412813134543,-0.02088012121212122,-0.06561168657133504,1427126268293,1,0,0,0,0,0,0
0.8341717761222308,-0.08206104701836076,0.999,0.07220427115500552,0.14310984802246093,-0.12949449157714843,0.8718904859645978,-0.024762164138858123,1,0.01731366617978395,0.037718709842367026,0.05729888287950263,0.0010000000000000009,-0.05489060497522157,-0.03624910291432699,0.06903620039109501,0.0065231153846153946,-0.07607621697250773,1427126268358,1,0,0,0,0,0,0
0.8448653185913216,-0.09089470346206653,0.996,0.07351326809400119,0.15042608642578126,-0.1437313232421875,0.8718904859645978,-0.024762164138858123,1,0.01731366617978395,0.027025167373276204,0.06613253932320841,0.0040000000000000036,-0.05619960191421724,-0.044762881078510855,0.078153746866295,0.019718346153846173,-0.062241126248043385,1427126268423,1,0,0,0,0,0,0
0.8608528456700297,-0.09595174471265609,0.996,0.07489207820307667,0.23359382629394532,-0.09326429748535156,0.8718904859645978,-0.024762164138858123,1,0.01731366617978395,0.011037640294568107,0.07118958057379797,0.0040000000000000036,-0.05757841202329272,-0.07868556860447706,0.05958150178864819,0.0035913000000000086,-0.06375218863109337,1427126268490,1,0,0,0,0,0,0
0.8742644075668035,-0.0992899237524035,0.998,0.07852236304722496,0.19686297607421874,-0.06498454284667969,0.8718904859645978,-0.024762164138858123,1,0.01731366617978395,-0.0023739216022056198,0.07452775961354538,0.0020000000000000018,-0.06120869686744101,-0.07522041548495671,0.05313657603103432,-0.008933400000000003,-0.07822565707438611,1427126268554,1,0,0,0,0,0,0
0.8893968633985192,-0.10031805539455971,1,0.08115781021773641,0.22507769775390624,-0.0331796875,0.8718904859645978,-0.024762164138858123,1,0.01731366617978395,-0.01750637743392136,0.07555589125570158,0,-0.06384414403795247,-0.09093599790163467,0.04098018001557415,-0.010365130769230771,-0.07600774636338997,1427126268619,1,0,0,0,0,0,0
0.9056439255122035,-0.09967656153370189,0.999,0.08232718081657245,0.24368385314941407,-0.01016619873046875,0.8718904859645978,-0.024762164138858123,1,0.01731366617978395,-0.03375343954760568,0.07491439739484376,0.0010000000000000009,-0.0650135146367885,-0.1037580144741924,0.03177092174632472,0.006513730303030313,-0.07032883554058868,1427126268685,1,0,0,0,0,0,0
0.9202361518590495,-0.09809305382473585,1.003,0.08491026810952419,0.22009532165527343,0.005672462463378906,0.8718904859645978,-0.024762164138858123,1,0.01731366617978395,-0.04834566589445166,0.07333088968587773,-0.0029999999999998916,-0.06759660192974024,-0.1047276439840183,0.025768153261169595,-0.02388349999999932,-0.07970482361545148,1427126268749,1,0,0,0,0,0,0
0.9330827422225496,-0.09623701985052169,1.01,0.08686503687175785,0.19436572265625,0.011397750854492187,0.8718904859645978,-0.024762164138858123,1,0.01731366617978395,-0.06119225625795177,0.07147485571166357,-0.010000000000000009,-0.0695513706919739,-0.09849975428083435,0.023852132345499485,-0.044242664179105086,-0.07830406664227386,1427126268816,1,0,0,0,0,0,0
0.9438253287386519,-0.09263475030365576,1.009,0.08852309966115258,0.16521900939941406,0.039850582122802736,0.8718904859645978,-0.024762164138858123,1,0.01731366617978395,-0.07193484277405404,0.06787258616479763,-0.008999999999999897,-0.07120943348136863,-0.09555655171050803,0.012090224308086771,-0.0014643499999992997,-0.07898160280665643,1427126268880,1,0,0,0,0,0,0
0.9513440255631339,-0.08788761986931495,1.01,0.09056513488598572,0.11863407897949219,0.060957496643066406,0.8718904859645978,-0.024762164138858123,1,0.01731366617978395,-0.07945353959853607,0.06312545573045683,-0.010000000000000009,-0.07325146870620178,-0.08173610363704392,0.003496101404205674,-0.013265850000000613,-0.08282350882260717,1427126268944,1,0,0,0,0,0,0
0.9557798963772607,-0.0802515437850361,1.006,0.09265952998837901,0.0766246337890625,0.1080539321899414,0.8718904859645978,-0.024762164138858123,1,0.01731366617978395,-0.08388941041266285,0.05548937964617798,-0.006000000000000005,-0.07534586380859506,-0.06641509014373556,-0.01481878695574175,0.01657542121212123,-0.08486584154674637,1427126269010,1,0,0,0,0,0,0
0.961100668391474,-0.07417654831230139,1.007,0.0938987137572951,0.08790071868896485,0.08334929656982422,0.8718904859645978,-0.024762164138858123,1,0.01731366617978395,-0.08921018242687617,0.049414384173443265,-0.006999999999999895,-0.07658504757751114,-0.07426021626754177,-0.010041336555176781,-0.0108668153846147,-0.08230435728020072,1427126269075,1,0,0,0,0,0,0
0.9632004918538444,-0.06829777458070563,1.009,0.09459684545809278,0.039626575469970705,0.08483992767333984,0.8718904859645978,-0.024762164138858123,1,0.01731366617978395,-0.09131000588924654,0.043535610441847505,-0.008999999999999897,-0.07728317927830883,-0.05785550920881385,-0.011415791077437742,-0.017747660606060523,-0.0804565051910256,1427126269141,1,0,0,0,0,0,0
0.9614762935495681,-0.06287314543761358,1.011,0.09651670763528665,-0.018061525344848634,0.08344854736328125,0.8718904859645978,-0.024762164138858123,1,0.01731366617978395,-0.08958580758497026,0.03811098129875545,-0.010999999999999899,-0.07920304145550269,-0.03648610804505513,-0.012594340003926376,-0.01974949999999992,-0.08820239541109894,1427126269205,1,0,0,0,0,0,0
0.9581171787009439,-0.05750191394991092,1.012,0.0977733446967224,-0.04238808059692383,0.08504911041259766,0.8718904859645978,-0.024762164138858123,1,0.01731366617978395,-0.08622669273634609,0.0327397498110528,-0.01200000000000001,-0.08045967851693844,-0.02620426595494091,-0.014514749987130142,-0.015074615384615988,-0.08625954187741114,1427126269270,1,0,0,0,0,0,0
0.9530607855722606,-0.05286470651846114,1.013,0.09831439676484056,-0.06869355773925781,0.07662979888916016,0.8718904859645978,-0.024762164138858123,1,0.01731366617978395,-0.08117029960766275,0.028102542379603017,-0.0129999999999999,-0.08100073058505661,-0.015002977295490046,-0.01248404185228573,-0.01587883030302963,-0.0834600581674119,1427126269336,1,0,0,0,0,0,0
0.9458660393434535,-0.04929163167642951,1.015,0.0999375529691955,-0.1021392593383789,0.0639304313659668,0.8718904859645978,-0.024762164138858123,1,0.01731366617978395,-0.07397555337885564,0.02452946753757139,-0.014999999999999902,-0.08262388678941154,0.0004730469558136413,-0.008903017353772292,-0.02304253076923069,-0.0901153769633574,1427126269401,1,0,0,0,0,0,0
0.9389618394531075,-0.04464630534401139,1.011,0.09897762188059846,-0.09609420776367188,0.07966483306884765,0.8718904859645978,-0.024762164138858123,1,0.01731366617978395,-0.06707135348850968,0.01988414120515327,-0.010999999999999899,-0.0816639557008145,0.0012059837072018673,-0.016239354475309727,0.011748522388059807,-0.07736575679664863,1427126269468,1,0,0,0,0,0,0
0.9315707569535336,-0.04244434641344064,1.01,0.09904743505067827,-0.1070597915649414,0.043823097229003904,0.8718904859645978,-0.024762164138858123,1,0.01731366617978395,-0.0596802709889358,0.017682182274582514,-0.010000000000000009,-0.08173376887089431,0.009858779983252006,-0.005295669240878138,-0.002854444444445055,-0.08206621253794104,1427126269531,1,0,0,0,0,0,0
0.925980907543014,-0.04102580936000287,1.009,0.09827949017980077,-0.08133269500732422,0.029465099334716797,0.8718904859645978,-0.024762164138858123,1,0.01731366617978395,-0.05409042157841615,0.01626364522114475,-0.008999999999999897,-0.08096582400001681,0.001656165605976142,-0.0013995376699537107,-0.00228388461538392,-0.07742146305750526,1427126269596,1,0,0,0,0,0,0
0.9205381174488145,-0.04041193719736187,1.006,0.09721483933608412,-0.08034437561035156,0.017174457550048827,0.8718904859645978,-0.024762164138858123,1,0.01731366617978395,-0.04864763148421669,0.01564977305850375,-0.006000000000000005,-0.07990117315630016,0.003109544885301796,0.0026867488598604048,0.010600990909090339,-0.07506185113940629,1427126269662,1,0,0,0,0,0,0
0.9148028964988884,-0.04127422566238475,1.003,0.09688322677820538,-0.08687754821777344,-0.0045231938362121586,0.8718904859645978,-0.024762164138858123,1,0.01731366617978395,-0.04291241053429051,0.016512061523526626,-0.0029999999999998916,-0.07956956059842143,0.007967940451985685,0.01102710034777267,0.013226246153846863,-0.07803904110051962,1427126269727,1,0,0,0,0,0,0
0.9097775207030214,-0.042161300077395616,1.003,0.09622000166244749,-0.07631426239013672,-0.005952017307281494,0.8718904859645978,-0.024762164138858123,1,0.01731366617978395,-0.037887034738423586,0.017399135938537494,-0.0029999999999998916,-0.07890633548266354,0.005825248188241122,0.01147317406630199,-0.002947699999999901,-0.07593667078524015,1427126269794,1,0,0,0,0,0,0
0.9048318806551099,-0.04491657664800873,1.004,0.09571385617936912,-0.07781201171875,-0.034010944366455076,0.8718904859645978,-0.024762164138858123,1,0.01731366617978395,-0.03294139469051205,0.020154412509150607,-0.0040000000000000036,-0.07840018999958517,0.009501130064757168,0.023536630865767415,-0.009328455555556166,-0.07598997341349771,1427126269857,1,0,0,0,0,0,0
0.9022958841109063,-0.048562320699128324,1.006,0.09515535081873083,-0.04309207153320312,-0.050800464630126954,0.8718904859645978,-0.024762164138858123,1,0.01731366617978395,-0.030405398146308493,0.0238001565602702,-0.006000000000000005,-0.07784168463894689,-0.0030710472086392156,0.02969881044015823,-0.01618113076923077,-0.07526396758984712,1427126269922,1,0,0,0,0,0,0
0.9017674585852378,-0.05322951663774938,1.007,0.09224065096790036,-0.01454210662841797,-0.0689381332397461,0.8718904859645978,-0.024762164138858123,1,0.01731366617978395,-0.02987697262063993,0.028467352498891256,-0.006999999999999895,-0.07492698478811641,-0.01363625227011985,0.037551037736677825,-0.011642015384614695,-0.06147452393812957,1427126269987,1,0,0,0,0,0,0
0.9002676796197666,-0.05630024627287171,1.006,0.09197885158010123,-0.02664371681213379,-0.043792964935302735,0.8718904859645978,-0.024762164138858123,1,0.01731366617978395,-0.028377193655168775,0.03153808213401359,-0.006000000000000005,-0.07466518540031727,-0.008031576936636083,0.02978201945910639,-0.00035114117647114685,-0.07351018810120345,1427126270055,1,0,0,0,0,0,0
0.9001863614414831,-0.05869753451633139,1.01,0.09222319767538048,-0.004517452239990234,-0.03569528579711914,0.8718904859645978,-0.024762164138858123,1,0.01731366617978395,-0.02829587547688528,0.03393537037747327,-0.010000000000000009,-0.07490953149559654,-0.015283768977883794,0.0283073262361683,-0.030637200000000014,-0.07605490381721808,1427126270119,1,0,0,0,0,0,0
0.9024523321650171,-0.06330152241872712,1.011,0.09094910732142461,0.027485227584838866,-0.07189653015136718,0.8718904859645978,-0.024762164138858123,1,0.01731366617978395,-0.03056184620041924,0.038539358279869,-0.010999999999999899,-0.07363544114164067,-0.02927305010303326,0.04270187413647181,-0.015101349999999302,-0.06766314260747253,1427126270183,1,0,0,0,0,0,0
0.9070855456109364,-0.06589910207311707,1.012,0.08861036612375209,0.06567213439941406,-0.04511474609375,0.8718904859645978,-0.024762164138858123,1,0.01731366617978395,-0.03519505964633851,0.041136937934258946,-0.01200000000000001,-0.07129669994396814,-0.04416857862154043,0.03283631150188942,-0.015895215384615982,-0.0605025098008642,1427126270248,1,0,0,0,0,0,0
0.9112949942268987,-0.06711873398478693,1.01,0.088016954178074,0.06127504348754883,-0.023810396194458006,0.8718904859645978,-0.024762164138858123,1,0.01731366617978395,-0.03940450826230091,0.04235656984592881,-0.010000000000000009,-0.07070328799829004,-0.0433412884980109,0.025858750468601525,0.0014701611940298644,-0.06804621958480597,1427126270315,1,0,0,0,0,0,0
0.9165441555498288,-0.0682679796151652,1.011,0.08602727883080055,0.07691728973388672,-0.024093236923217774,0.8718904859645978,-0.024762164138858123,1,0.01731366617978395,-0.04465366958523098,0.04350581547630708,-0.010999999999999899,-0.06871361265101661,-0.053166351371868856,0.026474268415214258,-0.015402455555554848,-0.05923896814019076,1427126270378,1,0,0,0,0,0,0
0.9231412216948293,-0.06834502177213773,1.011,0.08524188066740315,0.09849075317382812,-0.009653777122497558,0.8718904859645978,-0.024762164138858123,1,0.01731366617978395,-0.05125073573023142,0.04358285763327961,-0.010999999999999899,-0.06792821448761921,-0.06179950091978866,0.02055975109072986,-0.009920599999999904,-0.0644115062933025,1427126270445,1,0,0,0,0,0,0
0.9302912959899045,-0.067043891002956,1.008,0.08347909812288881,0.10852334594726562,0.010314878463745117,0.8718904859645978,-0.024762164138858123,1,0.01731366617978395,-0.058400810025306615,0.04228172686409788,-0.008000000000000007,-0.06616543194310487,-0.07005159755484307,0.012418228088408445,0.008834449999999416,-0.057902388765693896,1427126270509,1,0,0,0,0,0,0
0.9346638682695647,-0.06490858052752724,1.01,0.0834441915378488,0.0680308837890625,0.02644919967651367,0.8718904859645978,-0.024762164138858123,1,0.01731366617978395,-0.06277338230496687,0.040146416388669115,-0.010000000000000009,-0.06613052535806485,-0.05672133755938036,0.006994401278385154,-0.02000603076923077,-0.06596941804249554,1427126270574,1,0,0,0,0,0,0
0.9409635945167533,-0.062032693323410285,1.009,0.08319984544256978,0.09776256561279296,0.035112224578857425,0.8718904859645978,-0.024762164138858123,1,0.01731366617978395,-0.06907310855215543,0.03727052918455216,-0.008999999999999897,-0.06588617926278584,-0.07029308110560896,0.001592962673514095,-0.0031106846153839164,-0.06475842805380577,1427126270639,1,0,0,0,0,0,0
0.9490300832386778,-0.05788500545462852,1.007,0.0827286065445312,0.1257491226196289,0.05194475936889648,0.8718904859645978,-0.024762164138858123,1,0.01731366617978395,-0.07713959727407993,0.033122841315770396,-0.006999999999999895,-0.06541494036474724,-0.08388980260722372,-0.007307508839139758,0.0038284307692308768,-0.06323999160456908,1427126270704,1,0,0,0,0,0,0
0.9548713411889044,-0.05331035162211314,1.007,0.0819432083811338,0.09298955535888671,0.06114480209350586,0.8718904859645978,-0.024762164138858123,1,0.01731366617978395,-0.08298085522430654,0.028548187483255015,-0.006999999999999895,-0.06462954220134984,-0.07306231841328428,-0.010446199414316114,-0.0069890999999999,-0.061214767577882884,1427126270773,1,0,0,0,0,0,0
0.9547571639167398,-0.04884904506943628,1.004,0.08103563717009689,0.003770559549331665,0.06683523559570312,0.8718904859645978,-0.024762164138858123,1,0.01731366617978395,-0.08286667795214198,0.024086880930578154,-0.0040000000000000036,-0.06372197099031293,-0.04278248868773066,-0.014641948062804474,0.012321583870967143,-0.05933049738852145,1427126270835,1,0,0,0,0,0,0
0.955204509471283,-0.04314808115528354,1.005,0.08098327729253697,0.013610300064086913,0.08469066619873047,0.8718904859645978,-0.024762164138858123,1,0.01731366617978395,-0.08331402350668515,0.018385917016425418,-0.004999999999999893,-0.06366961111275302,-0.0461136484525721,-0.022993182117670236,-0.01083101538461469,-0.06342795013939956,1427126270900,1,0,0,0,0,0,0
0.9545867642459802,-0.03633743561123812,1.005,0.08075638448977764,-0.000971623957157135,0.10257445526123046,0.8718904859645978,-0.024762164138858123,1,0.01731366617978395,-0.08269627828138237,0.011575271472379994,-0.004999999999999893,-0.06344271830999368,-0.04012342422163307,-0.032366189739581136,-0.005478899999999897,-0.06239552075879674,1427126270965,1,0,0,0,0,0,0
0.9523398371180778,-0.028882879221305963,1.005,0.08030259888425918,-0.024573831558227538,0.11417277526855468,0.8718904859645978,-0.024762164138858123,1,0.01731366617978395,-0.08044935115347995,0.004120715082447841,-0.004999999999999893,-0.06298893270447523,-0.03027973479885663,-0.03955800171682602,-0.005511399999999896,-0.06089453760208237,1427126271030,1,0,0,0,0,0,0
0.9482210001874212,-0.022105040173028615,1.015,0.07913322828542292,-0.053428058624267576,0.10629592895507813,0.8718904859645978,-0.024762164138858123,1,0.01731366617978395,-0.07633051422282333,-0.0026571239658295075,-0.014999999999999902,-0.06181956210563897,-0.01885398383474501,-0.038215404385296345,-0.06585070597014919,-0.056583574349655746,1427126271097,1,0,0,0,0,0,0
0.9437906338018326,-0.014550634253289802,1.01,0.07887142889762379,-0.057289817810058596,0.11821482849121094,0.8718904859645978,-0.024762164138858123,1,0.01731366617978395,-0.07190014783723475,-0.01021152988556832,-0.010000000000000009,-0.06155776271783984,-0.013972562889704634,-0.04790567820387801,0.01766784999999943,-0.0603305780875314,1427126271161,1,0,0,0,0,0,0
0.9385906858611414,-0.009708372156206353,1.003,0.07885397560510389,-0.072033935546875,0.07855366516113281,0.8718904859645978,-0.024762164138858123,1,0.01731366617978395,-0.06670019989654352,-0.01505379198265177,-0.0029999999999998916,-0.06154030942531994,-0.007644790539834242,-0.03509715582793232,0.03359690769230842,-0.0614597557675358,1427126271226,1,0,0,0,0,0,0
0.9309514147061642,-0.00472871543320544,1.001,0.08035495876181886,-0.10834911346435547,0.08348918914794921,0.8718904859645978,-0.024762164138858123,1,0.01731366617978395,-0.05906092874156632,-0.020033448705652684,-0.0009999999999998899,-0.06304129258203492,0.009271272741666031,-0.03833982314757011,0.008267330769230887,-0.06996890715148867,1427126271291,1,0,0,0,0,0,0
0.9226452800436572,-0.003466547581905563,1.002,0.08052949168701852,-0.1226703109741211,0.028872243881225584,0.8718904859645978,-0.024762164138858123,1,0.01731366617978395,-0.05075479407905936,-0.02129561655695256,-0.0020000000000000018,-0.06321582550723456,0.016982152958851436,-0.01896750145328417,-0.008699515384615969,-0.06402136208507908,1427126271356,1,0,0,0,0,0,0
0.9161885179424072,-0.0020326176616684358,0.994,0.0744382925975582,-0.09480732727050781,0.029230213165283202,0.8718904859645978,-0.024762164138858123,1,0.01731366617978395,-0.04429803197780935,-0.022729546477189687,0.006000000000000005,-0.05712462641777425,0.009184868097890486,-0.020394085467272078,0.04491634477611946,-0.02985060064407136,1427126271423,1,0,0,0,0,0,0
0.9098726036997492,-0.0015250878109918835,0.968,0.07038912873293149,-0.09391018676757812,0.014637542724609374,0.8718904859645978,-0.024762164138858123,1,0.01731366617978395,-0.037982117735151366,-0.02323707632786624,0.03200000000000003,-0.05307546255314754,0.012597551581357964,-0.0159051288465221,0.16413330000000018,-0.0343870139471781,1427126271488,1,0,0,0,0,0,0
0.9022883677826717,-0.0025395050400540088,0.947,0.06839945338565781,-0.114552001953125,-0.007177473068237305,0.8718904859645978,-0.024762164138858123,1,0.01731366617978395,-0.030397881818073902,-0.022222659098804113,0.05300000000000005,-0.05108578720587386,0.023837736068122915,-0.007131695470276247,0.15611625000000015,-0.04175918401552849,1427126271552,1,0,0,0,0,0,0
0.8944093755026591,-0.003087723646140259,0.919,0.06529276731710801,-0.11847055816650391,-0.0001265707015991211,0.8718904859645978,-0.024762164138858123,1,0.01731366617978395,-0.02251888953806125,-0.021674440492717863,0.08099999999999996,-0.04797910113732406,0.028711647804634095,-0.00946732243452247,0.21496823076923027,-0.033640550051709586,1427126271617,1,0,0,0,0,0,0
0.8855278054500714,-0.006047140053588772,0.882,0.06152285613280009,-0.13583604431152344,-0.03560430145263672,0.8718904859645978,-0.024762164138858123,1,0.01731366617978395,-0.013637319485473531,-0.01871502408526935,0.118,-0.04420918995301614,0.03781732428120466,0.004741962400825611,0.2907899212121214,-0.02707323002434379,0,1,0,0,0,0,0,0
0.8772436737127327,-0.010103471131052786,0.841,0.05827654372409066,-0.12776787567138673,-0.0530897216796875,0.8718904859645978,-0.024762164138858123,1,0.01731366617978395,-0.005353187748134869,-0.014658693007805337,0.15900000000000003,-0.04096287754430671,0.038787623556003126,0.012577424937103164,0.34585144242424265,-0.026206912050172948,0,1,0,0,0,0,0,0
0.8663987940500929,-0.015091293043212755,0.795,0.05508259119294093,-0.16675466918945311,-0.06521565246582031,0.8718904859645978,-0.024762164138858123,1,0.01731366617978395,0.005491691914504937,-0.009670871095645368,0.20499999999999996,-0.03776892501315698,0.059590512087807745,0.02083145099489154,0.4181016999999996,-0.022797272523392594,0,1,0,0,0,0,0,0
0.8554195622169718,-0.019591602630343832,0.745,0.05222025121967036,-0.1681551513671875,-0.05833538055419922,0.8718904859645978,-0.024762164138858123,1,0.01731366617978395,0.016470923747626043,-0.00517056150851429,0.255,-0.03490658503988641,0.0649018390896257,0.02003353007974982,0.4774274692307695,-0.021695785163253024,0,1,0,0,0,0,0,0
0.8425972110226945,-0.02372107476473409,0.697,0.049357911246399794,-0.19530624389648438,-0.05181841278076172,0.8718904859645978,-0.024762164138858123,1,0.01731366617978395,0.02929327494190337,-0.0010410893741240324,0.30300000000000005,-0.032044245066615844,0.0802107245476926,0.019763858653750677,0.5031419545454549,-0.019033608824476904,0,1,0,0,0,0,0,0
0.8290289928585132,-0.027401458770090762,0.648,0.04687954370856764,-0.2059991455078125,-0.045097122192382814,0.8718904859645978,-0.024762164138858123,1,0.01731366617978395,0.04286149310608467,0.0026392946312326394,0.352,-0.029565877528783688,0.09322614113138816,0.019834123970096543,0.5580180499999996,-0.017948529695195455,0,1,0,0,0,0,0,0
0.8149987705051367,-0.029143291208695327,0.599,0.04527384079673282,-0.21144651794433594,-0.016236438751220703,0.8718904859645978,-0.024762164138858123,1,0.01731366617978395,0.056891715459461145,0.004381127069837204,0.401,-0.02796017461694887,0.09937038299567622,0.009680000194518893,0.5879061492537316,-0.020770460086345217,0,1,0,0,0,0,0,0
0.8034584302379453,-0.03073138525643281,0.554,0.044662975558534844,-0.17400584411621095,-0.01596254539489746,0.8718904859645978,-0.024762164138858123,1,0.01731366617978395,0.06843205572665256,0.005969221117574686,0.44599999999999995,-0.027349309378750894,0.09600446048516803,0.010201427858066811,0.6207457999999997,-0.02444042729209386,0,0,0,0,0,0,0,0
0.7951857662080951,-0.03085377154090848,0.505,0.043004912769140334,-0.12404817962646485,0.0037064208984375,0.8718904859645978,-0.024762164138858123,1,0.01731366617978395,0.07670471975650273,0.006091607402050357,0.495,-0.025691246589356384,0.07929459228909076,0.002083289004424547,0.6692324492537316,-0.018267084845798878,0,0,0,0,0,0,0,0
0.7897281029283474,-0.028523943455848036,0.46,0.042586033748661684,-0.08028681182861327,0.038434619903564456,0.8718904859645978,-0.024762164138858123,1,0.01731366617978395,0.08216238303625045,0.0037617793169899133,0.54,-0.025272367568877734,0.06870719480407064,-0.01245979617633031,0.6988120500000002,-0.023308872160384058,0,0,0,0,0,0,0,0
0.7881994828616493,-0.024787753174142398,0.417,0.04223696789826284,-0.02052259063720703,0.05696821594238281,0.8718904859645978,-0.024762164138858123,1,0.01731366617978395,0.08369100310294852,0.000025589035284274975,0.583,-0.02492330171847889,0.047910339056690454,-0.021704575014858556,0.7224462615384611,-0.023312228562791915,0,0,0,0,0,0,0,0
0.789487111784406,-0.022248506314766162,0.369,0.04178318229274417,0.020905481338500977,0.03723919296264649,0.8718904859645978,-0.024762164138858123,1,0.01731366617978395,0.08240337418019184,-0.0025136578240919603,0.631,-0.02446951611296022,0.03226154449745981,-0.016323612830134608,0.7880178545454548,-0.02240685426969355,0,0,0,0,0,0,0,0
0.7951344999531039,-0.017441066532765708,0.324,0.0411025038844666,0.08764906311035156,0.06851020050048828,0.8718904859645978,-0.024762164138858123,1,0.01731366617978395,0.07675598601149392,-0.0073210976060924145,0.6759999999999999,-0.023788837704682653,0.00543115539302845,-0.03155700148927102,0.8198925499999995,-0.02059815766588155,0,0,0,0,0,0,0,0
0.8024428380098528,-0.012871004700002985,0.278,0.04122467693210611,0.11234930419921875,0.06398843383789063,0.8718904859645978,-0.024762164138858123,1,0.01731366617978395,0.069447647954745,-0.011891159438855138,0.722,-0.02391101075232216,-0.006646308152948942,-0.03216710060481039,0.8629841076923079,-0.02447488635681219,0,0,0,0,0,0,0,0
0.8137893290429696,-0.0083607861123948,0.227,0.04050909193878852,0.17284095764160157,0.06058145523071289,0.8718904859645978,-0.024762164138858123,1,0.01731366617978395,0.058101156921628205,-0.016401378026463322,0.773,-0.023195425759004573,-0.0330994031512788,-0.03374283539815094,0.9316481454545458,-0.01994276669847009,0,0,0,0,0,0,0,0
0.8311721237005013,-0.004959474217665891,0.182,0.0419053553403839,0.26259420776367187,0.04041829299926758,0.8718904859645978,-0.024762164138858123,1,0.01731366617978395,0.04071836226409653,-0.019802689921192232,0.8180000000000001,-0.02459168916059995,-0.07377462739951406,-0.029575995325291475,0.941228763636364,-0.03093834098603348,0,0,0,0,0,0,0,0
0.8508418758431342,-0.002452150291951913,0.137,0.043039819354180144,0.2963628540039063,0.025216440200805663,0.8718904859645978,-0.024762164138858123,1,0.01731366617978395,0.02104861012146364,-0.02231001384690621,0.863,-0.025726153174396194,-0.09898350257013266,-0.026518603367953968,0.9902093499999995,-0.031043953239066086,0,0,0,0,0,0,0,0
0.8722582518421872,-0.0002532504235240097,0.113,0.04307472593922016,0.3223673095703125,0.019130867004394533,0.8718904859645978,-0.024762164138858123,1,0.01731366617978395,-0.0003677658775893544,-0.02450891371533411,0.887,-0.02576105975943621,-0.1174419202746644,-0.02576228643810021,0.8983118692307694,-0.025922167075005522,0,0,0,0,0,0,0,0
0.8949322670607938,0.0017655302010193485,0.061,0.046146505422729946,0.34109872436523436,0.015607995986938477,0.8718904859645978,-0.024762164138858123,1,0.01731366617978395,-0.023041781096195924,-0.02652769433987747,0.9390000000000001,-0.028832839242945996,-0.13556580853158406,-0.025819046900006803,1.0967846000000003,-0.04301028301299115,0,0,0,0,0,0,0,0
0.9153284386703938,0.003996471138772623,0,0.049514990879079325,0.30716058349609376,0.0193153190612793,0.8718904859645978,-0.024762164138858123,1,0.01731366617978395,-0.04343795270579598,-0.028758635277630746,1,-0.032201324699295375,-0.1302493117123611,-0.02773759752325545,1.1909413164179101,-0.04728409539936722,0,0,0,0,0,0,0,0
