0,0,0.719,0,0.007341437339782715,0.019585132598876953,0,0,1,0,0,0,0.281,0,0,0,0.22480000000000003,0,0,0,0,0,0,0,0,0
0.00008388120333353678,0.0017880512237548828,0.717,-0.000279252680319142,0.0012582180500030518,0.026820768356323244,0,0,1,0,-0.00008388120333353678,-0.0017880512237548828,0.28300000000000003,0.000279252680319142,-0.0004868205263933605,-0.010377295548627678,0.23887386060606067,0.001548583045406151,0,0,0,0,0,0,0,0
-0.00045405562318768405,0.005433469581390761,0.719,-0.00036651914291879756,-0.008084321975708008,0.054679019927978516,0,0,1,0,0.00045405562318768405,-0.005433469581390761,0.281,0.00036651914291879756,0.003169105065636409,-0.022657273968356356,0.21752870000000002,0.0007755806863546828,0,0,0,0,0,0,0,0
0.0008849662950857622,0.00566561622522428,0.712,-0.0015707963267949099,0.020084051132202147,0.0034895610809326173,0,0,1,0,-0.0008849662950857622,-0.00566561622522428,0.28800000000000003,0.0015707963267949099,-0.007652941163102448,-0.0040911686873711,0.2736305076923078,0.007128998713915429,0,0,0,0,0,0,0,0
0.0038001422762811553,0.0068413797418787085,0.714,-0.000645771823237884,0.04369988250732422,0.01770511817932129,0,0,1,0,-0.0038001422762811553,-0.0068413797418787085,0.28600000000000003,0.000645771823237884,-0.017599982661913288,-0.00976451127310466,0.22542796923076924,-0.003623572039333004,0,0,0,0,0,0,0,0
0.006156293440439432,0.006951422777706823,0.713,0.0002967059728390398,0.03534119415283203,0.0016734682321548461,0,0,1,0,-0.006156293440439432,-0.006951422777706823,0.28700000000000003,-0.0002967059728390398,-0.015771926204528854,-0.0040855563190671535,0.24424731538461542,-0.0046466034931940715,0,0,0,0,0,0,0,0
0.012027718297363897,0.0047872338305231105,0.713,0.0002094395102393843,0.08806173706054687,-0.03248896408081055,0,0,1,0,-0.012027718297363897,-0.0047872338305231105,0.28700000000000003,-0.0002094395102393843,-0.03624941879095017,0.00872503007559655,0.24081430000000004,0.00017555958946497815,0,0,0,0,0,0,0,0
0.018738078663589782,0.0018074026583434627,0.719,0.0004188790204787131,0.10064604187011719,-0.044718547821044924,0,0,1,0,-0.018738078663589782,-0.0018074026583434627,0.281,-0.0004188790204787131,-0.045528919272964694,0.015119807806846722,0.2055331076923077,-0.001385522913891,0,0,0,0,0,0,0,0
0.026463700756644865,-0.003241172393282218,0.737,0.001396263401595488,0.11585260009765624,-0.07577716064453124,0,0,1,0,-0.026463700756644865,0.003241172393282218,0.263,-0.001396263401595488,-0.05619581552587059,0.029648531673690526,0.12509769999999995,-0.006050474740246796,0,0,0,0,0,0,0,0
0.03486010592694333,-0.008901374080388248,0.746,0.0014137166941154413,0.12582740783691407,-0.08507879638671875,0,0,1,0,-0.03486010592694333,0.008901374080388248,0.254,-0.0014137166941154413,-0.0634140466146879,0.035390918197317864,0.17030455,-0.0014955290028027225,0,0,0,0,0,0,0,0
0.04831096379848491,-0.01931059652881988,0.748,0.0017627825445142855,0.20154193115234376,-0.1564234161376953,0,0,1,0,-0.04831096379848491,0.01931059652881988,0.252,-0.0017627825445142855,-0.09558382690603462,0.06485446851389783,0.2089804393939394,-0.0033494455008726684,0,0,0,0,0,0,0,0
0.0568822475715793,-0.02785629355481177,0.751,0.0020420352248333717,0.12834309387207032,-0.12841189575195314,0,0,1,0,-0.0568822475715793,0.02785629355481177,0.249,-0.0020420352248333717,-0.07403048176603187,0.05926337039497465,0.2029208090909091,-0.003311365589920127,0,0,0,0,0,0,0,0
0.06656727083333518,-0.037993987904594,0.761,0.0006981317007976884,0.1449645233154297,-0.15236175537109375,0,0,1,0,-0.06656727083333518,0.037993987904594,0.239,-0.0006981317007976884,-0.08642678982837912,0.07447895940814532,0.15767199999999998,0.005601416068119577,0,0,0,0,0,0,0,0
0.07559373139842122,-0.048637618650197875,0.773,0.0008028514559174083,0.13528541564941407,-0.1597489471435547,0,0,1,0,-0.07559373139842122,0.048637618650197875,0.22699999999999998,-0.0008028514559174083,-0.08662820350099007,0.0817037311186423,0.13961961538461534,-0.0012861734026238076,0,0,0,0,0,0,0,0
0.08349497307242178,-0.057623677112113254,0.773,0.0008726646259972215,0.11841036987304687,-0.134885986328125,0,0,1,0,-0.08349497307242178,0.057623677112113254,0.22699999999999998,-0.0008726646259972215,-0.08457422511848861,0.07730882651986172,0.2057105,-0.001194879257134821,0,0,0,0,0,0,0,0
0.09066876110384751,-0.06558344715611893,0.78,0.00022689280275922652,0.10750258636474609,-0.11949040985107422,0,0,1,0,-0.09066876110384751,0.06558344715611893,0.21999999999999997,-0.00022689280275922652,-0.08430299575351613,0.07580517237838683,0.16384819230769226,0.002753592535262289,0,0,0,0,0,0,0,0
0.09634567327990641,-0.07232470536067945,0.785,0.001954768762233605,0.0851307373046875,-0.10113819122314453,0,0,1,0,-0.09634567327990641,0.07232470536067945,0.21499999999999997,-0.001954768762233605,-0.0782334254101302,0.07157948673057651,0.17286159701492534,-0.009691526789730821,0,0,0,0,0,0,0,0
0.10113878893234707,-0.07808127507344223,0.792,0.0017453292519942765,0.07172780609130859,-0.08648892211914062,0,0,1,0,-0.10113878893234707,0.07808127507344223,0.20799999999999996,-0.0017453292519942765,-0.07725155191808025,0.07077345628540499,0.15643094999999996,-0.0007635815477474231,0,0,0,0,0,0,0,0
0.1050812060523111,-0.08328260937710613,0.799,0.0011519173063163082,0.05899999618530274,-0.07812310791015625,0,0,1,0,-0.1050812060523111,0.08328260937710613,0.20099999999999996,-0.0011519173063163082,-0.0743071119144408,0.06995420122869699,0.15272639230769225,0.0015869070583512375,0,0,0,0,0,0,0,0
0.10803060923749377,-0.08647136388653925,0.81,0.0022689280275925983,0.04418592071533203,-0.04788224792480469,0,0,1,0,-0.10803060923749377,0.08647136388653925,0.18999999999999995,-0.0022689280275925983,-0.07050503529267539,0.060767816747158684,0.12362293076923067,-0.00742436212579086,0,0,0,0,0,0,0,0
0.10919263607495766,-0.0893494539902451,0.822,0.0020420352248333717,0.017332405090332032,-0.04321078872680664,0,0,1,0,-0.10919263607495766,0.0893494539902451,0.17800000000000005,-0.0020420352248333717,-0.0615326897448318,0.0605921306055738,0.10979531538461598,-0.0009948376736369417,0,0,0,0,0,0,0,0
0.11064470022392243,-0.09095571751185982,0.839,0.0014486232791552367,0.02173171615600586,-0.02413838005065918,0,0,1,0,-0.11064470022392243,0.09095571751185982,0.16100000000000003,-0.0014486232791552367,-0.06377501991902207,0.054475949018990215,0.07172178484848481,0.0012487037466544677,0,0,0,0,0,0,0,0
0.1107544848339259,-0.09263151390802704,0.85,0.0017104226669544254,0.0016103534698486328,-0.025139305114746095,0,0,1,0,-0.1107544848339259,0.09263151390802704,0.15000000000000002,-0.0017104226669544254,-0.05680083949636987,0.0560195787977394,0.09387704999999999,-0.002937607297263122,0,0,0,0,0,0,0,0
0.10913376735668287,-0.09448365942996045,0.86,-0.00020943951023932875,-0.024358245849609376,-0.02774056053161621,0,0,1,0,-0.10913376735668287,0.09448365942996045,0.14,0.00020943951023932875,-0.04673409285849589,0.05781564566774526,0.09309714615384615,0.009070341866518193,0,0,0,0,0,0,0,0
0.10981425959936471,-0.09514109604898224,0.867,-0.0001396263401595155,0.01020944881439209,-0.009859411239624024,0,0,1,0,-0.10981425959936471,0.09514109604898224,0.133,0.0001396263401595155,-0.059536847509710306,0.051773157750933094,0.10451549230769228,-0.00018258829097808412,0,0,0,0,0,0,0,0
0.10722783412994968,-0.09689449609730008,0.877,0.0004886921905584152,-0.03879270935058594,-0.02630641746520996,0,0,1,0,-0.10722783412994968,0.09689449609730008,0.123,-0.0004886921905584152,-0.04072223749435801,0.0586141807399186,0.08116114615384612,-0.003388623870795018,0,0,0,0,0,0,0,0
0.10646324655975035,-0.09810920247087429,0.888,0.0001570796326795243,-0.011477716445922851,-0.018214988708496093,0,0,1,0,-0.10646324655975035,0.09810920247087429,0.11199999999999999,-0.0001570796326795243,-0.05034406628554351,0.05619136327278827,0.06949501343283579,0.0013277527160319273,0,0,0,0,0,0,0,0
0.10491026114562031,-0.10053277509712268,0.897,0.0017453292519942765,-0.023300491333007812,-0.03634992980957031,0,0,1,0,-0.10491026114562031,0.10053277509712268,0.10299999999999998,-0.0017453292519942765,-0.045135941334771085,0.06437592230578582,0.07119814999999996,-0.009190249342532177,0,0,0,0,0,0,0,0
0.1021444201006198,-0.1027220855094819,0.905,0.0014311699866353944,-0.04154486846923828,-0.03276719665527344,0,0,1,0,-0.1021444201006198,0.1027220855094819,0.09499999999999997,-0.0014311699866353944,-0.03741931342654947,0.0640720285958389,0.07155747692307687,0.000018795853482522773,0,0,0,0,0,0,0,0
0.1009085305240563,-0.10366794723323604,0.912,0.0014486232791552367,-0.01855862998962402,-0.014161379814147949,0,0,1,0,-0.1009085305240563,0.10366794723323604,0.08799999999999997,-0.0014486232791552367,-0.045105159397769115,0.05791685068477473,0.07191409230769226,-0.001529176936939124,0,0,0,0,0,0,0,0
0.09785775904890692,-0.10435876073143105,0.92,0.0033510321638291485,-0.04577653503417969,-0.010295900344848632,0,0,1,0,-0.09785775904890692,0.10435876073143105,0.07999999999999996,-0.0033510321638291485,-0.03387094021119081,0.05695675402918317,0.06064947692307686,-0.012131380862324126,0,0,0,0,0,0,0,0
0.09525567430299013,-0.10640750971525717,0.926,0.0016231562043547698,-0.039134033203125,-0.03060026741027832,0,0,1,0,-0.09525567430299013,0.10640750971525717,0.07399999999999995,-0.0016231562043547698,-0.03526106334465781,0.06519617043175992,0.06759661818181813,0.006230825429619677,0,0,0,0,0,0,0,0
0.09236724280354175,-0.10618567790983205,0.932,-0.0009250245035569704,-0.04332101440429687,0.0033977982997894286,0,0,1,0,-0.09236724280354175,0.10618567790983205,0.06799999999999995,0.0009250245035569704,-0.03212272787206814,0.053095218322867184,0.06274910769230763,0.012685858540072694,0,0,0,0,0,0,0,0
0.08897189382832205,-0.10773728111484678,0.94,-0.0038222710618676103,-0.05090868377685547,-0.023321149826049804,0,0,1,0,-0.08897189382832205,0.10773728111484678,0.06000000000000005,0.0038222710618676103,-0.027466773377613097,0.06361978076500144,0.0452908000000006,0.017403114303948735,0,0,0,0,0,0,0,0
0.0877346789154999,-0.10824942912930086,0.944,-0.006056292504420357,-0.018528724670410158,-0.007753098487854004,0,0,1,0,-0.0877346789154999,0.10824942912930086,0.05600000000000005,0.006056292504420357,-0.03881158171707211,0.058218606951567914,0.06466633846153846,0.016367160700817646,0,0,0,0,0,0,0,0
0.08609324081435353,-0.10882464872924599,0.949,-0.006126105674500059,-0.024568864822387695,-0.008777250289916992,0,0,1,0,-0.08609324081435353,0.10882464872924599,0.051000000000000045,0.006126105674500059,-0.03587023687435942,0.058916569002781714,0.055613223076923096,0.006448320305637146,0,0,0,0,0,0,0,0
0.08471932126034747,-0.11131156980910784,0.954,-0.0072082098107365536,-0.020379880905151367,-0.03742936706542969,0,0,1,0,-0.08471932126034747,0.11131156980910784,0.04600000000000004,0.0072082098107365536,-0.036678829140777226,0.07052615926264005,0.051912223076923086,0.01220253659336653,0,0,0,0,0,0,0,0
0.08287678064908797,-0.11133041949021373,0.959,-0.0072082098107365536,-0.027635353088378906,-0.0004819574356079102,0,0,1,0,-0.08287678064908797,0.11133041949021373,0.041000000000000036,0.0072082098107365536,-0.03358590249753685,0.057317530460692066,0.04899059701492538,0.0072082098107365536,0,0,0,0,0,0,0,0
0.08142982442833492,-0.11229005664849433,0.964,-0.008429940287132565,-0.021600021362304687,-0.014550631523132324,0,0,1,0,-0.08142982442833492,0.11229005664849433,0.03600000000000003,0.008429940287132565,-0.034626709790921674,0.0630187619020454,0.043996650000000005,0.014156801895238866,0,0,0,0,0,0,0,0
0.08034613894457569,-0.11243324409158671,0.969,-0.008744099552491558,-0.01623659896850586,-0.002284764766693115,0,0,1,0,-0.08034613894457569,0.11243324409158671,0.031000000000000028,0.008744099552491558,-0.036214904343665,0.05868643083186312,0.04061882307692308,0.010194065392609987,0,0,0,0,0,0,0,0
0.07937702669098518,-0.11218543118300339,0.974,-0.008779006137531464,-0.014568631172180175,0.0035899429321289062,0,0,1,0,-0.07937702669098518,0.11218543118300339,0.026000000000000023,0.008779006137531464,-0.03639887606205039,0.056530058398817376,0.036787823076923076,0.008940113453100263,0,0,0,0,0,0,0,0
0.07674258743367175,-0.11357797068509376,0.977,-0.00897099235525084,-0.039331691741943356,-0.02123419952392578,0,0,1,0,-0.07674258743367175,0.11357797068509376,0.02300000000000002,0.00897099235525084,-0.026164393710563776,0.06613282065751233,0.04530655384615385,0.009857082590878726,0,0,0,0,0,0,0,0
0.07364048383616509,-0.11341620828804967,0.978,-0.009145525280450317,-0.04655144882202149,0.002008909702301025,0,0,1,0,-0.07364048383616509,0.11341620828804967,0.02200000000000002,0.009145525280450317,-0.022643104397800002,0.05778461124465762,0.05558391940298508,0.009927015990298724,0,0,0,0,0,0,0,0
0.07381362766047805,-0.11481399736853393,0.981,-0.009913470151327819,0.0027887988090515136,-0.02094220733642578,0,0,1,0,-0.07381362766047805,0.11481399736853393,0.019000000000000017,0.009913470151327819,-0.039943107823399875,0.06716636094206635,0.04186083333333333,0.013570350488839731,0,0,0,0,0,0,0,0
0.07154237177278641,-0.11562500621092972,0.986,-0.009913470151327819,-0.03394656753540039,-0.012502269744873047,0,0,1,0,-0.07154237177278641,0.11562500621092972,0.014000000000000012,0.009913470151327819,-0.02566223289087164,0.06424849741554566,0.027695423076923065,0.009913470151327819,0,0,0,0,0,0,0,0
0.07019847650954321,-0.11705707426198403,0.99,-0.01165879940332204,-0.019944490432739256,-0.021679801940917967,0,0,1,0,-0.07019847650954321,0.11705707426198403,0.010000000000000009,0.01165879940332204,-0.03002939455447284,0.0683847835090428,0.029945038461538454,0.019714165181756907,0,0,0,0,0,0,0,0
0.06885259818914076,-0.11811936254206531,0.995,-0.010611601852125507,-0.02000103187561035,-0.016168605804443358,0,0,1,0,-0.06885259818914076,0.11811936254206531,0.0050000000000000044,0.010611601852125507,-0.029390531583006307,0.0670015833910349,0.02059292307692306,0.005778382385064588,0,0,0,0,0,0,0,0
0.06814037066721738,-0.12034468334521925,0.998,-0.012269664641520128,-0.010328604698181152,-0.03349129867553711,0,0,1,0,-0.06814037066721738,0.12034468334521925,0.0020000000000000018,0.012269664641520128,-0.03260651744781545,0.07409967108036036,0.02945775820895522,0.01969382638507813,0,0,0,0,0,0,0,0
0.06722203163702942,-0.12158851378788224,1.001,-0.0120602251312808,-0.013545133590698243,-0.018825063705444334,0,0,1,0,-0.06722203163702942,0.12158851378788224,-0.0009999999999998899,0.0120602251312808,-0.03088879499406427,0.06997679051809981,0.026316750000000687,0.011078477427033946,0,0,0,0,0,0,0,0
0.06597366666971444,-0.12226103044991449,1.002,-0.012915436464758066,-0.018602455139160156,-0.010312844276428222,0,0,1,0,-0.06597366666971444,0.12226103044991449,-0.0020000000000000018,0.012915436464758066,-0.02860769675646341,0.06721156435038418,0.03652538461538401,0.016862565696191604,0,0,0,0,0,0,0,0
0.06595409194609533,-0.1237210752452042,1.005,-0.012950343049797973,-0.000010747492313385009,-0.021902637481689455,0,0,1,0,-0.06595409194609533,0.1237210752452042,-0.004999999999999893,0.012950343049797973,-0.035257342405088925,0.07226254154909402,0.02332365384615452,0.013111450365366772,0,0,0,0,0,0,0,0
0.06425486679344058,-0.12428843775247006,1.005,-0.01356120828799595,-0.02537602996826172,-0.008839797973632813,0,0,1,0,-0.06425486679344058,0.12428843775247006,-0.004999999999999893,0.01356120828799595,-0.025405223951216128,0.06782025950559911,0.039445000000000084,0.016380586310448152,0,0,0,0,0,0,0,0
0.06242743233147491,-0.12493877280398863,1.007,-0.013334315485236668,-0.027276710510253908,-0.010125850677490235,0,0,1,0,-0.06242743233147491,0.12493877280398863,-0.006999999999999895,0.013334315485236668,-0.023991442395876382,0.06862160422145709,0.027192739393939465,0.012302984563603568,0,0,0,0,0,0,0,0
0.06179815969996787,-0.12628580126201858,1.012,-0.013596114873035801,-0.009168832778930665,-0.020329490661621093,0,0,1,0,-0.06179815969996787,0.12628580126201858,-0.01200000000000001,0.013596114873035801,-0.03001952411980348,0.07318168789458943,0.006797723076922436,0.01480441973980103,0,0,0,0,0,0,0,0
0.06084842420889863,-0.12648580880258462,1.014,-0.014503686084072818,-0.014203927040100098,-0.0031935205459594725,0,0,1,0,-0.06084842420889863,0.12648580880258462,-0.014000000000000012,0.014503686084072818,-0.027858638606208224,0.06718764096194231,0.021260569230769206,0.01869247628885905,0,0,0,0,0,0,0,0
0.059719333044661746,-0.12829291549114105,1.014,-0.013247049022636957,-0.01654145431518555,-0.02734938049316406,0,0,1,0,-0.059719333044661746,0.12829291549114105,-0.014000000000000012,0.013247049022636957,-0.026367149273512223,0.07682819549816114,0.03193879999999998,0.007447185662163751,0,0,0,0,0,0,0,0
0.05938776845077051,-0.12959250511585535,1.016,-0.013526301702956043,-0.004714804172515869,-0.019558015823364257,0,0,1,0,-0.05938776845077051,0.12959250511585535,-0.016000000000000014,0.013526301702956043,-0.030561987468510198,0.0747247100484161,0.01962713939393937,0.0147956320680428,0,0,0,0,0,0,0,0
0.05672164579710835,-0.1300954728557422,1.018,-0.012112585008840658,-0.03988613510131836,-0.008084751129150391,0,0,1,0,-0.05672164579710835,0.1300954728557422,-0.018000000000000016,0.012112585008840658,-0.016668047242083536,0.07087728064451196,0.017746969230769197,0.005587738728308109,0,0,0,0,0,0,0,0
0.05660197710675798,-0.13111354985366674,1.021,-0.011833332328521571,-0.0016099300384521485,-0.015291776657104492,0,0,1,0,-0.05660197710675798,0.13111354985366674,-0.020999999999999908,0.011833332328521571,-0.03034604507008394,0.0743295525676206,0.009575550000000654,0.010524335389525854,0,0,0,0,0,0,0,0
0.054618283636008645,-0.1322045573790643,1.022,-0.010925761117484552,-0.029559669494628907,-0.016716064453125,0,0,1,0,-0.054618283636008645,0.1322045573790643,-0.02200000000000002,0.010925761117484552,-0.019362711988468298,0.07526803661620274,0.01965418461538399,0.006736970912698312,0,0,0,0,0,0,0,0
0.0547143995044413,-0.13216195673941275,1.024,-0.01029744258676651,0.0014346704483032228,0.0006547232270240784,0,0,1,0,-0.0547143995044413,0.13216195673941275,-0.02400000000000002,0.01029744258676651,-0.03064530764718861,0.06922859760260847,0.01251356923076919,0.007397510906529396,0,0,0,0,0,0,0,0
0.05285124210726868,-0.1329492916927508,1.028,-0.010245082709206706,-0.027824268341064454,-0.012097179412841797,0,0,1,0,-0.05285124210726868,0.1329492916927508,-0.028000000000000025,0.010245082709206706,-0.019198149287328256,0.07417756608112949,-0.001637661538461583,0.010003421735853764,0,0,0,0,0,0,0,0
0.05299110491164073,-0.13284363562077214,1.032,-0.010995574287564255,0.002081595420837402,0.0016062511205673217,0,0,1,0,-0.05299110491164073,0.13284363562077214,-0.03200000000000003,0.010995574287564255,-0.03006659730458398,0.06942231267405048,-0.0044091223880597455,0.014355984339911485,0,0,0,0,0,0,0,0
0.05226156751679883,-0.1326752577310921,1.032,-0.009808750396208151,-0.01097017002105713,0.002405192852020264,0,0,1,0,-0.05226156751679883,0.1326752577310921,-0.03200000000000003,0.009808750396208151,-0.025014991792328852,0.0690541540143367,0.016281599999999966,0.004245513405476416,0,0,0,0,0,0,0,0
0.05453226811696195,-0.13430787768508515,1.031,-0.009756390518648291,0.03429907608032227,-0.024154035568237305,0,0,1,0,-0.05453226811696195,0.13430787768508515,-0.030999999999999917,0.009756390518648291,-0.04240229508022183,0.07966961121751737,0.02226471538461605,0.009514729545295092,0,0,0,0,0,0,0,0
0.054213734654160184,-0.13374939292306934,1.033,-0.008970992355250836,-0.004859505176544189,0.008330257415771484,0,0,1,0,-0.054213734654160184,0.13374939292306934,-0.03299999999999992,0.008970992355250836,-0.02833623770653523,0.0676790497787848,0.0042963692307692765,0.0053460777549548906,0,0,0,0,0,0,0,0
0.055988287226106,-0.13332630573390955,1.032,-0.008552113334772234,0.026560285568237304,0.0065848417282104495,0,0,1,0,-0.055988287226106,0.13332630573390955,-0.03200000000000003,0.008552113334772234,-0.04053036964323054,0.06828323213677207,0.021042215384614756,0.006618825547947918,0,0,0,0,0,0,0,0
0.056746104481577436,-0.13329642788000645,1.033,-0.007644542123735107,0.01136301040649414,0.0005453643202781677,0,0,1,0,-0.056746104481577436,0.13329642788000645,-0.03299999999999992,0.007644542123735107,-0.03535076193820102,0.07047968526299876,0.009412619402985703,0.00358079043252409,0,0,0,0,0,0,0,0
0.05752702187028507,-0.13257677815117933,1.033,-0.007278022980816365,0.011630898475646972,0.010883975982666015,0,0,1,0,-0.05752702187028507,0.13257677815117933,-0.03299999999999992,0.007278022980816365,-0.03615714573665741,0.06636140806106569,0.014428600000000055,0.005532693728822356,0,0,0,0,0,0,0,0
0.05760453375341764,-0.13231429157428343,1.034,-0.005532693728822033,0.0011339919567108154,0.003945656299591064,0,0,1,0,-0.05760453375341764,0.13231429157428343,-0.03400000000000003,0.005532693728822033,-0.032312286366304926,0.06890083385097193,0.00802298461538398,-0.002522672049613344,0,0,0,0,0,0,0,0
0.059153708245497476,-0.1315651307973531,1.036,-0.006021385919380393,0.02317508888244629,0.011365805625915527,0,0,1,0,-0.059153708245497476,0.1315651307973531,-0.03600000000000003,0.006021385919380393,-0.040801837489029484,0.06611426491369872,0.0011186388059701048,0.008209559906955138,0,0,0,0,0,0,0,0
0.058814532903902574,-0.13122510683793345,1.037,-0.0036302848441481773,-0.00511824893951416,0.005069632530212403,0,0,1,0,-0.058814532903902574,0.13122510683793345,-0.03699999999999992,0.0036302848441481773,-0.030692292950090176,0.06805142920117192,0.004977744444445108,-0.007755910752195706,0,0,0,0,0,0,0,0
0.06006871802908995,-0.13196010091832752,1.039,-0.0030543261909901065,0.018852676391601562,-0.01095654296875,0,0,1,0,-0.06006871802908995,0.13196010091832752,-0.038999999999999924,0.0030543261909901065,-0.03979565234759945,0.07423588282125147,-0.0017757611940298068,0.0004754068484912827,0,0,0,0,0,0,0,0
0.058978265480311265,-0.1310488159280894,1.04,-0.0018500490071139387,-0.016398462295532226,0.01361925220489502,0,0,1,0,-0.058978265480311265,0.1310488159280894,-0.040000000000000036,0.0018500490071139387,-0.026677799324494468,0.06496058537446388,0.0020644444444437833,-0.0038846042494392412,0,0,0,0,0,0,0,0
0.05860431713531507,-0.13147920680485034,1.045,-0.0006457718232378818,-0.005597271919250488,-0.006466229438781738,0,0,1,0,-0.05860431713531507,0.13147920680485034,-0.04499999999999993,0.0006457718232378818,-0.030604514311459968,0.07260762734115843,-0.023192151515150892,-0.004828215376198741,0,0,0,0,0,0,0,0
0.05796185293144736,-0.13229952547890902,1.045,0.0008901179185171215,-0.009629014968872071,-0.01231100082397461,0,0,1,0,-0.05796185293144736,0.13229952547890902,-0.04499999999999993,-0.0008901179185171215,-0.028897589296021025,0.07517290329006762,0.0030260000000000564,-0.007871434926494409,0,0,0,0,0,0,0,0
0.05822778720719297,-0.13203451980631598,1.045,0.0019198621771938118,0.003992550849914551,0.003971532821655273,0,0,1,0,-0.05822778720719297,0.13203451980631598,-0.04499999999999993,-0.0019198621771938118,-0.03392915742991294,0.06932547798777908,0.002738000000000053,-0.006746788389740797,0,0,0,0,0,0,0,0
0.056782239189573536,-0.13100095110413068,1.047,0.00356047167406848,-0.02165341567993164,0.015545130729675293,0,0,1,0,-0.056782239189573536,0.13100095110413068,-0.04699999999999993,-0.00356047167406848,-0.024005243711218784,0.06477772409205346,-0.009936730769230722,-0.011132515505797717,0,0,0,0,0,0,0,0
0.05800510899391708,-0.130679654839464,1.049,0.0027401669256311737,0.018360090255737305,0.004754103660583496,0,0,1,0,-0.05800510899391708,0.130679654839464,-0.04899999999999993,-0.0027401669256311737,-0.03902278559096032,0.06853733086046603,-0.011855230769230726,0.0010458549902333152,0,0,0,0,0,0,0,0
0.05598607772394929,-0.12894228986256134,1.049,0.0024085543677521163,-0.030213945388793944,0.02614336395263672,0,0,1,0,-0.05598607772394929,0.12894228986256134,-0.04899999999999993,-0.0024085543677521163,-0.020593270506359042,0.06012747548684698,-0.0014044999999999475,-0.0008780348698487746,0,0,0,0,0,0,0,0
0.0579113755128098,-0.127679620354012,1.048,0.0030019663134302514,0.02892500114440918,0.018870429992675783,0,0,1,0,-0.0579113755128098,0.127679620354012,-0.04800000000000004,-0.0030019663134302514,-0.04252395262337514,0.06234069351537828,0.004297780597014309,-0.005659034726914439,0,0,0,0,0,0,0,0
0.0561803581425012,-0.12758964446821286,1.047,0.001954768762233608,-0.025961091995239258,0.0014275789260864257,0,0,1,0,-0.0561803581425012,0.12758964446821286,-0.04699999999999993,-0.001954768762233608,-0.022316572645109126,0.0684901880486178,0.0049530153846160455,0.002878450704827824,0,0,0,0,0,0,0,0
0.05695293018441399,-0.1246748530454864,1.045,0.0005235987755983243,0.01167402458190918,0.04369913482666016,0,0,1,0,-0.05695293018441399,0.1246748530454864,-0.04499999999999993,-0.0005235987755983243,-0.0362851746587943,0.0516568041890868,0.011817900000000069,0.0061850105367545665,0,0,0,0,0,0,0,0
0.05750970368915905,-0.12230788181279084,1.048,-0.0015358897417550007,0.008370191574096679,0.03550019073486328,0,0,1,0,-0.05750970368915905,0.12230788181279084,-0.04800000000000004,0.0015358897417550007,-0.03537395054375069,0.05374785457443819,-0.017985446153846802,0.011041221360308807,0,0,0,0,0,0,0,0
0.05671725210539555,-0.11979672978736063,1.048,-0.002565634000431691,-0.011944612503051759,0.03764897918701172,0,0,1,0,-0.05671725210539555,0.11979672978736063,-0.04800000000000004,0.002565634000431691,-0.02774953279684518,0.05179378832135975,-0.002143600000000037,0.007318299809708722,0,0,0,0,0,0,0,0
0.056196199797423366,-0.11678636815891788,1.047,-0.0036302848441481773,-0.007931611061096192,0.045135223388671875,0,0,1,0,-0.056196199797423366,0.11678636815891788,-0.04699999999999993,0.0036302848441481773,-0.029151810056733,0.048620827641205316,0.0034045637681165645,0.008259201555958986,0,0,0,0,0,0,0,0
0.05471316024489459,-0.11403427784575029,1.044,-0.002652900463031347,-0.02239530944824219,0.04120032501220703,0,0,1,0,-0.05471316024489459,0.11403427784575029,-0.04400000000000004,0.002652900463031347,-0.022848669899745107,0.04729718374015786,0.017121566666666036,-0.002001310875620226,0,0,0,0,0,0,0,0
0.053762717181396205,-0.11227669270739608,1.041,-0.0032986722862692864,-0.014326536178588867,0.026325862884521486,0,0,1,0,-0.053762717181396205,0.11227669270739608,-0.040999999999999925,0.0032986722862692864,-0.025366188263322393,0.05201415423634963,0.019263266666667354,0.00637377620644995,0,0,0,0,0,0,0,0
0.0511754757790287,-0.11037950531050891,1.041,-0.0025830872929515337,-0.03890228271484375,0.028329639434814452,0,0,1,0,-0.0511754757790287,0.11037950531050891,-0.040999999999999925,0.0025830872929515337,-0.015454771004150743,0.05068604465132641,0.002330100000000064,-0.0007196126762073251,0,0,0,0,0,0,0,0
0.049970806667381455,-0.10801228373250728,1.04,-0.0010646508437164837,-0.01816169738769531,0.03546152877807617,0,0,1,0,-0.049970806667381455,0.10801228373250728,-0.040000000000000036,0.0010646508437164837,-0.02232953749961616,0.047041688563827684,0.00825471538461477,-0.005943517383522208,0,0,0,0,0,0,0,0
0.047938976260287286,-0.10660121280660197,1.043,-0.0009424777960769216,-0.03049997329711914,0.021133604049682616,0,0,1,0,-0.047938976260287286,0.10660121280660197,-0.04299999999999993,0.0009424777960769216,-0.01737495000712338,0.05189235459347788,-0.015263476470587609,0.00040347905649061795,0,0,0,0,0,0,0,0
0.0463232155389439,-0.10451400282261991,1.043,0.0002268928027592287,-0.024265907287597657,0.031285293579101564,0,0,1,0,-0.0463232155389439,0.10451400282261991,-0.04299999999999993,-0.0002268928027592287,-0.017932510786283842,0.04639377633669331,-0.00008889999999994042,-0.005885137635837374,0,0,0,0,0,0,0,0
0.04456587945320795,-0.10361397580614468,1.04,-0.00024434609527917766,-0.026356977462768556,0.013506385803222656,0,0,1,0,-0.04456587945320795,0.10361397580614468,-0.040000000000000036,0.00024434609527917766,-0.01688527958714,0.05302191451692394,0.017956190909090314,0.002386341086362843,0,0,0,0,0,0,0,0
0.04295954742714455,-0.10229826128003237,1.035,0.0011170107212764035,-0.024099802017211912,0.019729829788208007,0,0,1,0,-0.04295954742714455,0.10229826128003237,-0.03499999999999992,-0.0011170107212764035,-0.01677976365486091,0.050118804986547694,0.03274267692307762,-0.00740019602845601,0,0,0,0,0,0,0,0
0.04094292213323091,-0.10199844580078682,1.031,0.0014311699866353966,-0.03024433708190918,0.0045310182571411135,0,0,1,0,-0.04094292213323091,0.10199844580078682,-0.030999999999999917,-0.0014311699866353966,-0.013588792465020202,0.05550542187367022,0.030356561538461634,-0.002881135826753826,0,0,0,0,0,0,0,0
0.03843281318491317,-0.1004187468557156,1.028,0.0032463124087094303,-0.03761768341064453,0.023749345779418944,0,0,1,0,-0.03843281318491317,0.1004187468557156,-0.028000000000000025,-0.0032463124087094303,-0.011018242700199564,0.04872317284686597,0.025599833333332794,-0.010809405834017904,0,0,0,0,0,0,0,0
0.03780556069302619,-0.10030383010077332,1.027,0.003473205211468768,-0.009403141975402832,0.0017542860507965088,0,0,1,0,-0.03780556069302619,0.10030383010077332,-0.026999999999999913,-0.003473205211468768,-0.019330606637497343,0.05574663346985581,0.01738950491803351,-0.004589071454547477,0,0,0,0,0,0,0,0
0.03528747900176535,-0.09955738111828287,1.026,0.0027750735106709685,-0.037732109069824216,0.01132785415649414,0,0,1,0,-0.03528747900176535,0.09955738111828287,-0.026000000000000023,-0.0027750735106709685,-0.008134590946284903,0.052078139031385605,0.01766741538461478,0.0004470728007034898,1427121904345,0,0,0,0,0,0,0
0.03398916514099222,-0.09945784195748461,1.026,0.0019722220547535602,-0.019470489501953125,0.0015471253395080565,0,0,1,0,-0.03398916514099222,0.09945784195748461,-0.026000000000000023,-0.0019722220547535602,-0.014075507598943039,0.055576377626601385,0.012113799999999987,0.001733246203326785,1427121904345,0,0,0,0,0,0,0
0.03265498417836087,-0.09935760955946099,1.026,0.0007330382858375967,-0.02000971031188965,0.0015429525375366211,0,0,1,0,-0.03265498417836087,0.09935760955946099,-0.026000000000000023,-0.0007330382858375967,-0.013007794087375079,0.05556799016253128,0.011949999999999981,0.00516783680423842,1427121904345,0,0,0,0,0,0,0
0.03049257807482959,-0.09963844976993402,1.026,0.0006806784082777368,-0.032439170837402345,-0.004188825130462646,0,0,1,0,-0.03049257807482959,0.09963844976993402,-0.026000000000000023,-0.0006806784082777368,-0.008391020761428909,0.057758559246050334,0.011770599999999978,-0.0004530267667131284,1427121904345,0,0,0,0,0,0,0
0.028932521961931343,-0.1006614795369257,1.029,-0.0015533430342750103,-0.02341128158569336,-0.015329514503479004,0,0,1,0,-0.028932521961931343,0.1006614795369257,-0.028999999999999915,0.0015533430342750103,-0.00964622652410838,0.06277676876517124,-0.008019414754097672,0.012540333735354094,0,0,0,0,0,0,0,0
0.026862090870440735,-0.10200480157833457,1.03,-0.00019198621771937367,-0.031025129318237303,-0.02019804763793945,0,0,1,0,-0.026862090870440735,0.10200480157833457,-0.030000000000000027,0.00019198621771937367,-0.006431137860785897,0.06487816251220269,0.0028140846153839882,-0.006091199089460488,0,0,0,0,0,0,0,0
0.02450774841043989,-0.10422103078039317,1.031,-0.001117010721276344,-0.03530875396728515,-0.03325021743774414,0,0,1,0,-0.02450774841043989,0.10422103078039317,-0.030999999999999917,0.001117010721276344,-0.004301167875373631,0.07023093695291881,0.002040841176471222,0.005198001178145331,0,0,0,0,0,0,0,0
0.02217423956630368,-0.10493237514537182,1.031,0.000017453292519899535,-0.034990692138671876,-0.010709257125854492,0,0,1,0,-0.02217423956630368,0.10493237514537182,-0.030999999999999917,-0.000017453292519899535,-0.0027017182191090144,0.06307806892125681,0.006986400000000066,-0.005253441048502562,0,0,0,0,0,0,0,0
0.020314626438052694,-0.10587428890885332,1.031,0.001117010721276403,-0.02789444351196289,-0.014128219604492188,0,0,1,0,-0.020314626438052694,0.10587428890885332,-0.030999999999999917,-0.001117010721276403,-0.004488782159676583,0.06478358425283764,0.006781800000000067,-0.0061149990338059635,0,0,0,0,0,0,0,0
0.018139687932317218,-0.10709692504351624,1.032,0.0012740903539558718,-0.0326445426940918,-0.018303089141845703,0,0,1,0,-0.018139687932317218,0.10709692504351624,-0.03200000000000003,-0.0012740903539558718,-0.000996265622944895,0.0673682833626611,0.00013823870967676153,-0.002034153092727495,0,0,0,0,0,0,0,0
0.015756568593805715,-0.10754644621906807,1.03,0.0018675022996339514,-0.03575535202026367,-0.006697267532348633,0,0,1,0,-0.015756568593805715,0.10754644621906807,-0.030000000000000027,-0.0018675022996339514,0.000739354668838418,0.06318146959851745,0.017957630769230758,-0.00460632666430201,0,0,0,0,0,0,0,0
0.013847699759733916,-0.10851956470736154,1.029,0.002286381320112609,-0.028660242080688476,-0.014543279647827149,0,0,1,0,-0.013847699759733916,0.10851956470736154,-0.028999999999999915,-0.002286381320112609,-0.0008688684813371473,0.06655793670525588,0.013184515384616059,-0.004219669106937182,0,0,0,0,0,0,0,0
0.012062413381012875,-0.10893858475916961,1.027,0.0020071286397934664,-0.026793596267700195,-0.006224056720733642,0,0,1,0,-0.012062413381012875,0.10893858475916961,-0.026999999999999913,-0.0020071286397934664,-0.0006495098510245195,0.06385464984556272,0.019993630769230848,-0.0007182701152435786,0,0,0,0,0,0,0,0
0.011894717348739455,-0.10836532495401392,1.027,0.0025307274153917882,-0.0024981763362884523,0.008603928565979004,0,0,1,0,-0.011894717348739455,0.10836532495401392,-0.026999999999999913,-0.0025307274153917882,-0.009310687747127561,0.05838972212007469,0.009043500000000072,-0.004875199544936513,0,0,0,0,0,0,0,0
0.0103436987567422,-0.10723277611513998,1.028,0.002652900463031406,-0.023222211837768555,0.017047056198120115,0,0,1,0,-0.0103436987567422,0.10723277611513998,-0.028000000000000025,-0.002652900463031406,-0.0008009490749948875,0.054593707129047486,0.0025115444444438065,-0.0032346768803629185,0,0,0,0,0,0,0,0
0.009731697292361048,-0.10664408885905294,1.028,0.0024783675378319283,-0.009156563758850097,0.008854631423950196,0,0,1,0,-0.009731697292361048,0.10664408885905294,-0.028000000000000025,-0.0024783675378319283,-0.005872678907445399,0.05753986023535769,0.007882299999999981,-0.0016850360596524848,0,0,0,0,0,0,0,0
0.007719990649343371,-0.10543621777902364,1.028,0.0024783675378319283,-0.030130603790283202,0.01819279670715332,0,0,1,0,-0.007719990649343371,0.10543621777902364,-0.028000000000000025,-0.0024783675378319283,0.002884292012938605,0.05351968526384873,0.00770309999999998,-0.0024783675378319283,0,0,0,0,0,0,0,0
0.006097285276165566,-0.10310411929692553,1.029,0.0007853981633974562,-0.024253808975219726,0.03504169464111328,0,0,1,0,-0.006097285276165566,0.10310411929692553,-0.028999999999999915,-0.0007853981633974562,0.0014278050772063376,0.0464687453041093,0.0013299846153852794,0.007028306641684721,0,0,0,0,0,0,0,0
0.004609085831181518,-0.10191397852931404,1.032,0.0006632251157578941,-0.022308963775634766,0.017869638442993163,0,0,1,0,-0.004609085831181518,0.10191397852931404,-0.03200000000000003,-0.0006632251157578941,0.0007671824787514273,0.052636596102259,-0.01070133239436678,-0.0001470009708019976,0,0,0,0,0,0,0,0
0.004736605160972807,-0.10004058358132041,1.033,-0.0009948376736367824,0.001931426763534546,0.028099649429321288,0,0,1,0,-0.004736605160972807,0.10004058358132041,-0.03299999999999992,0.0009948376736367824,-0.0073794763534611105,0.04669867688972546,-0.0027439333333326224,0.009285151620610164,0,0,0,0,0,0,0,0
0.0033498509426169074,-0.09671895901567547,1.037,-0.0004188790204786007,-0.02085087013244629,0.04980364990234375,0,0,1,0,-0.0033498509426169074,0.09671895901567547,-0.03699999999999992,0.0004188790204786007,0.0015227242085594445,0.03814319838880453,-0.021889561538461486,-0.002239391686405315,1427121905645,0,0,0,0,0,0,0
0.00286262665885608,-0.09336012782227143,1.038,-0.0017453292519943307,-0.0073294677734375,0.05037940216064453,0,0,1,0,-0.00286262665885608,0.09336012782227143,-0.038000000000000034,0.0017453292519943307,-0.0030791470816310925,0.03632412349494572,-0.006782715384616011,0.007867407243605391,1427121905645,0,0,0,0,0,0,0
0.0014846346105101694,-0.08954293678803629,1.04,-0.002548180707911739,-0.02076978302001953,0.05722170257568359,0,0,1,0,-0.0014846346105101694,0.08954293678803629,-0.040000000000000036,0.002548180707911739,0.0024053257393493255,0.03200563943611135,-0.014027330769230802,0.006253648965992084,1427121905645,0,0,0,0,0,0,0
0.0007383156286427762,-0.08668022938416517,1.047,-0.004206243497306304,-0.011304168701171876,0.04291194534301758,0,0,1,0,-0.0007383156286427762,0.08668022938416517,-0.04699999999999993,0.004206243497306304,-0.0006233111866829977,0.03577015512369713,-0.04685590769230706,0.01185884098681968,1427121905645,0,0,0,0,0,0,0
-0.0015759939403867198,-0.0825888912875676,1.046,-0.005497787143782127,-0.03497247314453125,0.0612235107421875,0,0,1,0,0.0015759939403867198,0.0825888912875676,-0.04600000000000004,0.005497787143782127,0.008605935695317311,0.02782173726245385,-0.0034479194029856785,0.011280818396658948,1427121905645,0,0,0,0,0,0,0
-0.0027378598440834356,-0.0805316811155992,1.049,-0.007260569688296413,-0.017597375869750978,0.030761871337890625,0,0,1,-0.005497787143782127,0.0027378598440834356,0.0805316811155992,-0.04899999999999993,0.0017627825445142853,0.0013689299220417178,0.0402658405577996,-0.03919999999999995,0.0017627825445142853,1427121905645,0,0,0,0,0,0,0
-0.004837378176080357,-0.07882677749034774,1.053,-0.010367255756846326,-0.031677621841430664,0.025344226837158205,0,0,1,-0.005497787143782127,0.004837378176080357,0.07882677749034774,-0.052999999999999936,0.004869468613064198,0.013726932094607281,0.030284375860726992,-0.0642829615384615,0.01920801969867918,1427121906035,0,0,0,0,0,0,0
-0.006456950546533116,-0.07667907503968696,1.054,-0.01312487597499734,-0.02462626075744629,0.031961952209472656,0,0,1,-0.005497787143782127,0.006456950546533116,0.07667907503968696,-0.05400000000000005,0.007627088831215212,0.011956590889374192,0.026876064666583835,-0.04928011538461603,0.020354566761142966,1427121906100,0,0,0,0,0,0,0
-0.00835460309990571,-0.07575232785246375,1.053,-0.014800392056911858,-0.02864478302001953,0.013526424407958985,0,0,1,-0.005497787143782127,0.00835460309990571,0.07575232785246375,-0.052999999999999936,0.00930260491312973,0.01425346589682619,0.033112670849666216,-0.03814226969696906,0.016918587103650268,1427121906166,0,0,0,0,0,0,0
-0.009543340870223436,-0.07506031701692566,1.05,-0.014643312424232445,-0.017982738494873047,0.010115128517150879,0,0,1,-0.005497787143782127,0.009543340870223436,0.07506031701692566,-0.050000000000000044,0.009145525280450317,0.01100074399851195,0.0341165422846998,-0.025708658208955827,0.008442183641587274,1427121906233,0,0,0,0,0,0,0
-0.01029122691591225,-0.07530892946726361,1.048,-0.016790067404185427,-0.011162482261657714,-0.0038930540084838867,0,0,1,-0.005497787143782127,0.01029122691591225,0.07530892946726361,-0.04800000000000004,0.0112922802604033,0.009326268797060798,0.039284455391779986,-0.02897158888888892,0.021514923022084166,1427121906296,0,0,0,0,0,0,0
-0.010154688446327458,-0.07611931203275692,1.043,-0.01764527873766264,0.0022518744468688966,-0.01211963939666748,0,0,1,-0.005497787143782127,0.010154688446327458,0.07611931203275692,-0.04299999999999993,0.012147491593880512,0.0043744704897914445,0.042721542377271944,-0.009439123076922396,0.0160946208253138,1427121906361,0,0,0,0,0,0,0
-0.009020560082759815,-0.0780673036656889,1.043,-0.019198621771937655,0.017524843215942384,-0.0289151611328125,0,0,1,-0.005497787143782127,0.009020560082759815,0.0780673036656889,-0.04299999999999993,0.013700834628155528,-0.0015583682186154748,0.04987186922732889,-0.036641699999999944,0.020870110170963293,1427121906426,0,0,0,0,0,0,0
-0.009459963619759357,-0.0786574232037002,1.04,-0.020018926520375017,-0.006419906616210938,-0.008976693153381348,0,0,1,-0.005497787143782127,0.009459963619759357,0.0786574232037002,-0.040000000000000036,0.01452113937659289,0.007140346606214287,0.04290643734876714,-0.018347853846154463,0.018307161292457637,1427121906491,0,0,0,0,0,0,0
-0.00742028258205006,-0.08067671033928678,1.038,-0.02206096174520828,0.031195404052734375,-0.029670795440673827,0,0,1,-0.005497787143782127,0.00742028258205006,0.08067671033928678,-0.038000000000000034,0.016563174601426152,-0.0067388254481939745,0.05118676400491369,-0.022865982352941194,0.025572153534514072,1427121906559,0,0,0,0,0,0,0
-0.005272963425579533,-0.0820243913535905,1.033,-0.021380283336930546,0.03264788055419922,-0.019499774932861327,0,0,1,-0.005497787143782127,0.005272963425579533,0.0820243913535905,-0.03299999999999992,0.015882496193148417,-0.009432820486853677,0.04912594665989454,-0.0011388935483863868,0.012588890991804538,1427121906621,0,0,0,0,0,0,0
-0.00213064752082162,-0.08320158645580834,1.032,-0.023125612588924822,0.04750146865844727,-0.01664621353149414,0,0,1,-0.005497787143782127,0.00213064752082162,0.08320158645580834,-0.03200000000000003,0.017627825445142693,-0.015800793102349612,0.048499491406645695,-0.023388084615385236,0.025683191223577817,1427121906686,0,0,0,0,0,0,0
0.0003828090915126021,-0.08403495107201048,1.033,-0.022863813201125745,0.0379808235168457,-0.011625326156616211,0,0,1,-0.005497787143782127,-0.0003828090915126021,0.08403495107201048,-0.03299999999999992,0.017366026057343616,-0.013466548078996318,0.04705225173755138,-0.035093530303029655,0.01617602884007508,1427121906752,0,0,0,0,0,0,0
0.005559684647127018,-0.08500374972832982,1.03,-0.022532200643246743,0.07796506500244141,-0.01275288963317871,0,0,1,-0.005497787143782127,-0.005559684647127018,0.08500374972832982,-0.030000000000000027,0.017034413499464614,-0.029773154033091845,0.04823513426799662,-0.01191985820895581,0.015549581150752665,1427121906819,0,0,0,0,0,0,0
0.00717236537677204,-0.085572538193942,1.032,-0.02345722514680382,0.02437629508972168,-0.007984648704528809,0,0,1,-0.005497787143782127,-0.00717236537677204,0.085572538193942,-0.03200000000000003,0.017959438003021695,-0.012360052683866689,0.04662396834340276,-0.04033380000000003,0.022295490363445514,1427121906883,0,0,0,0,0,0,0
0.011617930280715593,-0.08580418504785117,1.03,-0.023247785636564496,0.06674662780761718,-0.0019096810817718507,0,0,1,-0.005497787143782127,-0.011617930280715593,0.08580418504785117,-0.030000000000000027,0.017749998492782366,-0.029708696225355394,0.04493233178267886,-0.017222069230769244,0.01678335459937008,1427121906948,0,0,0,0,0,0,0
0.014955591022045625,-0.08527972513782058,1.027,-0.022898719786165596,0.04986851119995117,0.009028566360473634,0,0,1,-0.005497787143782127,-0.014955591022045625,0.08527972513782058,-0.026999999999999913,0.017400932642383467,-0.02570227317834245,0.040609211505414876,-0.009357849999999307,0.015764686468638624,1427121907012,0,0,0,0,0,0,0
0.016571724109715698,-0.08440714656799816,1.03,-0.022078415037728234,0.02393595314025879,0.01364030933380127,0,0,1,-0.005497787143782127,-0.016571724109715698,0.08440714656799816,-0.030000000000000027,0.016580627893946105,-0.016838847618585617,0.03846946047267529,-0.04427119090909153,0.012851969946503554,1427121907078,0,0,0,0,0,0,0
0.020086811960261915,-0.08462079775395367,1.027,-0.022706733568446276,0.05278421783447266,-0.002039967775344849,0,0,1,-0.005497787143782127,-0.020086811960261915,0.08462079775395367,-0.026999999999999913,0.017208946424664147,-0.029261981048543592,0.04442615889695285,-0.009728649999999308,0.020154189537404967,1427121907142,0,0,0,0,0,0,0
0.021130872254649262,-0.083248590630864,1.028,-0.022462387473167037,0.015189532279968262,0.020933378219604493,0,0,1,-0.005497787143782127,-0.021130872254649262,0.083248590630864,-0.028000000000000025,0.01696460032938491,-0.016029078511437013,0.035459180802542664,-0.03234638059701553,0.01587051333559729,1427121907209,0,0,0,0,0,0,0
0.02388093924840032,-0.08170514482296912,1.032,-0.022846359908605788,0.04072060012817383,0.024072364807128908,0,0,1,-0.005497787143782127,-0.02388093924840032,0.08170514482296912,-0.03200000000000003,0.017348572764823662,-0.027243260651358944,0.0333324793724782,-0.05274632222222227,0.01917701293357962,1427121907272,0,0,0,0,0,0,0
0.025256537388827383,-0.08075879008183173,1.029,-0.022619467105846506,0.020304304122924804,0.014662986755371093,0,0,1,-0.005497787143782127,-0.025256537388827383,0.08075879008183173,-0.028999999999999915,0.01712167996206438,-0.019964417694442273,0.0364687538664449,-0.01240640909090842,0.01609034904043128,1427121907338,0,0,0,0,0,0,0
0.02706534849028395,-0.08111820438692247,1.022,-0.02247984076568699,0.027247161865234376,-0.004776172637939453,0,0,1,-0.005497787143782127,-0.02706534849028395,0.08111820438692247,-0.02200000000000002,0.016982053621904865,-0.023184027835179095,0.043626531854792316,0.01426051212121155,0.016347388439361614,1427121907404,0,0,0,0,0,0,0
0.028351829369007056,-0.08189234039498113,1.017,-0.02206096174520828,0.01955335235595703,-0.011175344467163086,0,0,1,-0.005497787143782127,-0.028351829369007056,0.08189234039498113,-0.016999999999999904,0.016563174601426152,-0.02118072161173468,0.04632926958761705,0.007951876923077621,0.014629886814601322,1427121907469,0,0,0,0,0,0,0
0.02860815894750085,-0.08200482108675412,1.02,-0.023387411976724008,0.0038812265396118164,-0.0016019835472106934,0,0,1,-0.005497787143782127,-0.02860815894750085,0.08200482108675412,-0.020000000000000018,0.017889624832941882,-0.015801793273509952,0.04288469714335526,-0.03790545000000063,0.024107360293171867,1427121907533,0,0,0,0,0,0,0
0.030276611552431124,-0.08285312563488431,1.018,-0.02312561258892482,0.02531751251220703,-0.01213582992553711,0,0,1,-0.005497787143782127,-0.030276611552431124,0.08285312563488431,-0.018000000000000016,0.017627825445142693,-0.02423787255610539,0.04731536888665046,-0.009246969230769234,0.016419520578377207,1427121907598,0,0,0,0,0,0,0
0.030954810200657597,-0.08425639761648637,1.014,-0.023195425759004632,0.010656989097595215,-0.020808216094970702,0,0,1,-0.005497787143782127,-0.030954810200657597,0.08425639761648637,-0.014000000000000012,0.017697638615222507,-0.019264955816905523,0.051060057716135365,0.004631261538461544,0.018019853246360105,1427121907663,0,0,0,0,0,0,0
0.032210768782160136,-0.0854272031750219,1.012,-0.022235494670407703,0.019241634368896483,-0.017120410919189453,0,0,1,-0.005497787143782127,-0.032210768782160136,0.0854272031750219,-0.01200000000000001,0.016737707526625574,-0.02013382969782641,0.04778134607527652,-0.00930364912280702,0.014211573082949435,1427121907777,0,0,0,0,0,0,0
0.031763516987446956,-0.086108351071917,1.016,-0.021973695282608625,-0.006479952335357666,-0.010363853454589844,0,0,1,-0.005497787143782127,-0.031763516987446956,0.086108351071917,-0.016000000000000014,0.016475908138826496,-0.0062756397650134185,0.05944122913528769,-0.10616960000000009,0.01156716961759379,1427121907793,0,0,0,0,0,0,0
0.03325653268889584,-0.08638882513608188,1.012,-0.020943951023931935,0.022482267379760744,-0.0037140288352966308,0,0,1,-0.005497787143782127,-0.03325653268889584,0.08638882513608188,-0.01200000000000001,0.015446163880149808,-0.024189329319735955,0.04612531061480152,0.004163509859154941,0.011095131801234222,1427121907864,0,0,0,0,0,0,0
0.034071549562440934,-0.087751627780052,1.012,-0.021135937241651363,0.012650677680969238,-0.020181529998779296,0,0,1,-0.005497787143782127,-0.034071549562440934,0.087751627780052,-0.01200000000000001,0.015638150097869237,-0.0220116092254875,0.053426426377115324,-0.01562680000000001,0.016598081186466385,1427121907924,0,0,0,0,0,0,0
0.033811177928934295,-0.08906406479383552,1.009,-0.02120575041173112,-0.0034886393547058107,-0.019764699935913087,3,0,1,0,2.9661888220710657,0.08906406479383552,-0.008999999999999897,0.02120575041173112,1.4830944110355329,0.04453203239691776,-0.007199999999999918,0.02120575041173112,0,0,0,0,0,0,0,0
0.033924125916042734,-0.08796222287409167,1.008,-0.022741640153486124,0.0013433843851089478,0.016559837341308593,3,0,1,0,2.9660758740839572,0.08796222287409167,-0.008000000000000007,0.022741640153486124,1.4843965805205714,0.03819606541459198,-0.001149769696970289,0.02972295716146341,0,0,0,0,0,0,0,0
0.03316420786414666,-0.08901334779840879,1.006,-0.023247785636564496,-0.0110372896194458,-0.016022001266479492,3,0,1,0,2.9668357921358535,0.08901334779840879,-0.006000000000000005,0.023247785636564496,1.4914300828980966,0.05037003693875154,0.0060463000000000044,0.025620342588494365,0,0,0,0,0,0,0,0
0.03407638017028559,-0.08899351331050998,1.002,-0.023911010752322333,0.013671971321105958,0.0006154980659484863,3,0,1,0,2.9659236198297143,0.08899351331050998,-0.0020000000000000018,0.023911010752322333,1.4840402845128309,0.04456779292237456,0.019190922388059715,0.026880675449745484,0,0,0,0,0,0,0,0
0.03872370000842265,-0.09026919415695822,0.996,-0.026563911215353737,0.07014736938476562,-0.017463069915771484,3,0,1,0,2.961276299991577,0.09026919415695822,0.0040000000000000036,0.026563911215353737,1.462528864328725,0.052453231748005286,0.03645393333333336,0.03919677056312233,0,0,0,0,0,0,0,0
0.04631179730207095,-0.09175552289589929,0.989,-0.028326693759868023,0.11437347412109375,-0.019263877868652343,3,0,1,0,2.953688202697929,0.09175552289589929,0.01100000000000001,0.028326693759868023,1.446262783550331,0.05405188529185506,0.04591441212121216,0.03633934168947841,0,0,0,0,0,0,0,0
0.06469982876812146,-0.09331138749164669,0.987,-0.029164451800825227,0.2763708190917969,-0.015516569137573242,3,0,1,0,2.9353001712318787,0.09331138749164669,0.013000000000000012,0.029164451800825227,1.3817336877433355,0.055260153861264386,0.02108506060606062,0.032972442896085245,0,0,0,0,0,0,0,0
0.0870479858306114,-0.09258264729091979,0.984,-0.02886774582798619,0.33476104736328127,0.020701644897460937,3,0,1,0,2.9129520141693885,0.09258264729091979,0.016000000000000014,0.02886774582798619,1.3477197026432062,0.04271894158378145,0.02938765000000003,0.02747693658030321,0,0,0,0,0,0,0,0
0.12170637762027384,-0.09479923272177378,0.984,-0.02731440279371129,0.5206189575195312,-0.018229368209838868,3,0,1,0,2.878293622379726,0.09479923272177378,0.016000000000000014,0.02731440279371129,1.2678557719017716,0.0598096117854935,0.013085400000000013,0.020145127250904053,0,0,0,0,0,0,0,0
0.15819403414982772,-0.09474730071040656,0.988,-0.026720990848033154,0.5470894165039063,0.015726408958435058,3,0,1,0,2.841805965850172,0.09474730071040656,0.01200000000000001,0.026720990848033154,1.2385109374457839,0.0476248208528094,-0.01191280000000001,0.023939372352666896,0,0,0,0,0,0,0,0
0.20609298979956422,-0.09185641488890658,0.983,-0.023806290997202616,0.7170692749023437,0.06254413604736328,3,0,1,0,2.793907010200436,0.09185641488890658,0.017000000000000015,0.023806290997202616,1.1619376965995905,0.031193551249035546,0.04058955151515155,0.010557655311609264,0,0,0,0,0,0,0,0
0.2586042828101866,-0.08940984951458808,0.983,-0.021694442602289542,0.7865726318359375,0.05543779754638672,3,0,1,0,2.7413957171898136,0.08940984951458808,0.017000000000000015,0.021694442602289542,1.1172156738364964,0.03258006288683509,0.014188300000000013,0.012238405013126525,0,0,0,0,0,0,0,0
0.3186705843430641,-0.08393893809222183,0.982,-0.019617500792416264,0.8990023193359375,0.10158940124511719,3,0,1,0,2.681329415656936,0.08393893809222183,0.018000000000000016,0.019617500792416264,1.0294828101016231,0.012284101748401902,0.020657255555555573,0.009727301697781606,0,0,0,0,0,0,0,0
0.3852238758937448,-0.07726180012311508,0.982,-0.017924531417981796,0.996142578125,0.11972068023681641,3,0,1,0,2.614776124106255,0.07726180012311508,0.018000000000000016,0.017924531417981796,0.9732435664090171,0.003435885446755965,0.015218700000000014,0.010110826612899634,0,0,0,0,0,0,0,0
0.4560810040629484,-0.06854775828329639,0.982,-0.01616174887346751,1.0603433837890626,0.14973982238769531,3,0,1,0,2.5439189959370516,0.06854775828329639,0.018000000000000016,0.01616174887346751,0.9162940448028065,-0.01184452334948738,0.015335700000000015,0.008025829437247733,0,0,0,0,0,0,0,0
0.5301896634830804,-0.05821033021159989,0.979,-0.014381513036433327,1.108978759765625,0.17300627136230468,3,0,1,0,2.4698103365169195,0.05821033021159989,0.02100000000000002,0.014381513036433327,0.863336846614168,-0.025716711150040115,0.03402604615384618,0.006165039942429406,0,0,0,0,0,0,0,0
0.6131772669522748,-0.0492533872245063,0.979,-0.012950343049797988,1.242753173828125,0.152241943359375,3,0,1,0,2.386822733047725,0.0492533872245063,0.02100000000000002,0.012950343049797988,0.7755847809303325,-0.022729786717106088,0.018008700000000016,0.00634494311148104,0,0,0,0,0,0,0,0
0.7041805298975771,-0.03658177954048901,0.977,-0.01185078562104154,1.3624730224609376,0.20773553466796876,3,0,1,0,2.295819470102423,0.03658177954048901,0.02300000000000002,0.01185078562104154,0.7030874953102235,-0.04700635327291872,0.030210561194029876,0.006927394148997744,0,0,0,0,0,0,0,0
0.8018233157583524,-0.021538413567513126,0.976,-0.010541788682045763,1.4618648681640625,0.24299139404296874,3,0,1,0,2.1981766842416475,0.021538413567513126,0.02400000000000002,0.010541788682045763,0.5970791298466451,-0.07058769382591218,0.026185150000000025,0.00440586553050306,0,0,0,0,0,0,0,0
0.9060907399157189,-0.0060760628158235165,0.976,-0.010419615634406201,1.5614794921875,0.2484095458984375,3,0,1,0,2.0939092600842812,0.0060760628158235165,0.02400000000000002,0.010419615634406201,0.5805456491001292,-0.0701805844097014,0.02089160000000002,0.00991753461670937,0,0,0,0,0,0,0,0
1.0112434235665875,0.00988326927089687,0.975,-0.007452555906015748,1.5747103271484375,0.2558114471435547,3,0,1,0,1.9887565764334125,-0.00988326927089687,0.025000000000000022,0.007452555906015748,0.3833408328322646,-0.1020272242961418,0.027974450877193007,-0.008163547927618215,0,0,0,0,0,0,0,0
1.1349737938002276,0.029876111496047533,0.973,-0.006894050545377575,1.8536690673828125,0.3137157897949219,3,0,1,0,1.8650262061997724,-0.029876111496047533,0.027000000000000024,0.006894050545377575,0.30212183294006656,-0.12170093193081628,0.0343788307692308,0.004316333496278316,0,0,0,0,0,0,0,0
1.2641079273658076,0.048740002210154454,0.972,-0.00802851455917393,1.9350152587890626,0.29630538940429685,3,0,1,0,1.7358920726341924,-0.048740002210154454,0.028000000000000025,0.00802851455917393,0.22013868657559765,-0.12354706395155504,0.02989743030303033,0.013185169167339177,0,0,0,0,0,0,0,0
1.3993512104083858,0.0700348006615521,0.966,-0.008744099552491572,2.0260194091796877,0.33569854736328125,3,0,1,0,1.6006487895916142,-0.0700348006615521,0.03400000000000003,0.008744099552491572,0.12117646845317542,-0.14713186354041402,0.06143698181818187,0.011996758613026307,0,0,0,0,0,0,0,0
1.5346943542408091,0.08806776572665378,0.963,-0.011728612573401867,2.027704345703125,0.2882357177734375,3,0,1,0,1.4653056457591909,-0.08806776572665378,0.03700000000000003,0.011728612573401867,0.019720912725315065,-0.1434600065312531,0.04891856666666672,0.02594057933964137,0,0,0,0,0,0,0,0
1.6669552200755475,0.10411808177265533,0.958,-0.012932889757277924,1.980952880859375,0.2640061950683594,3,0,1,0,1.3330447799244525,-0.10411808177265533,0.04200000000000004,0.012932889757277924,0.0049932645606268755,-0.1364860556028186,0.06304425151515157,0.018406876956714547,0,0,0,0,0,0,0,0
1.798001038835684,0.11497580654530598,0.954,-0.015009831567151204,1.9634166259765624,0.1882735595703125,3,0,1,0,1.201998961164316,-0.11497580654530598,0.04600000000000004,0.015009831567151204,-0.07503380740214927,-0.11625137249060646,0.06189850000000006,0.024745496300932205,0,0,0,0,0,0,0,0
1.9327499732024198,0.12202596334862177,0.955,-0.013753194505715285,2.0194190673828123,0.13607768249511717,3,0,1,0,1.0672500267975802,-0.12202596334862177,0.04500000000000004,0.013753194505715285,-0.13962475047117628,-0.0978660008467401,0.034217469696969725,0.008041207862824747,0,0,0,0,0,0,0,0
2.0635711761357545,0.12579776466275006,0.956,-0.012810716709638417,1.9613543701171876,0.0835589599609375,3,0,1,0,0.9364288238642455,-0.12579776466275006,0.04400000000000004,0.012810716709638417,-0.1835884301006021,-0.08244970952521459,0.033707869696969726,0.008526726727470835,0,0,0,0,0,0,0,0
2.1890321472086813,0.12647565677682943,0.958,-0.011815879036001634,1.8816298828125,0.03427556228637695,3,0,1,0,0.8109678527913187,-0.12647565677682943,0.04200000000000004,0.011815879036001634,-0.20741989621185825,-0.06641264506807158,0.02724453880597018,0.007361381989866782,0,0,0,0,0,0,0,0
2.3079195734549307,0.12426623623110328,0.963,-0.008936085770210949,1.7835784912109376,-0.012068093299865723,3,0,1,0,0.6920804265450693,-0.12426623623110328,0.03700000000000003,0.008936085770210949,-0.2821800835514193,-0.0493712170612865,0.0056958935483871105,-0.004998397773937527,0,0,0,0,0,0,0,0
2.4184932210323047,0.11940610101049332,0.972,-0.004468042885105454,1.65918994140625,-0.058077880859375,3,0,1,0,0.5815067789676953,-0.11940610101049332,0.028000000000000025,0.004468042885105454,-0.26134679526053717,-0.033321339875207495,-0.021557838461538473,-0.01615369350768913,0,0,0,0,0,0,0,0
2.5199010144256153,0.11278948435995456,0.983,-0.0026878070480712713,1.521545166015625,-0.09245186614990235,3,0,1,0,0.4800989855743847,-0.11278948435995456,0.017000000000000015,0.0026878070480712713,-0.25410586407670827,-0.021169312888481305,-0.040117433333333355,-0.005404174029356832,0,0,0,0,0,0,0,0
2.6110935934322534,0.10492527979173026,0.998,-0.0017453292519943476,1.3682008056640624,-0.11428602600097656,3,0,1,0,0.38890640656774655,-0.10492527979173026,0.0020000000000000018,0.0017453292519943476,-0.23805212902399206,-0.011313963488268429,-0.07212890895522393,-0.0024747205811859073,0,0,0,0,0,0,0,0
2.6913603895162983,0.09654576929021,1.017,-0.0023387411976723716,1.204219482421875,-0.1235910873413086,3,0,1,0,0.3086396104837017,-0.09654576929021,-0.016999999999999904,0.0023387411976723716,-0.23381159232260632,-0.0031481874804178203,-0.1113888923076917,0.0050775655623401745,0,0,0,0,0,0,0,0
2.788623816540783,0.0903075240585496,1.031,-0.0036477381366681483,1.459166259765625,-0.09016131591796875,3,0,1,0,0.21137618345921716,-0.0903075240585496,-0.030999999999999917,0.0036477381366681483,-0.3991741607359054,-0.009989596190227372,-0.09950565806451614,0.009981594293099326,0,0,0,0,0,0,0,0
2.8679464169737297,0.0855918823333051,1.05,-0.00598647933434056,1.190089111328125,-0.0663939437866211,3,0,1,0,0.13205358302627035,-0.0855918823333051,-0.050000000000000044,0.00598647933434056,-0.3168035875596207,-0.01751139357034475,-0.13830609230769303,0.016780669477443996,0,0,0,0,0,0,0,0
2.9356192832538572,0.0831494351921013,1.063,-0.008307767239493018,1.0152941284179688,-0.030559253692626954,3,0,1,0,0.06438071674614276,-0.0831494351921013,-0.06299999999999994,0.008307767239493018,-0.27699016408566435,-0.028978744873238205,-0.11473094776119344,0.018701593680474173,1427121910399,0,0,0,0,0,0,0
2.9931385472466174,0.08105582879961899,1.075,-0.010262536001726679,0.8630200805664062,-0.02423524475097656,3,0,1,0,0.006861452753382569,-0.08105582879961899,-0.07499999999999996,0.010262536001726679,-0.2667889066075455,-0.029293459678710283,-0.12252550000000002,0.01942551457469696,1427121910399,0,0,0,0,0,0,0
3.040438870623898,0.0797189673367842,1.08,-0.01202531854624091,0.7096732788085938,-0.01277067470550537,3,0,1,0,-0.04043887062389784,-0.0797189673367842,-0.08000000000000007,0.01202531854624091,-0.2306009275562708,-0.032927771435069766,-0.0883435769230776,0.020161237982460438,1427121910399,0,0,0,0,0,0,0
3.0729625201340642,0.08165556894747938,1.081,-0.015166911199830675,0.48747015380859376,0.03491339111328125,3,0,1,0,-0.07296252013406423,-0.08165556894747938,-0.08099999999999996,0.015166911199830675,-0.16734347251113488,-0.051575487986933094,-0.06813161538461476,0.0296665696010142,1427121910399,0,0,0,0,0,0,0
3.0960444904631275,0.08475316225228668,1.084,-0.017348572764823617,0.34548504638671873,0.05170958709716797,3,0,1,0,-0.09604449046312746,-0.08475316225228668,-0.08400000000000007,0.017348572764823617,-0.12810707561929663,-0.059430867932327505,-0.08184684615384683,0.027417779987867968,1427121910399,0,0,0,0,0,0,0
3.1108687561171537,0.08861126780465006,1.078,-0.020245819323134257,0.2213265838623047,0.06172037887573242,3,0,1,-0.017348572764823617,-0.11086875611715374,-0.08861126780465006,-0.07800000000000007,0.00289724655831064,-0.05543437805857687,-0.04430563390232503,-0.06240000000000006,0.00289724655831064,0,0,0,0,0,0,0,0
3.114765893577943,0.09151321314897387,1.069,-0.025429447201557393,0.057563858032226564,0.04470368957519531,3,0,1,-0.017348572764823617,-0.11476589357794298,-0.09151321314897387,-0.06899999999999995,0.008080874436733776,-0.0787688674495525,-0.06168518863267311,-0.006422849999999314,0.03237913011684222,0,0,0,0,0,0,0,0
3.1130996608433374,0.09583846283724311,1.059,-0.030002209841782552,-0.026635063171386718,0.0642222671508789,3,0,1,-0.017348572764823617,-0.11309966084333745,-0.09583846283724311,-0.05899999999999994,0.012653637076958935,-0.04772477295600006,-0.07132990088963853,0.005821053846153924,0.033758695416459664,0,0,0,0,0,0,0,0
3.108365639812266,0.1023600687311289,1.048,-0.0334230551756914,-0.07391285705566407,0.09564991760253906,3,0,1,-0.017348572764823617,-0.10836563981226588,-0.1023600687311289,-0.04800000000000004,0.016074482410867782,-0.02890934004844822,-0.08648377129611506,0.019693669230768637,0.03186299933660092,0,0,0,0,0,0,0,0
3.098095659565427,0.10897332766066972,1.035,-0.035273104182805395,-0.15727857971191406,0.09399562835693359,3,0,1,-0.017348572764823617,-0.09809565956542698,-0.10897332766066972,-0.03499999999999992,0.017924531417981778,0.0059708990580777666,-0.09035474976969962,0.04063540000000071,0.0264632191431233,0,0,0,0,0,0,0,0
3.086206257659396,0.11520424614067615,1.025,-0.036075955638722804,-0.18152616882324218,0.08711630249023437,3,0,1,-0.017348572764823617,-0.08620625765939582,-0.11520424614067615,-0.02499999999999991,0.018727382873899186,0.018666764108665183,-0.09048711422945385,0.030706705970149364,0.022322240139201015,0,0,0,0,0,0,0,0
3.072837990542875,0.12119330214998598,1.014,-0.03614576880880262,-0.20363374328613282,0.08254486083984375,3,0,1,-0.017348572764823617,-0.0728379905428751,-0.12119330214998598,-0.014000000000000012,0.018797196043979,0.03630317621942239,-0.09376228184911062,0.047334549999999434,0.019124445278728124,0,0,0,0,0,0,0,0
3.0563103342044142,0.12721703962115125,1.002,-0.03499385150248631,-0.2510181884765625,0.08133792114257812,3,0,1,-0.017348572764823617,-0.056310334204414225,-0.12721703962115125,-0.0020000000000000018,0.01764527873766269,0.0604177644696596,-0.09653970106965447,0.06138068461538466,0.012328737323895118,0,0,0,0,0,0,0,0
3.0357795221458055,0.1303157434109183,0.995,-0.03481931857728689,-0.30939984130859377,0.03567751693725586,3,0,1,-0.017348572764823617,-0.03577952214580549,-0.1303157434109183,0.0050000000000000044,0.01747074581246327,0.09221536768728848,-0.0824235768363802,0.040090107692307725,0.016665209234619782,0,0,0,0,0,0,0,0
3.018776495606841,0.132776452693897,0.988,-0.0341211868764892,-0.2561757507324219,0.02800955390930176,3,0,1,-0.017348572764823617,-0.018776495606840804,-0.132776452693897,0.01200000000000001,0.01677261411166558,0.08170890805192761,-0.08030488113556786,0.04576810769230773,0.013550467800291635,0,0,0,0,0,0,0,0
2.997675054977436,0.1310498903178293,0.981,-0.033405601883171446,-0.315453857421875,-0.036681358337402346,3,0,1,-0.017348572764823617,0.0023249450225639734,-0.1310498903178293,0.019000000000000017,0.01605702911834783,0.11093783406607224,-0.05726007461597779,0.05037026417910452,0.01285291720796983,0,0,0,0,0,0,0,0
2.977376741446493,0.12808672357134995,0.979,-0.03162536604613732,-0.3028203125,-0.05459197235107422,3,0,1,-0.017348572764823617,0.022623258553506886,-0.12808672357134995,0.02100000000000002,0.014276793281313701,0.1201689009970553,-0.04892559005866227,0.026308830769230795,0.0060603201873100365,0,0,0,0,0,0,0,0
2.958712678737153,0.12293826628626739,0.975,-0.031311206780778214,-0.2773790283203125,-0.08604063415527344,3,0,1,-0.017348572764823617,0.041287321262847065,-0.12293826628626739,0.025000000000000022,0.013962634015954597,0.12229783785857587,-0.034229929379022306,0.040774600000000036,0.012490012459583796,0,0,0,0,0,0,0,0
2.93820752534357,0.1173707291354406,0.977,-0.030752701420140097,-0.30481207275390626,-0.09310116577148438,3,0,1,-0.017348572764823617,0.061792474656429786,-0.1173707291354406,0.02300000000000002,0.01340412865531648,0.14265842641859874,-0.029229435054466835,0.0065093000000000095,0.010786134777325304,0,0,0,0,0,0,0,0
2.9247406636680373,0.10932910218443731,0.974,-0.032236231284335295,-0.19819847106933594,-0.12677852630615236,3,0,1,-0.017348572764823617,0.07525933633196269,-0.10932910218443731,0.026000000000000023,0.014887658519511678,0.10871914634925722,-0.013083256173155339,0.03592749090909095,0.02163097608403531,0,0,0,0,0,0,0,0
2.912347823686701,0.10144541078132646,0.969,-0.032986722862692844,-0.1819845733642578,-0.12418537139892578,3,0,1,-0.017348572764823617,0.08765217631329891,-0.10144541078132646,0.031000000000000028,0.015638150097869227,0.10927784718585518,-0.01004590143911488,0.050738151515151556,0.0190494754540399,0,0,0,0,0,0,0,0
2.9047379672213207,0.09326159528492603,0.97,-0.03330088212805184,-0.11003712463378906,-0.1264551315307617,3,0,1,-0.017348572764823617,0.09526203277867928,-0.09326159528492603,0.030000000000000027,0.01595230936322822,0.08904053970294112,-0.003065894526393477,0.01814625000000002,0.0174249309195985,1427121911765,0,0,0,0,0,0,0
2.8991188244766457,0.08543769812543683,0.974,-0.03262020371977399,-0.08033299255371094,-0.12009970855712891,3,0,1,-0.017348572764823617,0.1008811755233543,-0.08543769812543683,0.026000000000000023,0.015271630954950374,0.08055620376564689,-0.0018360444337361323,-0.0009544615384615325,0.012130038301360314,0,0,0,0,0,0,0,0
2.8981676845109483,0.0798603151749535,0.999,-0.03176499238629684,-0.011530962944030762,-0.08408155059814452,3,0,1,-0.017348572764823617,0.1018323154890517,-0.0798603151749535,0.0010000000000000009,0.014416419621473223,0.05596256517445326,-0.011195877134928197,-0.13402488461538473,0.010469290390040221,0,0,0,0,0,0,0,0
2.9013776358887196,0.07578832954877937,1.002,-0.029181905093345194,0.05006485366821289,-0.05951976776123047,3,0,1,-0.017348572764823617,0.09862236411128045,-0.07578832954877937,-0.0020000000000000018,0.011833332328521576,0.032015817557408795,-0.017315132328482054,-0.017976346153846162,-0.00008860902356294664,1427121911960,0,0,0,0,0,0,0
2.9059980108827212,0.07230584169843979,1.005,-0.026249751949994758,0.07080028533935546,-0.05019289398193359,3,0,1,-0.017348572764823617,0.09400198911727875,-0.07230584169843979,-0.004999999999999893,0.008901179185171141,0.022916677683632522,-0.019356309055150966,-0.019927641791044122,-0.004227864740278571,1427121911960,0,0,0,0,0,0,0
2.913027778966238,0.07107574323955432,1.01,-0.022322761133007483,0.10589448547363281,-0.01567749309539795,3,0,1,-0.017348572764823617,0.08697222103376179,-0.07107574323955432,-0.010000000000000009,0.004974188368183866,0.004538606292573931,-0.030144257927536805,-0.03609677777777842,-0.013725767903184107,1427121911960,0,0,0,0,0,0,0
2.9241230377125826,0.07155202507494644,1.012,-0.02179916235740916,0.1662279510498047,0.010857291221618652,3,0,1,-0.017348572764823617,0.07587696228741736,-0.07155202507494644,-0.01200000000000001,0.0044505895925855445,-0.021649136866316275,-0.03982738248693838,-0.020766230769230783,0.0020339798590548286,1427121911960,0,0,0,0,0,0,0
2.933933686838096,0.07476090652930494,1.017,-0.02319542575900465,0.1460755920410156,0.0513294906616211,3,0,1,-0.017348572764823617,0.06606631316190414,-0.07476090652930494,-0.016999999999999904,0.005846852994181032,-0.019594389597964966,-0.05619441575164211,-0.04103057692307627,0.012291145616929438,1427121911960,0,0,0,0,0,0,0
2.9481731441771926,0.07928712262687036,1.018,-0.024626595745639985,0.21195973205566407,0.07282888793945312,3,0,1,-0.017348572764823617,0.05182685582280744,-0.07928712262687036,-0.018000000000000016,0.007278022980816368,-0.04936561409630541,-0.06523392197826586,-0.020329330303030906,0.013783341101886074,1427121912286,0,0,0,0,0,0,0
2.9611115725034893,0.08542043598992714,1.024,-0.026459191460234083,0.19175216674804688,0.09675076293945313,3,0,1,-0.017348572764823617,0.03888842749651067,-0.08542043598992714,-0.02400000000000002,0.009110618695410466,-0.048909765617306436,-0.07687944164636537,-0.05180288181818186,0.01744059921629273,1427121912352,0,0,0,0,0,0,0
2.97634346840038,0.08935015606779816,1.035,-0.028675759610266822,0.2268389892578125,0.06496981811523438,3,0,1,-0.017348572764823617,0.02365653159961978,-0.08935015606779816,-0.03499999999999992,0.011327186845443205,-0.07119712658371277,-0.06786699583877057,-0.08916494999999938,0.021717350048721665,1427121912416,0,0,0,0,0,0,0
2.9894345833505724,0.09497739595109736,1.041,-0.02988003679414288,0.1938658447265625,0.09000408935546875,3,0,1,-0.017348572764823617,0.010565416649427561,-0.09497739595109736,-0.040999999999999925,0.012531464029319261,-0.06492700481443817,-0.07955221686046546,-0.06638289230769226,0.018089666416439523,1427121912481,0,0,0,0,0,0,0
