0,0,0.745,0,-0.006966571807861328,0.0519615478515625,0,0,1,0,0,0,0.255,0,0,0,0.20400000000000001,0,0,0,0,0,0,0,0,0
-0.0005070674578348795,0.003137335713704427,0.746,0.0007504915783573819,-0.007606011867523193,0.047060035705566404,0,0,1,0,0.0005070674578348795,-0.003137335713704427,0.254,-0.0007504915783573819,0.002942862488018517,-0.018208124858977038,0.19946638461538466,-0.00421429886308376,0,0,0,0,0,0,0,0
-0.0006776882180412622,0.005050827308169168,0.747,0.0003665191429187421,-0.0025377697944641113,0.028704286575317383,0,0,1,0,0.0006776882180412622,-0.005050827308169168,0.253,-0.0003665191429187421,0.0012583464412265894,-0.012834183611293005,0.20031088461538465,0.0014056613283365185,0,0,0,0,0,0,0,0
0.0005165637318967371,0.006812586274082908,0.749,0.002373647782712318,0.017923463821411134,0.026419816970825197,0,0,1,0,-0.0005165637318967371,-0.006812586274082908,0.251,-0.002373647782712318,-0.006591001916121761,-0.012758804306179598,0.19514603939393937,-0.011496959781774027,0,0,0,0,0,0,0,0
0.003904902546955473,0.009490149217550045,0.751,0.0020071286397935757,0.050920272827148436,0.040042690277099606,0,0,1,0,-0.003904902546955473,-0.009490149217550045,0.249,-0.0020071286397935757,-0.020484494076159404,-0.01940392063762241,0.1948082,-0.00028907015736197067,0,0,0,0,0,0,0,0
0.008462297149523356,0.012405801588472112,0.751,0.0007504915783573815,0.06844856262207032,0.04359748840332031,0,0,1,0,-0.008462297149523356,-0.012405801588472112,0.249,-0.0007504915783573815,-0.028778531066488207,-0.02192655485968733,0.20736420000000003,0.005049371782117362,0,0,0,0,0,0,0,0
0.015625149666500047,0.015917693740403,0.758,-0.0005934119456780799,0.10748229217529297,0.052597732543945314,0,0,1,0,-0.015625149666500047,-0.015917693740403,0.242,0.0005934119456780799,-0.04581527678667058,-0.02661701050352795,0.16624018787878786,0.006702064327657449,0,0,0,0,0,0,0,0
0.02442698997268513,0.019071166908329905,0.765,-0.0016231562043547147,0.13199951171875,0.04738043594360351,0,0,1,0,-0.02442698997268513,-0.019071166908329905,0.235,0.0016231562043547147,-0.059641775255193076,-0.026562712978309047,0.16159659230769227,0.00637582201363149,0,0,0,0,0,0,0,0
0.034675827342026566,0.022866425082416993,0.771,-0.0030368728984702113,0.15363995361328125,0.05717832946777344,0,0,1,0,-0.034675827342026566,-0.022866425082416993,0.22899999999999998,0.0030368728984702113,-0.07174445040074456,-0.03162156287592324,0.16418211818181816,0.009462857871722468,0,0,0,0,0,0,0,0
0.04601761221341565,0.02438141228871655,0.777,-0.0039968039870670324,0.17005697631835937,0.023241355895996095,0,0,1,0,-0.04601761221341565,-0.02438141228871655,0.22299999999999998,0.0039968039870670324,-0.08512028498321773,-0.020553377762381215,0.15981499999999998,0.00849648096486463,0,0,0,0,0,0,0,0
0.05681090799313321,0.025158895376425433,0.785,-0.004764748857944535,0.1618515319824219,0.012309231758117677,0,0,1,0,-0.05681090799313321,-0.025158895376425433,0.21499999999999997,0.004764748857944535,-0.08664622045403444,-0.016859833699135164,0.14454807692307686,0.008309109800456085,0,0,0,0,0,0,0,0
0.07024179034952151,0.02779188557963974,0.794,-0.007208209810736666,0.20127276611328124,0.04045432281494141,0,0,1,0,-0.07024179034952151,-0.02779188557963974,0.20599999999999996,0.007208209810736666,-0.1076097080549521,-0.028185585686782907,0.13330246153846148,0.018485721900546502,0,0,0,0,0,0,0,0
0.08291914737313937,0.02815998134183813,0.805,-0.006318091892219658,0.19011561584472655,0.006891996860504151,0,0,1,0,-0.08291914737313937,-0.02815998134183813,0.19499999999999995,0.006318091892219658,-0.10790880600744146,-0.016133749509603373,0.11680781343283575,0.0023324892719942484,0,0,0,0,0,0,0,0
0.09151039396187675,0.02794446998525289,0.815,-0.005497787143782241,0.12888655090332032,-0.0024184069633483886,0,0,1,0,-0.09151039396187675,-0.02794446998525289,0.18500000000000005,0.005497787143782241,-0.09092038824773233,-0.01299602272210727,0.11527119402985134,0.0018247808074952992,0,0,0,0,0,0,0,0
0.10509001639811995,0.026089039640040782,0.827,-0.004153883619746558,0.20384426879882814,-0.026711172103881835,0,0,1,0,-0.10509001639811995,-0.026089039640040782,0.17300000000000004,0.004153883619746558,-0.12955486783122094,-0.0027360847864988033,0.09124066451612904,-0.002348875367522878,0,0,0,0,0,0,0,0
0.11353609268342793,0.02550575434323432,0.836,-0.001099557428756671,0.1267263946533203,-0.008222945213317871,0,0,1,0,-0.11353609268342793,-0.02550575434323432,0.16400000000000003,0.001099557428756671,-0.10267141782534758,-0.009794457457295905,0.10438706153846153,-0.012997332683504344,0,0,0,0,0,0,0,0
0.12045430575196982,0.024284155977186746,0.846,-0.00003490658504001851,0.10379328155517578,-0.01820985984802246,0,0,1,0,-0.12045430575196982,-0.024284155977186746,0.15400000000000003,0.00003490658504001851,-0.09798186387577064,-0.00576237260282052,0.09200344615384615,-0.00487886653980607,0,0,0,0,0,0,0,0
0.12543749168400223,0.02408294816862885,0.855,0.00022689280275933667,0.07474789428710937,-0.003015507936477661,0,0,1,0,-0.12543749168400223,-0.02408294816862885,0.14500000000000002,-0.00022689280275933667,-0.08933715173995913,-0.011204656062361854,0.09260617462686566,-0.0013991288675325687,0,0,0,0,0,0,0,0
0.12782319359803715,0.02099791987893843,0.864,-0.0002443460952792362,0.03577502822875977,-0.04628354263305664,0,0,1,0,-0.12782319359803715,-0.02099791987893843,0.136,0.0002443460952792362,-0.07723424724721402,0.0056329123942038175,0.08559142727272726,0.002386341086363658,0,0,0,0,0,0,0,0
0.12880534816892114,0.01879852313005781,0.87,-0.0004014257279587605,0.014740379333496093,-0.032987350463867186,0,0,1,0,-0.12880534816892114,-0.01879852313005781,0.13,0.0004014257279587605,-0.0706114366405667,0.0025796400202526965,0.09600436666666665,0.001149423978813638,0,0,0,0,0,0,0,0
0.12749310715037904,0.01814173039405272,0.875,-0.0010297442586766356,-0.019679658889770506,-0.00985979175567627,0,0,1,0,-0.12749310715037904,-0.01814173039405272,0.125,0.0010297442586766356,-0.05751585919148938,-0.005786050292818808,0.09922712307692305,0.003929675938912983,0,0,0,0,0,0,0,0
0.12530318576155672,0.017108734495506553,0.879,-0.001553343034275124,-0.03283284759521484,-0.015528756141662598,0,0,1,0,-0.12530318576155672,-0.017108734495506553,0.121,0.001553343034275124,-0.05195629229026706,-0.003339411826213061,0.10253667878787877,0.003933337468813707,0,0,0,0,0,0,0,0
0.1216011700625314,0.014781538968918335,0.884,-0.0016755160819146306,-0.05547594451904297,-0.03499414825439453,0,0,1,0,-0.1216011700625314,-0.014781538968918335,0.11599999999999999,0.0016755160819146306,-0.041863614000414634,0.004867622219329933,0.09357972307692305,0.0022393916864046613,0,0,0,0,0,0,0,0
0.11842540651290633,0.0119361004508808,0.888,-0.0008377580409575378,-0.04756487274169922,-0.04276133346557617,0,0,1,0,-0.11842540651290633,-0.0119361004508808,0.11199999999999999,0.0008377580409575378,-0.043699198347431426,0.008615522519946775,0.09715767761194027,-0.0029133973663130266,0,0,0,0,0,0,0,0
0.11406455455929047,0.009070577572087353,0.891,-0.0014137166941157195,-0.06537674713134765,-0.04303762817382813,0,0,1,0,-0.11406455455929047,-0.009070577572087353,0.10899999999999999,0.0014137166941157195,-0.03433317415179846,0.010849075968723837,0.09994454999999998,0.004113522880794696,0,0,0,0,0,0,0,0
0.1077379000471591,0.005548524494287976,0.893,-0.0019547687622336616,-0.09482503509521484,-0.05296490478515625,0,0,1,0,-0.1077379000471591,-0.005548524494287976,0.10699999999999998,0.0019547687622336616,-0.02102168443293114,0.01590056891145107,0.1046770692307692,0.00445193215354724,0,0,0,0,0,0,0,0
0.1011925009907044,0.0016003889347649966,0.897,-0.0018325957145939329,-0.09806503295898437,-0.059413841247558594,0,0,1,0,-0.1011925009907044,-0.0016003889347649966,0.10299999999999998,0.0018325957145939329,-0.01663690479168374,0.020167886724608976,0.09137733846153842,0.0012687201101028774,0,0,0,0,0,0,0,0
0.09502383093448492,-0.003106335435307912,0.901,-0.002844886680750892,-0.0924005126953125,-0.07077031707763672,0,0,1,0,-0.09502383093448492,0.003106335435307912,0.09899999999999998,0.002844886680750892,-0.015642876024178756,0.02660797700756262,0.08882083846153843,0.007516998832244549,1426174722096,0,0,0,0,0,0,0
0.09046763593997868,-0.007672290183307979,0.906,-0.00539306738866241,-0.06814780426025391,-0.0686834716796875,0,0,1,0,-0.09046763593997868,0.007672290183307979,0.09399999999999997,0.00539306738866241,-0.022840288902323383,0.027404196776672447,0.08086969701492534,0.016802831752445326,1426174722096,0,0,0,0,0,0,0
0.08454233718704504,-0.01258441105929458,0.907,-0.005078908123303583,-0.08848081970214844,-0.07416007232666015,0,0,1,0,-0.08454233718704504,0.01258441105929458,0.09299999999999997,0.005078908123303583,-0.01132878769456809,0.0328794698633697,0.10131554999999996,0.003606286566934079,1426174722096,0,0,0,0,0,0,0
0.0814672128651943,-0.016234399570249844,0.911,-0.004031710572107049,-0.045848201751708985,-0.05498339462280273,0,0,1,0,-0.0814672128651943,0.016234399570249844,0.08899999999999997,0.004031710572107049,-0.025689795044068514,0.027505639727775383,0.08262433846153841,-0.0008015088949538743,1426174722096,0,0,0,0,0,0,0
0.07844151810322929,-0.019490772621282803,0.911,-0.0016755160819146289,-0.0451881217956543,-0.04902817916870117,0,0,1,0,-0.07844151810322929,0.019490772621282803,0.08899999999999997,0.0016755160819146289,-0.024494093818468544,0.02702702739437559,0.10474129999999997,-0.009199227718973465,1426174722096,0,0,0,0,0,0,0
0.07756311812986849,-0.020597550794989383,0.913,0.0004014257279587605,-0.013148164749145508,-0.016623725891113283,0,0,1,-0.0016755160819146289,-0.07756311812986849,0.020597550794989383,0.08699999999999997,-0.0020769418098733894,-0.038781559064934246,0.010298775397494691,0.06959999999999998,-0.0020769418098733894,1426174722096,0,0,0,0,0,0,0
0.07576788128614324,-0.021728114679966326,0.915,0.0029496064358702787,-0.026935358047485352,-0.016947647094726563,0,0,1,-0.0016755160819146289,-0.07576788128614324,0.021728114679966326,0.08499999999999996,-0.004625122517784908,-0.028695273165525073,0.016697911277699807,0.058283882352941144,-0.01586709622915925,1426174722490,0,0,0,0,0,0,0
0.07529739274983428,-0.021115231719270877,0.917,0.004241150082346269,-0.007030180931091309,0.009214020729064942,0,0,1,-0.0016755160819146289,-0.07529739274983428,0.021115231719270877,0.08299999999999996,-0.0059166661642608975,-0.035090919244984746,0.007125659256067519,0.0562022774193548,-0.012166070905273753,1426174722552,0,0,0,0,0,0,0
0.0761603674674378,-0.0206401952297298,0.917,0.002879793265790688,0.012974724769592286,0.007070583343505859,0,0,1,-0.0016755160819146289,-0.0761603674674378,0.0206401952297298,0.08299999999999996,-0.004555309347705316,-0.04273749460570503,0.007880259206729434,0.06804869999999998,0.0015403181891107181,1426174722619,0,0,0,0,0,0,0
0.07761437783359294,-0.018830306282759484,0.919,0.0034732052114685454,0.021888246536254884,0.027085412979125978,0,0,1,-0.0016755160819146289,-0.07761437783359294,0.018830306282759484,0.08099999999999996,-0.005148721293383174,-0.04695771529750355,-0.00042893014889097,0.056029599999999964,-0.00793033978874813,1426174722683,0,0,0,0,0,0,0
0.08073943067388631,-0.01656216887860277,0.923,0.0026005405854714345,0.046993675231933596,0.033859046936035156,0,0,1,-0.0016755160819146289,-0.08073943067388631,0.01656216887860277,0.07699999999999996,-0.004276056667386063,-0.057194160462630705,-0.0036822390264450774,0.04306317878787874,-0.000309399276490107,1426174722749,0,0,0,0,0,0,0
0.08445079902162547,-0.01403900578256456,0.925,0.0011170107212763467,0.05576876068115234,0.03770254516601562,0,0,1,-0.0016755160819146289,-0.08445079902162547,0.01403900578256456,0.07499999999999996,-0.0027925268031909756,-0.06221483106697622,-0.006286963802746518,0.05256423939393936,0.003950790761332151,1426174722815,0,0,0,0,0,0,0
0.088659477537558,-0.010739565851114675,0.93,0.0009599310885968224,0.06318542098999023,0.04942105102539063,0,0,1,-0.0016755160819146289,-0.088659477537558,0.010739565851114675,0.06999999999999995,-0.0026354471705114513,-0.06771062421080423,-0.012593212213664927,0.032274549999999944,-0.0018991363923261811,1426174722879,0,0,0,0,0,0,0
0.09065589572664665,-0.008127536733187899,0.931,-0.00036651914291896317,0.029983869552612306,0.03915167236328125,0,0,1,-0.0016755160819146289,-0.09065589572664665,0.008127536733187899,0.06899999999999995,-0.0013089969389956657,-0.05650149309865759,-0.009914903922087055,0.05388218461538457,0.004813081052615653,1426174722944,0,0,0,0,0,0,0
0.09177834039692355,-0.00414148978388167,0.934,-0.0004188790204786566,0.016814754486083983,0.05979687118530273,0,0,1,-0.0016755160819146289,-0.09177834039692355,0.00414148978388167,0.06599999999999995,-0.0012566370614359723,-0.05241636009991389,-0.019303792981962314,0.04114195384615379,-0.0010149760880835412,1426174723009,0,0,0,0,0,0,0
0.09222229921440861,0.003605129231642635,0.936,-0.003298672286269343,0.006610708236694336,0.11620206451416015,0,0,1,-0.0016755160819146289,-0.09222229921440861,-0.003605129231642635,0.06399999999999995,0.0016231562043547143,-0.049044898641958934,-0.04342868002643775,0.04534256923076918,0.014914509738773266,1426174723074,0,0,0,0,0,0,0
0.09314235769051078,0.008516471877585068,0.936,-0.0028099800957110945,0.013557788848876953,0.07371526336669922,0,0,1,-0.0016755160819146289,-0.09314235769051078,-0.008516471877585068,0.06399999999999995,0.0011344640137964657,-0.05198306140232621,-0.029833761009251312,0.056540599999999955,-0.0010537099737777818,1426174723141,0,0,0,0,0,0,0
0.09170874194298982,0.014146682708618488,0.939,-0.0011868238913561582,-0.021741462707519532,0.08439240264892578,0,0,1,-0.0016755160819146289,-0.09170874194298982,-0.014146682708618488,0.061000000000000054,-0.0004886921905584707,-0.03855322248388855,-0.03828046034274061,0.03785823333333398,-0.0082180074493915,1426174723204,0,0,0,0,0,0,0
0.09019464100866567,0.01935264085718086,0.941,0.00012217304763950752,-0.022804176330566406,0.07806236267089844,0,0,1,-0.0016755160819146289,-0.09019464100866567,-0.01935264085718086,0.05900000000000005,-0.0017976891295541364,-0.037790909273896736,-0.03722461691682454,0.04270823939393943,-0.007747675215898071,1426174723270,0,0,0,0,0,0,0
0.08679958378580158,0.02451519150428924,0.942,0.0024260076602720124,-0.05091639709472656,0.07744448089599609,0,0,1,-0.0016755160819146289,-0.08679958378580158,-0.02451519150428924,0.05800000000000005,-0.004101523742186641,-0.026445485967893517,-0.039183511757089146,0.047679019402985114,-0.01441720111218293,1426174723337,0,0,0,0,0,0,0
0.08019403557902209,0.029233078201572605,0.947,0.0038746309394273046,-0.09891124725341797,0.07100846862792969,0,0,1,-0.0016755160819146289,-0.08019403557902209,-0.029233078201572605,0.05300000000000005,-0.0055501470213419335,-0.004231117621529876,-0.040802805440035735,0.021459022222222242,-0.012448353112557611,1426174723400,0,0,0,0,0,0,0
0.07382524425669398,0.03350559599238575,0.947,0.004625122517784686,-0.0952828369140625,0.06445743560791016,0,0,1,-0.0016755160819146289,-0.07382524425669398,-0.03350559599238575,0.05300000000000005,-0.006300638599699315,-0.004523869496534785,-0.03907015422101282,0.04959190000000004,-0.009661048652045801,1426174723467,0,0,0,0,0,0,0
0.06575139225444653,0.03661250677260803,0.951,0.005166174585903295,-0.12089093780517578,0.04716329956054687,0,0,1,-0.0016755160819146289,-0.06575139225444653,-0.03661250677260803,0.049000000000000044,-0.0068416906678179235,0.011056561058141033,-0.03558816814824019,0.024478377777777796,-0.009418129087430343,1426174723530,0,0,0,0,0,0,0
0.05657000520227355,0.03887325447758549,0.953,0.005637413483941645,-0.1375437774658203,0.03462224960327148,0,0,1,-0.0016755160819146289,-0.05657000520227355,-0.03887325447758549,0.04700000000000004,-0.007312929565856274,0.019444358796498144,-0.03147239649000646,0.034804739393939424,-0.009454924556939687,1426174723596,0,0,0,0,0,0,0
0.04772919927981999,0.038655590342702446,0.956,0.004834562028024126,-0.13262838745117186,-0.002517324924468994,0,0,1,-0.0016755160819146289,-0.04772919927981999,-0.038655590342702446,0.04400000000000004,-0.006510078109938755,0.021326923952963914,-0.018263598630211316,0.02763395820895524,-0.0029152208446364303,1426174723663,0,0,0,0,0,0,0
0.037896910156892206,0.03780500336406643,0.958,0.004939281783143735,-0.14754429626464843,-0.012045636177062988,0,0,1,-0.0016755160819146289,-0.037896910156892206,-0.03780500336406643,0.04200000000000004,-0.006614797865058364,0.03217566920048571,-0.014489619370925388,0.03137673939393942,-0.007090796751965677,1426174723729,0,0,0,0,0,0,0
0.029121316450128224,0.03509248851200317,0.96,0.004468042885105384,-0.13183326721191407,-0.040037052154541015,0,0,1,-0.0016755160819146289,-0.029121316450128224,-0.03509248851200317,0.040000000000000036,-0.006143558967020013,0.032395429328163874,-0.002832444063390215,0.02970130000000002,-0.0039346266324652435,1426174723793,0,0,0,0,0,0,0
0.022352608970463355,0.03093762133831636,0.964,0.0045204027626653,-0.10180805969238281,-0.06186874389648438,0,0,1,-0.0016755160819146289,-0.022352608970463355,-0.03093762133831636,0.03600000000000003,-0.0061959188445799285,0.02479031834380694,0.007113053704675408,0.015794200000000008,-0.006441355770642032,1426174723857,0,0,0,0,0,0,0
0.015438417319384716,0.025481837708809525,0.968,0.005148721293383175,-0.10408174896240234,-0.08136709594726563,0,0,1,-0.0016755160819146289,-0.015438417319384716,-0.025481837708809525,0.03200000000000003,-0.006824237375297804,0.02845127290524869,0.016479748935393626,0.013138738461538471,-0.00972416905553415,1426174723922,0,0,0,0,0,0,0
0.008025743688294684,0.019711885810078558,0.971,0.005044001538263566,-0.11163424682617187,-0.08597564697265625,0,0,1,-0.0016755160819146289,-0.008025743688294684,-0.019711885810078558,0.029000000000000026,-0.006719517620178195,0.03483652672591921,0.021043587454804814,0.016311853846153856,-0.006236195673472307,1426174723987,0,0,0,0,0,0,0
0.0031068584288600222,0.01195267306223002,0.978,0.005410520681182307,-0.07436940002441406,-0.1160145492553711,0,0,1,-0.0016755160819146289,-0.0031068584288600222,-0.01195267306223002,0.02200000000000002,-0.007086036763096936,0.0234645199418844,0.034993673631610316,-0.010110312121212137,-0.008727167253777866,1426174724053,0,0,0,0,0,0,0
-0.0010442960818226083,0.0050549205511240805,0.978,0.005986479334340489,-0.06282621002197265,-0.10312787628173828,0,0,1,-0.0016755160819146289,0.0010442960818226083,-0.0050549205511240805,0.02200000000000002,-0.007661995416255118,0.021469487007439555,0.03387086389929789,0.027156100000000016,-0.010320266123139034,1426174724119,0,0,0,0,0,0,0
-0.00382362433114117,-0.004403267022504093,0.977,0.006021385919380284,-0.04253849029541015,-0.1416206970214844,0,0,1,-0.0016755160819146289,0.00382362433114117,0.004403267022504093,0.02300000000000002,-0.007696902001294913,0.016047351452420734,0.05374824848108728,0.03357205000000002,-0.007860526618668956,1426174724183,0,0,0,0,0,0,0
-0.005486105158056846,-0.012592295992912684,0.982,0.005951572749300692,-0.025676395416259764,-0.12268305206298828,0,0,1,-0.0016755160819146289,0.005486105158056846,0.012592295992912684,0.018000000000000016,-0.007627088831215321,0.010634526308008683,0.05022125604453108,-0.002702776923076928,-0.007304874200078742,1426174724248,0,0,0,0,0,0,0
-0.007622459901927313,-0.021252780547679966,0.983,0.006143558967020012,-0.032817901611328124,-0.12971424865722656,0,0,1,-0.0016755160819146289,0.007622459901927313,0.021252780547679966,0.017000000000000015,-0.007819075048934641,0.014259287062482886,0.05710391962197136,0.01814618461538462,-0.00870516528456227,1426174724313,0,0,0,0,0,0,0
-0.008192189158863852,-0.028008550008477764,0.987,0.00637045176977935,-0.009168340682983398,-0.1012821273803711,0,0,1,-0.0016755160819146289,0.008192189158863852,0.028008550008477764,0.013000000000000012,-0.008045967851693979,0.005978703757676274,0.04863981460748203,-0.00016903529411765525,-0.00904696551092635,1426174724381,0,0,0,0,0,0,0
-0.008192565946398458,-0.03476335103224571,0.995,0.007033676885537021,-0.0006511143445968628,-0.1013199234008789,0,0,1,-0.0016755160819146289,0.008192565946398458,0.03476335103224571,0.0050000000000000044,-0.008709192967451651,0.0030538161763262466,0.05363947399720377,-0.029025223076923106,-0.011770231963256293,1426174724446,0,0,0,0,0,0,0
-0.008030389434422771,-0.040911031848343715,0.995,0.006806784082777684,0.0017839808464050293,-0.09223004150390625,0,0,1,-0.0016755160819146289,0.008030389434422771,0.040911031848343715,0.0050000000000000044,-0.008482300164692314,0.0020747775876393615,0.054520865154376166,0.014083200000000004,-0.007401858246790707,1426174724509,0,0,0,0,0,0,0
-0.007670189711257785,-0.04668519952770842,0.998,0.006405358354819146,0.0048133225440979005,-0.08664728546142578,0,0,1,-0.0016755160819146289,0.007670189711257785,0.04668519952770842,0.0020000000000000018,-0.008080874436733776,0.0008905706262664068,0.053905565092540436,-0.004212690909090922,-0.006256212036922242,1426174724575,0,0,0,0,0,0,0
-0.007603228869240161,-0.05112142219539876,1,0.00733038285837595,0.0005781610012054444,-0.06654840850830078,0,0,1,-0.0016755160819146289,0.007603228869240161,0.05112142219539876,0,-0.00900589894029058,0.002405914214037069,0.049796400672072985,-0.0008411000000000113,-0.013341951300713098,1426174724639,0,0,0,0,0,0,0
-0.00722831604090201,-0.05324526122914337,1,0.007574728953655185,0.0053900151252746584,-0.031897953033447266,0,0,1,-0.0016755160819146289,0.00722831604090201,0.05324526122914337,0,-0.009250245035569815,0.0006012465035668633,0.037895652102131284,0.010096399999999998,-0.010360909105020884,1426174724705,0,0,0,0,0,0,0
-0.005722664411222532,-0.0550667888387167,1.001,0.007696902001294914,0.02237716484069824,-0.027493202209472656,0,0,1,-0.0016755160819146289,0.005722664411222532,0.0550667888387167,-0.0009999999999998899,-0.009372418083209544,-0.006144144481086691,0.03723959334421891,0.00398676969697037,-0.009927750117935584,1426174724771,0,0,0,0,0,0,0
-0.005749223166979914,-0.05609563625064248,1.004,0.007470009198535576,-0.0005171524286270142,-0.015429187774658203,0,0,1,-0.0016755160819146289,0.005749223166979914,0.05609563625064248,-0.0040000000000000036,-0.009145525280450205,0.0020025738131642786,0.033756811429977655,-0.009542050000000626,-0.008081965267515801,1426174724835,0,0,0,0,0,0,0
-0.005217504408673185,-0.055379635064079884,1.008,0.007923794804054252,0.0080557861328125,0.010680139541625977,0,0,1,-0.0016755160819146289,0.005217504408673185,0.055379635064079884,-0.008000000000000007,-0.009599310885968881,-0.0012682383899386284,0.02395290731095103,-0.017926261538461562,-0.011693705988362774,1426174724900,0,0,0,0,0,0,0
-0.005650811440924075,-0.05304877008153541,1.013,0.007190756518216546,-0.006222364902496338,0.03501337814331055,0,0,1,-0.0016755160819146289,0.005650811440924075,0.05304877008153541,-0.0129999999999999,-0.008866272600131175,0.004148380872010596,0.014126536080329407,-0.027395376923076267,-0.005483018973187917,1426174724965,0,0,0,0,0,0,0
-0.004114837964695532,-0.04968944871663467,1.019,0.006230825429619503,0.023401344299316406,0.05022284698486328,0,0,1,-0.0016755160819146289,0.004114837964695532,0.04968944871663467,-0.018999999999999906,-0.007906341511534132,-0.007220749344008187,0.006941331480703403,-0.03770349230769225,-0.003475890333393931,1426174725030,0,0,0,0,0,0,0
-0.0034914415932808716,-0.046057665244151454,1.023,0.005829399701660965,0.009690196990966796,0.054417430877685545,0,0,1,-0.0016755160819146289,0.0034914415932808716,0.046057665244151454,-0.02299999999999991,-0.007504915783575594,-0.0025160300622691896,0.004272948669022478,-0.029645422388059645,-0.005707487150925426,1426174725097,0,0,0,0,0,0,0
-0.0026215237012037237,-0.042919794479935394,1.025,0.004660029102824926,0.01332292366027832,0.046991195678710934,0,0,1,-0.0016755160819146289,0.0026215237012037237,0.042919794479935394,-0.02499999999999991,-0.006335545184739555,-0.004376910074050221,0.00480768717585835,-0.02128163076923071,-0.0009384501131886047,1426174725162,0,0,0,0,0,0,0
-0.0026304575622170087,-0.03994347093994153,1.029,0.004398229715025793,0.00007403910160064698,0.04464499282836914,0,0,1,-0.0016755160819146289,0.0026304575622170087,0.03994347093994153,-0.028999999999999915,-0.006073745796940422,0.0003622706667434383,0.003964547059854159,-0.03577299999999995,-0.004846561166631985,1426174725226,0,0,0,0,0,0,0
-0.0014756911017921625,-0.03787813454876455,1.033,0.0034208453339086295,0.017457586288452148,0.030903562545776368,0,0,1,-0.0016755160819146289,0.0014756911017921625,0.03787813454876455,-0.03299999999999992,-0.005096361415823258,-0.005876355189801767,0.009196090801149682,-0.036780044444444396,-0.001023926494501744,1426174725298,0,0,0,0,0,0,0
0.0007682979919764352,-0.03547171214930286,1.039,0.002757620218150959,0.033783119201660154,0.035980979919433595,0,0,1,-0.0016755160819146289,-0.0007682979919764352,0.03547171214930286,-0.038999999999999924,-0.004433136300065588,-0.014697154669788425,0.00377825047546876,-0.05795892033898302,-0.0010608052029926853,1426174725357,0,0,0,0,0,0,0
0.00310765240540042,-0.0335117047140249,1.038,0.0015882496193149196,0.035171257019042966,0.0293032341003418,0,0,1,-0.0016755160819146289,-0.00310765240540042,0.0335117047140249,-0.038000000000000034,-0.0032637657012295485,-0.01515357590635785,0.006541530291386367,-0.016428084615385235,0.002133329370321402,1426174725422,0,0,0,0,0,0,0
0.0047999525012111365,-0.02960727300230974,1.037,0.001553343034274902,0.025477487564086913,0.058526084899902346,0,0,1,-0.0016755160819146289,-0.0047999525012111365,0.02960727300230974,-0.03699999999999992,-0.003228859116189531,-0.012518707290086781,-0.005861417710143094,-0.01586858461538395,-0.0030677518006202186,1426174725487,0,0,0,0,0,0,0
0.00784448554465196,-0.026954454560332207,1.037,-0.00012217304763972783,0.045729751586914065,0.03972129058837891,0,0,1,-0.0016755160819146289,-0.00784448554465196,0.026954454560332207,-0.03699999999999992,-0.001553343034274901,-0.021327327060804105,-0.0004308504678496531,-0.021493699999999935,0.0061798081130233894,1426174725552,0,0,0,0,0,0,0
0.010940677605619923,-0.023899767908037772,1.035,-0.0015009831567152068,0.046437282562255856,0.04582597351074219,0,0,1,-0.0016755160819146289,-0.010940677605619923,0.023899767908037772,-0.03499999999999992,-0.0001745329251994221,-0.022663251512524685,-0.003615092287116227,-0.009680438805970078,0.0059992436826012295,1426174725619,0,0,0,0,0,0,0
0.013686404390455022,-0.022492155890536783,1.032,-0.002042035224833371,0.0411541633605957,0.021175975799560546,0,0,1,-0.0016755160819146289,-0.013686404390455022,0.022492155890536783,-0.03200000000000003,0.000366519142918742,-0.023124637401314353,0.003832523331331307,-0.0012631333333339607,0.002942957562529047,1426174725682,0,0,0,0,0,0,0
0.01548956300049626,-0.02004591097520663,1.03,-0.0027925268031909747,0.02697239303588867,0.036748828887939455,0,0,1,-0.0016755160819146289,-0.01548956300049626,0.02004591097520663,-0.030000000000000027,0.0011170107212763458,-0.018344606874605665,-0.0025298129758253435,-0.005921739393939406,0.004528336077447272,1426174725748,0,0,0,0,0,0,0
0.017898107303043437,-0.01820197268326016,1.028,-0.003141592653589819,0.03605078506469726,0.02775985527038574,0,0,1,-0.0016755160819146289,-0.017898107303043437,0.01820197268326016,-0.028000000000000025,0.00146607657167519,-0.022580613856680646,-0.0000995893508632089,-0.00466763880597016,0.0030290579913715074,1426174725815,0,0,0,0,0,0,0
0.020578297425597775,-0.01619323524945991,1.031,-0.0046425758103050265,0.04010799407958984,0.030257213592529298,0,0,1,-0.0016755160819146289,-0.020578297425597775,0.01619323524945991,-0.030999999999999917,0.0029670597283903977,-0.02624167052151077,-0.0026208952741655477,-0.03437736666666599,0.010114598569891387,1426174725878,0,0,0,0,0,0,0
0.021853689638309488,-0.015440784818402338,1.027,-0.0045553093477053155,0.019078277587890626,0.01137545108795166,0,0,1,-0.0016755160819146289,-0.021853689638309488,0.015440784818402338,-0.026999999999999913,0.0028797932657906866,-0.018666560108191073,0.004242166039118204,0.006203922388059788,0.0024890479108666073,1426174725945,0,0,0,0,0,0,0
0.022489249698547237,-0.014395688384194773,1.027,-0.0031241393610699215,0.009461891174316407,0.01571971130371094,0,0,1,-0.0016755160819146289,-0.022489249698547237,0.014395688384194773,-0.026999999999999913,0.0014486232791552926,-0.015707080668378885,0.002117652123173535,-0.014869799999999926,-0.005056694841914679,1426174726011,0,0,0,0,0,0,0
0.022966843983646488,-0.013598075303101018,1.024,-0.0016406094968748337,0.007126501560211182,0.011986518859863281,0,0,1,-0.0016755160819146289,-0.022966843983646488,0.013598075303101018,-0.02400000000000002,-0.00003490658503979517,-0.01524325424768639,0.0028384066464050414,0.004045666666666049,-0.007099334509778309,1426174726074,0,0,0,0,0,0,0
0.024423230998306265,-0.013169692387337851,1.018,-0.00026179938779935475,0.02183523368835449,0.006461575508117676,0,0,1,-0.0016755160819146289,-0.024423230998306265,0.013169692387337851,-0.018000000000000016,-0.0014137166941152741,-0.02117610519637155,0.004757282033704685,0.02436969230769232,-0.007777455659079023,1426174726139,0,0,0,0,0,0,0
0.023873114575389258,-0.013330430146335932,1.015,0.0015184364492351059,-0.00825111484527588,-0.00241322660446167,0,0,1,-0.0016755160819146289,-0.023873114575389258,0.013330430146335932,-0.014999999999999902,-0.0031939525311497348,-0.01011231523012745,0.00801850394151325,0.010518346153846848,-0.011410425625154937,1426174726204,0,0,0,0,0,0,0
0.024363443971317515,-0.012822731120294362,1.014,0.001692969374434528,0.007366496086120606,0.007604308605194092,0,0,1,-0.0016755160819146289,-0.024363443971317515,0.012822731120294362,-0.014000000000000012,-0.003368485456349157,-0.015897391007256526,0.004255575557091463,0.0002945805970143451,-0.004149976166197315,1426174726271,0,0,0,0,0,0,0
0.02445649862014835,-0.011020948863180818,1.011,0.001204277183875835,0.001441573143005371,0.027024332046508788,0,0,1,-0.0016755160819146289,-0.02445649862014835,0.011020948863180818,-0.010999999999999899,-0.0028797932657904637,-0.0139070408840468,-0.003839599791520631,0.013806550000000709,-0.0005890486225465894,1426174726335,0,0,0,0,0,0,0
0.025321830156545377,-0.008947915184462966,1.013,0.00038397243543864006,0.01301741123199463,0.031079851150512695,0,0,1,-0.0016755160819146289,-0.025321830156545377,0.008947915184462966,-0.0129999999999999,-0.002059488517353269,-0.018436405809036212,-0.006010074705711269,-0.014891560606060528,0.0016691694300885241,1426174726401,0,0,0,0,0,0,0
0.02644252809433531,-0.007766518085117698,1.013,-0.0014311699866353942,0.016817272186279295,0.017714500427246094,0,0,1,-0.0016755160819146289,-0.02644252809433531,0.007766518085117698,-0.0129999999999999,-0.0002443460952792347,-0.02055361548351904,-0.0020632076534107154,-0.004368699999999914,0.0082641340081928,1426174726465,0,0,0,0,0,0,0
0.024945241582893997,-0.0049919897638232655,1.012,-0.0027227136331111623,-0.022518836975097656,0.041585739135742185,0,0,1,-0.0016755160819146289,-0.024945241582893997,0.0049919897638232655,-0.01200000000000001,0.0010471975511965334,-0.005752463497462588,-0.01169981947820954,0.0016551303030297162,0.006917850489722752,1426174726531,0,0,0,0,0,0,0
0.024746463952382364,-0.003255927537839761,1.011,-0.005253441048503005,-0.0030525553226470946,0.026032718658447265,0,0,1,-0.0016755160819146289,-0.024746463952382364,0.003255927537839761,-0.010999999999999899,0.003577924966588376,-0.0125389745388973,-0.007200353844541936,0.0024652153846160766,0.015258205345319957,1426174726596,0,0,0,0,0,0,0
0.02323913341411354,-0.002756106551830657,1.009,-0.005166174585903294,-0.022649032592773437,0.0073784317970275876,0,0,1,-0.0016755160819146289,-0.02323913341411354,0.002756106551830657,-0.008999999999999897,0.003490658503988665,-0.008979129199137917,0.0006056515910293635,0.003744285185185281,0.0032967330315448627,1426174726731,0,0,0,0,0,0,0
0.02254958939187077,-0.0018047364621914335,1.009,-0.0050963614158234805,-0.010416746139526367,0.014216926574707031,0,0,1,-0.0016755160819146289,-0.02254958939187077,0.0018047364621914335,-0.008999999999999897,0.0034208453339088516,-0.008725657293866821,-0.003858453670754114,-0.001497599999999908,0.0030884016668621217,1426174726794,0,0,0,0,0,0,0
0.022041344985705674,-0.00017462190252167265,1.009,-0.004520402762665521,-0.007748181343078613,0.024412548065185547,0,0,1,-0.0016755160819146289,-0.022041344985705674,0.00017462190252167265,-0.008999999999999897,0.002844886680750892,-0.00949264122744568,-0.008444203550071167,-0.001554299999999907,0.00010222642761775064,1426174726857,0,0,0,0,0,0,0
0.01974283539800273,0.0003876816627645977,1.006,-0.003682644721708206,-0.03451541900634766,0.00827861499786377,0,0,1,-0.0016755160819146289,-0.01974283539800273,-0.0003876816627645977,-0.006000000000000005,0.002007128639793577,0.0011967907767777841,-0.0026972037560942953,0.016960546153845575,-0.0018594469338555682,1426174726922,0,0,0,0,0,0,0
0.017554490685544023,0.0031261378330733796,1.009,-0.0037350045992678993,-0.032976219177246094,0.04095568084716797,0,0,1,-0.0016755160819146289,-0.017554490685544023,-0.0031261378330733796,-0.008999999999999897,0.0020594885173532704,0.0015076454051681162,-0.015562822718421764,-0.017561790909090238,0.0022974879608064222,1426174726988,0,0,0,0,0,0,0
0.015398372105903906,0.002289790664013162,1.005,-0.0042760566673860625,-0.03229469680786133,-0.012665916442871093,0,0,1,-0.0016755160819146289,-0.015398372105903906,-0.002289790664013162,-0.004999999999999893,0.0026005405854714336,0.0027622648956026237,0.003949775035549223,0.023390300000000117,0.0051367221547753234,1426174727052,0,0,0,0,0,0,0
0.012293184154595068,0.001377328073608513,1.007,-0.004991641660704093,-0.04651886749267578,-0.013885982513427734,0,0,1,-0.0016755160819146289,-0.012293184154595068,-0.001377328073608513,-0.006999999999999895,0.003316125578789464,0.009235837633889557,0.004744597588884516,-0.01089943076923068,0.006618825547949603,1426174727117,0,0,0,0,0,0,0
0.00787595158546582,-0.0008408886005619872,1.002,-0.005131268000863497,-0.06609157562255859,-0.033603572845458986,0,0,1,-0.0016755160819146289,-0.00787595158546582,0.0008408886005619872,-0.0020000000000000018,0.0034557519189488684,0.018143731145292673,0.012704271052080515,0.03037175151515096,0.004090417101491616,1426174727183,0,0,0,0,0,0,0
0.0022408312479553316,-0.0041072549111288445,1.001,-0.005707226654021679,-0.08427428436279297,-0.049428577423095706,0,0,1,-0.0016755160819146289,-0.0022408312479553316,0.0041072549111288445,-0.0009999999999998899,0.00403171057210705,0.025313744381401455,0.018678905872853084,0.009579077464789386,0.00646533868404303,1426174727254,0,0,0,0,0,0,0
-0.0003351502206017916,-0.008623479087086623,0.996,-0.0063879050622994695,-0.03825246810913086,-0.06796278381347656,0,0,1,-0.0016755160819146289,0.0003351502206017916,0.008623479087086623,0.0040000000000000036,0.004712388980384841,0.014104416627060933,0.031631460423029084,0.038334116949151925,0.008173465632644792,1426174727313,0,0,0,0,0,0,0
-0.005246302053006609,-0.014748975163701005,0.99,-0.005864306286701203,-0.07307884216308594,-0.09235114288330078,3,0,1,0,3.0052463020530067,0.014748975163701005,0.010000000000000009,0.005864306286701203,1.5026231510265033,0.0073744875818505026,0.008000000000000007,0.005864306286701203,0,0,0,0,0,0,0,0
-0.011392754665164491,-0.02055911518965718,0.991,-0.006579891280018568,-0.09168412017822265,-0.08769126892089844,3,0,1,0,3.0113927546651644,0.02055911518965718,0.009000000000000008,0.006579891280018568,1.5407500659193487,0.041578290390235126,0.0018738846153846184,0.009882591249175638,0,0,0,0,0,0,0,0
-0.01761761505054908,-0.026653466628473937,0.988,-0.007435102613496003,-0.0927693862915039,-0.09202767181396485,3,0,1,0,3.017617615050549,0.026653466628473937,0.01200000000000001,0.007435102613496003,1.5462461432638153,0.04617316000912435,0.025890346153846173,0.011382231844930316,0,0,0,0,0,0,0,0
-0.022049904564076475,-0.03214721454627669,0.985,-0.009634217471008677,-0.06586981201171875,-0.08289825439453125,3,0,1,0,3.0220499045640765,0.03214721454627669,0.015000000000000013,0.009634217471008677,1.5401223336484797,0.04482451723776709,0.0279086417910448,0.019481000415095276,0,0,0,0,0,0,0,0
-0.02647174449992295,-0.04037200338589696,0.98,-0.010611601852125618,-0.06513594818115234,-0.12400511169433594,3,0,1,0,3.026471744499923,0.04037200338589696,0.020000000000000018,0.010611601852125618,1.544956616407125,0.0645517948281093,0.04329007692307696,0.015122606688049963,0,0,0,0,0,0,0,0
-0.023672765299942385,-0.04763741475078607,0.978,-0.012042771838761013,0.04313876724243164,-0.10852951812744141,3,0,1,0,3.0236727652999424,0.04763741475078607,0.02200000000000002,0.012042771838761013,1.5063754525301678,0.06366038233669949,0.029045300000000024,0.018751381151114424,0,0,0,0,0,0,0,0
-0.014487422146491364,-0.05493106884042937,0.979,-0.01343903524035639,0.13908766174316406,-0.10773766326904297,3,0,1,0,3.0144874221464915,0.05493106884042937,0.02100000000000002,0.01343903524035639,1.4695895752206873,0.06688371819568634,0.012059684615384628,0.019883327863104282,0,0,0,0,0,0,0,0
-0.001167646656267945,-0.06195834446462597,0.977,-0.012252211349000232,0.2011951446533203,-0.1027146224975586,3,0,1,0,3.001167646656268,0.06195834446462597,0.02300000000000002,0.012252211349000232,1.4426181184786644,0.06900328334851207,0.029963030769230795,0.006774562619664122,0,0,0,0,0,0,0,0
0.02046231332099999,-0.066536357014905,0.975,-0.013945180723434761,0.3252663879394531,-0.06468991088867188,3,0,1,0,2.979537686679,0.066536357014905,0.025000000000000022,0.013945180723434761,1.392528968524928,0.05741268347916333,0.03140906119402988,0.021525640608962504,0,0,0,0,0,0,0,0
0.049803759149890034,-0.07121979648219275,0.978,-0.01307251609743765,0.44105853271484374,-0.06410738372802735,3,0,1,0,2.95019624085011,0.07121979648219275,0.02200000000000002,0.01307251609743765,1.3322776675673444,0.06149755253499224,0.002295850000000002,0.008981900663076185,0,0,0,0,0,0,0,0
0.08410124816186795,-0.07441604643235761,0.974,-0.011676252695842052,0.5150451049804687,-0.04121452713012695,3,0,1,0,2.915898751838132,0.07441604643235761,0.026000000000000023,0.011676252695842052,1.2928065021392177,0.054742065008259705,0.04360956153846157,0.0052319600730931426,0,0,0,0,0,0,0,0
0.12562793227534616,-0.07695370718757068,0.969,-0.010454522219445875,0.62330224609375,-0.03078934097290039,3,0,1,0,2.874372067724654,0.07695370718757068,0.031000000000000028,0.010454522219445875,1.2417173369566623,0.05210831449591184,0.05239820298507467,0.0049840872505077715,0,0,0,0,0,0,0,0
0.1762375743060781,-0.07565258258921931,0.965,-0.010053096491487338,0.7588991088867187,0.027452152252197267,3,0,1,0,2.8237624256939218,0.07565258258921931,0.03500000000000003,0.010053096491487338,1.158378683436939,0.031134207921395415,0.05157780000000005,0.008171413391681693,0,0,0,0,0,0,0,0
0.23021308074567007,-0.07572335253196197,0.96,-0.00856956662729225,0.8096023559570312,0.0070776820182800295,3,0,1,0,2.76978691925433,0.07572335253196197,0.040000000000000036,0.00856956662729225,1.1280565665047722,0.038705546416942446,0.06009020298507468,0.001926895593582902,0,0,0,0,0,0,0,0
0.28864707446108534,-0.07236253265499656,0.958,-0.008133234314293693,0.8760457153320312,0.05792166519165039,3,0,1,0,2.7113529255389146,0.07236253265499656,0.04200000000000004,0.008133234314293693,1.0578760243750187,0.018029809604590465,0.04694651111111115,0.006055461395252946,0,0,0,0,0,0,0,0
0.35467168989382686,-0.06690885794858789,0.956,-0.008517206749732333,0.989671142578125,0.08985723114013672,3,0,1,0,2.6453283101061733,0.06690885794858789,0.04400000000000004,0.008517206749732333,0.9956993184567378,0.00465174382093347,0.04849063076923081,0.010289387220987593,0,0,0,0,0,0,0,0
0.4259878031471945,-0.06286508346746464,0.956,-0.009564404300929088,1.069186279296875,0.06976551818847657,3,0,1,0,2.5740121968528054,0.06286508346746464,0.04400000000000004,0.009564404300929088,0.9390657602254784,0.010593029650259052,0.03801180000000003,0.014324393170005244,0,0,0,0,0,0,0,0
0.5061327145175815,-0.056498584749577224,0.956,-0.011065387457644073,1.201205322265625,0.10699101257324219,3,0,1,0,2.4938672854824184,0.056498584749577224,0.04400000000000004,0.011065387457644073,0.8472563051891779,-0.0053903839590508755,0.038297800000000035,0.017993002027097853,0,0,0,0,0,0,0,0
0.585399147621419,-0.053932557852590296,0.954,-0.011135200627723886,1.188497802734375,0.05164448547363281,3,0,1,0,2.414600852378581,0.053932557852590296,0.04600000000000004,0.011135200627723886,0.8204139512006776,0.014035626629996566,0.05080746060606065,0.011452533218995765,0,0,0,0,0,0,0,0
0.6747822913443903,-0.05011986343714156,0.954,-0.011466813185602833,1.3400272216796876,0.07211605072021485,3,0,1,0,2.3252177086556096,0.05011986343714156,0.04600000000000004,0.011466813185602833,0.7087487482005045,0.004918401943499188,0.04049580000000004,0.013021247050660394,0,0,0,0,0,0,0,0
0.7794734462365737,-0.04864410267502325,0.956,-0.012199851471440539,1.57001025390625,0.04014167022705078,3,0,1,0,2.2205265537634262,0.04864410267502325,0.04400000000000004,0.012199851471440539,0.5829389769837566,0.017116408709950084,0.028412569230769253,0.015583105098383798,0,0,0,0,0,0,0,0
0.8966587103505496,-0.042858779073104473,0.95,-0.01424188669627391,1.7565894775390625,0.1082175064086914,3,0,1,0,2.1033412896494506,0.042858779073104473,0.050000000000000044,0.01424188669627391,0.46801914677851786,-0.008481308566918741,0.07612998181818188,0.023523864990971054,0,0,0,0,0,0,0,0
1.011734977207056,-0.03691951290303388,0.95,-0.01637118838370699,1.7247001953125,0.11366267395019532,3,0,1,0,1.988265022792944,0.03691951290303388,0.050000000000000044,0.01637118838370699,0.4038671752583538,-0.01322792865745798,0.04463180000000004,0.02635229004354956,0,0,0,0,0,0,0,0
1.1252764852379344,-0.031221132091515696,0.95,-0.01694714703686495,1.7014951171875,0.11334515380859375,3,0,1,0,1.8747235147620656,0.031221132091515696,0.050000000000000044,0.01694714703686495,0.4017781291757453,-0.012480044817853458,0.04497680000000004,0.01945131509407347,0,0,0,0,0,0,0,0
1.2358474043978234,-0.026028256124972587,0.952,-0.0180467044656214,1.657005615234375,0.10598853302001954,3,0,1,0,1.7641525956021766,0.026028256124972587,0.04800000000000004,0.0180467044656214,0.30925638717330095,-0.01500456572165268,0.03256808888888892,0.023282692221604485,0,0,0,0,0,0,0,0
1.3483319053897889,-0.0213365211273755,0.962,-0.02028072590817409,1.6857227783203126,0.10081253051757813,3,0,1,0,1.6516680946102111,0.0213365211273755,0.038000000000000034,0.02028072590817409,0.2532044736796625,-0.014145392689799285,-0.018765100000000007,0.030752701420139833,0,0,0,0,0,0,0,0
1.4631794333067936,-0.016751291887323046,0.966,-0.020804324683772357,1.7209638671875,0.10369976806640625,3,0,1,0,1.5368205666932064,0.016751291887323046,0.03400000000000003,0.020804324683772357,0.20290470532299432,-0.01508463529540957,0.011734678787878806,0.02318431911830993,0,0,0,0,0,0,0,0
1.5804288137926885,-0.011800276707470143,0.969,-0.02076941809873256,1.756815185546875,0.11083592987060546,3,0,1,0,1.4195711862073115,0.011800276707470143,0.031000000000000028,0.02076941809873256,0.14177428481451326,-0.01910013922716319,0.01508285820895524,0.020613119956763327,0,0,0,0,0,0,0,0
1.6997052369607326,-0.006399423943806822,0.971,-0.020856684561332276,1.7870780029296875,0.1181521759033203,3,0,1,0,1.3002947630392674,0.006399423943806822,0.029000000000000026,0.020856684561332276,0.032805227285470306,-0.02593775941425765,0.01822608888888891,0.02127223914514044,0,0,0,0,0,0,0,0
1.820890721848136,-0.0008643516282280401,0.993,-0.018657569703819602,1.8156553955078125,0.1209181900024414,3,0,1,0,1.179109278151864,0.0008643516282280401,0.007000000000000006,0.018657569703819602,0.03830321244683965,-0.025985512059336816,-0.0966638042253522,0.00936553509461112,0,1,0,0,0,0,0,0
1.9421343550347137,0.004216376193871061,1.014,-0.015760323145508796,1.8169161376953125,0.11012735748291015,3,0,1,0,1.0578656449652863,-0.004216376193871061,-0.014000000000000012,0.015760323145508796,-0.13154517632073315,-0.03088041700549429,-0.1275971000000001,0.0012740903539547634,0,1,0,0,0,0,0,0
2.0617084429319976,0.0087797246928049,1.038,-0.013631021458075713,1.792309814453125,0.09670845031738282,3,0,1,0,0.9382915570680024,-0.0087797246928049,-0.038000000000000034,0.013631021458075713,-0.1273282771286458,-0.028102095646487447,-0.15377486923076933,0.003803475208384562,0,0,0,0,0,0,0,0
2.1782139942231793,0.012420570108211189,1.047,-0.011850785621041696,1.746676513671875,0.07842821502685547,3,0,1,0,0.8217860057768207,-0.012420570108211189,-0.04699999999999993,0.011850785621041696,-0.15901066968574407,-0.024666352964289845,-0.07978157272727211,0.003758804543614349,0,0,0,0,0,0,0,0
2.2905430805897478,0.01517974889920021,1.053,-0.00987856356628814,1.6843275146484376,0.061352127075195315,3,0,1,0,0.7094569194102522,-0.01517974889920021,-0.052999999999999936,0.00987856356628814,-0.21118838253938932,-0.021837402845752554,-0.07000599999999998,0.0006337726846308428,0,0,0,0,0,0,0,0
2.3976514888530516,0.016979814539883745,1.056,-0.007941248096574155,1.606281005859375,0.042870567321777346,3,0,1,0,0.6023485111469484,-0.016979814539883745,-0.05600000000000005,0.007941248096574155,-0.22678895202787575,-0.01735187467446614,-0.0561113461538468,-0.0010002079174903904,0,0,0,0,0,0,0,0
2.4986411897156438,0.018425943634449455,1.054,-0.006562437987498676,1.51462548828125,0.03372089004516601,3,0,1,0,0.5013588102843562,-0.018425943634449455,-0.05400000000000005,0.006562437987498676,-0.24401103322865508,-0.01618110391370772,-0.027939269230769264,0.00019869902253492628,0,0,0,0,0,0,0,0
2.5926027824958524,0.019372020932931763,1.054,-0.005340707511102721,1.4093004150390624,0.023440044403076173,3,0,1,0,0.4073972175041476,-0.019372020932931763,-0.05400000000000005,0.005340707511102721,-0.2377723179197619,-0.013822467689053528,-0.03907030000000004,-0.00012972745783438894,0,0,0,0,0,0,0,0
2.678915474005866,0.019863094365346712,1.049,-0.002583087292951763,1.294632568359375,0.014280526161193848,3,0,1,0,0.32108452599413395,-0.019863094365346712,-0.04899999999999993,0.002583087292951763,-0.2619015598843699,-0.011824079776356048,-0.00804014999999932,-0.010343257479630852,0,0,0,0,0,0,0,0
2.7558422472265183,0.020645545484124693,1.043,-0.0005410520681181692,1.153867431640625,0.014717352867126466,3,0,1,0,0.24415775277348173,-0.020645545484124693,-0.04299999999999993,0.0005410520681181692,-0.24240479883274893,-0.0137563654386719,0.0014442923076923922,-0.008883725892652263,0,0,0,0,0,0,0,0
2.8223840174670025,0.021225084466432613,1.052,-0.0008726646259971156,0.9981217041015625,0.009233121871948241,3,0,1,0,0.17761598253299749,-0.021225084466432613,-0.052000000000000046,0.0008726646259971156,-0.21964098674805554,-0.012967327422967178,-0.08686293846153914,0.002403184123899945,0,0,0,0,0,0,0,0
2.899141147834424,0.024886159734892402,1.051,-0.001954768762233666,1.15130859375,0.055920856475830075,3,0,1,0,0.100858852165576,-0.024886159734892402,-0.050999999999999934,0.001954768762233666,-0.3129597789767515,-0.03140692875568866,-0.032548284615383956,0.006949095544863898,0,0,0,0,0,0,0,0
2.9673039487959914,0.022727473473944878,1.049,-0.002478367537831932,1.0225033569335937,-0.030381595611572266,3,0,1,0,0.03269605120400865,-0.022727473473944878,-0.04899999999999993,0.002478367537831932,-0.28454926721308427,0.0004813270742479638,-0.026371982352941113,0.004788362136059578,1426174730054,0,0,0,0,0,0,0
3.023158809315836,0.02317300225704091,1.043,-0.0029845130209103007,0.8378037719726562,0.008759342193603515,3,0,1,0,-0.023158809315836137,-0.02317300225704091,-0.04299999999999993,0.0029845130209103007,-0.27195812206296566,-0.013342081381452727,0.0011963333333334242,0.005394729606997769,1426174730054,0,0,0,0,0,0,0
3.0678230769199786,0.024128075116928445,1.038,-0.005707226654021685,0.6699182739257813,0.016325542449951172,3,0,1,0,-0.06782307691997858,-0.024128075116928445,-0.038000000000000034,0.005707226654021685,-0.22452946268307442,-0.016502841168912454,-0.0014609230769236752,0.01827359726838192,1426174730054,0,0,0,0,0,0,0
3.105630921879579,0.025426842560913078,1.027,-0.007853981633974666,0.5669972534179688,0.022717845916748046,3,0,1,0,-0.10563092187957901,-0.025426842560913078,-0.026999999999999913,0.007853981633974666,-0.20349934660050384,-0.018913709704255665,0.03857113333333404,0.017611958815579122,0,0,0,0,0,0,0,0
3.132218046505073,0.024814318940979886,1.013,-0.008133234314293695,0.39886672973632814,-0.006055381298065186,3,0,1,0,-0.13221804650507307,-0.024814318940979886,-0.0129999999999999,0.008133234314293695,-0.15954414342156847,-0.008437969982228415,0.06673791538461553,0.009422092838843061,0,0,0,0,0,0,0,0
3.1482669048689043,0.025530112765373064,1,-0.00797615468161417,0.24063758850097655,0.012694467544555664,3,0,1,0,-0.14826690486890426,-0.025530112765373064,0,0.00797615468161417,-0.10961257070201377,-0.015906797217661695,0.07069269393939343,0.007262156351252697,0,0,0,0,0,0,0,0
3.1554905219343348,0.025706706884960618,0.984,-0.008587019919812148,0.10832968139648437,0.003513068675994873,3,0,1,0,-0.15549052193433477,-0.025706706884960618,0.016000000000000014,0.008587019919812148,-0.067720466762902,-0.013181419319877308,0.1021557000000001,0.011450450723865167,0,0,0,0,0,0,0,0
3.1578080511064,0.026482937856741513,0.972,-0.009197885158010347,0.03466167449951172,0.01194154167175293,3,0,1,0,-0.15780805110640017,-0.026482937856741513,0.028000000000000025,0.009197885158010347,-0.04195665398977908,-0.016800704856546556,0.08905308461538469,0.012017263180463575,0,0,0,0,0,0,0,0
3.1534256667967413,0.023842043191204393,0.961,-0.00788888821901446,-0.0653686294555664,-0.04021636581420898,3,0,1,0,-0.1534256667967413,-0.023842043191204393,0.039000000000000035,0.00788888821901446,-0.004147802747191655,0.002688456398836584,0.09182843333333342,0.0019389021326695153,0,0,0,0,0,0,0,0
3.144998287207078,0.023196339041476003,0.949,-0.009093165402890518,-0.12633035278320312,-0.010682490348815918,3,0,1,0,-0.14499828720707786,-0.023196339041476003,0.051000000000000045,0.009093165402890518,0.022109919157805406,-0.007531645086593118,0.1080419846153847,0.014651367790010788,0,0,0,0,0,0,0,0
3.133944711451425,0.021646260280958937,0.942,-0.010175269539127068,-0.16558535766601562,-0.02475787925720215,3,0,1,0,-0.13394471145142495,-0.021646260280958937,0.05800000000000005,0.010175269539127068,0.039911326206053775,-0.002150550838350267,0.08598236417910457,0.015020511940186249,0,0,0,0,0,0,0,0
3.1245249763732925,0.01836248878609206,0.935,-0.008534660042252234,-0.14078752136230469,-0.05069172286987305,3,0,1,0,-0.12452497637329252,-0.01836248878609206,0.06499999999999995,0.008534660042252234,0.039132044637595155,0.009625515151720545,0.09431358888888827,0.0007222338666577864,0,0,0,0,0,0,0,0
3.114651337896889,0.013307300764169956,0.931,-0.008325220532012794,-0.1474520263671875,-0.07708906555175782,3,0,1,0,-0.11465133789688897,-0.013307300764169956,0.06899999999999995,0.008325220532012794,0.044021536489138764,0.020708966640463317,0.0802922212121212,0.007373222758197159,0,0,0,0,0,0,0,0
3.1001824760672836,0.006837056660313995,0.932,-0.008656833089891963,-0.21621742248535156,-0.09885712432861328,3,0,1,0,-0.10018247606728359,-0.006837056660313995,0.06799999999999995,0.008656833089891963,0.07441224767600788,0.03093147522874353,0.05351181940298504,0.010141665438604657,0,0,0,0,0,0,0,0
3.0869244870039343,-0.00003390162888546738,0.934,-0.009930923443848055,-0.1979701843261719,-0.10478207397460937,3,0,1,0,-0.08692448700393429,0.00003390162888546738,0.06599999999999995,0.009930923443848055,0.07570778323388014,0.03700409413481695,0.04696523939393935,0.015722243234557565,1426174730968,0,0,0,0,0,0,0
3.0753683160393948,-0.004873330221958331,0.94,-0.00986111027376802,-0.17261312866210937,-0.07430927276611328,3,0,1,0,-0.07536831603939476,0.004873330221958331,0.06000000000000005,0.00986111027376802,0.07432792519602463,0.029455652462580664,0.020342800000000633,0.009533861039017854,1426174730968,0,0,0,0,0,0,0
3.077622358029074,-0.014463833570605952,0.946,-0.010925761117484448,0.035227558135986325,-0.14351715087890626,3,0,1,0,-0.0776223580290738,0.014463833570605952,0.05400000000000005,0.010925761117484448,-0.0023733762013363816,0.060242601059939116,0.015888400000000025,0.015916311947405205,1426174730968,0,0,0,0,0,0,0
3.0659316156837924,-0.01855102290563643,0.958,-0.011449359893082715,-0.17468084716796875,-0.06322009658813477,3,0,1,0,-0.06593161568379236,0.01855102290563643,0.04200000000000004,0.011449359893082715,0.07870608264214415,0.03185813127766738,-0.025241484615384613,0.013865969626613173,1426174730968,0,0,0,0,0,0,0
3.0571527664455,-0.020584470842269782,0.968,-0.01211258500884083,-0.13132489013671875,-0.03200736999511719,3,0,1,0,-0.057152766445499825,0.020584470842269782,0.03200000000000003,0.01211258500884083,0.06596672401783052,0.021503193489426337,-0.02065050597014926,0.015082249706265224,1426174730968,0,0,0,0,0,0,0
3.050907869271018,-0.02296010755979933,0.978,-0.013910274138394744,-0.09323497009277344,-0.036766536712646486,3,0,1,-0.01211258500884083,-0.05090786927101787,0.02296010755979933,0.02200000000000002,0.0017976891295539144,-0.025453934635508935,0.011480053779899664,0.017600000000000015,0.0017976891295539144,1426174730968,0,0,0,0,0,0,0
3.0448580811058514,-0.0234100072326133,0.987,-0.014398966328953437,-0.09064417266845703,-0.008010114669799805,3,0,1,-0.01211258500884083,-0.04485808110585143,0.0234100072326133,0.013000000000000012,0.002286381320112607,0.012255495325931724,0.014300675286044609,-0.041160044262295116,0.00468978553597503,1426174731358,0,0,0,0,0,0,0
3.040639208470056,-0.02355016852323243,0.995,-0.014660765716752346,-0.06324625778198242,-0.003013381004333496,3,0,1,-0.01211258500884083,-0.040639208470055976,0.02355016852323243,0.0050000000000000044,0.0025481807079115164,0.003065610944136068,0.012582874808970685,-0.040333644444444476,0.0037948444593348942,1426174731421,0,0,0,0,0,0,0
3.037755158402909,-0.0233284995018581,1.002,-0.014206980111233893,-0.043304847717285155,0.002690464973449707,3,0,1,-0.01211258500884083,-0.03775515840290922,0.0233284995018581,-0.0020000000000000018,0.0020943951023930634,-0.0036612588352753894,0.010533245733590662,-0.03862361212121215,0.000031733259127367935,1426174731487,0,0,0,0,0,0,0
3.0340872855181953,-0.023352156699754597,1.006,-0.01385791426083505,-0.05500749969482422,-0.0011364368200302124,3,0,1,-0.01211258500884083,-0.03408728551819529,0.023352156699754597,-0.006000000000000005,0.001745329251994221,0.0026064007338031416,0.011863155683735268,-0.02627986153846156,0.00013425609630725592,1426174731552,0,0,0,0,0,0,0
3.032102444360144,-0.022843934986267116,1.011,-0.013351768777756682,-0.029875398635864258,0.007210020542144775,3,0,1,-0.01211258500884083,-0.03210244436014387,0.022843934986267116,-0.010999999999999899,0.0012391837689158525,-0.005484523804187985,0.008759930015741949,-0.035735976923076264,-0.0010968723068304634,1426174731617,0,0,0,0,0,0,0
3.0296515275099067,-0.022065534553576134,1.008,-0.012409290981679758,-0.03691636657714844,0.01118411922454834,3,0,1,-0.01211258500884083,-0.02965152750990674,0.022065534553576134,-0.008000000000000007,0.00029670597283892874,-0.001968955295872382,0.00699399042698992,0.009443390909090327,-0.003987284009328906,1426174731683,0,0,0,0,0,0,0
3.0278277863095417,-0.01969803462561493,1.008,-0.012810716709638518,-0.02779468536376953,0.03517030334472656,3,0,1,-0.01211258500884083,-0.027827786309541747,0.01969803462561493,-0.008000000000000007,0.0006981317007976884,-0.0042523141587638945,-0.0027971512672075594,-0.006517700000000006,0.0025508658298381173,1426174731748,0,0,0,0,0,0,0
3.0236304637935394,-0.01869586708723067,0.999,-0.011972958668681203,-0.06314724349975585,0.014224740982055664,3,0,1,-0.01211258500884083,-0.02363046379353939,0.01869586708723067,0.0010000000000000009,-0.0001396263401596265,0.010965186186755033,0.003981203128172907,0.049907450000000034,-0.00406661715714704,1426174731812,0,0,0,0,0,0,0
3.0210196878677826,-0.016263307906520683,0.996,-0.011955505376161305,-0.03959569549560547,0.036016902923583984,3,0,1,-0.01211258500884083,-0.021019687867782633,0.016263307906520683,0.0040000000000000036,-0.0001570796326795243,0.00314761749496288,-0.004643674002644467,0.019024190909090924,-0.00023641278049724157,1426174731878,0,0,0,0,0,0,0
3.0199661636809387,-0.013378775841493287,0.99,-0.011397000015523021,-0.01631901168823242,0.04307596206665039,3,0,1,-0.01211258500884083,-0.01996616368093873,0.013378775841493287,0.010000000000000009,-0.0007155849933178082,-0.0045107997221737785,-0.008709404516404472,0.04028779230769233,-0.00329330204241758,1426174731943,0,0,0,0,0,0,0
3.016702911332714,-0.010515063468490356,0.984,-0.010157816246606947,-0.04943516159057617,0.042395038604736326,3,0,1,-0.01211258500884083,-0.016702911332714176,0.010515063468490356,0.016000000000000014,-0.0019547687622338827,0.008483653581855138,-0.009561811376380732,0.04423058358208959,-0.007503352802156604,1426174732010,0,0,0,0,0,0,0
3.0141589929551764,-0.007098189538107788,0.981,-0.010367255756846386,-0.03867741775512695,0.05086286163330078,3,0,1,-0.01211258500884083,-0.01415899295517642,0.007098189538107788,0.019000000000000017,-0.001745329251994443,0.0068327318552183726,-0.015288717927971249,0.032073666666666695,-0.0007479982508542538,1426174732073,0,0,0,0,0,0,0
3.011656905826612,-0.0035762497501614222,0.978,-0.010192722831646964,-0.03807697296142578,0.05243716812133789,3,0,1,-0.01211258500884083,-0.01165690582661183,0.0035762497501614222,0.02200000000000002,-0.001919862177193865,0.007211845850045438,-0.016741647971467197,0.03386129090909094,-0.002713193655373056,1426174732139,0,0,0,0,0,0,0
3.007243269313582,-0.0016720831202368105,0.979,-0.009180431865490227,-0.06649223327636719,0.02788622283935547,3,0,1,-0.01211258500884083,-0.00724326931358199,0.0016720831202368105,0.02100000000000002,-0.002932153143350602,0.019911047188067105,-0.009268895941836948,0.01190408461538463,-0.007604265294843234,1426174732204,0,0,0,0,0,0,0
3.005038518845915,0.002360717489619591,0.977,-0.00856956662729225,-0.03362519836425781,0.06018585586547852,3,0,1,-0.01211258500884083,-0.0050385188459149965,-0.002360717489619591,0.02300000000000002,-0.0035430183815485794,0.009116145601927745,-0.02274870598968919,0.029807430769230796,-0.006362396404000782,1426174732269,0,0,0,0,0,0,0
3.002458350850954,0.006937162338817279,0.977,-0.008063421144213882,-0.03928936386108398,0.06831249237060547,3,0,1,-0.01211258500884083,-0.0024583508509539165,-0.006937162338817279,0.02300000000000002,-0.004049163864626948,0.011813101078044595,-0.026881796319218037,0.01919460000000002,-0.0062821586429138675,1426174732337,0,0,0,0,0,0,0
2.999477513424393,0.011996638082599244,0.979,-0.007051130178057144,-0.045323051452636716,0.07552913665771484,3,0,1,-0.01211258500884083,0.0005224865756070507,-0.011996638082599244,0.02100000000000002,-0.005061454830783686,0.01632503241458614,-0.03353298917183081,0.006791500000000009,-0.009806568734643395,1426174732401,0,0,0,0,0,0,0
2.9974559946804837,0.016880329970266582,0.978,-0.00790634151153458,-0.03083855628967285,0.07303974914550782,3,0,1,-0.01211258500884083,0.0025440053195162626,-0.016880329970266582,0.02200000000000002,-0.00420624349730625,0.01209114590419345,-0.03502432056371858,0.024138550000000022,-0.00019744037163077054,1426174732465,0,0,0,0,0,0,0
2.9971900596102126,0.01974407165971958,0.98,-0.007609635538695206,-0.004328523635864258,0.04292324447631836,3,0,1,-0.01211258500884083,0.0028099403897874353,-0.01974407165971958,0.020000000000000018,-0.004502949470145624,0.002581049105519315,-0.024948041444280186,0.0065957393939394034,-0.005851612983051868,1426174732531,0,0,0,0,0,0,0
2.9930859297215755,0.022721005649695845,0.982,-0.0072605696882965835,-0.06189996337890625,0.04418425750732422,3,0,1,-0.01211258500884083,0.0069140702784245,-0.022721005649695845,0.018000000000000016,-0.004852015320544246,0.025326507398047263,-0.02729441269513084,0.004949569230769238,-0.006463088476230195,1426174732596,0,0,0,0,0,0,0
2.992014942271024,0.026720308736410795,0.987,-0.008115781021773577,-0.016499942779541015,0.0598713264465332,3,0,1,-0.01211258500884083,0.007985057728975953,-0.026720308736410795,0.013000000000000012,-0.003996803987067253,0.00962491324165783,-0.03515270943014134,-0.015541750000000009,0.000011999138606152981,1426174732660,0,0,0,0,0,0,0
2.99035748338706,0.02926592178549524,0.988,-0.007819075048934648,-0.025170955657958984,0.03798116683959961,3,0,1,-0.01211258500884083,0.009642516612939911,-0.02926592178549524,0.01200000000000001,-0.0042935099599061815,0.013261507853856554,-0.02787191398142769,0.005858519402985082,-0.005622044166647654,1426174732727,0,0,0,0,0,0,0
2.9882074594370125,0.0307613666310376,0.989,-0.006544984694978778,-0.032424766540527346,0.022178821563720703,3,0,1,-0.01211258500884083,0.011792540562987508,-0.0307613666310376,0.01100000000000001,-0.005567600313862052,0.017443643227374128,-0.02351955906328229,0.004884050000000004,-0.011539898848030193,1426174732791,0,0,0,0,0,0,0
2.987887301371837,0.031694629991510175,0.992,-0.006544984694978778,-0.004893890380859375,0.013967219352722169,3,0,1,-0.01211258500884083,0.012112698628162999,-0.031694629991510175,0.008000000000000007,-0.005567600313862052,0.007577580080500026,-0.02085384250265176,-0.008149046153846156,-0.005567600313862052,1426174732856,0,0,0,0,0,0,0
2.9883499594147556,0.030699471627868485,0.991,-0.004974188368183979,0.007037420749664306,-0.014881634712219238,3,0,1,-0.01211258500884083,0.011650040585244437,-0.030699471627868485,0.009000000000000008,-0.0071383966406568505,0.0032132581695250404,-0.010152979251338162,0.014088980597014938,-0.014171813029290277,1426174732923,0,0,0,0,0,0,0
2.9886282433275757,0.027840741545071716,0.993,-0.004118977034706544,0.004387504100799561,-0.042859657287597656,3,0,1,-0.01211258500884083,0.011371756672424294,-0.027840741545071716,0.007000000000000006,-0.007993607974134285,0.003952129055384088,0.0019420914494172725,-0.003801911111111113,-0.012066042895455403,1426174732986,0,0,0,0,0,0,0
2.9901117732576132,0.023122329456207378,0.996,-0.0029146998508307095,0.02254428482055664,-0.07068392181396485,3,0,1,-0.01211258500884083,0.009888226742386763,-0.023122329456207378,0.0040000000000000036,-0.00919788515801012,-0.003104292116536466,0.013426085252525049,-0.010973490909090916,-0.014671872357445732,1426174733052,0,0,0,0,0,0,0
2.9930026548260455,0.01761747449497557,0.997,-0.0020769418098733946,0.04360371398925781,-0.08244608306884765,3,0,1,-0.01211258500884083,0.00699734517395445,-0.01761747449497557,0.0030000000000000027,-0.010035643198967435,-0.012244265820429787,0.020786705799612254,-0.0012295153846153843,-0.01390221877261658,1426174733117,0,0,0,0,0,0,0
2.9948260427232323,0.009852434106901405,0.998,-0.0001745329251994273,0.02759267234802246,-0.11641854858398437,3,0,1,-0.01211258500884083,0.005173957276767727,-0.009852434106901405,0.0020000000000000018,-0.011938052083641402,-0.007404553851624692,0.03683305113293868,-0.0020165153846153847,-0.020718400782136635,1426174733182,0,0,0,0,0,0,0
2.9957052195096554,0.0026022190073962392,0.999,0.0037175513067479963,0.013206632614135742,-0.10875092315673827,3,0,1,-0.01211258500884083,0.004294780490344596,-0.0026022190073962392,0.0010000000000000009,-0.015830136315588828,-0.0026157367745363266,0.03651891724266202,-0.0026490805970149256,-0.033257379145204165,1426174733249,0,0,0,0,0,0,0
3.0007732437234886,-0.003367992270751793,0.988,0.0024783675378319218,0.07568692016601562,-0.08983515930175781,3,0,1,-0.01211258500884083,-0.0007732437234886369,0.003367992270751793,0.01200000000000001,-0.014590952546672751,-0.02827328662089474,0.03428151334167169,0.07160785000000006,-0.008782278629878643,1426174733313,0,0,0,0,0,0,0
3.004128585768566,-0.013973408420119373,0.966,0.003281218993749219,0.04993571472167969,-0.1592054901123047,3,0,1,-0.01211258500884083,-0.0041285857685657845,0.013973408420119373,0.03400000000000003,-0.015393804002590048,-0.02030511020135165,0.06404979816258964,0.1477341384615386,-0.019099272260669882,1426174733378,0,0,0,0,0,0,0
3.008059443109757,-0.022879742750883305,0.94,0.0043458698374658706,0.058524188995361326,-0.1337877655029297,3,0,1,-0.01211258500884083,-0.008059443109757147,0.022879742750883305,0.06000000000000005,-0.0164584548463067,-0.025374706027506754,0.059368935060586187,0.19046260000000018,-0.021372227971152777,1426174733443,0,0,0,0,0,0,0
3.0109928014921135,-0.03189397201100632,0.902,0.004677482395344817,0.0434123420715332,-0.13540338134765625,3,0,1,-0.01211258500884083,-0.010992801492113458,0.03189397201100632,0.09799999999999998,-0.016790067404185646,-0.02147738229977373,0.06447775346900375,0.2861149846153842,-0.018320586902088477,1426174733508,0,0,0,0,0,0,0
3.013327572451425,-0.04521798903110014,0.869,0.004084070449666737,0.03408634185791016,-0.20002188110351563,3,0,1,-0.01211258500884083,-0.013327572451424796,0.04521798903110014,0.131,-0.016196655458507566,-0.018701998228150662,0.09021839841715965,0.27619480434782623,-0.013616603520776786,0,0,0,0,0,0,0,0
3.016115186049229,-0.05703667107964138,0.824,0.004450589592585479,0.0410898323059082,-0.17744952392578126,3,0,1,-0.01211258500884083,-0.016115186049229013,0.05703667107964138,0.17600000000000005,-0.016563174601426308,-0.024257098442283062,0.09638904834518365,0.4040738213114757,-0.018365727763321762,0,0,0,0,0,0,0,0
3.01709265924714,-0.06393127820532425,0.783,0.004939281783143728,0.014201678276062012,-0.10348333740234375,3,0,1,-0.01211258500884083,-0.017092659247139874,0.06393127820532425,0.21699999999999997,-0.017051866791984557,-0.013946181935566508,0.06862874695204466,0.397533542424242,-0.01927319493088569,0,0,0,0,0,0,0,0
3.017371362518187,-0.06734441010900151,0.738,0.005829399701660958,0.0039276227951049805,-0.05121700286865234,3,0,1,-0.01211258500884083,-0.017371362518186828,0.06734441010900151,0.262,-0.017941984710501787,-0.010413964888827636,0.05219517881373137,0.4601199923076925,-0.022050221257504388,0,0,0,0,0,0,0,0
3.017308136778924,-0.06968111700245273,0.689,0.006265732014659736,-0.0011526927947998046,-0.03504447937011719,3,0,1,-0.01211258500884083,-0.017308136778924066,0.06968111700245273,0.31100000000000005,-0.018378317023500564,-0.008552446098742545,0.047612690316060705,0.5228799538461542,-0.020392158468110304,0,0,0,0,0,0,0,0
3.0169937324512044,-0.07131867437481137,0.642,0.0042760566673860564,-0.0048698787689208985,-0.024533329010009767,3,0,1,-0.01211258500884083,-0.01699373245120439,0.07131867437481137,0.358,-0.016388641676226886,-0.007104665356770633,0.04445138881021992,0.544554788059701,-0.007479647583956686,0,0,0,0,0,0,0,0
3.0159484429906422,-0.0688318859915887,0.595,0.0019547687622336538,-0.015519694328308105,0.0373685302734375,3,0,1,-0.01211258500884083,-0.015948442990642242,0.0688318859915887,0.405,-0.014067353771074483,-0.002518211559746651,0.021098018870931115,0.5962556500000002,-0.0031863167156725956,0,0,0,0,0,0,0,0
3.015438427335351,-0.06679379494311223,0.546,-0.0010821041362365572,-0.007590460300445557,0.03058626174926758,3,0,1,-0.01211258500884083,-0.015438427335351168,0.06679379494311223,0.45399999999999996,-0.011030480872604272,-0.00520036294817193,0.022575534924849837,0.6492987499999996,0.0032048608389748413,0,0,0,0,0,0,0,0
3.0135037380044603,-0.06508628735307123,0.497,-0.003944444109507346,-0.029048038482666017,0.02558119583129883,3,0,1,-0.01211258500884083,-0.013503738004460253,0.06508628735307123,0.503,-0.008168140899333484,0.003228637283981468,0.023855584008196366,0.6836982848484852,0.004842495342806466,0,0,0,0,0,0,0,0
3.011484281689379,-0.06077659652366064,0.449,-0.007225663103256793,-0.030546598434448242,0.06452537536621093,3,0,1,-0.01211258500884083,-0.011484281689379205,0.06077659652366064,0.5509999999999999,-0.004886921905584036,0.004680307701463763,0.007941394574782174,0.7204318545454541,0.010027709884186178,0,0,0,0,0,0,0,0
3.010525404231092,-0.050613588137361214,0.402,-0.011397000015523025,-0.015484293937683106,0.15233721923828125,3,0,1,-0.01211258500884083,-0.01052540423109205,0.050613588137361214,0.598,-0.0007155849933178048,-0.00047148215251642707,-0.028147025027637648,0.7566756242424244,0.018245037335165065,0,0,0,0,0,0,0,0
3.011701986851926,-0.04827319266220329,0.352,-0.01293288975727825,0.01724749946594238,0.03530479049682617,3,0,1,-0.01211258500884083,-0.011701986851925916,0.04827319266220329,0.648,0.0008203047484374205,-0.012586655160393256,0.011809375765814263,0.8250179000000003,0.00801978791291504,0,0,0,0,0,0,0,0
3.0144214637661277,-0.04465793135501261,0.301,-0.014137166941154307,0.04008742523193359,0.054751930236816404,3,0,1,-0.01211258500884083,-0.01442146376612774,0.04465793135501261,0.6990000000000001,0.0020245819323134774,-0.022164668591574458,0.0033630188682658817,0.8715392846153849,0.007582784319433739,0,0,0,0,0,0,0,0
3.019596869984385,-0.037188305024043834,0.255,-0.014451326206513355,0.07603939819335938,0.11313064575195313,3,0,1,-0.01211258500884083,-0.019596869984384924,0.037188305024043834,0.745,0.002338741197672526,-0.037989344380337145,-0.021101895103911816,0.8862587076923073,0.0037887070377912117,0,0,0,0,0,0,0,0
3.0234429077344065,-0.030066628671419203,0.216,-0.01706932008450446,0.056140830993652344,0.10764766693115234,3,0,1,-0.01211258500884083,-0.023442907734406493,0.030066628671419203,0.784,0.004956735075663632,-0.03276946323949122,-0.022769613165119253,0.8848624000000003,0.01703978374331489,0,0,0,0,0,0,0,0
3.0283226660045544,-0.0192119798812094,0.174,-0.020088739690454997,0.07040662384033203,0.16404536437988282,3,0,1,-0.01211258500884083,-0.028322666004554353,0.0192119798812094,0.8260000000000001,0.007976154681614167,-0.040010159067759045,-0.04653996668369809,0.9333995850746271,0.021495943961989696,0,0,0,0,0,0,0,0
3.0330893819366733,-0.006093186982710155,0.149,-0.022846359908605954,0.06753347778320312,0.19817845153808594,3,0,1,-0.01211258500884083,-0.03308938193667332,0.006093186982710155,0.851,0.010733774899765125,-0.04299139744648509,-0.06813547295435801,0.8761617499999996,0.02366011967234774,0,0,0,0,0,0,0,0
3.03830849776732,0.006710908927097592,0.115,-0.027454029133870964,0.0738787841796875,0.1937997283935547,3,0,1,-0.01211258500884083,-0.03830849776732004,-0.006710908927097592,0.885,0.015341444125030135,-0.04766080952737159,-0.07174361615843848,0.9554724230769234,0.03660760978009941,0,0,0,0,0,0,0,0
3.0447916826252968,0.01912525523379993,0.084,-0.03167772592369733,0.09209941101074219,0.1888145294189453,3,0,1,-0.01211258500884083,-0.04479168262529676,-0.01912525523379993,0.916,0.0195651409148565,-0.05669686457437445,-0.07386953420696082,0.965272998507463,0.03847721609318351,0,0,0,0,0,0,0,0
3.0524782802200914,0.02920968748599532,0.077,-0.031031954100459336,0.11045014190673828,0.15484239196777344,3,0,1,-0.01211258500884083,-0.05247828022009138,-0.02920968748599532,0.923,0.018919369091618506,-0.06940916107294609,-0.07010371326327615,0.853636488888889,0.01584426517143758,0,0,0,0,0,0,0,0
3.0598691298133294,0.035370806540310315,0.066,-0.02707005669843232,0.10794195556640625,0.09581202697753906,3,0,1,-0.01211258500884083,-0.05986912981332937,-0.035370806540310315,0.9339999999999999,0.014957471689591492,-0.06905029400103038,-0.049368297891243,0.8872680865671637,-0.0027823674239623036,0,0,0,0,0,0,0,0
