0,0,0.47,0,-0.006915444850921631,0.00167836856842041,0,0,1,0,0,0,0.53,0,0,0,0.42400000000000004,0,0,0,0,0,0,0,0,0
-0.0010978851318359376,0.00030604613622029625,0.469,-0.0017802358370341276,-0.016468276977539064,0.004590692043304444,0,0,1,0,0.0010978851318359376,-0.00030604613622029625,0.531,0.0017802358370341276,0.006461345362677941,-0.001801162731592594,0.4336076303030304,0.00987221691446198,0,0,0,0,0,0,0,0
-0.0016941634637886106,0.0008306277446552386,0.472,-0.00017453292519931107,-0.008958168983459473,0.007852788925170898,0,0,1,0,0.0016941634637886106,-0.0008306277446552386,0.528,0.00017453292519931107,0.004010995568501486,-0.003197933182570511,0.4131827538461539,-0.007236403590961379,0,0,0,0,0,0,0,0
-0.0012702110757584159,0.0003087600914758767,0.472,-0.0010646508437165414,0.006360651969909668,-0.007826904773712158,0,0,1,0,0.0012702110757584159,-0.0003087600914758767,0.528,0.0010646508437165414,-0.0016807393758506406,0.0026986389318281365,0.43271580000000004,0.0052370785867660585,0,0,0,0,0,0,0,0
0.0012015585063437175,-0.00016540374346349699,0.478,-0.000820304748437195,0.0370840950012207,-0.007072979927062988,0,0,1,0,-0.0012015585063437175,0.00016540374346349699,0.522,0.000820304748437195,-0.013908444076902188,0.0026350545138492205,0.39900110769230773,-0.00030744646054440346,0,0,0,0,0,0,0,0
0.0031262543548626013,-0.0002917438069939722,0.483,-0.0003141592653589375,0.02887198257446289,-0.001871417760848999,0,0,1,0,-0.0031262543548626013,0.0002917438069939722,0.517,0.0003141592653589375,-0.011927042424120949,0.000825516948425705,0.4037462230769231,-0.0020218968103868657,0,0,0,0,0,0,0,0
0.007119370272134777,-0.0018873485391127953,0.493,-0.00041887902047865744,0.059904254913330075,-0.023915252685546874,0,0,1,0,-0.007119370272134777,0.0018873485391127953,0.507,0.00041887902047865744,-0.0244241842460688,0.009279539788847557,0.3738273940298507,0.0008877734463878511,0,0,0,0,0,0,0,0
0.013471834107900003,-0.0023062637557185964,0.504,-0.00013962634015940445,0.09528958129882813,-0.006243813991546631,0,0,1,0,-0.013471834107900003,0.0023062637557185964,0.496,0.00013962634015940445,-0.04204080841182107,0.003482508501616961,0.3592798888888889,-0.0011901483280275145,0,0,0,0,0,0,0,0
0.01853816430827396,-0.0027128576121741798,0.516,0.0006283185307179862,0.07599580383300782,-0.006088296890258789,0,0,1,0,-0.01853816430827396,0.0027128576121741798,0.484,-0.0006283185307179862,-0.03616164552394094,0.0035164686987575818,0.35034903636363635,-0.004118977034706125,0,0,0,0,0,0,0,0
0.02465221518882779,-0.004207835305784262,0.532,0.000034906585039906624,0.0916966552734375,-0.022482284545898436,0,0,1,0,-0.02465221518882779,0.004207835305784262,0.46799999999999997,-0.000034906585039906624,-0.045289604760101285,0.010160392985371141,0.31807355384615377,0.0027039177796281525,0,0,0,0,0,0,0,0
0.030080294333946843,-0.004773763053526642,0.55,0.0012042771838761677,0.08142089080810547,-0.008491758346557618,0,0,1,0,-0.030080294333946843,0.004773763053526642,0.44999999999999996,-0.0012042771838761677,-0.04432950256394448,0.005443883173631808,0.295829323076923,-0.006601372255428141,0,0,0,0,0,0,0,0
0.035369816136243674,-0.005704826731862319,0.571,0.0008726646259973323,0.0793259506225586,-0.014061495780944825,0,0,1,0,-0.035369816136243674,0.005704826731862319,0.42900000000000005,-0.0008726646259973323,-0.04540167307869203,0.007729699473478728,0.26912520746268714,0.0006121677227138706,0,0,0,0,0,0,0,0
0.04237750727070425,-0.006020226031468232,0.591,0.0020594885173533806,0.10511119842529297,-0.004822718143463135,0,0,1,0,-0.04237750727070425,0.006020226031468232,0.40900000000000003,-0.0020594885173533806,-0.06023200357866691,0.004779644712982383,0.2542922888888889,-0.007711030857144086,0,0,0,0,0,0,0,0
0.045739982695328286,-0.006197341915293412,0.607,0.001832595714594154,0.05043155288696289,-0.0027606072425842283,0,0,1,0,-0.045739982695328286,0.006197341915293412,0.393,-0.001832595714594154,-0.04111699176788273,0.004073713508900767,0.2690040538461538,-0.000785398163397724,0,0,0,0,0,0,0,0
0.049256297278564114,-0.005449544980331927,0.624,0.0026005405854717663,0.05276518630981445,0.011120275497436523,0,0,1,0,-0.049256297278564114,0.005449544980331927,0.376,-0.0026005405854717663,-0.04263987732356257,-0.0010432985439486437,0.25792041594202897,-0.005939431328417906,0,0,0,0,0,0,0,0
0.05184670803238516,-0.006302501879282016,0.641,0.002914699850830704,0.03882275772094727,-0.012895357131958008,0,0,1,0,-0.05184670803238516,0.006302501879282016,0.359,-0.002914699850830704,-0.04075413585219766,0.00799533958345847,0.23681035806451606,-0.00443482532837395,0,0,0,0,0,0,0,0
0.055197081949130075,-0.006553555661560643,0.657,0.003089232776030015,0.05024441909790039,-0.003912270545959473,0,0,1,0,-0.055197081949130075,0.006553555661560643,0.34299999999999997,-0.003089232776030015,-0.04560960077813121,0.00464145836818171,0.23739341515151507,-0.0038825642542087016,0,0,0,0,0,0,0,0
0.057759433504684474,-0.006475284629961693,0.674,0.003089232776030015,0.03843871688842773,0.0010553245544433593,0,0,1,0,-0.057759433504684474,0.006475284629961693,0.32599999999999996,-0.003089232776030015,-0.04317346825580893,0.0028470765153747212,0.21775954999999989,-0.003089232776030015,0,0,0,0,0,0,0,0
0.05867161271781632,-0.006508481161495662,0.686,0.004328416544946091,0.013681084632873534,-0.0005402145385742188,0,0,1,0,-0.05867161271781632,0.006508481161495662,0.31399999999999995,-0.004328416544946091,-0.034492735066363,0.0034720572954451963,0.2395643363636363,-0.009961070040019162,0,0,0,0,0,0,0,0
0.05944360690262232,-0.0075170296003500316,0.705,0.004049163864626838,0.011514323234558105,-0.015178207397460938,0,0,1,0,-0.05944360690262232,0.0075170296003500316,0.29500000000000004,-0.004049163864626838,-0.034301305256309,0.009320599476121294,0.18598245000000058,-0.0027401669256303393,0,0,0,0,0,0,0,0
0.06032490645382055,-0.008426275302905704,0.723,0.004310963252426082,0.013164159774780273,-0.01369210147857666,0,0,1,0,-0.06032490645382055,0.008426275302905704,0.277,-0.004310963252426082,-0.03523348449806102,0.009087041907667025,0.18186235454545452,-0.005500960469695374,0,0,0,0,0,0,0,0
0.05906966184652438,-0.009051018042563752,0.742,0.005270894341022903,-0.018868892669677735,-0.009289884567260742,0,0,1,0,-0.05906966184652438,0.009051018042563752,0.258,-0.005270894341022903,-0.026681975826895667,0.006246117947761823,0.21514371212121214,-0.00745255590601568,0,0,0,0,0,0,0,0
0.06072698505708052,-0.012906387118827732,0.753,0.005305800926062921,0.02455468559265137,-0.05796076583862304,0,0,1,0,-0.06072698505708052,0.012906387118827732,0.247,-0.005305800926062921,-0.04008454669761949,0.027944135760131723,0.19716748888888885,-0.0054720227595868145,0,0,0,0,0,0,0,0
0.05936739028129712,-0.014617300367368077,0.762,0.006003932626860498,-0.020529800415039063,-0.025555131912231445,0,0,1,0,-0.05936739028129712,0.014617300367368077,0.238,-0.006003932626860498,-0.022915091997128302,0.01660298633911786,0.2041640615384615,-0.009226078938233932,0,0,0,0,0,0,0,0
0.05840029065126961,-0.016797840604486376,0.77,0.005550147021342156,-0.014702609062194824,-0.03262041854858398,0,0,1,0,-0.05840029065126961,0.016797840604486376,0.22999999999999998,-0.005550147021342156,-0.024582937771261915,0.020232935761797372,0.2046436769230769,-0.0034557519189498086,0,0,0,0,0,0,0,0
0.05658937313090894,-0.019015941779453586,0.779,0.006405358354819369,-0.027348005294799804,-0.03312024307250976,0,0,1,0,-0.05658937313090894,0.019015941779453586,0.22099999999999997,-0.006405358354819369,-0.019170627309515055,0.021556597915239457,0.19349556153846148,-0.010352487586252658,0,0,0,0,0,0,0,0
0.055987137253960095,-0.02258207693434408,0.786,0.005148721293383508,-0.009375986099243163,-0.05343306732177734,0,0,1,0,-0.055987137253960095,0.02258207693434408,0.21399999999999997,-0.005148721293383508,-0.02546388011700007,0.03032227074318542,0.20064828787878786,0.0005632653495067702,0,0,0,0,0,0,0,0
0.053662951300870905,-0.026412610780039484,0.795,0.0023038346126326163,-0.03515816116333008,-0.057277748107910156,0,0,1,0,-0.053662951300870905,0.026412610780039484,0.20499999999999996,-0.0023038346126326163,-0.01539014651866156,0.033354162756906974,0.18492807462686564,0.010434463957893762,0,0,0,0,0,0,0,0
0.05285375451660326,-0.028219035085047237,0.806,-0.0006457718232377725,-0.012200345039367675,-0.027068328857421876,0,0,1,0,-0.05285375451660326,0.028219035085047237,0.19399999999999995,0.0006457718232377725,-0.022591540995724087,0.024462175838954034,0.16224902580645156,0.014918061029062235,0,0,0,0,0,0,0,0
0.050217954665395186,-0.030825910723096366,0.817,0.00012217304763972913,-0.039511737823486326,-0.03912865829467774,0,0,1,0,-0.050217954665395186,0.030825910723096366,0.18300000000000005,-0.00012217304763972913,-0.011681560673871806,0.02962511660583936,0.1575045307692314,-0.003666533990151275,0,0,0,0,0,0,0,0
0.049091710758361655,-0.03380942389132927,0.828,-0.0024958208303517133,-0.016899126052856445,-0.044750633239746096,0,0,1,0,-0.049091710758361655,0.03380942389132927,0.17200000000000004,0.0024958208303517133,-0.019278726493287844,0.03316689755493629,0.14982253076923077,0.014578869498004524,0,0,0,0,0,0,0,0
0.04629180184601308,-0.03526750435406437,0.839,-0.0036651914291879746,-0.04194391632080078,-0.02197595977783203,0,0,1,0,-0.04629180184601308,0.03526750435406437,0.16100000000000003,0.0036651914291879746,-0.009125713087064901,0.025586388311448712,0.14298256666666667,0.008980512332989162,0,0,0,0,0,0,0,0
0.043563665278107164,-0.03685162140367847,0.851,-0.003543018381548246,-0.040834682464599606,-0.023911582946777345,0,0,1,0,-0.043563665278107164,0.03685162140367847,0.14900000000000002,0.003543018381548246,-0.008801331644888015,0.026707005915505823,0.13187443478260868,0.003011831217897252,0,0,0,0,0,0,0,0
0.039580705565041965,-0.038659555154067604,0.862,-0.0031241393610697,-0.059647937774658204,-0.027330511093139647,0,0,1,0,-0.039580705565041965,0.038659555154067604,0.138,0.0031241393610697,0.002180677620055624,0.029972569151807377,0.12167104590163931,0.0010640786046178345,0,0,0,0,0,0,0,0
0.037518939021309164,-0.04085562809429003,0.872,-0.003944444109507117,-0.030823434829711914,-0.03303755187988281,0,0,1,0,-0.037518939021309164,0.04085562809429003,0.128,0.003944444109507117,-0.008896202087822594,0.032196611343714016,0.1254045940298507,0.007617450445794059,0,0,0,0,0,0,0,0
0.03455488786111233,-0.04206726996538356,0.882,-0.004415683007545578,-0.04438873291015625,-0.0183498592376709,0,0,1,0,-0.03455488786111233,0.04206726996538356,0.118,0.004415683007545578,-0.0017394174404745527,0.028088255565578896,0.11483124444444441,0.006659677760109678,0,0,0,0,0,0,0,0
0.032116036080988355,-0.04331790508135664,0.891,-0.004258603374866054,-0.03649958419799805,-0.018920881271362305,0,0,1,0,-0.032116036080988355,0.04331790508135664,0.10899999999999999,0.004258603374866054,-0.0038755390477954853,0.028744575119579813,0.11543376153846152,0.003533620454806711,0,0,0,0,0,0,0,0
0.029076579575073196,-0.044062460288417316,0.901,-0.0038222710618674985,-0.04554387283325195,-0.011362383842468262,0,0,1,0,-0.029076579575073196,0.044062460288417316,0.09899999999999998,0.0038222710618674985,0.0006110498022010875,0.026360143686213384,0.10351839696969697,0.0018389423664195203,1426165481007,0,0,0,0,0,0,0
0.02544539508975169,-0.04371209399102318,0.91,-0.0031764992386295035,-0.05448745727539062,0.005047266006469727,0,0,1,0,-0.02544539508975169,0.04371209399102318,0.08999999999999997,0.0031764992386295035,0.0058443044264816744,0.020378386818089532,0.1014721615384615,0.00019601390060798802,1426165481007,0,0,0,0,0,0,0
0.020448903204455356,-0.04562894641650861,0.918,-0.0045553093477049824,-0.07485566711425781,-0.028990711212158203,0,0,1,0,-0.020448903204455356,0.04562894641650861,0.08199999999999996,0.0045553093477049824,0.015273070125547504,0.03341864238945269,0.10165065757575756,0.010822628025320795,1426165481007,0,0,0,0,0,0,0
0.015195214433851916,-0.046018319002986204,0.924,-0.004520402762665298,-0.07877790832519531,-0.006199509620666504,0,0,1,0,-0.015195214433851916,0.046018319002986204,0.07599999999999996,0.004520402762665298,0.02012475216127765,0.025607035240366383,0.10694879999999996,0.004356778145291776,1426165481007,0,0,0,0,0,0,0
0.011164306159184997,-0.047271679475851834,0.931,-0.005358160803622502,-0.06037802124023438,-0.01907353401184082,0,0,1,0,-0.011164306159184997,0.047271679475851834,0.06899999999999995,0.005358160803622502,0.015106729745115025,0.030883924820820245,0.09691749230769228,0.009224736377271135,1426165481007,0,0,0,0,0,0,0
0.0050632809820626455,-0.047715495668214,0.936,-0.00635299847725923,-0.0914783935546875,-0.007147499084472656,0,0,1,-0.005358160803622502,-0.0050632809820626455,0.047715495668214,0.06399999999999995,0.0009948376736367281,-0.0025316404910313227,0.023857747834107,0.05119999999999996,0.0009948376736367281,1426165481007,0,0,0,0,0,0,0
0.0026592087474689627,-0.04837723928253361,0.941,-0.009162978572970104,-0.03599729537963867,-0.010155048370361328,0,0,1,-0.005358160803622502,-0.0026592087474689627,0.04837723928253361,0.05900000000000005,0.0038048177693476024,0.012024677183608405,0.027895450714901515,0.019793922222222867,0.01718567536797081,1426165481397,0,0,0,0,0,0,0
-0.0018862140969113418,-0.048489856442760104,0.945,-0.011379546723003009,-0.06816300201416016,-0.0023139219284057616,0,0,1,-0.005358160803622502,0.0018862140969113418,0.048489856442760104,0.05500000000000005,0.006021385919380507,0.02504719173208367,0.024904621400702587,0.02352257878787881,0.016096695692257346,1426165481463,0,0,0,0,0,0,0
-0.004805762950256487,-0.049099729737991725,0.947,-0.011501719770642516,-0.04368629837036133,-0.009645843505859375,0,0,1,-0.005358160803622502,0.004805762950256487,0.049099729737991725,0.05300000000000005,0.006143558967020014,0.018371809554940725,0.027979014245326318,0.032536400000000035,0.006716245127830201,1426165481527,0,0,0,0,0,0,0
-0.007727489108903892,-0.051385665384755724,0.953,-0.012740903539558479,-0.043428619384765624,-0.034790828704833986,0,0,1,-0.005358160803622502,0.007727489108903892,0.051385665384755724,0.04700000000000004,0.007382742735935977,0.019603784333939975,0.038129022419716635,0.00667170769230771,0.013102052438625039,1426165481592,0,0,0,0,0,0,0
-0.011616661559259488,-0.053265047167767615,0.957,-0.01352630170295599,-0.05797368621826172,-0.028931692123413087,0,0,1,-0.005358160803622502,0.011616661559259488,0.053265047167767615,0.04300000000000004,0.008168140899333487,0.026448065290207205,0.036761402536822335,0.014851078787878811,0.011738132551140349,1426165481658,0,0,0,0,0,0,0
-0.014627654004327622,-0.05417797546007915,0.962,-0.014084807063594051,-0.044975532531738284,-0.014303566932678223,0,0,1,-0.005358160803622502,0.014627654004327622,0.05417797546007915,0.038000000000000034,0.008726646259971549,0.02355170637257231,0.03220243154858333,0.00538712307692309,0.011304363309070295,1426165481723,0,0,0,0,0,0,0
-0.01819804817744163,-0.055906168714847916,0.962,-0.013613568165555591,-0.05318549346923828,-0.026674627304077148,0,0,1,-0.005358160803622502,0.01819804817744163,0.055906168714847916,0.038000000000000034,0.00825540736193309,0.028069786422038254,0.037352319719019485,0.03256100000000003,0.0061134123708491885,1426165481789,0,0,0,0,0,0,0
-0.01956715133558558,-0.05737181741886178,0.962,-0.013770647798235338,-0.020235363006591796,-0.022262260437011717,0,0,1,-0.005358160803622502,0.01956715133558558,0.05737181741886178,0.038000000000000034,0.008412486994612837,0.01732023538027835,0.036972467184718964,0.03280420000000003,0.009148797772799148,1426165481853,0,0,0,0,0,0,0
-0.022235017694276382,-0.05969223189869578,0.963,-0.014765485471871844,-0.039534912109375,-0.035353973388671876,0,0,1,-0.005358160803622502,0.022235017694276382,0.05969223189869578,0.03700000000000003,0.009407324668249343,0.025546772664129597,0.0426507475320928,0.02686008461538464,0.013998883161956294,1426165481918,0,0,0,0,0,0,0
-0.025470679845689244,-0.059930292629912583,0.966,-0.015498523757709548,-0.04847691726684571,-0.004287137508392334,0,0,1,-0.005358160803622502,0.025470679845689244,0.059930292629912583,0.03400000000000003,0.010140362954087045,0.030238521642546826,0.031596058556894936,0.013911853846153864,0.013523616581030289,1426165481983,0,0,0,0,0,0,0
-0.02632529808385601,-0.06105859163199602,0.966,-0.01727875959474368,-0.012555439949035645,-0.017121124267578124,0,0,1,-0.005358160803622502,0.02632529808385601,0.06105859163199602,0.03400000000000003,0.011920598791121177,0.017861936518674966,0.03699348683177933,0.03028670000000003,0.02013707188512486,1426165482048,0,0,0,0,0,0,0
-0.026385309743268512,-0.060333509168059844,0.966,-0.017278759594743683,-0.001087959051132202,0.010859060287475585,0,0,1,-0.005358160803622502,0.026385309743268512,0.060333509168059844,0.03400000000000003,0.01192059879112118,0.013621323735903188,0.026808168671297223,0.03051450000000003,0.011920598791121196,1426165482115,0,0,0,0,0,0,0
-0.02497577663664731,-0.06053966551657806,0.97,-0.017174039839623963,0.02119326972961426,-0.0027265770435333254,0,0,1,-0.005358160803622502,0.02497577663664731,0.06053966551657806,0.030000000000000027,0.01181587903600146,0.0051447506744364555,0.031832200602743395,0.006300378787878799,0.011339880149093642,1426165482181,0,0,0,0,0,0,0
-0.02505142756570284,-0.06117616703354968,0.97,-0.01792453141798168,-0.0009706351161003113,-0.00956560230255127,0,0,1,-0.005358160803622502,0.02505142756570284,0.06117616703354968,0.030000000000000027,0.012566370614359178,0.013087121848415382,0.03457721841571508,0.027704500000000028,0.016084299887910984,1426165482245,0,0,0,0,0,0,0
-0.023819601062480086,-0.06038485589906127,0.97,-0.01921607506445745,0.018261682510375975,0.012198941230773926,0,0,1,-0.005358160803622502,0.023819601062480086,0.06038485589906127,0.030000000000000027,0.013857914260834946,0.005336185933712126,0.026411858718574224,0.027896500000000025,0.01991202510369011,1426165482309,0,0,0,0,0,0,0
-0.02183944742675338,-0.05896622139997373,0.971,-0.019826940302655426,0.02928793716430664,0.021846315383911134,0,0,1,-0.005358160803622502,0.02183944742675338,0.05896622139997373,0.029000000000000026,0.014468779499032924,0.0004344902153394902,0.022429551130740997,0.02190038461538464,0.017288157521485128,1426165482374,0,0,0,0,0,0,0
-0.02061370644356691,-0.05640676138934025,0.972,-0.01998401993533495,0.017621356964111327,0.038748870849609374,0,0,1,-0.005358160803622502,0.02061370644356691,0.05640676138934025,0.028000000000000025,0.014625859131712448,0.004094672098865757,0.015456101316104195,0.021448719402985095,0.01532920077057599,1426165482441,0,0,0,0,0,0,0
-0.019205122531194743,-0.05598210582495561,0.974,-0.02216568150032795,0.02099725341796875,0.006790771007537842,0,0,1,-0.005358160803622502,0.019205122531194743,0.05598210582495561,0.026000000000000023,0.016807520696705446,0.001980137729062739,0.026290158169050785,0.014125288888888907,0.0271963852919102,1426165482504,0,0,0,0,0,0,0
-0.017600990529653048,-0.05467004317795065,0.977,-0.023212879051524596,0.023619863510131837,0.02020941162109375,0,0,1,-0.005358160803622502,0.017600990529653048,0.05467004317795065,0.02300000000000002,0.017854718247902093,0.0003773446975262676,0.020963907238886546,0.00683205384615386,0.02268793771496354,1426165482569,0,0,0,0,0,0,0
-0.015271198623151554,-0.05447551313175043,0.978,-0.024172810140121417,0.03486973571777344,0.0037283093929290773,0,0,1,-0.005358160803622502,0.015271198623151554,0.05447551313175043,0.02200000000000002,0.018814649336498915,-0.004685024464864497,0.02691953453442454,0.01694428461538463,0.02324510051463809,1426165482634,0,0,0,0,0,0,0
-0.015700898220801875,-0.05475538849566139,0.979,-0.025673793296836403,-0.006342140197753907,-0.0043526945114135745,0,0,1,-0.005358160803622502,0.015700898220801875,0.05475538849566139,0.02100000000000002,0.0203156324932139,0.010330077669179575,0.029605663289328666,0.016445719402985094,0.027036452597907865,1426165482701,0,0,0,0,0,0,0
-0.015324723198286426,-0.054953351375781834,0.979,-0.02796017461694901,0.0057169942855834965,-0.002823612928390503,0,0,1,-0.005358160803622502,0.015324723198286426,0.054953351375781834,0.02100000000000002,0.022602013813326507,0.005881694023745382,0.029344282894545534,0.021806100000000023,0.033154542983077004,1426165482766,0,0,0,0,0,0,0
-0.014579590108402018,-0.05476654931882399,0.98,-0.02904227875318556,0.011094292640686036,0.003113405704498291,0,0,1,-0.005358160803622502,0.014579590108402018,0.05476654931882399,0.020000000000000018,0.023684117949563058,0.0034690696447119288,0.02719840473876315,0.015665350000000015,0.028756481088171887,1426165482830,0,0,0,0,0,0,0
-0.01348643258493804,-0.0545002865807935,0.983,-0.029775317039023044,0.016274471282958985,0.004468406677246094,0,0,1,-0.005358160803622502,0.01348643258493804,0.0545002865807935,0.017000000000000015,0.02441715623540054,0.0011199708308133136,0.026688549869464798,0.002690753846153856,0.027800409862342775,1426165482895,0,0,0,0,0,0,0
-0.012313676940669026,-0.054749399913295214,0.984,-0.030647981665020377,0.01769478225708008,-0.0032113335132598875,0,0,1,-0.005358160803622502,0.012313676940669026,0.054749399913295214,0.016000000000000014,0.025289820861397874,0.00020879413450342922,0.02960401912635271,0.012847169696969713,0.02925647825229484,1426165482961,0,0,0,0,0,0,0
-0.00965293934302816,-0.05598912526089819,0.98,-0.030595621787460572,0.040462158203125,-0.017364145278930664,0,0,1,-0.005358160803622502,0.00965293934302816,0.05598912526089819,0.020000000000000018,0.02523746098383807,-0.00944714680062754,0.03571840728387949,0.043353200000000036,0.024992024057776487,1426165483025,0,0,0,0,0,0,0
-0.0068703177878313496,-0.05761987371436248,0.979,-0.0322885911618951,0.04246807861328125,-0.023172937393188476,0,0,1,-0.005358160803622502,0.0068703177878313496,0.05761987371436248,0.02100000000000002,0.026930430358272597,-0.011039340860461492,0.038439971097900254,0.027719830303030327,0.03462574569661136,1426165483091,0,0,0,0,0,0,0
-0.005221534462174057,-0.05704205359014388,0.98,-0.033492868345771046,0.02443905258178711,0.009461198806762695,0,0,1,-0.005358160803622502,0.005221534462174057,0.05704205359014388,0.020000000000000018,0.028134707542148543,-0.006120848124348668,0.026379705680427253,0.016276050000000018,0.03377975684156704,1426165483155,0,0,0,0,0,0,0
-0.004729499907513047,-0.05687623857510958,0.978,-0.034278266509168445,0.007293090343475341,0.002732978820800781,0,0,1,-0.005358160803622502,0.004729499907513047,0.05687623857510958,0.02200000000000002,0.028920105705545943,0.00008275741229265198,0.028628661217344482,0.03393996119402988,0.03243681389986266,1426165483222,0,0,0,0,0,0,0
-0.0030131285258969045,-0.057054745276563776,0.978,-0.03433062638672847,0.02582221221923828,-0.001793686866760254,3,0,1,0,3.0030131285258967,0.057054745276563776,0.02200000000000002,0.03433062638672847,1.5015065642629484,0.028527372638281888,0.017600000000000015,0.03433062638672847,0,0,0,0,0,0,0,0
-0.0006311824750763156,-0.05730090125740284,0.98,-0.035377823937925115,0.035834873199462894,-0.0024637994766235354,3,0,1,0,3.000631182475076,0.05730090125740284,0.020000000000000018,0.035377823937925115,1.4894401381555746,0.03001315149595987,0.005360769230769238,0.040211043404986546,0,0,0,0,0,0,0,0
0.0007158705308053847,-0.057397627737525166,0.98,-0.036267941856442124,0.02024447059631348,-0.0007353013753890991,3,0,1,0,2.9992841294691948,0.057397627737525166,0.020000000000000018,0.036267941856442124,1.4962886473479995,0.029294202805575636,0.016260000000000014,0.0403761784034437,0,0,0,0,0,0,0,0
0.004037916595685152,-0.05812217898523786,0.981,-0.03736749928519846,0.0501920051574707,-0.009054261207580567,3,0,1,0,2.995962083404315,0.05812217898523786,0.019000000000000017,0.03736749928519846,1.4859404216597818,0.03307485274818208,0.010198884615384625,0.04244237972561232,0,0,0,0,0,0,0,0
0.0064712191152139255,-0.057165822846395514,0.981,-0.039671333897830965,0.035938133239746095,0.015698906898498535,3,0,1,0,2.993528780884786,0.057165822846395514,0.019000000000000017,0.039671333897830965,1.491683562747252,0.02366138874169347,0.015708900000000015,0.050143309409796895,0,0,0,0,0,0,0,0
0.01681671329273253,-0.05727060380615543,0.981,-0.041626102660064626,0.15512265014648438,0.004584200859069824,3,0,1,0,2.9831832867072676,0.05727060380615543,0.019000000000000017,0.041626102660064626,1.4447470086761827,0.029395038866466425,0.015830500000000015,0.05078908123303491,0,0,0,0,0,0,0,0
0.029660450687824892,-0.05616377414112765,0.978,-0.042236967898262714,0.19179827880859374,0.024605268478393554,3,0,1,0,2.970339549312175,0.05616377414112765,0.02200000000000002,0.042236967898262714,1.4276741959954173,0.022345257570999952,0.03452734615384618,0.04505634592071543,0,0,0,0,0,0,0,0
0.05010287495800721,-0.05566998299462069,0.978,-0.04333652532701916,0.30605014038085937,0.020347801208496094,3,0,1,0,2.9498971250419928,0.05566998299462069,0.02200000000000002,0.04333652532701916,1.3801517065642521,0.025476366815685714,0.018518700000000016,0.04833451363954847,0,0,0,0,0,0,0,0
0.07903861211213413,-0.0541169563762077,0.979,-0.04365068459237811,0.43261932373046874,0.042077255249023435,3,0,1,0,2.920961387887866,0.0541169563762077,0.02100000000000002,0.04365068459237811,1.320181442816196,0.018991167919194425,0.01247058461538463,0.045100650432496316,0,0,0,0,0,0,0,0
0.11480415776750143,-0.05301394286014193,0.98,-0.045029494701453586,0.5352501831054688,0.039939865112304684,3,0,1,0,2.8851958422324984,0.05301394286014193,0.020000000000000018,0.045029494701453586,1.2703449422748554,0.020987787285324286,0.011884169696969711,0.0512968133790694,0,0,0,0,0,0,0,0
0.1536224567040085,-0.049157122711845566,0.984,-0.044558255803415124,0.579080078125,0.08400432586669922,3,0,1,0,2.8463775432959917,0.049157122711845566,0.016000000000000014,0.044558255803415124,1.2301356745401186,0.003848166684064701,-0.007785400000000005,0.042349323468859834,0,0,0,0,0,0,0,0
0.20289529221544483,-0.046590676768883246,0.989,-0.04392993727269714,0.7366441650390625,0.07138025665283203,3,0,1,0,2.797104707784555,0.046590676768883246,0.01100000000000001,0.04392993727269714,1.1542896790149761,0.009867888530220416,-0.016761976923076932,0.04103000559246028,0,0,0,0,0,0,0,0
0.2600461658733038,-0.04362468478088425,0.989,-0.04209734155810309,0.8544822387695312,0.0820943603515625,3,0,1,0,2.739953834126696,0.04362468478088425,0.01100000000000001,0.04209734155810309,1.0850750067744164,0.006261846800361775,0.010232600000000008,0.033639207490745934,0,0,0,0,0,0,0,0
0.32537789299117814,-0.04053322474179882,0.99,-0.04021238596594924,0.9771561279296875,0.08757301330566407,3,0,1,0,2.6746221070088216,0.04053322474179882,0.010000000000000009,0.04021238596594924,1.0100968981849523,0.004066866178743526,0.00411298461538462,0.03151259092523918,0,0,0,0,0,0,0,0
0.3936220360021982,-0.03753773795725958,0.988,-0.03750712562535809,1.0210282592773436,0.08604878234863281,3,0,1,0,2.6063779639978017,0.03753773795725958,0.01200000000000001,0.03750712562535809,0.9675805006863093,0.0033550637901703442,0.021782860606060626,0.02521048771358012,0,0,0,0,0,0,0,0
0.46779515388519816,-0.03512606734650013,0.985,-0.03464478565208741,1.110457763671875,0.07787014007568359,3,0,1,0,2.532204846114802,0.03512606734650013,0.015000000000000013,0.03464478565208741,0.8946469216088644,0.005071298945984159,0.02982814615384618,0.021433985775453513,0,0,0,0,0,0,0,0
0.5478489696208689,-0.03306395321634613,0.984,-0.03317870908041211,1.1990152587890626,0.07250653839111328,3,0,1,0,2.452151030379131,0.03306395321634613,0.016000000000000014,0.03317870908041211,0.8177887972737128,0.005770134835006019,0.02004545000000002,0.026306475150684135,0,0,0,0,0,0,0,0
0.633676369273545,-0.03043249574296481,0.985,-0.0316079127536172,1.28539306640625,0.08215693664550781,3,0,1,0,2.366323630726455,0.03043249574296481,0.015000000000000013,0.0316079127536172,0.7590858746596716,0.0017969794723087379,0.008572669696969706,0.02446792945000397,0,0,0,0,0,0,0,0
0.7227598957544986,-0.027381240672324288,0.984,-0.03021164935202182,1.3341390380859375,0.08797509765625,3,0,1,0,2.2772401042455015,0.027381240672324288,0.016000000000000014,0.03021164935202182,0.6914890914702532,-0.002185986529854498,0.020164315384615404,0.02376735672927393,0,0,0,0,0,0,0,0
0.8165424791313777,-0.023698699412042588,0.984,-0.029077185338225463,1.40442822265625,0.09770634460449219,3,0,1,0,2.183457520868622,0.023698699412042588,0.016000000000000014,0.029077185338225463,0.6358322258855156,-0.0068186998729250735,0.014886900000000015,0.02399749572421192,0,0,0,0,0,0,0,0
0.9196701608424511,-0.018469089122947396,0.99,-0.027419122548830843,1.543980712890625,0.12338459777832031,3,0,1,0,2.0803298391575487,0.018469089122947396,0.010000000000000009,0.027419122548830843,0.5115293044100203,-0.01878396023163085,-0.022661600000000018,0.019646953223543557,0,0,0,0,0,0,0,0
1.0260044473045378,-0.013868178372958662,0.991,-0.0263544717051143,1.592522705078125,0.11271613311767578,3,0,1,0,1.9739955526954622,0.013868178372958662,0.009000000000000008,0.0263544717051143,0.49205203511286555,-0.015479830363218485,0.004413900000000006,0.021791682374900555,0,0,0,0,0,0,0,0
1.138985008423372,-0.006561236318721405,0.991,-0.026040312439755253,1.691231689453125,0.1542240447998047,3,0,1,0,1.861014991576628,0.006561236318721405,0.009000000000000008,0.026040312439755253,0.29810751805480973,-0.03947114293440676,0.009467000000000008,0.024442892446404157,0,0,0,0,0,0,0,0
1.2524912259128396,-0.00010381501670806564,0.989,-0.024172810140121414,1.6994940185546874,0.14115953063964845,3,0,1,0,1.7475087740871604,0.00010381501670806564,0.01100000000000001,0.024172810140121414,0.3108045218260792,-0.03359741948807117,0.021745660606060625,0.015684163323603964,0,0,0,0,0,0,0,0
1.371562865731661,0.007091490109778156,0.988,-0.023404865269243912,1.782944091796875,0.1510682830810547,3,0,1,0,1.628437134268339,-0.007091490109778156,0.01200000000000001,0.023404865269243912,0.20306478235241587,-0.04230503467144593,0.01748515000000002,0.019805123687005623,0,0,0,0,0,0,0,0
1.4921902941227496,0.013215067988392965,0.987,-0.022375121010567166,1.8067662353515626,0.13417367553710938,3,0,1,0,1.5078097058772504,-0.013215067988392965,0.013000000000000012,0.022375121010567166,0.1830862271583089,-0.037088244017703706,0.01797856376811596,0.017897972059798706,0,0,0,0,0,0,0,0
1.620668187267991,0.01708224229238664,0.985,-0.023003439541285153,1.92538818359375,0.10111012268066406,3,0,1,0,1.379331812732009,-0.01708224229238664,0.015000000000000013,0.023003439541285153,0.017828446553388666,-0.0294552677506886,0.025711711111111132,0.025995432544704135,0,0,0,0,0,0,0,0
1.7627666826899362,0.022292905640722414,0.982,-0.021275563581810937,2.12911572265625,0.127166259765625,3,0,1,0,1.2372333173100638,-0.022292905640722414,0.018000000000000016,0.021275563581810937,-0.08093135490558223,-0.037811117145730086,0.0327928417910448,0.01353880555431445,0,0,0,0,0,0,0,0
1.9102869218414447,0.025963126920220868,0.963,-0.0202632726156542,2.211131591796875,0.10211595153808593,3,0,1,0,1.0897130781585553,-0.025963126920220868,0.03700000000000003,0.0202632726156542,-0.24448582287038922,-0.033161432855164666,0.13980866451612917,0.015365090521347408,0,0,0,0,0,0,0,0
2.054358171817325,0.028234329506136066,0.947,-0.018832102629018695,2.159934814453125,0.07784837341308594,3,0,1,0,0.9456418281826751,-0.028234329506136066,0.05300000000000005,0.018832102629018695,-0.2588995061736792,-0.02582594775405559,0.13184894615384626,0.012226702690700978,0,0,0,0,0,0,0,0
2.1998573816168987,0.029556149235970042,0.927,-0.017872171540421873,2.181727783203125,0.06092219161987305,3,0,1,0,0.8001426183831013,-0.029556149235970042,0.07299999999999995,0.017872171540421873,-0.3388180328067896,-0.021394007583230918,0.16986190769230716,0.013441720362282698,0,0,0,0,0,0,0,0
2.340053776591578,0.02770723590153545,0.928,-0.01647590813882639,2.103105712890625,0.009852938652038574,3,0,1,0,0.6599462234084221,-0.02770723590153545,0.07199999999999995,0.01647590813882639,-0.3573860102679465,-0.0037121214178004423,0.05662811940298503,0.010223982460040637,0,0,0,0,0,0,0,0
2.4813450645235084,0.023418220675416105,0.947,-0.01537635071006994,2.1201416015625,-0.029409542083740234,3,0,1,0,0.5186549354764916,-0.023418220675416105,0.05300000000000005,0.01537635071006994,-0.48028727376673086,0.012586992590248383,-0.05856965555555497,0.010140362954086855,0,0,0,0,0,0,0,0
2.6213543312143996,0.019765631250334557,0.97,-0.013247049022636858,2.100733154296875,-0.02249116325378418,3,0,1,0,0.37864566878560035,-0.019765631250334557,0.030000000000000027,0.013247049022636858,-0.5075637853157886,0.009942172024569717,-0.09318579696969703,0.003568404988850119,0,0,0,0,0,0,0,0
2.748049416188031,0.015191258670009233,0.984,-0.010908307824964448,1.90116845703125,-0.04343526458740234,3,0,1,0,0.2519505838119689,-0.015191258670009233,0.016000000000000014,0.010908307824964448,-0.5104784796604487,0.01748092856184391,-0.05769671538461542,0.00011411768186101942,0,0,0,0,0,0,0,0
2.8597793694669864,0.008546778300062336,0.995,-0.008866272600131076,1.676936767578125,-0.08137986755371093,3,0,1,0,0.1402206305330136,-0.008546778300062336,0.0050000000000000044,0.008866272600131076,-0.4856708345341313,0.031944347592730786,-0.05031036923076927,-0.0005585053606383308,0,0,0,0,0,0,0,0
2.9546037098612836,0.001854520327277098,1.004,-0.00600393262686051,1.42319921875,-0.08776901245117187,3,0,1,0,0.04539629013871638,-0.001854520327277098,-0.0040000000000000036,0.00600393262686051,-0.43428656840738616,0.03500052819829268,-0.046033272727272756,-0.00700670361527843,1426165485631,0,0,0,0,0,0,0
3.0395631709497817,-0.0059482791269323725,1.011,-0.003141592653589721,1.2750716552734376,-0.10938856506347656,3,0,1,0,-0.03956317094978168,0.0059482791269323725,-0.010999999999999899,0.003141592653589721,-0.4385573216329482,0.04608804751387043,-0.04225764999999934,-0.010275625971117102,1426165485631,0,0,0,0,0,0,0
3.1051115696982445,-0.01265230240745588,1.016,-0.0001221730476395188,0.9835370483398438,-0.09747096252441406,3,0,1,0,-0.10511156969824453,0.01265230240745588,-0.016000000000000014,0.0001221730476395188,-0.3597307070376366,0.04287531053061557,-0.03500347692307755,-0.013813609749053721,0,0,0,0,0,0,0,0
3.1575089936978253,-0.0192192412205286,1.019,0.002652900463031448,0.785973388671875,-0.0984080581665039,3,0,1,0,-0.15750899369782534,0.0192192412205286,-0.018999999999999906,-0.002652900463031448,-0.3152188589278119,0.045433125311517955,-0.02675774615384549,-0.015460932050743602,0,0,0,0,0,0,0,0
3.1945118335700124,-0.024530673117139606,1.024,0.004642575810305015,0.5548292846679688,-0.08114366912841797,3,0,1,0,-0.19451183357001245,0.024530673117139606,-0.02400000000000002,-0.004642575810305015,-0.25095279702360607,0.04134436433947883,-0.04168297692307756,-0.01382569279772148,0,0,0,0,0,0,0,0
3.2206398795432407,-0.03172760560259714,1.035,0.006614797865058575,0.391415283203125,-0.1097723388671875,3,0,1,0,-0.2206398795432407,0.03172760560259714,-0.03499999999999992,-0.006614797865058575,-0.19940338384615797,0.05340742230080851,-0.08041554705882294,-0.0153157775183831,0,0,0,0,0,0,0,0
3.229159306746992,-0.03617585038480502,1.038,0.009232791743050129,0.12734725189208984,-0.06756752014160156,3,0,1,0,-0.22915930674699192,0.03617585038480502,-0.038000000000000034,-0.009232791743050129,-0.11665502937514871,0.04332377163830123,-0.04310396666666732,-0.02169942925729563,0,0,0,0,0,0,0,0
3.228419711024662,-0.03919574037555738,1.043,0.011815879036001665,-0.01151168727874756,-0.0451939926147461,3,0,1,0,-0.22841971102466196,0.03919574037555738,-0.04299999999999993,-0.011815879036001665,-0.065121114689345,0.036407668956706704,-0.05763987692307629,-0.023737820388085674,0,0,0,0,0,0,0,0
3.21814524864458,-0.04069339403276627,1.051,0.01481784534943197,-0.1543716125488281,-0.02064225196838379,3,0,1,0,-0.21814524864457985,0.04069339403276627,-0.050999999999999934,-0.01481784534943197,-0.008784088215334385,0.028986289310813776,-0.08052522307692306,-0.028673074488341076,0,0,0,0,0,0,0,0
3.2004302762071593,-0.040655449592649204,1.055,0.016301375213627175,-0.2656869812011719,0.004506425857543945,3,0,1,0,-0.20043027620715925,0.040655449592649204,-0.05499999999999994,-0.016301375213627175,0.038560121473625045,0.020728640248281572,-0.06222342121212118,-0.023044692778150827,0,0,0,0,0,0,0,0
3.172103451095203,-0.03951989417749442,1.045,0.017592918860102835,-0.42456826782226564,0.02395725440979004,3,0,1,0,-0.17210345109520286,0.03951989417749442,-0.04499999999999993,-0.017592918860102835,0.10888492205623687,0.01436628140929768,0.01972200303030313,-0.02346357179862856,0,0,0,0,0,0,0,0
3.144019890028397,-0.03880982963714576,1.036,0.01759291886010284,-0.4210008544921875,0.018060014724731444,3,0,1,0,-0.14401989002839688,0.03880982963714576,-0.03600000000000003,-0.01759291886010284,0.12863774180605517,0.016112781107193688,0.0236648999999994,-0.017592918860102856,0,0,0,0,0,0,0,0
3.114692609811782,-0.039418603451943465,1.029,0.0179768912955417,-0.4400017700195312,-0.0013913064002990722,3,0,1,0,-0.1146926098117822,0.039418603451943465,-0.028999999999999915,-0.0179768912955417,0.14512317225681698,0.02366560595768407,0.01676870769230839,-0.019749071766797986,0,0,0,0,0,0,0,0
3.0798834156714094,-0.03901131978690043,1.018,0.017558012275063043,-0.5219437255859375,0.015494178771972657,3,0,1,0,-0.07988341567140944,0.03901131978690043,-0.018000000000000016,-0.017558012275063043,0.19199384315782195,0.01801624274542003,0.046990169230768666,-0.01562472448823847,1426165486476,0,0,0,0,0,0,0
3.0481578634862703,-0.03696189947383717,1.008,0.018116517635701327,-0.47527020263671876,0.03909170150756836,3,0,1,0,-0.04815786348627027,0.03696189947383717,-0.008000000000000007,-0.018116517635701327,0.18863227738433805,0.008340855307414092,0.048736903030303064,-0.020655178365875344,1426165486476,0,0,0,0,0,0,0
3.019953333607046,-0.036327183929991416,1.001,0.01848303677862007,-0.4228260498046875,0.017183269500732422,3,0,1,0,-0.019953333607046098,0.036327183929991416,-0.0009999999999998899,-0.01848303677862007,0.18404928513785662,0.015549695737886927,0.03842121212121283,-0.02014903288279617,1426165486476,0,0,0,0,0,0,0
2.992744242714962,-0.0360755376256751,0.993,0.018919369091618624,-0.40799688720703126,0.011317219734191895,3,0,1,0,0.0072557572850380225,0.0360755376256751,0.007000000000000006,-0.018919369091618624,0.19688871345239675,0.017436685965897737,0.05149479999999944,-0.020964676808799352,1426165486476,0,0,0,0,0,0,0
2.968953582239148,-0.036774594566819564,0.99,0.020193459445574605,-0.35699441528320314,-0.003732815980911255,3,0,1,0,0.03104641776085204,0.036774594566819564,0.010000000000000009,-0.020193459445574605,0.18810806445399259,0.022950461409676912,0.026363646153846176,-0.02607387646383298,1426165486476,0,0,0,0,0,0,0
2.9540845099871857,-0.0372508412330176,0.988,0.020472712125893636,-0.22313485717773437,-0.0026386795043945315,3,0,1,0.020193459445574605,0.04591549001281425,0.0372508412330176,0.01200000000000001,-0.00027925268031903094,0.022957745006407126,0.0186254206165088,0.00960000000000001,-0.00027925268031903094,1426165486476,0,0,0,0,0,0,0
2.9392325834848734,-0.03753879142940768,0.986,0.02296853295624546,-0.2228206329345703,0.00024222183227539062,3,0,1,0.020193459445574605,0.06076741651512663,0.03753879142940768,0.014000000000000012,-0.0027750735106708557,0.11039511901382631,0.020344296986618,0.02206023076923079,-0.014294246573833123,1426165486868,0,0,0,0,0,0,0
2.930917717761358,-0.03765009384624181,0.984,0.024574235868080278,-0.12472843170166016,0.0011953562498092651,3,0,1,0.020193459445574605,0.0690822822386421,0.03765009384624181,0.016000000000000014,-0.004380776422505672,0.07872021914376393,0.019464536288760444,0.023602660606060626,-0.011679426021754837,1426165486934,0,0,0,0,0,0,0
2.925783109272865,-0.03808029325227981,1,0.02649409804527403,-0.07715443420410156,-0.004558547019958496,3,0,1,0.020193459445574605,0.074216890727135,0.03808029325227981,0,-0.006300638599699426,0.06532092747209073,0.021466420291959318,-0.08730340000000007,-0.015299992555295149,1426165486998,0,0,0,0,0,0,0
2.92552907155793,-0.03847469539409687,1,0.02727949620867143,-0.003965950012207032,-0.005813010215759277,3,0,1,0.020193459445574605,0.07447092844207015,0.03847469539409687,0,-0.007086036763096826,0.03878435764971248,0.02145968075365709,0.00019660000000000017,-0.010710951363392516,1426165487063,0,0,0,0,0,0,0
2.923734568772024,-0.03781783248097171,1.015,0.026197392072435103,-0.026638776779174804,0.010583483695983886,3,0,1,0.020193459445574605,0.0762654312279758,0.03781783248097171,-0.014999999999999902,-0.0060039326268604976,0.04802599349357386,0.015495172900056727,-0.09267013076923016,-0.001009605844231291,1426165487128,0,0,0,0,0,0,0
2.926614093445332,-0.034606622010226504,1.006,0.025080381351158646,0.04443978500366211,0.04702021789550781,3,0,1,0.020193459445574605,0.07338590655466781,0.034606622010226504,-0.006000000000000005,-0.004886921905584041,0.0214660918311839,0.00015788281257514067,0.04372163846153789,0.0002685121926149902,1426165487193,0,0,0,0,0,0,0
2.9312611922661866,-0.03146031258763195,1,0.023980823922402198,0.07086809539794922,0.04543171691894531,3,0,1,0.020193459445574605,0.06873880773381336,0.03146031258763195,0,-0.0037873644768275927,0.010049337021967197,-0.0007883489991303595,0.03187828181818184,0.0012106238357017162,1426165487259,0,0,0,0,0,0,0
2.9362967594395273,-0.02957924053852834,0.994,0.021973695282608733,0.07618836975097656,0.026396785736083984,3,0,1,0.020193459445574605,0.06370324056047272,0.02957924053852834,0.006000000000000005,-0.0017802358370341276,0.00467777139821653,0.004687907132455848,0.037711000000000036,0.00762817966199774,1426165487323,0,0,0,0,0,0,0
2.93747730241719,-0.026002260952577468,0.994,0.020210912738094392,0.018882766723632812,0.05325265884399414,3,0,1,0.020193459445574605,0.06252269758281015,0.026002260952577468,0.006000000000000005,-0.00001745329251978678,0.025309627762299163,-0.006057227731331294,0.004937500000000005,0.008118466143700247,1426165487388,0,0,0,0,0,0,0
2.940584914798475,-0.019465098451099998,0.999,0.017662732030182652,0.04858636093139648,0.0970953598022461,3,0,1,0.020193459445574605,0.05941508520152494,0.019465098451099998,0.0010000000000000009,0.0025307274153919534,0.013417913819069496,-0.02525260313629695,-0.02597907692307694,0.014291561451907677,1426165487453,0,0,0,0,0,0,0
2.9443765565639297,-0.014468869294668337,0.995,0.017051866791984786,0.05818939208984375,0.07392723846435546,3,0,1,0.020193459445574605,0.055623443436070286,0.014468869294668337,0.0050000000000000044,0.0031415926535898198,0.00906080507305873,-0.01788381979071716,0.02446835507246379,0.005797528471841412,1426165487522,0,0,0,0,0,0,0
2.948217366604135,-0.00678332346568771,0.997,0.017837264955382074,0.059569473266601565,0.11428408050537109,3,0,1,0.020193459445574605,0.05178263339586486,0.00678332346568771,0.0030000000000000027,0.0023561944901925314,0.005402076507899874,-0.03840938875722317,-0.008339800000000007,-0.001325359400732258,1426165487586,0,0,0,0,0,0,0
2.9510167001506993,0.0014929224155568943,0.996,0.0186750229963395,0.04419758987426758,0.12337499237060547,3,0,1,0.020193459445574605,0.04898329984930072,-0.0014929224155568943,0.0040000000000000036,0.0015184364492351055,0.00948584608442881,-0.0464972672714217,0.008978455555555563,-0.002470887555324065,1426165487649,0,0,0,0,0,0,0
2.950269073596266,0.012891166117088184,0.994,0.02042035224833372,-0.008019691467285156,0.17115325927734376,3,0,1,0.020193459445574605,0.049730926403734,-0.012891166117088184,0.006000000000000005,-0.0002268928027591155,0.02946951894722375,-0.06760078298833201,0.015831130769230782,-0.00828225858119398,1426165487714,0,0,0,0,0,0,0
2.953304522082913,0.020324327912167834,0.993,0.02246238747316709,0.04779889297485351,0.11054447174072266,3,0,1,0.020193459445574605,0.04669547791708695,-0.020324327912167834,0.007000000000000006,-0.0022689280275924838,0.007611742697190709,-0.04998013366427514,0.011292015384615394,-0.011693705988361875,1426165487779,0,0,0,0,0,0,0
2.9570761399957197,0.02518735554080228,0.991,0.022951079663725556,0.058198387145996094,0.07165632629394532,3,0,1,0.020193459445574605,0.04292386000428028,-0.02518735554080228,0.009000000000000008,-0.002757620218150951,0.0020979820257317414,-0.03819233665425016,0.01817286060606062,-0.004978948357053075,1426165487845,0,0,0,0,0,0,0
2.9553131785972258,0.03206859170068475,1.003,0.021781709064889295,-0.024068687438964845,0.10379823303222656,3,0,1,0.020193459445574605,0.044686821402774246,-0.03206859170068475,-0.0029999999999998916,-0.0015882496193146897,0.03235899782945641,-0.05235674100375638,-0.06568936363636302,0.003727071284486498,1426165487911,0,0,0,0,0,0,0
2.9532759132380013,0.038479658310175135,0.998,0.021781709064889295,-0.028457237243652345,0.09680876159667968,3,0,1,0.020193459445574605,0.046724086761998684,-0.038479658310175135,0.0020000000000000018,-0.0015882496193146897,0.03537616984902271,-0.05471214933446344,0.029737377777777185,-0.0015882496193146897,1426165487974,0,0,0,0,0,0,0
2.952637224805449,0.04033716265696342,1.001,0.021415189921970553,-0.00897120761871338,0.02806461524963379,3,0,1,0.020193459445574605,0.0473627751945509,-0.04033716265696342,-0.0009999999999998899,-0.0012217304763959477,0.0278472505444916,-0.03005203042689969,-0.016600746153845478,0.00046989633707516924,1426165488039,0,0,0,0,0,0,0
2.9501962219011477,0.04082645429636521,0.996,0.019442967867216998,-0.03644948577880859,0.008121749877929688,3,0,1,0.020193459445574605,0.04980377809885228,-0.04082645429636521,0.0040000000000000036,0.0007504915783576073,0.0386062433015862,-0.022916403614497136,0.030094651515150953,0.009715137281782856,1426165488105,0,0,0,0,0,0,0
2.945077312110068,0.041018295565335774,0.993,0.019844393595175647,-0.07671318817138671,0.004369883060455322,3,0,1,0.020193459445574605,0.05492268788993204,-0.041018295565335774,0.007000000000000006,0.0003490658503989587,0.05582004598646574,-0.021477249198635858,0.022178846153846174,-0.0015036682786409579,1426165488170,0,0,0,0,0,0,0
2.943466188162795,0.03867720761263975,0.985,0.019792033717615728,-0.024858917236328125,-0.03462985992431641,3,0,1,0.020193459445574605,0.05653381183720496,-0.03867720761263975,0.015000000000000013,0.0004014257279588776,0.0373932402672557,-0.007250296871578911,0.05370347058823534,0.0006324251877820493,1426165488238,0,0,0,0,0,0,0
2.9392925130015093,0.03300923376912718,0.984,0.018273597268380733,-0.06427546691894531,-0.08376395416259766,3,0,1,0.020193459445574605,0.06070748699849071,-0.03300923376912718,0.016000000000000014,0.001919862177193872,0.0547862362200982,0.015510133457616104,0.0190713612903226,0.009267135318653523,1426165488300,0,0,0,0,0,0,0
2.933983816177165,0.02947713398963001,0.982,0.019355701404617173,-0.08058526611328125,-0.05151759719848633,3,0,1,0.020193459445574605,0.06601618382283503,-0.02947713398963001,0.018000000000000016,0.0008377580409574328,0.06250771628550728,0.00427939548699042,0.025912430769230794,-0.004156568741672286,1426165488365,0,0,0,0,0,0,0
2.9299836720132477,0.02205460288006477,0.98,0.01912880860185806,-0.06214581298828125,-0.11015579986572266,3,0,1,0.020193459445574605,0.07001632798675228,-0.02205460288006477,0.020000000000000018,0.0010646508437165449,0.057507246193742326,0.02892480194257522,0.027642430769230796,0.0021118483949124464,1426165488430,0,0,0,0,0,0,0
2.9251171607403097,0.015373519973608873,0.979,0.019181168479417865,-0.07490121459960937,-0.0988016357421875,3,0,1,0.020193459445574605,0.0748828392596903,-0.015373519973608873,0.02100000000000002,0.0010122909661567404,0.06465422933968813,0.028262937206462332,0.02319431538461541,0.000770629992803797,1426165488495,0,0,0,0,0,0,0
2.9214899408611585,0.009349719880008857,0.979,0.02049016541841353,-0.056131336212158205,-0.08929682922363281,3,0,1,0.020193459445574605,0.07851005913884146,-0.009349719880008857,0.02100000000000002,-0.0002967059728389253,0.059264313097025,0.026761123566203256,0.01795040000000002,-0.0061578862967001146,1426165488562,0,0,0,0,0,0,0
2.9192909966308362,0.001585309274478806,0.979,0.021013764194011797,-0.03536348342895508,-0.11576590728759766,3,0,1,0.020193459445574605,0.08070900336916376,-0.001585309274478806,0.02100000000000002,-0.0008203047484371916,0.053492751686112935,0.04163632234077126,0.01808480000000002,-0.0032746740090540648,1426165488626,0,0,0,0,0,0,0
2.9154309130454013,-0.005581108861309024,0.983,0.0217817090648893,-0.0601472053527832,-0.1062559051513672,3,0,1,0.020193459445574605,0.08456908695459875,0.005581108861309024,0.017000000000000015,-0.0015882496193146932,0.06423735258581043,0.04134994397698241,-0.006543161538461538,-0.005132610561826239,1426165488691,0,0,0,0,0,0,0
2.9153073821483204,-0.011056084013891736,0.986,0.023806290997202884,-0.003641197204589844,-0.08206478881835938,3,0,1,0.020193459445574605,0.08469261785167959,0.011056084013891736,0.014000000000000012,-0.003612831551628278,0.04423426914481668,0.03498684809831678,-0.0034675461538461495,-0.012957055854614055,1426165488756,0,0,0,0,0,0,0
2.9139143486207466,-0.01704471222298366,0.987,0.02432988977280104,-0.02302788543701172,-0.08930657196044922,3,0,1,0.020193459445574605,0.08608565137925339,0.01704471222298366,0.013000000000000012,-0.004136430327226433,0.05182252497696224,0.0407580654162419,0.006586184615384625,-0.00655304006075638,1426165488821,0,0,0,0,0,0,0
2.9112703172440453,-0.02465424350690244,0.987,0.02530727415391787,-0.042425544738769534,-0.11314434814453125,3,0,1,0.020193459445574605,0.08872968275595472,0.02465424350690244,0.013000000000000012,-0.005113814708343264,0.05972353100488295,0.05268621826197618,0.012056600000000015,-0.009556470986147038,1426165488887,0,0,0,0,0,0,0
2.909406615534232,-0.02777529609656548,0.986,0.025342180738957776,-0.029131227493286133,-0.0460933952331543,3,0,1,0.020193459445574605,0.09059338446576781,0.02777529609656548,0.014000000000000012,-0.00514872129338317,0.05657706162367505,0.030462537722087353,0.018252030303030322,-0.00530738758901911,1426165488953,0,0,0,0,0,0,0
2.9096181224151105,-0.028319925918039425,0.987,0.025830872929516135,0.0029645750522613525,-0.00824721622467041,3,0,1,0.020193459445574605,0.09038187758488947,0.028319925918039425,0.013000000000000012,-0.00563741348394153,0.045469943896064235,0.0172273789562292,0.006675344444444453,-0.007964519153267052,1426165489016,0,0,0,0,0,0,0
2.911696513596691,-0.03383374777898248,0.988,0.027296949501191322,0.0290293025970459,-0.08348494720458985,3,0,1,0.020193459445574605,0.08830348640330898,0.03383374777898248,0.01200000000000001,-0.007103490055616717,0.03447184666695082,0.04667037061280886,0.006124284615384624,-0.013869997309502193,1426165489081,0,0,0,0,0,0,0
2.912832210274648,-0.03996189898456044,1.004,0.029251718263424983,0.014520217895507812,-0.09235298156738281,3,0,1,0.020193459445574605,0.08716778972535222,0.03996189898456044,-0.0040000000000000036,-0.009058258817850377,0.03903670471849856,0.05306834869027961,-0.08747094615384622,-0.018080268489698043,1426165489146,0,0,0,0,0,0,0
2.9156017362925577,-0.0399449483936634,1.005,0.0307701547126602,0.041532554626464845,-0.000960877537727356,3,0,1,0.020193459445574605,0.0843982637074423,0.0399449483936634,-0.004999999999999893,-0.010576695267085594,0.029356105122722544,0.020000351386555443,-0.00737448059701426,-0.017375664442765667,1426165489213,0,0,0,0,0,0,0
2.920734147946561,-0.04280629385450731,1.001,0.03293436298513309,0.07562928009033203,-0.045268367767333985,3,0,1,0.020193459445574605,0.07926585205343883,0.04280629385450731,-0.0009999999999998899,-0.012740903539558483,0.013240426436091187,0.037194950996929384,0.022918000000000112,-0.022885629816775145,1426165489277,0,0,0,0,0,0,0
2.9269878731550225,-0.046259967800805886,0.999,0.03330088212805183,0.09204914855957032,-0.05486589431762695,3,0,1,0.020193459445574605,0.07301212684497749,0.046259967800805886,0.0010000000000000009,-0.013107422682477225,0.004554992978503182,0.04190057982484374,0.013418730769230187,-0.014799049495948341,1426165489342,0,0,0,0,0,0,0
2.93351234158356,-0.047811767412475094,0.992,0.032969269570172995,0.09703776550292968,-0.026522544860839842,3,0,1,0.020193459445574605,0.06648765841644,0.047811767412475094,0.008000000000000007,-0.01277581012459839,-0.00012187236589718264,0.032466695477645996,0.04599380769230773,-0.011245290626696072,1426165489407,0,0,0,0,0,0,0
2.9404748796773568,-0.04658203380407339,0.99,0.03419100004656906,0.10498935699462891,0.014993356704711915,3,0,1,0.020193459445574605,0.05952512032264323,0.04658203380407339,0.010000000000000009,-0.013997540600994455,-0.004802974159601278,0.017103213036832883,0.02041626119402987,-0.019467975569932062,1426165489474,0,0,0,0,0,0,0
2.9484125599317728,-0.044301381635169154,1,0.03380702761113042,0.12016505432128906,0.0301196231842041,3,0,1,0.020193459445574605,0.05158744006822724,0.044301381635169154,0,-0.013613568165555815,-0.01510817001268882,0.01013522963123221,-0.05187765384615388,-0.011841387694300555,1426165489539,0,0,0,0,0,0,0
2.9526978921661895,-0.04298714353413356,1.015,0.03317870908041232,0.06490958404541015,0.017529605865478515,3,0,1,0.020193459445574605,0.0473021078338105,0.04298714353413356,-0.014999999999999902,-0.012985249634837718,0.0017129181118089969,0.01448430445324806,-0.0934593333333327,-0.009993256631418208,1426165489602,0,0,0,0,0,0,0
2.9581123211780773,-0.038917302776028125,1.021,0.03312634920285252,0.08319684600830078,0.05831985092163086,3,0,1,0.020193459445574605,0.04188767882192268,0.038917302776028125,-0.020999999999999908,-0.012932889757277913,-0.005026796090231638,-0.0011705391607521112,-0.04595115294117642,-0.012701890297455247,1426165489670,0,0,0,0,0,0,0
2.9674292629682086,-0.0366364784612378,1.021,0.03310889591033252,0.14081057739257813,0.029564897537231447,3,0,1,0.020193459445574605,0.032570737031791364,0.0366364784612378,-0.020999999999999908,-0.012915436464757912,-0.03355715052390817,0.005988593254369932,-0.015201099999999919,-0.012832325547995998,1426165489733,0,0,0,0,0,0,0
2.973155483262401,-0.03772676793755621,0.982,0.03344050846821147,0.08530485534667968,-0.019188692092895508,3,0,1,0.020193459445574605,0.026844516737599022,0.03772676793755621,0.018000000000000016,-0.013247049022636865,-0.015475517903978062,0.0251002960728365,0.22611589999999956,-0.014777568520539727,1426165489798,0,0,0,0,0,0,0
2.97513291140903,-0.03834550112037226,0.964,0.0328470965225335,0.029334535598754884,-0.01026751708984375,3,0,1,0.020193459445574605,0.024867088590970088,0.03834550112037226,0.03600000000000003,-0.012653637076958896,0.004499528143381391,0.022659380941240675,0.1207679000000001,-0.010110443024053319,1426165489868,0,0,0,0,0,0,0
2.9774790501789328,-0.03796767461136725,0.945,0.03199188518905618,0.03535922241210938,0.004508590698242188,3,0,1,0.020193459445574605,0.022520949821067227,0.03796767461136725,0.05500000000000005,-0.011798425743481573,-0.0004586974296327522,0.017195594408228855,0.15713123333333348,-0.007522369076094954,1426165489928,0,0,0,0,0,0,0
2.980904709162926,-0.03952157150603946,0.94,0.03197443189653617,0.050613037109375,-0.02494014549255371,3,0,1,0.020193459445574605,0.019095290837074064,0.03952157150603946,0.06000000000000005,-0.011780972450961564,-0.006919161559140701,0.028569356971397827,0.07761097692307699,-0.011700418793176908,1426165489993,0,0,0,0,0,0,0
2.9814084815240225,-0.04141917528126549,0.931,0.030141836181942237,0.00664275598526001,-0.028691083908081054,3,0,1,0.020193459445574605,0.01859151847597751,0.04141917528126549,0.06899999999999995,-0.009948376736367632,0.008574272409071368,0.03139581067977194,0.10679793846153787,-0.001490242669011023,1426165490058,0,0,0,0,0,0,0
2.9843772627346676,-0.044801366697449864,0.924,0.028117254249628874,0.042982540130615234,-0.0520518913269043,3,0,1,0.020193459445574605,0.015622737265332365,0.044801366697449864,0.07599999999999996,-0.007923794804054269,-0.006173087991521137,0.0411099607275316,0.10212270769230769,0.0014204294989304828,1426165490123,0,0,0,0,0,0,0
2.982812459901386,-0.04857208020293695,0.917,0.026371924997634435,-0.025052886962890625,-0.055878463745117186,3,0,1,0.020193459445574605,0.017187540098614118,0.04857208020293695,0.08299999999999996,-0.0061784655520598294,0.01878091721631727,0.04451381795892676,0.10715366417910449,0.0016364415464227358,1426165490190,0,0,0,0,0,0,0
2.9823376000464643,-0.05189913801618424,0.922,0.02420771672516156,-0.008436382293701172,-0.04970069122314453,3,0,1,0.020193459445574605,0.01766239995353569,0.05189913801618424,0.07799999999999996,-0.0040142572795869545,0.013336448975238516,0.04389451492557456,0.04098969701492533,0.005676227522530395,1426165490257,0,0,0,0,0,0,0
2.9782774275794037,-0.05240893289494385,0.94,0.020856684561332304,-0.061069839477539065,-0.006170514106750488,3,0,1,0.020193459445574605,0.021722572420596276,0.05240893289494385,0.06000000000000005,-0.0006632251157576985,0.0347625108287423,0.029548374762733774,-0.04382397692307635,0.014803077178838865,1426165490322,0,0,0,0,0,0,0
2.97826675257739,-0.053395455214199396,0.941,0.019687313962496265,-0.00046870160102844237,-0.014791276931762696,3,0,1,0.020193459445574605,0.02173324742261018,0.053395455214199396,0.05900000000000005,0.0005061454830783407,0.012977669395037037,0.0327258035999603,0.047207950000000054,0.005987570165122275,1426165490386,0,0,0,0,0,0,0
2.9736321358465703,-0.05392184452570756,0.931,0.01972222054753617,-0.06966121673583985,-0.006525750637054443,3,0,1,0.020193459445574605,0.026367864153429732,0.05392184452570756,0.06899999999999995,0.0004712388980384341,0.04100108132437522,0.030552310148271027,0.11666695555555495,0.00030501706451506927,1426165490449,0,0,0,0,0,0,0
2.973422174093631,-0.05524872615239658,0.934,0.02031563249321414,-0.0035413241386413573,-0.019837244033813477,3,0,1,0.020193459445574605,0.026577825906369146,0.05524872615239658,0.06599999999999995,-0.0001221730476395344,0.016472813744722353,0.03525985372839979,0.043481958208955174,-0.0027792414611229753,1426165490516,0,0,0,0,0,0,0
2.9715473870414253,-0.054314975393536205,0.934,0.021066124071571744,-0.027831476211547853,0.014574644088745117,3,0,1,0.020193459445574605,0.028452612958574708,0.054314975393536205,0.06599999999999995,-0.0008726646259971382,0.02658434350757234,0.022789819286507414,0.05957599999999996,-0.004390593899548406,1426165490580,0,0,0,0,0,0,0
2.973588362713731,-0.0521694130494169,0.952,0.022741640153486373,0.0312857723236084,0.03153141021728516,3,0,1,0.020193459445574605,0.026411637286269052,0.0521694130494169,0.04800000000000004,-0.002548180707911768,0.004166431719612004,0.015123331931914607,-0.05295429999999943,-0.010402162341886595,1426165490644,0,0,0,0,0,0,0
2.9746452592511434,-0.049846146506395135,0.952,0.02169444260228973,0.016641803741455078,0.03447948455810547,3,0,1,0.020193459445574605,0.025354740748856575,0.049846146506395135,0.04800000000000004,-0.0015009831567151244,0.0092115489226554,0.013407788306839533,0.04580000000000005,0.003259005712360528,1426165490710,0,0,0,0,0,0,0
2.978237184998405,-0.04596224895102475,0.95,0.020612338466053287,0.0551299934387207,0.05707597351074219,3,0,1,0.020193459445574605,0.021762815001594937,0.04596224895102475,0.050000000000000044,-0.0004188790204786817,-0.006306652395259335,0.0029027733417159134,0.058494230769230826,0.004575447762151053,1426165490775,0,0,0,0,0,0,0
2.9821104783023538,-0.04153691565374008,0.954,0.018640116411299618,0.05945520782470703,0.06516841888427734,3,0,1,0.020193459445574605,0.017889521697646238,0.04153691565374008,0.04600000000000004,0.0015533430342749878,-0.009430545087176435,-0.001836860990187119,0.02361647878787881,0.010517988737700757,1426165490841,0,0,0,0,0,0,0
2.9896773961503946,-0.03663192076460168,0.966,0.015725416560469024,0.11485541534423828,0.07144654083251953,3,0,1,0.020193459445574605,0.010322603849605372,0.03663192076460168,0.03400000000000003,0.004468042885105581,-0.03219557142883993,-0.006420246101161858,-0.02723016716417912,0.017518937739570924,1426165490908,0,0,0,0,0,0,0
2.996865623103392,-0.028679083354449967,0.97,0.014538592669112754,0.10968592071533204,0.11758231353759765,3,0,1,0.020193459445574605,0.0031343768966078933,0.028679083354449967,0.030000000000000027,0.005654866776461851,-0.036837766807190954,-0.029650826040748233,0.009861754838709692,0.011397563024959933,1426165490970,0,0,0,0,0,0,0
3.00628221390716,-0.021876104213848002,0.974,0.01293288975727816,0.14271746826171874,0.09998041534423828,3,0,1,0.020193459445574605,-0.006282213907160106,0.021876104213848002,0.026000000000000023,0.007260569688296446,-0.05167616481959673,-0.024774472388995376,0.00787293846153847,0.014671506204456113,1426165491035,0,0,0,0,0,0,0
3.0142502244433538,-0.015251531492234377,0.97,0.012182398178920445,0.12079524993896484,0.09781458282470704,3,0,1,0.020193459445574605,-0.014250224443353776,0.015251531492234377,0.030000000000000027,0.00801106126665416,-0.04597695946400907,-0.025542027045578237,0.05340363529411769,0.011322053524114667,1426165491103,0,0,0,0,0,0,0
3.024530861658279,-0.010206866839087078,0.96,0.01076868148480517,0.15511993408203126,0.07378575897216796,3,0,1,0.020193459445574605,-0.02453086165827889,0.010206866839087078,0.040000000000000036,0.009424777960769435,-0.0663433936557637,-0.021548771320380505,0.09575890000000008,0.016051574964434785,1426165491167,0,0,0,0,0,0,0
3.031787073973556,-0.0046898613632522365,0.956,0.008482300164692674,0.10972801971435547,0.08157820892333985,3,0,1,0.020193459445574605,-0.03178707397355618,0.0046898613632522365,0.04400000000000004,0.011711159280881931,-0.053452019870796376,-0.02688738642109794,0.06642800000000006,0.022428571718909256,1426165491231,0,0,0,0,0,0,0
3.0397564512538824,0.0008456754826461441,0.958,0.007592182246175556,0.12024066162109374,0.08201609802246093,3,0,1,0.020193459445574605,-0.039756451253882386,-0.0008456754826461441,0.04200000000000004,0.01260127719939905,-0.06069217061455063,-0.0292913176996688,0.03245676923076926,0.016709513746401138,1426165491296,0,0,0,0,0,0,0
3.0451557912909664,0.005057625129269136,0.96,0.008133234314293606,0.0814674301147461,0.06256253814697266,3,0,1,0.020193459445574605,-0.04515579129096636,-0.005057625129269136,0.040000000000000036,0.012060225131280999,-0.049582529818435125,-0.02427357198321608,0.031116769230769257,0.009563061739966915,1426165491361,0,0,0,0,0,0,0
3.0508815302896464,0.008864368483307586,0.967,0.009040805525330846,0.08634765625,0.05640073776245117,3,0,1,0.020193459445574605,-0.05088153028964637,-0.008864368483307586,0.03300000000000003,0.01115265392024376,-0.05423600518259587,-0.024000825462755768,-0.0011918076923076865,0.006963863715456503,1426165491426,0,0,0,0,0,0,0
3.05507247291383,0.013392475477158798,1.001,0.012356931104119975,0.06347562789916993,0.06735049438476562,3,0,1,0.020193459445574605,-0.055072472913829884,-0.013392475477158798,-0.0009999999999998899,0.00783652834145463,-0.04743045660863031,-0.02943029335520019,-0.16831814029850692,-0.007011795145660872,1426165491493,0,0,0,0,0,0,0
3.0572474119731283,0.014635525487634384,0.999,0.01357866158051604,0.032851993560791014,0.01824120330810547,3,0,1,0.020193459445574605,-0.057247411973128326,-0.014635525487634384,0.0010000000000000009,0.006614797865058565,-0.03874400292402777,-0.013312581866639302,0.022011211111110512,0.0007970336917439676,1426165491556,0,0,0,0,0,0,0
3.057008624891467,0.017102994812241964,1.006,0.01623156204354728,-0.0030789175033569334,0.0370572624206543,3,0,1,0.020193459445574605,-0.057008624891467186,-0.017102994812241964,-0.006000000000000005,0.003961897402027327,-0.02529289362193643,-0.020937973370388524,-0.032431207692307715,-0.008282258581193771,1426165491621,0,0,0,0,0,0,0
3.057390593652107,0.018735951879399713,1.003,0.019093902016818178,0.006126340866088867,0.02439813423156738,3,0,1,0.020193459445574605,-0.05739059365210686,-0.018735951879399713,-0.0029999999999998916,0.0010995574287564272,-0.028863713346672978,-0.017273102732574527,0.02379544615384686,-0.012111242447878494,1426165491686,0,0,0,0,0,0,0
3.0546558800427617,0.017846454085993845,1.003,0.017383479349863642,-0.04126797103881836,-0.01255683708190918,3,0,1,0.020193459445574605,-0.05465588004276167,-0.017846454085993845,-0.0029999999999998916,0.0028099800957109636,-0.010973405417378866,-0.0033302529964244123,0.007621800000000098,0.010584628581867945,1426165491752,0,0,0,0,0,0,0
3.0519968629450753,0.017191424188404088,1.006,0.01476548547187231,-0.04005002212524414,-0.009130654335021972,3,0,1,0.020193459445574605,-0.05199686294507533,-0.017191424188404088,-0.006000000000000005,0.005427973973702295,-0.010079635693239962,-0.004257474744194469,-0.010726890909091506,0.017327946146390164,1426165491818,0,0,0,0,0,0,0
3.049178869399818,0.014328545871782093,1.005,0.0118158790360017,-0.04289934921264649,-0.04231438064575195,3,0,1,0.020193459445574605,-0.04917886939981786,-0.014328545871782093,-0.004999999999999893,0.008377580409572906,-0.0073920594417067,0.009347516542475804,0.01141895000000071,0.022203860577716394,1426165491882,0,0,0,0,0,0,0
3.046688865224591,0.010727391751754268,1.007,0.009180431865490248,-0.03798570251464844,-0.05357222747802735,3,0,1,0.020193459445574605,-0.04668886522459115,-0.010727391751754268,-0.006999999999999895,0.011013027580084357,-0.008180592527433814,0.014875584880897443,-0.006464530769230681,0.02317662990552182,1426165491947,0,0,0,0,0,0,0
3.043638136441975,0.002689371835434917,1.005,0.006736970912698228,-0.046865875244140626,-0.1201451187133789,3,0,1,0.020193459445574605,-0.04363813644197512,-0.002689371835434917,-0.004999999999999893,0.013456488532876378,-0.003664306577332143,0.04278366257354922,0.016641430769230876,0.0247340006226857,1426165492012,0,0,0,0,0,0,0
3.040241123874533,-0.003919873675612292,1.011,0.005288347633542936,-0.05162192153930664,-0.09879315185546875,3,0,1,0.020193459445574605,-0.040241123874532825,0.003919873675612292,-0.010999999999999899,0.01490511181203167,-0.0004048999876101779,0.03785825596769104,-0.03081858181818175,0.021489763080919363,1426165492078,0,0,0,0,0,0,0
3.036461545620497,-0.01684088528666622,1.018,0.001204277183876192,-0.057717838287353516,-0.1935126495361328,3,0,1,0.020193459445574605,-0.03646154562049686,0.01684088528666622,-0.018000000000000016,0.018989182261698413,0.003798303763873044,0.07885535702907898,-0.04240970769230831,0.03783873818323723,1426165492143,0,0,0,0,0,0,0
3.035129840161811,-0.025168013357327573,1.042,-0.0024260076602719872,-0.02012598991394043,-0.12488277435302735,3,0,1,0.020193459445574605,-0.0351298401618112,0.025168013357327573,-0.04200000000000004,0.022619467105846593,-0.008627137591340282,0.058999332323712635,-0.15543620000000014,0.039636427312791184,1426165492207,0,0,0,0,0,0,0
3.0303309356275996,-0.032562673467838865,1.072,-0.0034033920413888176,-0.07171426391601562,-0.11109420776367188,3,0,1,0.020193459445574605,-0.030330935627599587,0.032562673467838865,-0.07200000000000006,0.023596851486963423,0.012310090524636745,0.05699624707535389,-0.21019266153846172,0.028107856322887256,1426165492272,0,0,0,0,0,0,0
3.0274200382560084,-0.03935264973811413,1.088,-0.003944444109507093,-0.04331657409667969,-0.10199765777587891,3,0,1,0.020193459445574605,-0.02742003825600836,0.03935264973811413,-0.08800000000000008,0.024137903555081698,0.00358152377145618,0.057160824523858074,-0.14818004615384628,0.026635066946396814,1426165492337,0,0,0,0,0,0,0
3.024459320331637,-0.04557812511791055,1.105,-0.0034033920413888176,-0.044042083740234376,-0.09355657958984374,3,0,1,0.020193459445574605,-0.024459320331637002,0.04557812511791055,-0.10499999999999998,0.023596851486963423,0.005314248690396241,0.057263567815581486,-0.167847161538461,0.021099688095648307,0,0,0,0,0,0,0,0
3.0230205883431,-0.050021085507364046,1.109,-0.0019024088846737207,-0.02135403823852539,-0.06671746826171875,3,0,1,0.020193459445574605,-0.023020588343099835,0.050021085507364046,-0.10899999999999999,0.022095868330248326,-0.0024083722753775886,0.04920626620277402,-0.1011345223880597,0.015375048225553866,0,0,0,0,0,0,0,0
3.023698751046116,-0.05763374857625877,1.089,-0.00038397243543861534,0.010389657974243164,-0.1141703872680664,3,0,1,0.020193459445574605,-0.023698751046115962,0.05763374857625877,-0.08899999999999997,0.02057743188101322,-0.013987087228898621,0.0714717399225562,0.04456640000000013,0.013459761025223664,1426165492533,0,0,0,0,0,0,0
3.0239937261662733,-0.06230433439153363,1.064,0.0022514747350728358,0.0044515271186828615,-0.07005708312988282,3,0,1,0.020193459445574605,-0.023993726166273266,0.06230433439153363,-0.06400000000000006,0.01794198471050177,-0.012005970366961752,0.05698466064418012,0.08734475757575703,0.0059626793899951736,1426165492533,0,0,0,0,0,0,0
3.024521539121002,-0.06352700383466854,1.059,0.004520402762665323,0.007875882148742675,-0.018357820510864258,3,0,1,0.020193459445574605,-0.02452153912100208,0.06352700383466854,-0.05899999999999994,0.015673056682909282,-0.013607785724702608,0.039554868054039745,-0.014264849999999312,0.0050374565535694985,1426165492533,0,0,0,0,0,0,0
3.0242697513976804,-0.061492149136006924,1.057,0.005497787143782375,-0.0036388022899627686,0.030539581298828125,3,0,1,0.020193459445574605,-0.024269751397680395,0.061492149136006924,-0.05699999999999994,0.01469567230179223,-0.009276194876085143,0.021100655876728495,-0.029778739393939324,0.010253016023987448,1426165492533,0,0,0,0,0,0,0
3.0258656745230423,-0.055731146244359875,1.059,0.006632251157578508,0.02441357421875,0.0862821273803711,3,0,1,0.020193459445574605,-0.025865674523042337,0.055731146244359875,-0.05899999999999994,0.013561208287996097,-0.02015365298898988,-0.0024587660699272873,-0.05329989999999995,0.008243408223326726,1426165492533,0,0,0,0,0,0,0
3.027934246068946,-0.046919472234125015,1.058,0.008796459430051608,0.031904502868652346,0.13196641540527343,3,0,1,0.020193459445574605,-0.02793424606894579,0.046919472234125015,-0.05800000000000005,0.011397000015522997,-0.02361685360031266,-0.022776096294123898,-0.036554784615385236,0.0014083464502625334,1426165492858,0,0,0,0,0,0,0
3.031847748380726,-0.036886753067765225,1.034,0.00909316540289065,0.06002403259277344,0.14996859741210938,3,0,1,0.020193459445574605,-0.03184774838072579,0.036886753067765225,-0.03400000000000003,0.011100294042683955,-0.034900149370249,-0.03272999330146889,0.1024059343283583,0.009771759835941978,1426165492925,0,0,0,0,0,0,0
3.03304011133652,-0.022537843074482505,1.04,0.008429940287132757,0.019841833114624022,0.21506211853027343,3,0,1,0.020193459445574605,-0.033040111336520184,0.022537843074482505,-0.040000000000000036,0.011763519158441848,-0.02139760541553612,-0.06357255084306704,-0.059849381818181856,0.01477817877552318,1426165492991,0,0,0,0,0,0,0
3.037338887703676,-0.0071957987156636965,1.04,0.007278022980816505,0.06641931915283203,0.22957891845703124,3,0,1,0.020193459445574605,-0.037338887703675994,0.0071957987156636965,-0.040000000000000036,0.0129154364647581,-0.040045041719187796,-0.07650544543074275,-0.028295200000000013,0.018151424220741067,1426165493057,0,0,0,0,0,0,0
3.0390829725085995,0.012334766251997399,1.052,0.0064751715248990965,0.0282927188873291,0.29276031494140625,3,0,1,0.020193459445574605,-0.03908297250859949,-0.012334766251997399,-0.052000000000000046,0.013718287920675509,-0.027834525080704938,-0.11342231138128911,-0.10488946666666675,0.017541390091710785,1426165493120,0,0,0,0,0,0,0
3.0435794879765505,0.029439531273428465,1.044,0.0058293997016612125,0.06910765075683593,0.25612936401367187,3,0,1,0.020193459445574605,-0.043579487976550535,-0.029439531273428465,-0.04400000000000004,0.014364059743913393,-0.04501163262498998,-0.10703208019374247,0.01164560000000002,0.017391115165340976,1426165493184,0,0,0,0,0,0,0
3.045172559260535,0.04770461323636507,1.032,0.0050963614158235065,0.02549277114868164,0.273832275390625,3,0,1,0.020193459445574605,-0.045172559260535206,-0.04770461323636507,-0.03200000000000003,0.015097098029751099,-0.029570129086398767,-0.11806950682419984,0.039967767164179144,0.018379359011113962,1426165493251,0,0,0,0,0,0,0
3.047293107178828,0.06353782538852558,1.023,0.002670353755551384,0.0330181770324707,0.23733299255371093,3,0,1,0.020193459445574605,-0.04729310717882784,-0.06353782538852558,-0.02299999999999991,0.017523105690023223,-0.03375746433979481,-0.1158685629601135,0.03279323846153919,0.02872006412204841,1426165493316,0,0,0,0,0,0,0
3.0460283416232454,0.07862054814294302,1.038,0.0016057029118348425,-0.018367273330688477,0.22629069519042969,3,0,1,0.020193459445574605,-0.04602834162324543,-0.07862054814294302,-0.038000000000000034,0.018587756533739765,-0.014709269163782394,-0.12199660173145754,-0.11124103333333404,0.023657522456199485,1426165493379,0,0,0,0,0,0,0
3.0447258899418164,0.09189088702734512,1.068,-0.0004014257279586226,-0.019217126846313475,0.19908619689941406,3,0,1,0.020193459445574605,-0.044725889941816366,-0.09189088702734512,-0.06800000000000006,0.02059488517353323,-0.014100389098780135,-0.11635426697502968,-0.21388816153846174,0.02985855581873384,1426165493444,0,0,0,0,0,0,0
3.0414274451158785,0.10638101741050482,1.082,-0.0004886921905583336,-0.04956391906738281,0.2173320770263672,3,0,1,0.020193459445574605,-0.04142744511587848,-0.10638101741050482,-0.08200000000000007,0.02068215163613294,-0.0019999572963066564,-0.12905547323884517,-0.13833332424242434,0.021078817375222537,0,0,0,0,0,0,0,0
3.0373344705574166,0.11595269242344663,1.083,-0.00012217304763948063,-0.061464775085449216,0.14354510498046874,3,0,1,0.020193459445574605,-0.037334470557416566,-0.11595269242344663,-0.08299999999999996,0.020315632493214088,0.00456960348857325,-0.10861486800986048,-0.07081501538461475,0.01862400567974246,0,0,0,0,0,0,0,0
3.0314451259421133,0.12454306756500438,1.072,0.0004712388980384879,-0.08835591125488282,0.12884483337402344,3,0,1,0.020193459445574605,-0.03144512594211335,-0.12454306756500438,-0.07200000000000006,0.01972222054753612,0.01668580119671097,-0.10700748516408606,0.001227733333332752,0.01702489352172717,0,0,0,0,0,0,0,0
3.028459897115945,0.12736989725783254,1.069,0.0017976891295542734,-0.04475844573974609,0.042423542022705076,3,0,1,0.020193459445574605,-0.028459897115944877,-0.12736989725783254,-0.06899999999999995,0.018395770316020334,0.0032542984588085477,-0.07840662193732018,-0.03874094999999933,0.012178034855790089,0,0,0,0,0,0,0,0
3.025852348935636,0.12707466811384566,1.064,0.0018500490071141889,-0.03912112045288086,-0.004358116626739502,3,0,1,0.020193459445574605,-0.025852348935635927,-0.12707466811384566,-0.06400000000000006,0.018343410438460418,0.002043446872346545,-0.06131804266672773,-0.025054448484849095,0.018105410995006257,0,0,0,0,0,0,0,0
3.0198276279899936,0.12481589961402532,1.062,0.0018849555921540955,-0.09043334197998047,-0.033714279174804684,3,0,1,0.020193459445574605,-0.0198276279899936,-0.12481589961402532,-0.062000000000000055,0.01830850385342051,0.024162903317945697,-0.04948150945607826,-0.039428900000000024,0.01814487923604595,0,0,0,0,0,0,0,0
3.0166809445806098,0.11874821278968992,1.063,0.0004537856055187011,-0.047371726989746094,-0.0909261703491211,3,0,1,0.020193459445574605,-0.016680944580609758,-0.11874821278968992,-0.06299999999999994,0.019739673840055906,0.009464500401738178,-0.02670155299899582,-0.056885230303029666,0.026244991961125883,0,0,0,0,0,0,0,0
3.013918019189908,0.10894893554408372,1.057,-0.0018675022996338126,-0.04151057815551758,-0.1469703369140625,3,0,1,0.020193459445574605,-0.013918019189908204,-0.10894893554408372,-0.05699999999999994,0.02206096174520842,0.008801696802320565,-0.0020850835911552026,-0.015340218181818098,0.03261227040499257,0,0,0,0,0,0,0,0
3.0113413215950904,0.09735504872389317,1.052,-0.0037350045992677623,-0.03832562255859375,-0.17398017883300781,3,0,1,0.020193459445574605,-0.011341321595090381,-0.09735504872389317,-0.052000000000000046,0.02392846404484237,0.009522225053666407,0.015087756954428877,-0.01614745000000061,0.03268238107437651,1426165494031,0,0,0,0,0,0,0
3.0096145846582867,0.07851855663388278,1.045,-0.006981317007977191,-0.024845560073852538,-0.28264215087890626,3,0,1,0.020193459445574605,-0.009614584658286685,-0.07851855663388278,-0.04499999999999993,0.027174776453551798,0.005585843345477229,0.062478162489760874,-0.0004913923076916155,0.042157756801441466,1426165494031,0,0,0,0,0,0,0
3.006938397347309,0.059396230176708184,1.044,-0.010978120995044223,-0.038139362335205075,-0.287108154296875,3,0,1,0.020193459445574605,-0.0069383973473091665,-0.059396230176708184,-0.04400000000000004,0.03117158044061883,0.012031852134395428,0.07353982629961756,-0.03228508461538522,0.0496183680732359,1426165494031,0,0,0,0,0,0,0
3.0040017065480824,0.040194967264021,1.034,-0.014503686084072794,-0.0408858642578125,-0.28848516845703126,3,0,1,0.020193459445574605,-0.0040017065480824066,-0.040194967264021,-0.03400000000000003,0.0346971455296474,0.014900307515325397,0.08353937347999961,0.02395545384615387,0.050968984402086956,1426165494031,0,0,0,0,0,0,0
3.0043544731996046,0.02600449214684032,1.027,-0.017208946424663946,0.008378047943115235,-0.21275799560546876,3,0,1,0.020193459445574605,-0.0043544731996045805,-0.02600449214684032,-0.026999999999999913,0.03740240587023855,-0.002934754631014895,0.06135511997221456,0.012095564179105164,0.04951551187288547,1426165494031,0,0,0,0,0,0,0
3.0013566558968945,0.013983374021684116,1.022,-0.02029817920069385,-0.04185769271850586,-0.18106387329101561,3,0,1,0.020193459445574605,-0.0013566558968944875,-0.013983374021684116,-0.02200000000000002,0.04049163864626845,0.01654817622860674,0.0579563398116103,0.006308476923076341,0.05474963607409878,1426165494358,0,0,0,0,0,0,0
2.9964384275564138,0.0022600760419727375,1.015,-0.02218313479284792,-0.07018904876708984,-0.17731060791015624,3,0,1,0.020193459445574605,0.003561572443586236,-0.0022600760419727375,-0.014999999999999902,0.04237659423842252,0.029764037873775996,0.06319923058235077,0.02317065000000073,0.05121232357664472,1426165494422,0,0,0,0,0,0,0
2.9924561423258016,-0.00812156837291793,1.013,-0.024155356847601478,-0.0562654037475586,-0.15701133728027344,3,0,1,0.020193459445574605,0.0075438576741984065,0.00812156837291793,-0.0129999999999999,0.04434881629317608,0.026306597078247264,0.06018470821671857,-0.002825869230769131,0.05345137962280789,1426165494487,0,0,0,0,0,0,0
2.988106049590411,-0.015607179172477318,0.996,-0.025237460983837803,-0.06252035522460937,-0.11382742309570312,3,0,1,0.020193459445574605,0.01189395040958896,0.015607179172477318,0.0040000000000000036,0.04543092042941241,0.030835750902190855,0.04897327403723238,0.09299924999999949,0.050503283568020196,1426165494551,0,0,0,0,0,0,0
2.9851653696927727,-0.019875117615199323,1.006,-0.02597049926967551,-0.04248064422607422,-0.06511180114746094,3,0,1,0.020193459445574605,0.014834630307227314,0.019875117615199323,-0.006000000000000005,0.046163958715250114,0.02388822106595362,0.03247882634749475,-0.06024850597014929,0.049446219696612975,1426165494618,0,0,0,0,0,0,0
2.982083746539847,-0.02269170602282413,1.025,-0.025708699881876265,-0.04511166000366211,-0.043434913635253904,3,0,1,0.020193459445574605,0.01791625346015291,0.02269170602282413,-0.02499999999999991,0.04590215932745087,0.026931365002887925,0.027009660277170347,-0.1272759499999994,0.04467497469714191,1426165494682,0,0,0,0,0,0,0
2.977512738021888,-0.022985784779272943,1.033,-0.025342180738957523,-0.0684290771484375,-0.006172249794006348,3,0,1,0.020193459445574605,0.022487261978112016,0.022985784779272943,-0.03299999999999992,0.04553564018453213,0.036991982153601985,0.013351923557565957,-0.07306112307692303,0.04384401337106101,1426165494747,0,0,0,0,0,0,0
2.975244146047628,-0.01729278707275185,1.046,-0.02518510110627811,-0.03618181610107422,0.08450527191162109,3,0,1,0.020193459445574605,0.024755853952371787,0.01729278707275185,-0.04600000000000004,0.045378560551852715,0.02574474190280448,-0.021721439015473715,-0.11068320000000066,0.04465357763179388,1426165494812,0,0,0,0,0,0,0
2.9736196860446125,-0.008731478733374674,1.056,-0.024801128670839247,-0.02759309196472168,0.1277652816772461,3,0,1,0.020193459445574605,0.026380313955387535,0.008731478733374674,-0.05600000000000005,0.04499458811641385,0.022973448287561975,-0.040742604931387906,-0.1020831030303031,0.04324925886441903,1426165494878,0,0,0,0,0,0,0
2.9755710759089427,-0.0019657846676304205,1.056,-0.022462387473166943,0.02674515151977539,0.1021800765991211,3,0,1,0.020193459445574605,0.024428924091057347,0.0019657846676304205,-0.05600000000000005,0.04265584691874155,0.002891587649147995,-0.03515395700093038,-0.049416800000000025,0.031861656775638625,1426165494943,0,0,0,0,0,0,0
2.9790985939715866,0.002265199998822386,1.046,-0.02120575041173086,0.051473972320556644,0.06463720703125,3,0,1,0.020193459445574605,0.020901406028413394,-0.002265199998822386,-0.04600000000000004,0.04139920985730547,-0.007345429613021934,-0.02362248648720208,0.012130353846153866,0.03559934649683124,1426165495008,0,0,0,0,0,0,0
2.9804282011012666,0.010332498877732143,1.031,-0.01972222054753566,0.01737371826171875,0.12140517425537109,3,0,1,0.020193459445574605,0.019571798898733395,-0.010332498877732143,-0.030999999999999917,0.03991567999311027,0.0037253318126170424,-0.048998564342922865,0.05211705000000076,0.032961633754695276,1426165495072,0,0,0,0,0,0,0
2.9826888240773775,0.015729515563059224,1.015,-0.018133970928221076,0.032306236267089845,0.08160823059082031,3,0,1,0.020193459445574605,0.017311175922622546,-0.015729515563059224,-0.014999999999999902,0.038327430373795685,-0.002110417454934333,-0.03620995645006996,0.067635284848485,0.031108113922365753,1426165495138,0,0,0,0,0,0,0
2.982635228427328,0.02564273029874295,1.03,-0.017121679962064335,-0.0035001440048217773,0.14865919494628907,3,0,1,0.020193459445574605,0.017364771572672133,-0.02564273029874295,-0.030000000000000027,0.03731513940763894,0.010204411579460542,-0.06594153714111485,-0.11017743076923144,0.032643027256146276,1426165495203,0,0,0,0,0,0,0
2.987234075780353,0.033015563088155155,1.034,-0.016214108751027096,0.06707916259765626,0.11175732421875,3,0,1,0.020193459445574605,0.012765924219646951,-0.033015563088155155,-0.03400000000000003,0.0364075681966017,-0.016398880345732048,-0.054786023539977344,-0.05373152238805973,0.032343816505390185,1426165495270,0,0,0,0,0,0,0
2.991624184801633,0.03844891237278359,1.033,-0.014294246573833342,0.0645215835571289,0.08255720520019531,3,0,1,0.020193459445574605,0.008375815198367054,-0.03844891237278359,-0.03299999999999992,0.03448770601940795,-0.018954323199361425,-0.04919739664693189,-0.026688344444443745,0.02534550517562817,1426165495333,0,0,0,0,0,0,0
2.995864699327752,0.044290298012627696,1.014,-0.010960667702524313,0.062348789215087894,0.08852102661132813,3,0,1,0.020193459445574605,0.00413530067224821,-0.044290298012627696,-0.014000000000000012,0.03115412714809892,-0.019169933633759483,-0.05293909231983031,0.08362127575757526,0.01600149591487606,1426165495399,0,0,0,0,0,0,0
3.000013024581342,0.04957521998202033,1.006,-0.007784168463894587,0.06135226440429688,0.07995108032226562,3,0,1,0.020193459445574605,-0.000013024581341891661,-0.04957521998202033,-0.006000000000000005,0.027977627909469192,-0.021093663674953772,-0.053094004280619,0.03230162307692312,0.01331686219271661,1426165495464,0,0,0,0,0,0,0
3.0024982279150523,0.05449140748513302,1.007,-0.004660029102824665,0.03670289993286133,0.07403075408935547,3,0,1,0.020193459445574605,-0.0024982279150522757,-0.05449140748513302,-0.006999999999999895,0.02485348854839927,-0.01359168395803348,-0.05401510079772996,-0.0170888499999993,0.010209085293384011,1426165495528,0,0,0,0,0,0,0
3.0072363114128753,0.05666278389755143,0.992,-0.0018675022996338005,0.070918701171875,0.03290148544311523,3,0,1,0.020193459445574605,-0.007236311412875285,-0.05666278389755143,0.008000000000000007,0.022060961745208406,-0.026408519903606466,-0.03926871409611489,0.07652205652173864,0.009919540861769867,1426165495597,0,0,0,0,0,0,0
3.011818827537837,0.05938188123629722,0.983,0.0007853981633975486,0.0686614532470703,0.04091475677490235,3,0,1,0.020193459445574605,-0.011818827537836807,-0.05938188123629722,0.017000000000000015,0.019408061282177057,-0.03096635588502632,-0.04525163570723957,0.05937814426229516,0.006361009824645832,1426165495658,0,0,0,0,0,0,0
3.01360138480228,0.06461995126490341,0.983,0.005113814708343416,0.026800060272216798,0.07855002593994141,3,0,1,0.020193459445574605,-0.013601384802279792,-0.06461995126490341,0.017000000000000015,0.015079644737231189,-0.014885488444700782,-0.05967564030399985,0.00785270000000003,-0.004301324867004037,1426165495725,0,0,0,0,0,0,0
3.0145977823613035,0.06649322985120687,0.982,0.007417649320976143,0.015089461326599121,0.028022380828857423,3,0,1,0.020193459445574605,-0.01459778236130349,-0.06649322985120687,0.018000000000000016,0.012775810124598462,-0.011530212649043001,-0.04353627514486208,0.014236650000000035,0.0019765853778825546,1426165495789,0,0,0,0,0,0,0
3.015314323439225,0.06354323298373027,1.01,0.009791297103688349,0.01041959285736084,-0.04432846069335938,3,0,1,0.020193459445574605,-0.015314323439224786,-0.06354323298373027,-0.010000000000000009,0.010402162341886257,-0.01013792685456755,-0.016676186434576135,-0.15781774705882362,-0.00006981317007935355,1426165495857,0,0,0,0,0,0,0
3.0174260920143525,0.06343586033957327,1.007,0.013142329267517388,0.03165924072265625,-0.0019206618070602417,3,0,1,0.020193459445574605,-0.017426092014352523,-0.06343586033957327,-0.006999999999999895,0.0070511301780572175,-0.01888812058278479,-0.0312693804362333,0.0048082461538468645,-0.008415172116538347,1426165495922,0,0,0,0,0,0,0
3.0172210932524623,0.06503948022942414,0.998,0.01630137521362722,-0.0027585954666137697,0.02409263229370117,3,0,1,0.020193459445574605,-0.01722109325246235,-0.06503948022942414,0.0020000000000000018,0.0038920842319473854,-0.006286526921707667,-0.0415993250333783,0.045866999999999436,-0.011150991701908957,1426165495985,0,0,0,0,0,0,0
3.0150654622631445,0.06660929011513889,0.99,0.019058995431778067,-0.03194633483886719,0.02407109260559082,3,0,1,0.020193459445574605,-0.015065462263144536,-0.06660929011513889,0.010000000000000009,0.0011344640137965385,0.005249857800613611,-0.041971349088291025,0.04540892307692314,-0.011593013916130445,1426165496050,0,0,0,0,0,0,0
3.0145773830360727,0.06608324267119749,0.983,0.021170843826691252,-0.00747023868560791,-0.007749752521514892,3,0,1,0.020193459445574605,-0.0145773830360727,-0.06608324267119749,0.017000000000000015,-0.0009773843811166465,-0.0034947027584561067,-0.030465893852831223,0.04573480769230775,-0.010724376973023654,1426165496115,0,0,0,0,0,0,0
3.014971441710501,0.06403074091634418,0.978,0.021467549799530403,0.005257806301116943,-0.0309057559967041,3,0,1,0.020193459445574605,-0.014971441710501132,-0.06403074091634418,0.02200000000000002,-0.0012740903539557973,-0.008484441109147726,-0.02108856683742149,0.03952705000000005,-0.0026648996016393166,1426165496179,0,0,0,0,0,0,0
3.011576493979747,0.0654904678888695,0.968,0.024225170017681583,-0.050442466735839846,0.022983993530273437,3,0,1,0.020193459445574605,-0.011576493979747138,-0.0654904678888695,0.03200000000000003,-0.004031710572106977,0.012834164789102029,-0.040600883407582895,0.0718714882352942,-0.01619768212277395,1426165496247,0,0,0,0,0,0,0
3.00875592354549,0.06515012443595321,0.961,0.025813419636996168,-0.042419803619384765,-0.004078822135925293,3,0,1,0.020193459445574605,-0.008755923545490152,-0.06515012443595321,0.039000000000000035,-0.005619960191421563,0.012434773847270512,-0.031067658704993003,0.06513548888888897,-0.013183053616729112,1426165496310,0,0,0,0,0,0,0
3.0066079387621762,0.06384598217849974,0.979,0.0273667626712714,-0.032713947296142576,-0.018724006652832033,3,0,1,0.020193459445574605,-0.006607938762176246,-0.06384598217849974,0.02100000000000002,-0.0071733032256967935,0.009400707243011702,-0.02532557996211739,-0.08493997692307696,-0.014342578768505549,1426165496375,0,0,0,0,0,0,0
3.004538045531209,0.06639549604381258,0.984,0.030037116426822535,-0.02999032402038574,0.03907797622680664,3,0,1,0.020193459445574605,-0.004538045531209178,-0.06639549604381258,0.016000000000000014,-0.00984365698124793,0.010012211154724672,-0.04739395001286702,-0.01883597692307691,-0.02216836662225317,1426165496440,0,0,0,0,0,0,0
3.004699764266411,0.06792385596072174,0.993,0.02998475654926273,0.003113196134567261,0.022842205047607422,3,0,1,0.020193459445574605,-0.004699764266411055,-0.06792385596072174,0.007000000000000006,-0.009791297103688125,-0.0020749283466119026,-0.042579747087108114,-0.04679397272727273,-0.009553297660234468,1426165496506,0,0,0,0,0,0,0
3.001714117770038,0.0688907164726584,1.004,0.0312937534882584,-0.044329765319824216,0.015839045524597167,3,0,1,0.020193459445574605,-0.0017141177700379373,-0.0688907164726584,-0.0040000000000000036,-0.011100294042683794,0.016107336781592613,-0.040130996856245715,-0.06622643333333336,-0.017050280129027744,1426165496572,0,0,0,0,0,0,0
2.996575930548756,0.0722860626795615,1.004,0.03235840433197494,-0.07544153594970703,0.0533167610168457,3,0,1,0.020193459445574605,0.0034240694512441827,-0.0722860626795615,-0.0040000000000000036,-0.012164944886400336,0.030945109318666165,-0.05531594201521001,-0.007918699999999985,-0.017155495716321623,1426165496636,0,0,0,0,0,0,0
2.995873296792676,0.07482944137557135,0.991,0.03296926957017303,-0.009299709320068359,0.038471691131591795,3,0,1,0.020193459445574605,0.004126703207323779,-0.07482944137557135,0.009000000000000008,-0.012775810124598424,0.0070421342739323475,-0.05197632488049782,0.07363265000000008,-0.015639240928651963,1426165496700,0,0,0,0,0,0,0
