0,0,0.721,0,-0.14807958984375,-0.05668659210205078,0,0,1.5,0,0,0,0.779,0,0,0,0.6232000000000001,0,0,0,0,0,0,0,0,0
-0.014987137858072916,-0.0027926442464192708,0.724,0.001727875959474545,-0.22480706787109375,-0.04188966369628906,0,0,1.5,0,0.014987137858072916,0.0027926442464192708,0.776,-0.001727875959474545,0.08946407085860189,0.01667038263813273,0.6096901538461539,-0.00970268808012629,0,0,0,0,0,0,0,0
-0.029773946202924135,-0.006222954780976481,0.727,0.0037175513067477794,-0.2218907012939453,-0.05107133483886719,0,0,1.5,0,0.029773946202924135,0.006222954780976481,0.773,-0.0037175513067477794,0.09333110841203253,0.021308412546522354,0.6123146538461539,-0.012900668294162705,0,0,0,0,0,0,0,0
-0.04580782194153659,-0.00786715273733365,0.731,0.0024434609527923534,-0.24059815979003907,-0.023768699645996094,0,0,1.5,0,0.04580782194153659,0.00786715273733365,0.769,-0.0024434609527923534,0.11064772849507083,0.012936213362720137,0.6083151000000001,0.003528837581373706,0,0,0,0,0,0,0,0
-0.058881574113704004,-0.008611956297476976,0.741,0.0016231562043542702,-0.19613299560546876,-0.010692842483520508,0,0,1.5,0,0.058881574113704004,0.008611956297476976,0.759,-0.0016231562043542702,0.09993474673969305,0.008332986049020958,0.5732774461538462,0.002162865711513806,0,0,0,0,0,0,0,0
-0.07190290232149452,-0.010244782321238162,0.755,-0.001186823891356159,-0.1953594207763672,-0.024175323486328126,0,0,1.5,0,0.07190290232149452,0.010244782321238162,0.745,0.001186823891356159,0.10411832247928222,0.013675470540419808,0.547780771641791,0.01376882431991032,0,0,0,0,0,0,0,0
-0.08730542379856958,-0.00906713887701255,0.771,-0.003246312408709428,-0.23105862426757812,0.017390438079833984,0,0,1.5,0,0.08730542379856958,0.00906713887701255,0.729,0.003246312408709428,0.12808613424476512,-0.0018774739822476159,0.5252806999999999,0.012900164833802878,0,0,0,0,0,0,0,0
-0.09854678949260022,-0.008327586105285422,0.791,-0.007278022980816701,-0.16865560913085936,0.010545839309692382,0,0,1.5,0,0.09854678949260022,0.008327586105285422,0.709,0.007278022980816701,0.11006876383736136,0.00021619291608923012,0.4936968923076923,0.02588591792900411,0,0,0,0,0,0,0,0
-0.11333479245314376,-0.006967526072056629,0.813,-0.009546951008408744,-0.221962646484375,0.018785963058471678,0,0,1.5,0,0.11333479245314376,0.006967526072056629,0.687,0.009546951008408744,0.1366337105216433,-0.003800501155125762,0.4697931615384622,0.02001892652037202,0,0,0,0,0,0,0,0
-0.12099021541750128,-0.003216874171857522,0.836,-0.012007865253720773,-0.11536321258544922,0.05516094207763672,0,0,1.5,0,0.12099021541750128,0.003216874171857522,0.664,0.012007865253720773,0.10151050725941899,-0.018240124472221668,0.452267403030303,0.023193839096048177,0,0,0,0,0,0,0,0
-0.12930446897177533,0.0006765266872014054,0.861,-0.014084807063594162,-0.12540606689453124,0.0568992919921875,0,0,1.5,0,0.12930446897177533,-0.0006765266872014054,0.639,0.014084807063594162,0.10992379957882287,-0.021261910125387213,0.42377521538461527,0.02367069233993288,0,0,0,0,0,0,0,0
-0.13643268072417758,0.005489961331057294,0.885,-0.012828170002157968,-0.10792948150634765,0.07068841552734376,0,0,1.5,0,0.13643268072417758,-0.005489961331057294,0.615,0.012828170002157968,0.10778857279170007,-0.02903114556699047,0.4118765999999999,0.006937683776675807,0,0,0,0,0,0,0,0
-0.13938740343617848,0.01060669837218171,0.914,-0.013613568165555813,-0.04530174255371094,0.07617620086669921,0,0,1.5,0,0.13938740343617848,-0.01060669837218171,0.586,0.013613568165555813,0.08628417331129674,-0.03282459872357764,0.36758175384615366,0.01723848276585356,0,0,0,0,0,0,0,0
-0.14188494860930007,0.018484824340425407,0.94,-0.013561208287995898,-0.03906839752197266,0.11765094757080079,0,0,1.5,0,0.14188494860930007,-0.018484824340425407,0.56,0.013561208287995898,0.08516344590510348,-0.05164469414339381,0.3665756000000005,0.013319547314642442,0,0,0,0,0,0,0,0
-0.1427863387859146,0.027692757465838075,0.968,-0.014992378274631513,-0.015392612457275391,0.13792294311523437,0,0,1.5,0,0.1427863387859146,-0.027692757465838075,0.532,0.014992378274631513,0.07711227136319897,-0.06342716107551663,0.3368643692307692,0.021597778212949732,0,0,0,0,0,0,0,0
-0.14035209521585387,0.03585619545134377,0.986,-0.014590952546672753,0.034673778533935544,0.12298521423339843,0,0,1.5,0,0.14035209521585387,-0.03585619545134377,0.514,0.014590952546672753,0.058419348315374896,-0.06059655064903301,0.3826475492537313,0.01279352391402159,0,0,0,0,0,0,0,0
-0.13573695030851368,0.043675428925440185,1.008,-0.015271630954950322,0.06750851440429688,0.11828607177734375,0,0,1.5,0,0.13573695030851368,-0.043675428925440185,0.492,0.015271630954950322,0.04327379396478,-0.06532904357608876,0.33995477777777766,0.01851295670865303,0,0,0,0,0,0,0,0
-0.13036176142481745,0.05162924535570265,1.034,-0.01602212253330837,0.07879648590087891,0.12052460479736328,0,0,1.5,0,0.13036176142481745,-0.05162924535570265,0.46599999999999997,0.01602212253330837,0.03780714268038725,-0.06807917068037461,0.30657381212121204,0.019433447889481315,0,0,0,0,0,0,0,0
-0.12234174426890894,0.06118473616807922,1.052,-0.016179202165987228,0.11798842620849609,0.14524134826660157,0,0,1.5,0,0.12234174426890894,-0.06118473616807922,0.44799999999999995,0.016179202165987228,0.019852275179797457,-0.08139102579637224,0.3375548545454545,0.016893200496345673,0,0,0,0,0,0,0,0
-0.11052610454021135,0.0687583305301113,1.068,-0.017453292519943542,0.17537345886230468,0.11645643615722656,0,0,1.5,0,0.11052610454021135,-0.0687583305301113,0.43199999999999994,0.017453292519943542,-0.0070759841702122475,-0.07533035127250651,0.33686355384615374,0.02333370953820345,0,0,0,0,0,0,0,0
-0.09947905196706656,0.07632929380182384,1.087,-0.018552849948699546,0.16369857788085937,0.11643911743164062,0,0,1.5,0,0.09947905196706656,-0.07632929380182384,0.41300000000000003,0.018552849948699546,-0.005769018659827381,-0.0773550374197989,0.3128316823529417,0.023403838604976034,0,0,0,0,0,0,0,0
-0.08223701693928254,0.08306856597727946,1.105,-0.019757127132575825,0.25671063232421876,0.10586974334716796,0,0,1.5,0,0.08223701693928254,-0.08306856597727946,0.395,0.019757127132575825,-0.05481328850785129,-0.07985226111797766,0.29706189677419353,0.025584274796493302,0,0,0,0,0,0,0,0
-0.06399285214041947,0.08734015061985617,1.123,-0.022235494670407977,0.2723432312011719,0.06946769714355469,0,0,1.5,0,0.06399285214041947,-0.08734015061985617,0.377,0.022235494670407977,-0.06633312302046293,-0.06735990123992394,0.28825009999999995,0.03385284250399619,0,0,0,0,0,0,0,0
-0.05061511782612222,0.09257217108500364,1.139,-0.02289871978616587,0.1988715057373047,0.08292244720458984,0,0,1.5,0,0.05061511782612222,-0.09257217108500364,0.361,0.02289871978616587,-0.04309898852136385,-0.0740091565041021,0.2927242104477611,0.02586838448358927,0,0,0,0,0,0,0,0
-0.034887867837463386,0.09713596410434779,1.162,-0.023108159296405088,0.23427946472167968,0.07384048461914063,0,0,1.5,0,0.034887867837463386,-0.09713596410434779,0.3380000000000001,0.023108159296405088,-0.06574144193174525,-0.07359701130353395,0.2362571461538468,0.024074803189816862,0,0,0,0,0,0,0,0
-0.017487464158623334,0.09982872769624443,1.175,-0.02467895562319944,0.26000308227539065,0.04641150283813476,0,0,1.5,0,0.017487464158623334,-0.09982872769624443,0.32499999999999996,0.02467895562319944,-0.08201977779204483,-0.06471481688232562,0.28290890606060537,0.03181893892681013,0,0,0,0,0,0,0,0
-0.0007964064905491944,0.10189777978949731,1.193,-0.0262672052425148,0.2495237731933594,0.037204471588134766,0,0,1.5,0,0.0007964064905491944,-0.10189777978949731,0.30699999999999994,0.0262672052425148,-0.08936915055435966,-0.06284987921626939,0.2409755999999999,0.033712125333055565,0,0,0,0,0,0,0,0
0.015222391174012674,0.10235096525675436,1.209,-0.02635447170511407,0.24002053833007814,0.013106246948242188,0,0,1.5,0,-0.015222391174012674,-0.10235096525675436,0.2909999999999999,0.02635447170511407,-0.09105754397581763,-0.054232151217747764,0.24368521515151503,0.026751137444201645,0,0,0,0,0,0,0,0
0.033852814694763436,0.09996549872051276,1.227,-0.026616271092913646,0.28030221557617185,-0.028405500411987306,0,0,1.5,0,-0.033852814694763436,-0.09996549872051276,0.2729999999999999,0.026616271092913646,-0.11277037563297623,-0.03824174621451176,0.2219329492537312,0.027788507157687874,0,0,0,0,0,0,0,0
0.04760800561211448,0.09492472849708804,1.245,-0.027907814739389192,0.2082670440673828,-0.07009374237060546,0,0,1.5,0,-0.04760800561211448,-0.09492472849708804,0.2549999999999999,0.027907814739389192,-0.09530047868981514,-0.02151404653167422,0.20779125454545438,0.0337784676779144,0,0,0,0,0,0,0,0
0.05750567102061403,0.08954380552299865,1.257,-0.027977627909469227,0.150659423828125,-0.07653961944580077,0,0,1.5,0,-0.05750567102061403,-0.08954380552299865,0.2430000000000001,0.027977627909469227,-0.08146977846757028,-0.016185327811047038,0.22957600000000128,0.028304877144219392,0,0,0,0,0,0,0,0
0.06922594346378594,0.08345943833757215,1.267,-0.027750735106709893,0.17828834533691407,-0.08631185150146484,0,0,1.5,0,-0.06922594346378594,-0.08345943833757215,0.2330000000000001,0.027750735106709893,-0.09635621315906294,-0.009862338215508012,0.2348693461538462,0.02670353755551297,0,0,0,0,0,0,0,0
0.07874318416009875,0.07567243053691645,1.28,-0.029356438018544487,0.14594465637207032,-0.1127989959716797,0,0,1.5,0,-0.07874318416009875,-0.07567243053691645,0.21999999999999997,0.029356438018544487,-0.08930353793998981,0.003150043456204947,0.20974549999999934,0.036767374534704154,0,0,0,0,0,0,0,0
0.08223099819376849,0.0675218007518367,1.293,-0.030770154712659984,0.05588325500488281,-0.120671142578125,0,0,1.5,0,-0.08223099819376849,-0.0675218007518367,0.20700000000000007,0.030770154712659984,-0.0595410202739675,0.011265072583230534,0.1972418032258071,0.037610719361605933,0,0,0,0,0,0,0,0
0.0867972867665506,0.060234172239799495,1.305,-0.031154127148098624,0.07182499694824218,-0.10715543365478515,0,0,1.5,0,-0.0867972867665506,-0.060234172239799495,0.19500000000000006,0.031154127148098624,-0.06677901772563655,0.008099191476088001,0.19768101538461538,0.03292630761935388,0,0,0,0,0,0,0,0
0.09060433812176848,0.051339669658641146,1.317,-0.031503192998497465,0.06123389434814453,-0.13157400512695314,0,0,1.5,0,-0.09060433812176848,-0.051339669658641146,0.18300000000000005,0.031503192998497465,-0.06434354326872282,0.0204392986996792,0.19026783636363634,0.033089855954855835,0,0,0,0,0,0,0,0
0.0913308537391738,0.04387708401909002,1.328,-0.030560715202420763,0.01441817283630371,-0.11153998565673828,0,0,1.5,0,-0.0913308537391738,-0.04387708401909002,0.17199999999999993,0.030560715202420763,-0.048549476404590924,0.017785708683713815,0.18604874999999926,0.026142850533311224,0,0,0,0,0,0,0,0
0.09662601664218046,0.036253299979882476,1.339,-0.03083996788273957,0.08288463592529297,-0.11187638092041016,0,0,1.5,0,-0.09662601664218046,-0.036253299979882476,0.16100000000000003,0.03083996788273957,-0.07579914811580066,0.021814165668537576,0.1792207307692313,0.032128826407287904,0,0,0,0,0,0,0,0
0.09637630413408374,0.026330975486483846,1.349,-0.031189033733138857,0.000845428466796875,-0.1488795928955078,0,0,1.5,0,-0.09637630413408374,-0.026330975486483846,0.15100000000000002,0.031189033733138857,-0.04587991501503665,0.03913496907296885,0.17758684615384612,0.03280010688882788,0,0,0,0,0,0,0,0
0.09779645397640868,0.019202597863198036,1.36,-0.03166027263117721,0.02462625503540039,-0.1062093734741211,0,0,1.5,0,-0.09779645397640868,-0.019202597863198036,0.1399999999999999,0.03166027263117721,-0.0555302390573449,0.027060585599449502,0.16522366666666594,0.03380226762226064,0,0,0,0,0,0,0,0
0.09880408895550011,0.012097603211403221,1.375,-0.03183480555637664,0.01848057746887207,-0.10604306030273437,0,0,1.5,0,-0.09880408895550011,-0.012097603211403221,0.125,0.03183480555637664,-0.05361029665592373,0.02832758531434522,0.13743200000000044,0.03258280380723134,0,0,0,0,0,0,0,0
0.09871603778795962,0.0029670146489961646,1.39,-0.03197443189653582,0.003039222955703735,-0.13693147277832032,0,0,1.5,0,-0.09871603778795962,-0.0029670146489961646,0.1100000000000001,0.03197443189653582,-0.048092237077557616,0.04890971189785472,0.1164365806451619,0.0326500432198867,0,0,0,0,0,0,0,0
0.10132349578771126,-0.00338538904278672,1.4,-0.032201324699295604,0.042138076782226565,-0.09398698425292969,0,0,1.5,0,-0.10132349578771126,0.00338538904278672,0.10000000000000009,0.032201324699295604,-0.06444274069874494,0.03583553304949672,0.13818844444444445,0.033281766617199324,0,0,0,0,0,0,0,0
0.10195858469120318,-0.01024140903018838,1.407,-0.03282964323001326,0.012832416534423827,-0.10248027801513672,0,0,1.5,0,-0.10195858469120318,0.01024140903018838,0.09299999999999997,0.03282964323001326,-0.05370959574032509,0.04033685250351389,0.1516365878787872,0.03568563655145714,0,0,0,0,0,0,0,0
0.10183550639853045,-0.013174456288962121,1.418,-0.03262020371977404,-0.0004010756015777588,-0.04403260040283203,0,0,1.5,0,-0.10183550639853045,0.013174456288962121,0.08200000000000007,0.03262020371977404,-0.049672251204693804,0.021494228229972157,0.12032635000000055,0.031638456015527706,0,0,0,0,0,0,0,0
0.1035700608918954,-0.01651408978263598,1.427,-0.03260275042725392,0.02763827896118164,-0.049219280242919924,0,0,1.5,0,-0.1035700608918954,0.01651408978263598,0.07299999999999995,0.03260275042725392,-0.06061984221443664,0.025117318827761987,0.1252955615384608,0.03252219676946875,0,0,0,0,0,0,0,0
0.10372187451928648,-0.017902723685042882,1.429,-0.03263765701229416,0.0029549732208251954,-0.020744209289550782,0,0,1.5,0,-0.10372187451928648,0.017902723685042882,0.07099999999999995,0.03263765701229416,-0.05224071742978739,0.015317890134846341,0.16184936923076912,0.032798764327864494,0,0,0,0,0,0,0,0
0.10556931311777118,-0.018163557783937103,1.434,-0.0316428193386571,0.027824493408203126,-0.0030061473846435547,0,0,1.5,0,-0.10556931311777118,0.018163557783937103,0.06600000000000006,0.0316428193386571,-0.06221367735279536,0.009366246788431797,0.14253904848484908,0.027120829913034092,0,0,0,0,0,0,0,0
0.10730189294512829,-0.018325183238722068,1.438,-0.03153809958353727,0.02605238914489746,-0.001600949764251709,0,0,1.5,0,-0.10730189294512829,0.018325183238722068,0.062000000000000055,0.03153809958353727,-0.06254168697195929,0.008933047690727905,0.14505127878787877,0.031062100696628944,0,0,0,0,0,0,0,0
0.10790821936162925,-0.014641355632018658,1.445,-0.03181735226385652,0.007347948551177978,0.0555167236328125,0,0,1.5,0,-0.10790821936162925,0.014641355632018658,0.05499999999999994,0.03181735226385652,-0.05704183570394707,-0.013902532553644304,0.12273414999999928,0.03312634920285302,0,0,0,0,0,0,0,0
0.10931299128003565,-0.011463037665846271,1.449,-0.031101767270539156,0.019544284820556642,0.048320968627929686,0,0,1.5,0,-0.10931299128003565,0.011463037665846271,0.050999999999999934,0.031101767270539156,-0.06206358400096938,-0.012452328155939737,0.13660843846153833,0.02779906730138209,0,0,0,0,0,0,0,0
0.1073143320106732,-0.007115225012080372,1.456,-0.031171580440618747,-0.03199343299865723,0.06425337219238281,0,0,1.5,0,-0.1073143320106732,0.007115225012080372,0.04400000000000004,0.031171580440618747,-0.042807840747955184,-0.020918888673606827,0.11514059230769287,0.03149379507175532,0,0,0,0,0,0,0,0
0.106780464481017,0.0000401762997432999,1.463,-0.031852258848896316,-0.011349258422851562,0.107029296875,0,0,1.5,0,-0.106780464481017,-0.0000401762997432999,0.03699999999999992,0.031852258848896316,-0.050627681570274564,-0.03791458920242514,0.1114550882352934,0.03485525182659147,0,0,0,0,0,0,0,0
0.10679050712507616,0.006345322153117949,1.469,-0.032201324699295604,-0.002861424446105957,0.09453401184082032,0,0,1.5,0,-0.10679050712507616,-0.006345322153117949,0.030999999999999917,0.032201324699295604,-0.05350381710567557,-0.038723218063017116,0.11007039999999985,0.03383757087304227,0,0,0,0,0,0,0,0
0.1064651529910834,0.0134884716671381,1.477,-0.03228859116189487,-0.008327468872070313,0.1069345703125,0,0,1.5,0,-0.1064651529910834,-0.0134884716671381,0.02299999999999991,0.03228859116189487,-0.05154576940873854,-0.04750618813831349,0.0921833555555554,0.0327041457457009,0,0,0,0,0,0,0,0
0.1065171748626544,0.019443422458779225,1.485,-0.031119220563058388,-0.002103732109069824,0.08930289459228516,0,0,1.5,0,-0.1065171748626544,-0.019443422458779225,0.014999999999999902,0.031119220563058388,-0.05372865724480889,-0.04287725743925201,0.08724837692307676,0.025722125491505387,0,0,0,0,0,0,0,0
0.10713385186378818,0.0235653743744685,1.491,-0.03176499238629661,0.007321907997131348,0.06208715438842773,0,0,1.5,0,-0.10713385186378818,-0.0235653743744685,0.008999999999999897,0.03176499238629661,-0.05714708344673302,-0.03508355694300702,0.09327610769230756,0.034745477724319185,0,0,0,0,0,0,0,0
0.1040959758252636,0.027092762185226184,1.498,-0.031834805556376654,-0.047225582122802735,0.05143689727783203,0,0,1.5,0,-0.1040959758252636,-0.027092762185226184,0.0020000000000000018,0.031834805556376654,-0.03626633161472645,-0.03337585082255049,0.08287578787878841,0.03215213814764957,0,0,0,0,0,0,0,0
0.1013212787353646,0.028360462097285467,1.504,-0.030909781052819628,-0.042204620361328125,0.017681108474731446,0,0,1.5,0,-0.1013212787353646,-0.028360462097285467,-0.0040000000000000036,0.030909781052819628,-0.03634150105342342,-0.022045225281375855,0.0833524181818181,0.02670512421846951,0,0,0,0,0,0,0,0
0.1002883439513413,0.028558184515005903,1.512,-0.030874874467779832,-0.015578279495239258,0.0024855790138244628,0,0,1.5,0,-0.1002883439513413,-0.028558184515005903,-0.01200000000000001,0.030874874467779832,-0.04495465885087756,-0.01652100715143508,0.0649437999999999,0.03071124985040579,0,0,0,0,0,0,0,0
0.09673721105107844,0.02919835233683535,1.516,-0.032515483964654666,-0.053538036346435544,0.007953590393066406,0,0,1.5,0,-0.09673721105107844,-0.02919835233683535,-0.016000000000000014,0.032515483964654666,-0.029769348840487514,-0.01922583302161869,0.08385133846153839,0.04008752779638467,1427107559714,0,0,0,0,0,0,0
0.09141911585715709,0.02931014061747969,1.524,-0.03263765701229417,-0.07978377532958984,-0.0009174116849899292,0,0,1.5,0,-0.09141911585715709,-0.02931014061747969,-0.02400000000000002,0.03263765701229417,-0.018090102739797116,-0.01644683099237041,0.056407157575757476,0.0331929890470192,1427107559714,0,0,0,0,0,0,0
0.0890122943066935,0.02706098676972809,1.527,-0.032323497746935125,-0.034982185363769534,-0.03489742660522461,0,0,1.5,0,-0.0890122943066935,-0.02706098676972809,-0.026999999999999913,0.032323497746935125,-0.031983374446588525,-0.002446696355355077,0.07985235000000063,0.030850876190564584,1427107559714,0,0,0,0,0,0,0
0.08456074994959444,0.02666025036577582,1.528,-0.03347541505325149,-0.06654402160644532,-0.00816587257385254,0,0,1.5,0,-0.08456074994959444,-0.02666025036577582,-0.028000000000000025,0.03347541505325149,-0.020397957076056045,-0.012532062941409938,0.09019293623188342,0.03848375116767046,1427107559714,0,0,0,0,0,0,0
0.07717568172837275,0.02648996477267773,1.526,-0.03396410724380996,-0.11062847137451172,-0.006260433673858643,0,0,1.5,0,-0.07717568172837275,-0.02648996477267773,-0.026000000000000023,0.03396410724380996,0.002356331897169363,-0.013534775174175952,0.1079945225806451,0.03632874687554449,1427107559714,0,0,0,0,0,0,0
0.07047517764727203,0.02516903801901307,1.521,-0.033440508468211255,-0.09977676391601563,-0.02321546745300293,0,0,1.5,-0.03396410724380996,-0.07047517764727203,-0.02516903801901307,-0.020999999999999908,-0.0005235987755987034,-0.035237588823636014,-0.012584519009506535,-0.016799999999999926,-0.0005235987755987034,1427107559714,0,0,0,0,0,0,0
0.06208884092044541,0.024522685180321656,1.52,-0.03623303527140201,-0.12540056610107422,-0.01389573860168457,0,0,1.5,-0.03396410724380996,-0.06208884092044541,-0.024522685180321656,-0.020000000000000018,0.00226892802759205,0.014072419553014658,-0.008796920896420422,-0.010745384615385226,0.015157513273087836,1427107560105,0,0,0,0,0,0,0
0.055785477295146,0.025683541304668638,1.523,-0.038065630985996385,-0.09511917877197265,0.013976312637329102,0,0,1.5,-0.03396410724380996,-0.055785477295146,-0.025683541304668638,-0.02299999999999991,0.004101523742186426,0.0059718317971990675,-0.019125168446033312,-0.03483334615384549,0.012559657809545084,1427107560170,0,0,0,0,0,0,0
0.04967093828748076,0.024560298880643632,1.524,-0.0398807734080702,-0.09101044464111328,-0.020326894760131838,0,0,1.5,-0.03396410724380996,-0.04967093828748076,-0.024560298880643632,-0.02400000000000002,0.005916666164260238,0.007480715376859345,-0.0063724046725444645,-0.024940930303030913,0.01416731353732302,1427107560236,0,0,0,0,0,0,0
0.042934765984061256,0.024953751640497988,1.531,-0.04260348704118136,-0.10119754791259766,0.001868510365486145,0,0,1.5,-0.03396410724380996,-0.042934765984061256,-0.024953751640497988,-0.030999999999999917,0.0086393797973714,0.01523417991595511,-0.014693384846228888,-0.06371754999999936,0.021402099952579974,1427107560300,0,0,0,0,0,0,0
0.03705257496451292,0.026328226263699853,1.54,-0.04448844263333565,-0.08903089904785157,0.016840520858764647,0,0,1.5,-0.03396410724380996,-0.03705257496451292,-0.026328226263699853,-0.040000000000000036,0.010524335389525692,0.012986085226783364,-0.02064705792630392,-0.08135783846153913,0.019224130430237806,1427107560365,0,0,0,0,0,0,0
0.03666268492582371,0.02630922968854872,1.537,-0.046617744320768505,-0.005829891204833984,-0.0005447648763656617,0,0,1.5,-0.03396410724380996,-0.03666268492582371,-0.02630922968854872,-0.03699999999999992,0.012653637076958546,-0.016416728857546043,-0.013151354185355922,-0.014582953846153174,0.02248118332664864,1427107560430,0,0,0,0,0,0,0
0.03474056729235236,0.026101906063925342,1.538,-0.05000368306963755,-0.028655519485473634,-0.004450060844421387,0,0,1.5,-0.03396410724380996,-0.03474056729235236,-0.026101906063925342,-0.038000000000000034,0.016039575825827594,-0.007384958659570048,-0.012067765417948347,-0.03709063030303092,0.03143020650250508,1427107560496,0,0,0,0,0,0,0
0.03405765147696432,0.026926866645839622,1.541,-0.051766465614151894,-0.010849441528320312,0.011846930503845214,0,0,1.5,-0.03396410724380996,-0.03405765147696432,-0.026926866645839622,-0.040999999999999925,0.017802358370341935,-0.013691896757252854,-0.017907225750634213,-0.05013394179104415,0.02569541453980913,1427107560563,0,0,0,0,0,0,0
0.03823914313204574,0.025728631766752823,1.541,-0.05276130328778851,0.06356836318969726,-0.014703980445861816,0,0,1.5,-0.03396410724380996,-0.03823914313204574,-0.025728631766752823,-0.040999999999999925,0.018797196043978552,-0.04260471311726376,-0.006357961332568612,-0.03472059999999994,0.023534518299391016,1427107560626,0,0,0,0,0,0,0
0.04196297287020174,0.024793684089483757,1.534,-0.0557807228937386,0.056519309997558595,-0.011058955192565919,0,0,1.5,-0.03396410724380996,-0.04196297287020174,-0.024793684089483757,-0.03400000000000003,0.021816615649928643,-0.041314785621573674,-0.0075291301811299186,0.0083507076923071,0.03575239844662137,1427107560691,0,0,0,0,0,0,0
0.045547652731293166,0.024223249134537276,1.527,-0.05646140130201617,0.054163608551025394,-0.005545430660247803,0,0,1.5,-0.03396410724380996,-0.045547652731293166,-0.024223249134537276,-0.026999999999999913,0.02249729405820621,-0.0423874629575855,-0.009222418628100353,0.013775207692308385,0.02563888671179499,1427107560756,0,0,0,0,0,0,0
0.052095758259763356,0.02184520478578964,1.52,-0.05804965092133109,0.10007801055908203,-0.030071041107177735,0,0,1.5,-0.03396410724380996,-0.052095758259763356,-0.02184520478578964,-0.020000000000000018,0.02408554367752113,-0.06111857863823586,0.001491454120146304,0.01867211212121155,0.031304860128952575,1427107560822,0,0,0,0,0,0,0
0.05479114808741951,0.019856523668673645,1.513,-0.06031857894892403,0.04209340667724609,-0.027434291839599608,0,0,1.5,-0.03396410724380996,-0.05479114808741951,-0.019856523668673645,-0.0129999999999999,0.02635447170511407,-0.042516950961916794,0.0007378451194257896,0.025348950000000724,0.03699007183445597,1427107560886,0,0,0,0,0,0,0
0.05933832583132258,0.018240141554557304,1.507,-0.059341194567807086,0.06954520416259766,-0.020089942932128905,0,0,1.5,-0.03396410724380996,-0.05933832583132258,-0.018240141554557304,-0.006999999999999895,0.025377087323997127,-0.053843796979734085,-0.0008979974142913818,0.023164083582089663,0.021000739348846643,1427107560953,0,0,0,0,0,0,0
0.06205291440615157,0.014277194331619919,1.502,-0.05972516700324617,0.04417257690429687,-0.05692469024658203,0,0,1.5,-0.03396410724380996,-0.06205291440615157,-0.014277194331619919,-0.0020000000000000018,0.02576105975943621,-0.04633229781341123,0.014302919254949581,0.02315174999999942,0.027560930550556917,1427107561017,0,0,0,0,0,0,0
0.0636418596028334,0.01427428423741516,1.499,-0.05993460651348539,0.023794286727905272,0.0013790805339813233,0,0,1.5,-0.03396410724380996,-0.0636418596028334,-0.01427428423741516,0.0009999999999998899,0.02597049926967543,-0.04087859010326164,-0.007361601870115559,0.014368346153845482,0.026937143163087204,1427107561082,0,0,0,0,0,0,0
0.06603819064373115,0.013869710225355155,1.499,-0.060789817846962815,0.03624392700195313,-0.003904655933380127,0,0,1.5,-0.03396410724380996,-0.06603819064373115,-0.013869710225355155,0.0009999999999998899,0.026825710603152857,-0.04646714268571462,-0.0050055244642037856,-0.001779000000000086,0.03077283983458714,1427107561147,0,0,0,0,0,0,0
0.06670990144177213,0.014464798686772355,1.507,-0.060667644799322865,0.009514755249023437,0.00952195930480957,0,0,1.5,-0.03396410724380996,-0.06670990144177213,-0.014464798686772355,-0.006999999999999895,0.026703537555512906,-0.037559942828366645,-0.010695268748166818,-0.05130142307692183,0.026139661951020826,1427107561212,0,0,0,0,0,0,0
0.06597498732003503,0.017681964827134352,1.506,-0.05965535383316613,-0.013929304122924804,0.04750033950805664,0,0,1.5,-0.03396410724380996,-0.06597498732003503,-0.017681964827134352,-0.006000000000000005,0.02569124658935617,-0.02983779824690858,-0.02567049643938639,-0.0023182411764711584,0.02122525703278233,1427107561280,0,0,0,0,0,0,0
0.06642219970661856,0.021718707629938952,1.504,-0.05981243346584543,0.003086195230484009,0.060843372344970705,0,0,1.5,-0.03396410724380996,-0.06642219970661856,-0.021718707629938952,-0.0040000000000000036,0.02584832622203547,-0.03640981847213594,-0.033931454279389775,0.005400222580645169,0.02660838896080629,1427107561342,0,0,0,0,0,0,0
0.06498919540155047,0.025543442979296394,1.501,-0.05958554066308609,-0.02488608169555664,0.055983531951904295,0,0,1.5,-0.03396410724380996,-0.06498919540155047,-0.025543442979296394,-0.0009999999999998899,0.025621433419276134,-0.025494796216029094,-0.03366708978685661,0.012657246153846856,0.02457423586807919,1427107561407,0,0,0,0,0,0,0
0.06252111401322906,0.02964286272448051,1.499,-0.057613318608332534,-0.040617343902587894,0.05917754364013672,0,0,1.5,-0.03396410724380996,-0.06252111401322906,-0.02964286272448051,0.0009999999999998899,0.023649211364522575,-0.01892988609179324,-0.03688098227816658,0.00871606060605935,0.014684565661097309,1427107561473,0,0,0,0,0,0,0
0.06126546067287845,0.03358737442635108,1.495,-0.0571944395878541,-0.02221051025390625,0.05798497009277344,0,0,1.5,-0.03396410724380996,-0.06126546067287845,-0.03358737442635108,0.004999999999999893,0.02323033234404414,-0.024668982069473263,-0.03837540118361457,0.02288096153846147,0.02129704455722059,1427107561538,0,0,0,0,0,0,0
0.06013385930668867,0.037481559104651,1.499,-0.05742133239061344,-0.020285329818725585,0.057346965789794924,0,0,1.5,-0.03396410724380996,-0.06013385930668867,-0.037481559104651,0.0009999999999998899,0.023457225146803484,-0.02490316369186152,-0.039758532311706674,-0.023063021212121317,0.02448855606843687,1427107561604,0,0,0,0,0,0,0
0.05759646052775588,0.040828168815499465,1.501,-0.05579817618625872,-0.040879169464111326,0.04793209838867187,0,0,1.5,-0.03396410724380996,-0.05759646052775588,-0.040828168815499465,-0.0009999999999998899,0.021834068942448763,-0.015795842800699067,-0.03910875969675458,-0.014394799999998705,0.014225524234536008,1427107561668,0,0,0,0,0,0,0
0.056470244739059754,0.0419918370286552,1.499,-0.055187310948060744,-0.017840398788452148,0.016485734939575194,0,0,1.5,-0.03396410724380996,-0.056470244739059754,-0.0419918370286552,0.0009999999999998899,0.021223203704250786,-0.02308160127551016,-0.02768202240434481,0.008918430769229494,0.01840382568179858,1427107561733,0,0,0,0,0,0,0
0.05457434775810186,0.04234470754625902,1.497,-0.05674065398233542,-0.02868712043762207,0.0037163541316986085,0,0,1.5,-0.03396410724380996,-0.05457434775810186,-0.04234470754625902,0.0029999999999998916,0.022776546738525465,-0.018024688921972176,-0.023520147977772236,0.01053793076923069,0.029945822281331674,1427107561798,0,0,0,0,0,0,0
0.050699048545898316,0.04277949454382545,1.499,-0.05586798935633831,-0.05840579223632812,0.003214773654937744,0,0,1.5,-0.03396410724380996,-0.050699048545898316,-0.04277949454382545,0.0009999999999998899,0.021903882112528354,-0.0054616739907178795,-0.024206436886269164,-0.012594030769230866,0.01787619922331092,1427107561863,0,0,0,0,0,0,0
0.04869057627377591,0.04314370190560784,1.496,-0.05592034923389867,-0.030385133743286132,0.003772322654724121,0,0,1.5,-0.03396410724380996,-0.04869057627377591,-0.04314370190560784,0.0040000000000000036,0.021956241990088714,-0.01486503696679648,-0.02397886186181518,0.01627364179104537,0.02219068920304555,1427107561930,0,0,0,0,0,0,0
0.046557712768686046,0.042334922959787205,1.493,-0.05647885459453629,-0.031264888763427735,-0.013900845527648927,3,0,1.5,0,2.9534422872313137,-0.042334922959787205,0.006999999999999895,0.05647885459453629,1.4767211436156569,-0.021167461479893603,0.005599999999999917,0.05647885459453629,0,0,0,0,0,0,0,0
0.04317280410518655,0.041435768559843995,1.489,-0.05448917924726262,-0.04993132781982422,-0.01633192253112793,3,0,1.5,0,2.9568271958948134,-0.041435768559843995,0.010999999999999899,0.05448917924726262,1.498561966889736,-0.015903216914407076,0.030409961538461473,0.045306062259845674,0,0,0,0,0,0,0,0
0.04056418672818491,0.041405449046402386,1.488,-0.05276130328778852,-0.039046417236328124,-0.0025851840972900392,3,0,1.5,0,2.9594358132718153,-0.041405449046402386,0.01200000000000001,0.05276130328778852,1.4976098788526455,-0.02059331239611351,0.015134115384615995,0.04478649116713882,0,0,0,0,0,0,0,0
0.038600870061731976,0.041418826818782895,1.481,-0.05078908123303496,-0.02941935157775879,-0.0013526990413665772,3,0,1.5,0,2.961399129938268,-0.041418826818782895,0.018999999999999906,0.05078908123303496,1.4970417504866043,-0.020862216597239684,0.05316530769230705,0.04168651790340315,0,0,0,0,0,0,0,0
0.038484182213346194,0.042232317327196886,1.476,-0.04778711491960499,-0.0023675408363342284,0.012097764015197753,3,0,1.5,0,2.961515817786654,-0.042232317327196886,0.02400000000000002,0.04778711491960499,1.4891221682687534,-0.025474800627843592,0.04575320298507524,0.03434547471021706,0,0,0,0,0,0,0,0
0.04462142177919029,0.043044276776490704,1.47,-0.04738568919164623,0.0913717041015625,0.01656302833557129,3,0,1.5,0,2.9553785782208095,-0.043044276776490704,0.030000000000000027,0.04738568919164623,1.4532100982372174,-0.026169206793510133,0.05795613333333338,0.045474138106128326,0,0,0,0,0,0,0,0
0.055242452659816,0.044307411833089644,1.469,-0.04675737066092813,0.15823915100097657,0.026472206115722655,3,0,1.5,0,2.944757547340184,-0.044307411833089644,0.030999999999999917,0.04675737066092813,1.4267192842881857,-0.029120184768700683,0.031008915384614723,0.043857438980690756,0,0,0,0,0,0,0,0
0.07290767890597576,0.04704384642483145,1.469,-0.045902159327450696,0.262770263671875,0.05338683700561524,3,0,1.5,0,2.9270923210940243,-0.04704384642483145,0.030999999999999917,0.045902159327450696,1.383329488284049,-0.03822935010686944,0.025828899999999932,0.04201483508437145,0,0,0,0,0,0,0,0
0.10233735463293181,0.04962586746776405,1.469,-0.04550073359949238,0.43920297241210937,0.0589456901550293,3,0,1.5,0,2.897662645367068,-0.04962586746776405,0.030999999999999917,0.04550073359949238,1.3057098765497206,-0.03894441211109818,0.02603039999999993,0.043647999470454,0,0,0,0,0,0,0,0
0.13288703588110554,0.053688402392369085,1.469,-0.04499458811641379,0.45499917602539064,0.08171825408935547,3,0,1.5,0,2.8671129641188946,-0.053688402392369085,0.030999999999999917,0.04499458811641379,1.2887889297585806,-0.04865166950010357,0.026234999999999932,0.042693926829692926,0,0,0,0,0,0,0,0
0.1750729270163249,0.058227218114053486,1.47,-0.04626867847036966,0.6290856323242188,0.09647577667236328,3,0,1.5,0,2.8249270729836753,-0.058227218114053486,0.030000000000000027,0.04626867847036966,1.2008057307789313,-0.0542362454462009,0.02015825000000062,0.0522409770045378,0,0,0,0,0,0,0,0
0.22243104614827364,0.0634379053910776,1.469,-0.04658283773572915,0.7059964599609375,0.11093289947509766,3,0,1.5,0,2.7775689538517265,-0.0634379053910776,0.030999999999999917,0.04658283773572915,1.1546309263143515,-0.06011872212153929,0.032013115384614724,0.04803280357584989,0,0,0,0,0,0,0,0
0.2804484412881112,0.07086584651872779,1.473,-0.04965461721923872,0.8641285400390625,0.15182281494140626,3,0,1.5,0,2.719551558711889,-0.07086584651872779,0.026999999999999913,0.04965461721923872,1.0699938356766547,-0.0758178146812804,0.002065538461538372,0.06383206098928289,0,0,0,0,0,0,0,0
0.3436021065918798,0.07887922357857079,1.474,-0.05141739976375306,0.9401713256835937,0.16707124328613282,3,0,1.5,0,2.65639789340812,-0.07887922357857079,0.026000000000000023,0.05141739976375306,1.0124868223112418,-0.08302812203372,0.017588384615385224,0.0595533191999731,0,0,0,0,0,0,0,0
0.4168279956932478,0.08697605974375545,1.472,-0.05345943498858621,1.0906947021484374,0.17774342346191407,3,0,1.5,0,2.583172004306752,-0.08697605974375545,0.028000000000000025,0.05345943498858621,0.9351394995171647,-0.08628276601770299,0.035208361194029876,0.06260287629380927,0,0,0,0,0,0,0,0
0.4917016248987358,0.09443583276451745,1.469,-0.05710717312525441,1.1155208740234375,0.17174867248535156,3,0,1.5,0,2.508298375101264,-0.09443583276451745,0.030999999999999917,0.05710717312525441,0.8658416074693822,-0.08921842521088644,0.04402256666666599,0.07447735472843629,0,0,0,0,0,0,0,0
0.5731949913960293,0.09883640636357593,1.468,-0.05808455750637134,1.2166402587890626,0.1356708984375,3,0,1.5,0,2.4268050086039707,-0.09883640636357593,0.03200000000000003,0.05808455750637134,0.8104994301924676,-0.0733771357364602,0.03367013030303091,0.06252721378417558,0,0,0,0,0,0,0,0
0.6593080889574445,0.09895224140094368,1.468,-0.06174974893555965,1.289417236328125,0.07672003173828125,3,0,1.5,0,2.3406919110425557,-0.09895224140094368,0.03200000000000003,0.06174974893555965,0.7374402132389581,-0.05078672418982024,0.02857510000000002,0.07866601707027492,0,0,0,0,0,0,0,0
0.7567216673232967,0.09692301789851152,1.469,-0.06330309196983433,1.460297119140625,0.059791290283203125,3,0,1.5,0,2.243278332676703,-0.09692301789851152,0.030999999999999917,0.06330309196983433,0.6293428121791469,-0.038284797185931016,0.02259198461538394,0.07047236751264054,0,0,0,0,0,0,0,0
0.8707002913963291,0.09145460115053518,1.471,-0.06466444878639037,1.7114439697265624,0.026293766021728514,3,0,1.5,0,2.129299708603671,-0.09145460115053518,0.028999999999999915,0.06466444878639037,0.4938613933325259,-0.0175383572146046,0.015961939393939313,0.07085243431619055,0,0,0,0,0,0,0,0
0.9863297606371373,0.0814884003350427,1.473,-0.0673173492494215,1.7404771728515624,-0.03710197830200195,3,0,1.5,0,2.0136702393628627,-0.0814884003350427,0.026999999999999913,0.0673173492494215,0.4191674227357298,0.01205675424607408,0.014374269230769149,0.07956150523264208,0,0,0,0,0,0,0,0
1.1034231322585606,0.06889750552030463,1.476,-0.06588617926278632,1.7651265869140624,-0.07028870391845703,3,0,1.5,0,1.8965768677414394,-0.06889750552030463,0.02400000000000002,0.06588617926278632,0.3441003890546811,0.0335004050307418,0.0064908500000006066,0.05917756995043395,0,0,0,0,0,0,0,0
1.2258756186723379,0.050052570298060976,1.477,-0.06162757588792015,1.851412841796875,-0.1611293487548828,3,0,1.5,0,1.7741243813276621,-0.050052570298060976,0.02299999999999991,0.06162757588792015,0.27503019786046,0.07396864446956927,0.016945869696969023,0.04227028782034664,0,0,0,0,0,0,0,0
1.3519011080244974,0.02942716143753275,1.48,-0.056967546785095226,1.9058480224609375,-0.19236785888671876,3,0,1.5,0,1.6480988919755026,-0.02942716143753275,0.020000000000000018,0.056967546785095226,0.1732395877142897,0.09712245768032587,0.003570650000000602,0.03512366036560339,0,0,0,0,0,0,0,0
1.481183701980602,0.005875187704451543,1.486,-0.05277875658030865,1.9562076416015626,-0.24229257202148438,3,0,1.5,0,1.518816298019398,-0.005875187704451543,0.014000000000000012,0.05277875658030865,0.13340786476297428,0.11732263892760228,-0.015610252941176492,0.03429879979448553,0,0,0,0,0,0,0,0
1.6092749450236103,-0.01777043610508674,1.481,-0.051225413546033535,1.937404296875,-0.2528300933837891,3,0,1.5,0,1.3907250549763897,0.01777043610508674,0.018999999999999906,0.051225413546033535,0.02404549907104192,0.1392978287123862,0.0471695777777771,0.04382854195424727,0,0,0,0,0,0,0,0
1.7397102945645935,-0.041483200408397966,1.483,-0.04883431247080154,1.97217626953125,-0.25504464721679687,3,0,1.5,0,1.2602897054354065,0.041483200408397966,0.016999999999999904,0.04883431247080154,-0.031079160321377697,0.1475007137040183,0.007133069230769142,0.03779846135434618,0,0,0,0,0,0,0,0
1.8695123999448975,-0.061815757249468174,1.499,-0.04504694799397373,1.959598388671875,-0.20958059692382813,3,0,1.5,0,1.1304876000551025,0.061815757249468174,0.0009999999999998899,0.04504694799397373,-0.08123439958831535,0.1378478401112513,-0.079739584848485,0.02783165491748366,0,1,0,0,0,0,0,0
1.9972349052826923,-0.07784933386364229,1.543,-0.03960152072775141,1.924724365234375,-0.15398622131347656,3,0,1.5,0,1.0027650947173077,0.07784933386364229,-0.04299999999999993,0.03960152072775141,-0.1545918354337742,0.1257739090344944,-0.27099129999999894,0.014076080417334297,0,1,0,0,0,0,0,0
2.1425915974746728,-0.0959636953756882,1.559,-0.03464478565208711,2.1893984375,-0.18517976379394532,3,0,1.5,0,0.8574084025253272,0.0959636953756882,-0.05899999999999994,0.03464478565208711,-0.28753927082196445,0.14183902498774498,-0.12714368955223881,0.012450449492396227,0,1,0,0,0,0,0,0
2.3054184146852816,-0.11877999486001525,1.566,-0.030735248127620234,2.452791259765625,-0.2574395446777344,3,0,1.5,0,0.6945815853147184,0.11877999486001525,-0.06600000000000006,0.030735248127620234,-0.49964129984522726,0.18347257010144183,-0.0878652500000007,0.012409290981681746,0,0,0,0,0,0,0,0
2.459582717573773,-0.13736276993077784,1.561,-0.026878070480712384,2.319938232421875,-0.2075469970703125,3,0,1.5,0,0.540417282426227,0.13736276993077784,-0.06099999999999994,0.026878070480712384,-0.5290044590296401,0.1696997831728982,-0.018630649999999336,0.008797550260831836,0,0,0,0,0,0,0,0
2.603657631006213,-0.15175517387041187,1.555,-0.022671826983406577,2.16614501953125,-0.15772824096679688,3,0,1.5,0,0.39634236899378683,0.15175517387041187,-0.05499999999999994,0.022671826983406577,-0.5103204797335263,0.15055730962563088,-0.010199616417910388,0.003837900876067151,0,0,0,0,0,0,0,0
2.735604478002473,-0.16185407480750216,1.547,-0.01919862177193737,1.982128173828125,-0.10657628631591796,3,0,1.5,0,0.2643955219975269,0.16185407480750216,-0.04699999999999993,0.01919862177193737,-0.545078864812045,0.13575451151710993,0.008306300000000086,0.002917972343175465,0,0,0,0,0,0,0,0
2.8529896428663224,-0.16714117094768402,1.541,-0.0161966554585074,1.7619754638671874,-0.04548940277099609,3,0,1.5,0,0.1470103571336776,0.16714117094768402,-0.040999999999999925,0.0161966554585074,-0.4952947159035544,0.11090083861327181,0.00042488358208963087,0.0027550152491194694,0,0,0,0,0,0,0,0
2.9547842319922664,-0.16689221712365696,1.536,-0.016807520696705377,1.5266580810546875,0.028463714599609374,3,0,1.5,0,0.04521576800773364,0.16689221712365696,-0.03600000000000003,0.016807520696705377,-0.498482934567154,0.08187926805664732,0.000632577777777147,0.01971640278336241,0,0,0,0,0,0,0,0
3.0401033459783964,-0.16228739315778917,1.534,-0.01933824811209744,1.278445068359375,0.09057163238525391,3,0,1.5,0,-0.040103345978396376,0.16228739315778917,-0.03400000000000003,0.01933824811209744,-0.42809331152057567,0.056647521522230904,-0.015163539393939421,0.030841554545697734,0,0,0,0,0,0,0,0
3.1087633526046843,-0.16484697285820246,1.528,-0.0222529479629277,1.030449951171875,-0.018471294403076172,3,0,1.5,0,-0.10876335260468428,0.16484697285820246,-0.028000000000000025,0.0222529479629277,-0.38552748772075457,0.09645003595281901,0.011663699999999999,0.03591560351369455,0,0,0,0,0,0,0,0
3.161485718467755,-0.16482235108678386,1.526,-0.025464353786597334,0.7906314697265625,0.017966203689575196,3,0,1.5,0,-0.16148571846775495,0.16482235108678386,-0.026000000000000023,0.025464353786597334,-0.3203988874713932,0.08241457933950387,-0.008948569230769251,0.04028622681891872,0,0,0,0,0,0,0,0
3.202659235541474,-0.16295065235541586,1.519,-0.026895523773232507,0.6166876831054687,0.043791534423828125,3,0,1.5,0,-0.20265923554147403,0.16295065235541586,-0.018999999999999906,0.026895523773232507,-0.27231730230871815,0.07194295499382432,0.02232206417910515,0.03330374759398701,0,0,0,0,0,0,0,0
3.2273619615002636,-0.1591567925797939,1.514,-0.02710496328347217,0.3688764953613281,0.06685200500488281,3,0,1.5,0,-0.22736196150026355,0.1591567925797939,-0.014000000000000012,0.02710496328347217,-0.2048216725783395,0.05917774549158252,0.0170090499999994,0.028086710987720583,0,0,0,0,0,0,0,0
3.240482936000902,-0.15392287799885887,1.507,-0.026581364507873458,0.19461460876464845,0.08381388092041016,3,0,1.5,0,-0.2404829360009022,0.15392287799885887,-0.006999999999999895,0.026581364507873458,-0.14709684230721418,0.04922589174548135,0.032912107692308394,0.02416475477434095,0,0,0,0,0,0,0,0
3.246014554465294,-0.1491440858229924,1.5,-0.028902652413026305,0.08103978729248047,0.07386186981201172,3,0,1.5,0,-0.24601455446529386,0.1491440858229924,0,0.028902652413026305,-0.10915679772771325,0.04938409841754843,0.03851210769230712,0.03961628889834713,0,0,0,0,0,0,0,0
3.244017083341716,-0.14460767765704485,1.492,-0.03218387140677553,-0.031915992736816404,0.06715184020996094,3,0,1.5,0,-0.24401708334171612,0.14460767765704485,0.008000000000000007,0.03218387140677553,-0.06777542164256906,0.04851503399384585,0.05034872307692311,0.0473279590702335,0,0,0,0,0,0,0,0
3.2347410910857257,-0.13810720289961587,1.484,-0.03598868917612347,-0.1422054443359375,0.09297933959960937,3,0,1.5,0,-0.23474109108572572,0.13810720289961587,0.016000000000000014,0.03598868917612347,-0.02485710035284052,0.0353105459475717,0.05620164242424246,0.05328331540043226,0,0,0,0,0,0,0,0
3.2216313600521067,-0.13051738978055058,1.48,-0.0387986692718339,-0.20061495971679688,0.10669797515869141,3,0,1.5,0,-0.2216313600521067,0.13051738978055058,0.020000000000000018,0.0387986692718339,0.004058894659448059,0.024564594645339798,0.038980400000000026,0.051970450970476534,0,0,0,0,0,0,0,0
3.205345750894295,-0.12431640981959666,1.478,-0.04251622057858212,-0.24770823669433595,0.08346917724609375,3,0,1.5,0,-0.20534575089429508,0.12431640981959666,0.02200000000000002,0.04251622057858212,0.028066124529154322,0.029661808728689648,0.029617630769230786,0.05967414968665084,0,0,0,0,0,0,0,0
3.184612782182804,-0.11761350205853557,1.476,-0.04555309347705144,-0.3149869384765625,0.08723442840576172,3,0,1.5,0,-0.18461278218280386,0.11761350205853557,0.02400000000000002,0.04555309347705144,0.06225993125014043,0.023684115470073985,0.03137363076923079,0.05956942993152524,0,0,0,0,0,0,0,0
3.1656212925113145,-0.11202603921134399,1.48,-0.04825835381764293,-0.2883934020996094,0.07075267028808593,3,0,1.5,0,-0.16562129251131452,0.11202603921134399,0.020000000000000018,0.04825835381764293,0.062270827414973376,0.026969442815878267,-0.004004061538461546,0.06074417077421902,0,0,0,0,0,0,0,0
3.143434917583259,-0.10634389936720372,1.48,-0.05094616086571474,-0.33651974487304687,0.06907893371582031,3,0,1.5,0,-0.1434349175832592,0.10634389936720372,0.020000000000000018,0.05094616086571474,0.0869050195271211,0.02460314163300904,0.017668400000000008,0.06298111779737957,0,0,0,0,0,0,0,0
3.124149553214113,-0.1023546163599407,1.482,-0.0541750199819036,-0.291952392578125,0.045030250549316406,3,0,1.5,0,-0.1241495532141128,0.1023546163599407,0.018000000000000016,0.0541750199819036,0.08603610888664018,0.03054043571920804,0.005246099999999997,0.06931029708903887,0,0,0,0,0,0,0,0
3.1032178345925794,-0.09545650543417389,1.486,-0.05684537373745574,-0.31911798095703126,0.08631853485107421,3,0,1.5,0,-0.10321783459257938,0.09545650543417389,0.014000000000000012,0.05684537373745574,0.10367729432710149,0.011826144215159054,-0.008463861538461551,0.06917008337846563,0,0,0,0,0,0,0,0
3.0900857054968323,-0.08881571698875958,1.491,-0.059882246635925944,-0.20232318115234374,0.08825944519042969,3,0,1.5,0,-0.09008570549683226,0.08881571698875958,0.008999999999999897,0.059882246635925944,0.0681870134121682,0.00994906279500804,-0.017789976923077634,0.07389858309040381,1427107565380,0,0,0,0,0,0,0
3.075848876488918,-0.08003021469690029,1.493,-0.061522856132800334,-0.22105638122558594,0.1187659683227539,3,0,1.5,0,-0.07584887648891803,0.08003021469690029,0.006999999999999895,0.061522856132800334,0.0812045102888458,-0.005940127884533866,-0.003190630769230868,0.06909489996452829,1427107565380,0,0,0,0,0,0,0
3.066513053014311,-0.07389850674700524,1.499,-0.06482152841906968,-0.14542744445800782,0.08319154357910157,3,0,1.5,0,-0.06651305301431121,0.07389850674700524,0.0009999999999998899,0.06482152841906968,0.058676829696587815,0.005832708889665597,-0.029032981818181938,0.07981549335665764,1427107565380,0,0,0,0,0,0,0
3.0588337973529662,-0.06702439059978335,1.504,-0.06723008278682135,-0.1216260986328125,0.09543370056152344,3,0,1.5,0,-0.05883379735296623,0.06702439059978335,-0.0040000000000000036,0.06723008278682135,0.05496657850535312,-0.0026376431864559152,-0.028584149999999427,0.0785201813856573,1427107565380,0,0,0,0,0,0,0
3.056630522351753,-0.06418754880132964,1.509,-0.07047639519553123,-0.035833126068115236,0.04023627471923828,3,0,1.5,0,-0.05663052235175314,0.06418754880132964,-0.008999999999999897,0.07047639519553123,0.025718944560569328,0.01853526435454278,-0.031814951515150874,0.08523236068966701,1427107565380,0,0,0,0,0,0,0
3.0562033587160173,-0.05919316420501417,1.514,-0.0726929633455638,-0.011666972160339356,0.07427859497070312,3,0,1.5,-0.07047639519553123,-0.05620335871601734,0.05919316420501417,-0.014000000000000012,0.002216568150032572,-0.02810167935800867,0.029596582102507086,-0.01120000000000001,0.002216568150032572,1427107565380,0,0,0,0,0,0,0
3.058979729473267,-0.05665452998843699,1.519,-0.08032005217677934,0.03876990127563477,0.041003620147705075,3,0,1.5,-0.07047639519553123,-0.05897972947326702,0.05665452998843699,-0.018999999999999906,0.009843656981248117,-0.04471088934220559,0.014480368021504616,-0.04266534999999934,0.045595635877570984,1427107565771,0,0,0,0,0,0,0
3.061307056403339,-0.05698202059034822,1.523,-0.08836602002847288,0.03519149398803711,-0.0020955705642700193,3,0,1.5,-0.07047639519553123,-0.06130705640333911,0.05698202059034822,-0.02299999999999991,0.017889624832941653,-0.043073623120989446,0.03030156991384926,-0.039885521212121154,0.05446220597700318,1427107565837,0,0,0,0,0,0,0
3.0664929798725162,-0.05728129363559519,1.533,-0.09470156521321199,0.07788150787353515,0.0023933684825897215,3,0,1.5,-0.07047639519553123,-0.06649297987251623,0.05728129363559519,-0.03299999999999992,0.024225170017680764,-0.06172777409952801,0.030387823344700964,-0.08157209999999998,0.053923038071145346,1427107565901,0,0,0,0,0,0,0
3.0705694420468683,-0.059414271625007516,1.535,-0.1011243768605517,0.06389836120605469,-0.02606924819946289,3,0,1.5,-0.07047639519553123,-0.07056944204686832,0.059414271625007516,-0.03499999999999992,0.030647981665020474,-0.05740153729079109,0.04134154824660461,-0.039481330769230716,0.06029172772966529,1427107565966,0,0,0,0,0,0,0
3.072242260440738,-0.06047250197036995,1.542,-0.10725048253505204,0.026566545486450197,-0.013259243965148926,3,0,1.5,-0.07047639519553123,-0.072242260440738,0.06047250197036995,-0.04200000000000004,0.03677408733952081,-0.045342206677491725,0.03612286784683639,-0.07227740769230834,0.06504842122183005,1427107566031,0,0,0,0,0,0,0
3.0786233167929735,-0.06287440385085527,1.545,-0.11239920382843499,0.09902255249023438,-0.025575613021850584,3,0,1.5,-0.07047639519553123,-0.07862331679297352,0.06287440385085527,-0.04499999999999993,0.04192280863290376,-0.07242238745094262,0.04403114025079608,-0.05273227647058761,0.06463775551547561,1427107566099,0,0,0,0,0,0,0
3.083272920818089,-0.06668002490012806,1.545,-0.118542762795455,0.07570669555664063,-0.048901424407958985,3,0,1.5,-0.07047639519553123,-0.0832729208180889,0.06668002490012806,-0.04499999999999993,0.048066367599923776,-0.06778711247526675,0.054755568086542306,-0.03757459999999994,0.07732141030001907,1427107566162,0,0,0,0,0,0,0
3.083580218867221,-0.066908041465505,1.541,-0.12404054993923724,0.004981618404388427,-0.002851104736328125,3,0,1.5,-0.07047639519553123,-0.08358021886722078,0.066908041465505,-0.040999999999999925,0.053564154743706016,-0.04381863697225095,0.034998508939432564,-0.013102638461538384,0.0789385569457779,1427107566227,0,0,0,0,0,0,0
3.08747766803393,-0.06885196696471856,1.54,-0.12882275208970168,0.06162018203735352,-0.021701805114746092,3,0,1.5,-0.07047639519553123,-0.0874776680339302,0.06885196696471856,-0.040000000000000036,0.05834635689417045,-0.06453109886999592,0.044943655698414145,-0.028885219402985676,0.07975920234401118,1427107566294,0,0,0,0,0,0,0
3.08714066136745,-0.0704627293191333,1.535,-0.13480923142404194,-0.0019092717170715332,-0.024610641479492188,3,0,1.5,-0.07047639519553123,-0.08714066136744991,0.0704627293191333,-0.03499999999999992,0.06433283622851071,-0.04218542581536812,0.04458727344445692,-0.002551822222221521,0.09283988067775008,1427107566357,0,0,0,0,0,0,0
3.089379359258512,-0.07050216579455364,1.531,-0.14032447186034386,0.033355297088623045,0.003927077770233154,3,0,1.5,-0.07047639519553123,-0.08937935925851193,0.07050216579455364,-0.030999999999999917,0.06984807666481263,-0.05728965770835952,0.03591648859544827,-0.005792638461538373,0.09530303252466762,1427107566422,0,0,0,0,0,0,0
3.0878105225362975,-0.07109932951129468,1.525,-0.14501940754820902,-0.02204841232299805,-0.012160776138305664,3,0,1.5,-0.07047639519553123,-0.08781052253629751,0.07109932951129468,-0.02499999999999991,0.0745430123526778,-0.036060206730797045,0.03926443170203571,0.009614092307692404,0.09621194629667086,1427107566487,0,0,0,0,0,0,0
3.0859342602558915,-0.07222678467704885,1.521,-0.14997614262387288,-0.02540455436706543,-0.02080143165588379,3,0,1.5,-0.07047639519553123,-0.08593426025589146,0.07222678467704885,-0.020999999999999908,0.07949974742834165,-0.03352256446949772,0.04273052218963898,0.0019083615384616337,0.1023769862390979,1427107566552,0,0,0,0,0,0,0
3.0832817118887217,-0.07197935281823442,1.518,-0.15484561123693658,-0.039896137237548826,-0.0022751243114471436,3,0,1.5,-0.07047639519553123,-0.08328171188872169,0.07197935281823442,-0.018000000000000016,0.08436921604140535,-0.028498443825624442,0.035291565509291946,-0.0016790582089558012,0.10617280684616817,1427107566619,0,0,0,0,0,0,0
3.078979636547099,-0.07255091801204121,1.516,-0.15795229730548727,-0.06243677139282226,-0.018423377990722658,3,0,1.5,-0.07047639519553123,-0.07897963654709894,0.07255091801204121,-0.016000000000000014,0.08747590210995604,-0.016727574545605604,0.04004208233369794,-0.004915599999999999,0.1020384930562874,1427107566683,0,0,0,0,0,0,0
3.07729112779822,-0.0707380991627386,1.513,-0.16240288689807253,-0.02928958511352539,0.022869834899902342,3,0,1.5,-0.07047639519553123,-0.07729112779821978,0.0707380991627386,-0.0129999999999999,0.0919264917025413,-0.03036856374246187,0.026294573254395964,0.0026162461538468476,0.11246767443755021,1427107566748,0,0,0,0,0,0,0
3.074990861518711,-0.06979966491337837,1.508,-0.1667487567355384,-0.03632600784301758,0.00831234073638916,3,0,1.5,-0.07047639519553123,-0.07499086151871115,0.06979966491337837,-0.008000000000000007,0.09627236154000718,-0.026161512972309238,0.030656210912275474,0.016924751515150945,0.11602631534667025,1427107566814,0,0,0,0,0,0,0
3.070393311803961,-0.06730952800247357,1.505,-0.16880824525289168,-0.07420628356933594,0.02538764762878418,3,0,1.5,-0.07047639519553123,-0.07039331180396102,0.06730952800247357,-0.004999999999999893,0.09833185005736045,-0.010963321617222015,0.020812829584992823,0.009183850000000712,0.1079857024824539,1427107566878,0,0,0,0,0,0,0
3.0659883231770113,-0.0648991099127204,1.502,-0.17153095888600284,-0.07121015167236328,0.024541257858276367,3,0,1.5,-0.07047639519553123,-0.06598832317701131,0.0648991099127204,-0.0020000000000000018,0.10105456369047161,-0.011924925997762265,0.021218895699799893,0.010163599999999459,0.11272333640380516,0,0,0,0,0,0,0,0
3.0623264630526807,-0.06148934772604664,1.505,-0.17327628813799706,-0.06285205078125,0.04102013778686524,3,0,1.5,-0.07047639519553123,-0.06232646305268075,0.06148934772604664,-0.004999999999999893,0.10279989294246583,-0.010795484222915534,0.011712719241600934,-0.024766399999999276,0.11152653920243694,0,0,0,0,0,0,0,0
3.0554479680607898,-0.058346992585727626,1.509,-0.17498671080495193,-0.10975898742675781,0.028640613555908204,3,0,1.5,-0.07047639519553123,-0.055447968060789776,0.058346992585727626,-0.008999999999999897,0.1045103156094207,0.00772318427008821,0.013406325576816824,-0.03173792121212114,0.1122849640955792,0,0,0,0,0,0,0,0
3.0508810064420433,-0.053625310752877076,1.506,-0.17584192213842845,-0.07978860473632812,0.05781736373901367,3,0,1.5,-0.07047639519553123,-0.0508810064420433,0.053625310752877076,-0.006000000000000005,0.10536552694289722,-0.0019119431627156042,0.0023199050059496407,0.00798904615384557,0.10931265617432731,0,0,0,0,0,0,0,0
3.0443827547392983,-0.04956794354312385,1.499,-0.17743017175774337,-0.1066174545288086,0.04287023162841797,3,0,1.5,-0.07047639519553123,-0.044382754739298313,0.04956794354312385,0.0009999999999998899,0.10695377656221214,0.011707588196529835,0.003900519304130875,0.03513400769230704,0.11428415942058869,0,0,0,0,0,0,0,0
3.0377144095624593,-0.04290130769302086,1.495,-0.17564993592070935,-0.11610482025146485,0.08077508544921876,3,0,1.5,-0.07047639519553123,-0.037714409562459306,0.04290130769302086,0.004999999999999893,0.10517354072517812,0.015388719726777574,-0.012910493791536314,0.021886821212121148,0.09708155964775078,0,0,0,0,0,0,0,0
3.0308017121131576,-0.0376572777329026,1.497,-0.1748296311722717,-0.11584075927734375,0.05933040237426758,3,0,1.5,-0.07047639519553123,-0.03080171211315763,0.0376572777329026,0.0029999999999998916,0.10435323597674048,0.02068482782941296,-0.008391744009341527,-0.011675030769230859,0.10056721406087446,0,0,0,0,0,0,0,0
3.0235638008467487,-0.03028504944660157,1.495,-0.17449801861439299,-0.12614859008789062,0.09001323699951172,3,0,1.5,-0.07047639519553123,-0.023563800846748695,0.03028504944660157,0.004999999999999893,0.10402162341886176,0.02664881283354806,-0.024138264760918206,0.01166369999999993,0.10246718955380524,0,0,0,0,0,0,0,0
3.020371706701876,-0.02422204607605093,1.491,-0.17446311202935363,-0.0629435920715332,0.08125106811523437,3,0,1.5,-0.07047639519553123,-0.020371706701876047,0.02422204607605093,0.008999999999999897,0.1039867168338224,0.005837490300076246,-0.019484089901577222,0.02552316153846148,0.10382560951825617,0,0,0,0,0,0,0,0
3.015189842286319,-0.019564781419929515,1.485,-0.1745503784919529,-0.08867412567138672,0.05530652618408203,3,0,1.5,-0.07047639519553123,-0.015189842286318811,0.019564781419929515,0.014999999999999902,0.10407398329642167,0.019132696721747305,-0.014230642813249927,0.04118989230769225,0.10447675158534137,0,0,0,0,0,0,0,0
3.0114906388444145,-0.018124858492428546,1.486,-0.171984744491521,-0.05839586639404297,0.01163429069519043,3,0,1.5,-0.07047639519553123,-0.01149063884441448,0.018124858492428546,0.014000000000000012,0.10150834929598979,0.01268935571755432,0.002502982128615704,0.0028715696969702966,0.08984637656675393,0,0,0,0,0,0,0,0
3.0088405204199353,-0.018709870764632056,1.487,-0.1723687169269601,-0.037663551330566404,-0.015448769569396973,0,0,1.5,0,-3.0088405204199353,0.018709870764632056,0.0129999999999999,0.1723687169269601,-1.5044202602099677,0.009354935382316028,0.010399999999999921,0.1723687169269601,0,0,0,0,0,0,0,0
3.005697478731629,-0.01834919411366076,1.487,-0.1707979206001653,-0.047374916076660153,-0.0027562718391418457,0,0,1.5,0,-3.005697478731629,0.01834919411366076,0.0129999999999999,0.1707979206001653,-1.4878783720976487,0.0072444189893126724,0.010484499999999921,0.1635480913995739,0,0,0,0,0,0,0,0
3.0046004532898283,-0.018542054611050098,1.486,-0.16484634785086436,-0.0157242431640625,-0.005647714138031006,0,0,1.5,0,-3.0046004532898283,0.018542054611050098,0.014000000000000012,0.16484634785086436,-1.500299860229493,0.010333486218523313,0.016760115384615998,0.13737755054639847,0,0,0,0,0,0,0,0
3.005965291853004,-0.021201774988418166,1.49,-0.15854570925116504,0.026741975784301757,-0.035995395660400394,0,0,1.5,0,-3.005965291853004,0.021201774988418166,0.010000000000000009,0.15854570925116504,-1.516192347746814,0.02496021922237375,-0.013297961538461548,0.12946583879101436,0,0,0,0,0,0,0,0
3.0093960351824665,-0.025352562135017572,1.49,-0.15561355610781422,0.06064575958251953,-0.053356109619140626,0,0,1.5,0,-3.0093960351824665,0.025352562135017572,0.010000000000000009,0.15561355610781422,-1.5304966775424402,0.03441424418701236,0.008307500000000006,0.14248451218236277,0,0,0,0,0,0,0,0
3.0063554484377812,-0.03031799671829899,1.495,-0.15060446115459045,-0.03351408004760742,-0.0806502685546875,0,0,1.5,0,-3.0063554484377812,0.03031799671829899,0.004999999999999893,0.15060446115459045,-1.4960564460089125,0.042818593064022775,-0.023438777777778502,0.12675162804400106,0,0,0,0,0,0,0,0
2.9973301912726535,-0.03930565438848874,1.495,-0.14854497263723718,-0.11361939239501953,-0.15360050964355468,0,0,1.5,0,-2.9973301912726535,0.03930565438848874,0.004999999999999893,0.14854497263723718,-1.4617866920508036,0.06814730265213358,0.004371499999999914,0.13903964101868363,0,0,0,0,0,0,0,0
2.982534600410736,-0.05046714905367446,1.494,-0.1435358776840134,-0.19471141052246094,-0.19842472839355468,0,0,1.5,0,-2.982534600410736,0.05046714905367446,0.006000000000000005,0.1435358776840134,-1.425256516512013,0.08546612975851273,0.01059511538461599,0.1204169778999037,0,0,0,0,0,0,0,0
2.9623595624712373,-0.06591256661154021,1.492,-0.14028956527530442,-0.26637298583984376,-0.2725873718261719,0,0,1.5,0,-2.9623595624712373,0.06591256661154021,0.008000000000000007,0.14028956527530442,-1.3881282777632018,0.11629895882017408,0.01763173076923078,0.1253065849274168,0,0,0,0,0,0,0,0
2.932967801789657,-0.07882957098410026,1.49,-0.13524556373704041,-0.40945230102539065,-0.25349920654296876,0,0,1.5,0,-2.932967801789657,0.07882957098410026,0.010000000000000009,0.13524556373704041,-1.3304932571872208,0.10711953232849429,0.018977261194029864,0.11266048222242545,0,0,0,0,0,0,0,0
2.8977199613935296,-0.09495749442099799,1.489,-0.13006193585861722,-0.49127069091796877,-0.31099862670898437,0,0,1.5,0,-2.8977199613935296,0.09495749442099799,0.010999999999999899,0.13006193585861722,-1.2755012989347412,0.13596695962553365,0.014868649999999314,0.10576368017850851,0,0,0,0,0,0,0,0
2.8542395534177882,-0.10682902092481614,1.482,-0.1239183768915972,-0.6236022338867188,-0.2611571044921875,0,0,1.5,0,-2.8542395534177882,0.10682902092481614,0.018000000000000016,0.1239183768915972,-1.224667387487318,0.11487923055637761,0.051151711764706495,0.0968144402723912,0,0,0,0,0,0,0,0
2.8034270297567367,-0.11864535395951749,1.478,-0.1177922712170973,-0.7344356079101563,-0.27009341430664063,0,0,1.5,0,-2.8034270297567367,0.11864535395951749,0.02200000000000002,0.1177922712170973,-1.1379505763024715,0.12646261779399876,0.04103934516129035,0.08814982440500105,0,0,0,0,0,0,0,0
2.7460360662860155,-0.12816032502102281,1.468,-0.1125213768760744,-0.8381260986328125,-0.24290440368652344,0,0,1.5,0,-2.7460360662860155,0.12816032502102281,0.03200000000000003,0.1125213768760744,-1.0888566448028196,0.1158327612569108,0.0805128538461539,0.08819417222519947,0,0,0,0,0,0,0,0
2.680864608820938,-0.13463303942153151,1.462,-0.10517354072517855,-0.9604880981445313,-0.20624249267578126,0,0,1.5,0,-2.680864608820938,0.13463303942153151,0.038000000000000034,0.10517354072517855,-1.0316808436587244,0.10124165112934425,0.06260745294117652,0.0727566165300498,0,0,0,0,0,0,0,0
2.608920252949161,-0.1424892093452684,1.451,-0.09960594041131628,-1.0608311767578125,-0.23048190307617186,0,0,1.5,0,-2.608920252949161,0.1424892093452684,0.04899999999999993,0.09960594041131628,-0.9331027447157786,0.11558945099098096,0.10194491111111048,0.07309355796435306,0,0,0,0,0,0,0,0
2.532310292795805,-0.14945623926982185,1.446,-0.09447467241045299,-1.1330614013671876,-0.21826039123535157,0,0,1.5,0,-2.532310292795805,0.14945623926982185,0.05400000000000005,0.09447467241045299,-0.8836194622272018,0.11303950056040438,0.07210787692307759,0.07079189702185319,0,0,0,0,0,0,0,0
2.450845250908634,-0.15486047334470876,1.441,-0.08745844881743586,-1.2088792724609374,-0.19597610473632812,0,0,1.5,0,-2.450845250908634,0.15486047334470876,0.05899999999999994,0.08745844881743586,-0.8250080834404456,0.10698786605722331,0.07608935151515091,0.05556652339463076,0,0,0,0,0,0,0,0
2.3635322785906863,-0.15725427627944616,1.44,-0.08038986534685838,-1.301552490234375,-0.15016769409179687,0,0,1.5,0,-2.3635322785906863,0.15725427627944616,0.06000000000000005,0.08038986534685838,-0.7373830263412947,0.09271770299696179,0.05622695000000065,0.04725588032852643,0,0,0,0,0,0,0,0
2.269551519746737,-0.15959251194753377,1.434,-0.07358308126408136,-1.4023421630859374,-0.1481647491455078,0,0,1.5,0,-2.269551519746737,0.15959251194753377,0.06600000000000006,0.07358308126408136,-0.671000556234884,0.0933007766930407,0.0878119818181819,0.04264315361509492,0,0,0,0,0,0,0,0
2.1722085030173046,-0.16003196344834114,1.428,-0.06691592352146264,-1.45570947265625,-0.11391899108886719,0,0,1.5,0,-2.1722085030173046,0.16003196344834114,0.07200000000000006,0.06691592352146264,-0.5979690899821999,0.08359106592823064,0.09356949230769238,0.036144426247837765,0,0,0,0,0,0,0,0
2.0712636901106056,-0.1587445288356781,1.426,-0.06148794954776,-1.51207470703125,-0.08197833251953125,0,0,1.5,0,-2.0712636901106056,0.1587445288356781,0.07400000000000007,0.06148794954776,-0.5294487178190641,0.07375191503157086,0.07411203076923084,0.03643576197682473,0,0,0,0,0,0,0,0
1.934590403218092,-0.15176568643869615,1.423,-0.05852088981936983,-2.05265771484375,-0.021492177963256837,0,0,1.5,0,-1.934590403218092,0.15176568643869615,0.07699999999999996,0.05852088981936983,-0.25846716711196627,0.03912641973593729,0.08264184999999938,0.044612797342540915,0,0,0,0,0,0,0,0
1.801617598829099,-0.1453713057616244,1.408,-0.054716072050021894,-1.9967874755859376,-0.02090717315673828,0,0,1.5,0,-1.801617598829099,0.1453713057616244,0.09200000000000008,0.054716072050021894,-0.2354430590723796,0.040281124318076345,0.15838825454545527,0.0374214458257131,0,0,0,0,0,0,0,0
1.667269815135558,-0.1388319667125111,1.383,-0.0523249709747899,-2.0175653076171876,-0.012266445159912109,0,0,1.5,0,-1.667269815135558,0.1388319667125111,0.11699999999999999,0.0523249709747899,-0.16207800838554165,0.036334365251935584,0.23219075757575708,0.041456329723735384,0,0,0,0,0,0,0,0
1.5345695077507011,-0.13135066089767342,1.381,-0.052377330852349815,-1.9936495361328126,0.007960423469543457,0,0,1.5,0,-1.5345695077507011,0.13135066089767342,0.119,0.052377330852349815,-0.08345554123894527,0.02644269873183483,0.11291410000000002,0.05262276777841192,0,0,0,0,0,0,0,0
1.4012703793732981,-0.12317679061337179,1.373,-0.05215043804959048,-2.003163818359375,0.01776000213623047,0,0,1.5,0,-1.4012703793732981,0.12317679061337179,0.127,0.05215043804959048,-0.025657071390987385,0.01933607199377528,0.15227902307692312,0.051103240498393536,0,0,0,0,0,0,0,0
1.26267110565985,-0.10986392677692675,1.379,-0.05201081170943085,-2.086572021484375,0.0910504150390625,0,0,1.5,0,-1.26267110565985,0.10986392677692675,0.121,0.05201081170943085,0.07136107336422337,-0.013833222392857739,0.07338251818181815,0.051376146526887094,0,1,0,0,0,0,0,0
1.130298549461334,-0.09523055243176815,1.39,-0.0507541746479951,-1.9943145751953124,0.11597828674316406,0,0,1.5,0,-1.130298549461334,0.09523055243176815,0.1100000000000001,0.0507541746479951,0.10328417847977467,-0.030516707617182476,0.03694845000000063,0.04486368842251502,0,1,0,0,0,0,0,0
0.9911449327228342,-0.07895230976481317,1.404,-0.04958480404915907,-2.09700390625,0.1379652862548828,0,0,1.5,0,-0.9911449327228342,0.07895230976481317,0.09600000000000009,0.04958480404915907,0.18634349562140662,-0.04361226097443802,0.013413571641791064,0.044348816293176836,0,0,0,0,0,0,0,0
0.8450015376821952,-0.06402386445068711,1.421,-0.04785692808968408,-2.200555419921875,0.11499861907958984,0,0,1.5,0,-0.8450015376821952,0.06402386445068711,0.07899999999999996,0.04785692808968408,0.34386871391405804,-0.048936359876190855,-0.020998844444445164,0.03962894733027937,0,0,0,0,0,0,0,0
0.7072917475408288,-0.05008351751606766,1.439,-0.04665265090580869,-2.07328515625,0.11004801177978515,0,0,1.5,0,-0.7072917475408288,0.05008351751606766,0.06099999999999994,0.04665265090580869,0.34187037373042517,-0.04800157832744262,-0.037480976923077045,0.0410944485186915,0,0,0,0,0,0,0,0
0.5775259032311795,-0.03867868910886204,1.458,-0.043720497762457865,-1.952347900390625,0.08011042022705078,0,0,1.5,0,-0.5775259032311795,0.03867868910886204,0.04200000000000004,0.043720497762457865,0.3530100788541424,-0.03909520866947802,-0.05623827575757522,0.03039252892904503,0,0,0,0,0,0,0,0
0.4595546637628216,-0.029205445869333477,1.476,-0.041277036809665955,-1.7740882568359375,0.06462108612060546,0,0,1.5,0,-0.4595546637628216,0.029205445869333477,0.02400000000000002,0.041277036809665955,0.3491452456246013,-0.033569300017893225,-0.0651768454545455,0.030170396115157275,0,0,0,0,0,0,0,0
0.3547772142457049,-0.021862121452860466,1.501,-0.03853686988403467,-1.574868408203125,0.045200923919677734,0,0,1.5,0,-0.3547772142457049,0.021862121452860466,-0.0009999999999998899,0.03853686988403467,0.34870353222602823,-0.02714887990378976,-0.1264474499999994,0.025692337420138038,0,0,0,0,0,0,0,0
0.2643180689122953,-0.016803430510964498,1.522,-0.0344353461418478,-1.35880322265625,0.023546783447265626,0,0,1.5,0,-0.2643180689122953,0.016803430510964498,-0.02200000000000002,0.0344353461418478,0.30784732674264426,-0.016747602814066363,-0.11974862307692377,0.015505236562523787,0,0,0,0,0,0,0,0
0.18805613873418608,-0.014098471472727905,1.539,-0.030037116426822455,-1.144647705078125,0.0011665266752243042,0,0,1.5,0,-0.18805613873418608,0.014098471472727905,-0.038999999999999924,0.030037116426822455,0.25714780592564246,-0.004981914321114698,-0.10933897014925316,0.010343550538649257,0,0,0,0,0,0,0,0
0.10633314685479013,-0.019469544489801552,1.559,-0.028466320100027212,-1.222872314453125,-0.11734506225585938,0,0,1.5,0,-0.10633314685479013,0.019469544489801552,-0.05899999999999994,0.028466320100027212,0.3535757161866899,0.04168556557531302,-0.14801581111111115,0.020986337591478436,0,0,0,0,0,0,0,0
0.039050924013418316,-0.02558496823037456,1.575,-0.0252374609838379,-1.0062135620117187,-0.12041947174072265,0,0,1.5,0,-0.039050924013418316,0.02558496823037456,-0.07499999999999996,0.0252374609838379,0.2899740990283596,0.04735114639746312,-0.13504818484848488,0.010560828637522845,1427107570135,0,0,0,0,0,0,0
-0.015536360574366494,-0.032377777385749276,1.583,-0.023998277214921825,-0.815977294921875,-0.12252216339111328,0,0,1.5,0,0.015536360574366494,0.032377777385749276,-0.08299999999999996,0.023998277214921825,0.25440970576935734,0.05491498380110857,-0.10021612307692308,0.01827896751223225,1427107570135,0,0,0,0,0,0,0
-0.05883087933333202,-0.039423464101336146,1.581,-0.022497294058206618,-0.6466947631835938,-0.12123828125,0,0,1.5,0,0.05883087933333202,0.039423464101336146,-0.08099999999999996,0.022497294058206618,0.21528800460368755,0.05982510081171023,-0.04529646923076919,0.015569679488751813,1427107570135,0,0,0,0,0,0,0
-0.0955794465372904,-0.047821534288915744,1.581,-0.02085668456133223,-0.5482552490234375,-0.13833927917480468,0,0,1.5,0,0.0955794465372904,0.047821534288915744,-0.08099999999999996,0.02085668456133223,0.19847698339587755,0.07133728475197945,-0.05659219999999997,0.013284640729604294,1427107570135,0,0,0,0,0,0,0
