0,0,0.717,0,-0.012246609687805176,0.020212417602539064,0,0,1.5,0,0,0,0.783,0,0,0,0.6264000000000001,0,0,0,0,0,0,0,0,0
-0.0018170029958089193,0.0009337418874104818,0.716,-0.0005759586531581817,-0.02725504493713379,0.014006128311157226,0,0,1.5,0,0.0018170029958089193,-0.0009337418874104818,0.784,0.0005759586531581817,0.010693544834976686,-0.005495318808142344,0.6376806153846155,0.003234229360042097,0,0,0,0,0,0,0,0
-0.002173759294216287,0.0017394056939112567,0.719,-0.0016057029118348165,-0.005358304023742676,0.012081872940063477,0,0,1.5,0,0.002173759294216287,-0.0017394056939112567,0.781,0.0016057029118348165,0.0030104690955594093,-0.005209630120195352,0.6188186538461539,0.006358368721111592,0,0,0,0,0,0,0,0
-0.0013739691293138585,0.0024754969780299055,0.721,-0.0026179938779915535,0.011979107856750488,0.01106061840057373,0,0,1.5,0,0.0013739691293138585,-0.0024754969780299055,0.779,0.0026179938779915535,-0.0036160907863181926,-0.0052046635609251015,0.6276667692307694,0.007290106029484185,0,0,0,0,0,0,0,0
0.0002315238755180041,0.0024846028768905994,0.729,-0.0026529004630314046,0.024081954956054686,0.00019963550567626953,0,0,1.5,0,-0.0002315238755180041,-0.0024846028768905994,0.771,0.0026529004630314046,-0.008757387686565548,-0.0012962948123749014,0.5939705769230769,0.0028140077785999483,0,0,0,0,0,0,0,0
0.0034721163005759785,0.0011582571861699408,0.74,-0.003735004599267955,0.04866149520874023,-0.01976616096496582,0,0,1.5,0,-0.0034721163005759785,-0.0011582571861699408,0.76,0.003735004599267955,-0.019184322268215124,0.0065570183404832375,0.5739567307692308,0.008729331381898187,0,0,0,0,0,0,0,0
0.0076832065087524245,0.00006521835178231739,0.757,-0.003682644721708095,0.0632271499633789,-0.016159542083740236,0,0,1.5,0,-0.0076832065087524245,-0.00006521835178231739,0.743,0.003682644721708095,-0.026520618750248883,0.005847227677801279,0.5328785384615384,0.0034409837483548953,0,0,0,0,0,0,0,0
0.0143598945931187,-0.001033084236538323,0.774,-0.0036477381366681882,0.10021031188964843,-0.016105609893798827,0,0,1.5,0,-0.0143598945931187,0.001033084236538323,0.726,0.0036477381366681882,-0.04314459298032432,0.006425393767123902,0.5239975384615384,0.0034866308210993882,0,0,0,0,0,0,0,0
0.023857695773491356,-0.0022301859900219884,0.796,-0.005201081170943146,0.14253157043457032,-0.017436725616455078,0,0,1.5,0,-0.023857695773491356,0.0022301859900219884,0.704,0.005201081170943146,-0.0630996100512593,0.00755738976948323,0.4840504615384615,0.012370356713750641,0,0,0,0,0,0,0,0
0.037587589381889566,-0.0033684836341909006,0.819,-0.0056723200689816075,0.206034423828125,-0.01600308418273926,0,0,1.5,0,-0.037587589381889566,0.0033684836341909006,0.681,0.0056723200689816075,-0.09277717878561732,0.007812090594235085,0.46469234615384675,0.007847268829159124,0,0,0,0,0,0,0,0
0.053848355016974485,-0.004711559647675301,0.847,-0.0060911990894602095,0.24402183532714844,-0.018762279510498046,0,0,1.5,0,-0.053848355016974485,0.004711559647675301,0.653,0.0060911990894602095,-0.11457033548531077,0.009589343872600905,0.4196137692307692,0.008024486876284525,0,0,0,0,0,0,0,0
0.07017564419005629,-0.007178788030487437,0.873,-0.007016223593017291,0.24513021850585937,-0.03551595687866211,0,0,1.5,0,-0.07017564419005629,0.007178788030487437,0.627,0.007016223593017291,-0.12313779790671228,0.01688075241876075,0.41365849999999993,0.011285567455588435,0,0,0,0,0,0,0,0
0.08460898707766634,-0.011589993048058569,0.897,-0.005567600313861888,0.21695906066894532,-0.06464744567871093,0,0,1.5,0,-0.08460898707766634,0.011589993048058569,0.603,0.005567600313861888,-0.12021129288573147,0.02956145491788368,0.4091472307692307,-0.0011183532822399735,0,0,0,0,0,0,0,0
0.09602658377577789,-0.01465746172167871,0.923,-0.006248278722139677,0.17151747131347655,-0.045057792663574216,0,0,1.5,0,-0.09602658377577789,0.01465746172167871,0.577,0.006248278722139677,-0.10974387518617258,0.02386921321430751,0.38132849999999985,0.009389871375729476,0,0,0,0,0,0,0,0
0.1061732815578623,-0.01822567482420201,0.95,-0.006614797865058531,0.15253192138671876,-0.0525711669921875,0,0,1.5,0,-0.1061732815578623,0.01822567482420201,0.55,0.006614797865058531,-0.10804293485469674,0.02836148260983728,0.3579188846153851,0.008306424678530164,0,0,0,0,0,0,0,0
0.11709642804576903,-0.021228951439370865,0.978,-0.006981317007977384,0.1641416015625,-0.04396435546875,0,0,1.5,0,-0.11709642804576903,0.021228951439370865,0.522,0.006981317007977384,-0.11776149842361533,0.026834954034717994,0.33352726923076914,0.008672943821449014,0,0,0,0,0,0,0,0
0.1259853811214015,-0.024057585204577646,1.003,-0.00682423737529786,0.13362725830078126,-0.041497631072998045,0,0,1.5,0,-0.1259853811214015,0.024057585204577646,0.4970000000000001,0.00682423737529786,-0.11133451631614531,0.027324523770985487,0.332911615384616,0.006099254455238517,0,0,0,0,0,0,0,0
0.13297602133166855,-0.02619996865124715,1.028,-0.007906341511534354,0.10507646179199219,-0.031419422149658205,0,0,1.5,0,-0.13297602133166855,0.02619996865124715,0.472,0.007906341511534354,-0.10357360662652254,0.02437371990216439,0.32009238507462623,0.012751583912593283,0,0,0,0,0,0,0,0
0.13769885719687094,-0.02830286163073051,1.049,-0.00794124809657426,0.07108971405029296,-0.030982309341430665,0,0,1.5,0,-0.13769885719687094,0.02830286163073051,0.45100000000000007,0.00794124809657426,-0.09533289071042894,0.025751920886476584,0.3219320500000006,0.008104872713948823,0,0,0,0,0,0,0,0
0.14062680791692567,-0.030222494604376825,1.071,-0.009389871375729497,0.04414653778076172,-0.02844481658935547,0,0,1.5,0,-0.14062680791692567,0.030222494604376825,0.42900000000000005,0.009389871375729497,-0.08682615335037909,0.025567671255953876,0.3035027615384615,0.01607582497183059,0,0,0,0,0,0,0,0
0.14085608213778925,-0.03183160109598894,1.093,-0.010210176124166859,0.003665597915649414,-0.024103240966796877,0,0,1.5,0,-0.14085608213778925,0.03183160109598894,0.40700000000000003,0.010210176124166859,-0.07250101191855583,0.024720849369980487,0.2885482615384615,0.013996198040031604,0,0,0,0,0,0,0,0
0.13953735091442077,-0.03374826274559393,1.113,-0.009930923443847772,-0.01948640060424805,-0.028950389862060548,0,0,1.5,0,-0.13953735091442077,0.03374826274559393,0.387,0.009930923443847772,-0.06370591582244209,0.02720114928648729,0.2875033939393939,0.008661593078761015,0,0,0,0,0,0,0,0
0.13794996185657543,-0.034894952186170385,1.134,-0.010489428804485945,-0.023638849258422853,-0.017435953140258788,0,0,1.5,0,-0.13794996185657543,0.034894952186170385,0.3660000000000001,0.010489428804485945,-0.061312746998091236,0.023903669845815864,0.26426265000000065,0.01310742268247738,0,0,0,0,0,0,0,0
0.13532439011380432,-0.03667872185158554,1.153,-0.011466813185602776,-0.03910075378417969,-0.027168176651000978,0,0,1.5,0,-0.13532439011380432,0.03667872185158554,0.347,0.011466813185602776,-0.05463126189083455,0.028153351552579173,0.26385420769230705,0.015977818021526608,0,0,0,0,0,0,0,0
0.130417381245251,-0.03859849617998956,1.174,-0.0120602251312808,-0.07327009582519531,-0.02963871955871582,0,0,1.5,0,-0.130417381245251,0.03859849617998956,0.32600000000000007,0.0120602251312808,-0.039977867307847845,0.029870660540007424,0.23840397692307752,0.014799049495948603,0,0,0,0,0,0,0,0
0.12462926559850238,-0.04032289332827963,1.192,-0.012653637076958935,-0.08650347900390624,-0.02691114044189453,0,0,1.5,0,-0.12462926559850238,0.04032289332827963,0.30800000000000005,0.012653637076958935,-0.03242039739375306,0.029707038024971506,0.24215982307692308,0.01539246144162725,0,0,0,0,0,0,0,0
0.11995030866857308,-0.042615986258227705,1.205,-0.013857914260834993,-0.06974350738525391,-0.03528170394897461,0,0,1.5,0,-0.11995030866857308,0.042615986258227705,0.29499999999999993,0.013857914260834993,-0.03613127971998864,0.03394349293609494,0.2606003999999993,0.019416116647955263,0,0,0,0,0,0,0,0
0.11605487456489608,-0.045810903781908906,1.22,-0.014241886696273744,-0.05776179885864258,-0.04872887420654297,0,0,1.5,0,-0.11605487456489608,0.045810903781908906,0.28,0.014241886696273744,-0.038477967401052776,0.0404267073670337,0.23965116923076982,0.016014067167529518,0,0,0,0,0,0,0,0
0.1107386081765644,-0.049333972716039,1.235,-0.014974924982111393,-0.07898330688476562,-0.053976341247558596,0,0,1.5,0,-0.1107386081765644,0.049333972716039,0.2649999999999999,0.014974924982111393,-0.028241178923291938,0.04398727804955054,0.22937366923076852,0.018358178609054386,0,0,0,0,0,0,0,0
0.10511657619408629,-0.053707200112015505,1.249,-0.014870205226991673,-0.08333872985839844,-0.06685385131835937,0,0,1.5,0,-0.10511657619408629,0.053707200112015505,0.2509999999999999,0.014870205226991673,-0.023852058584252062,0.050786577760630704,0.22518978461538447,0.014386883280285274,0,0,0,0,0,0,0,0
0.10108631396137824,-0.05720323713604149,1.263,-0.015358897417550088,-0.05966747665405273,-0.05333368682861328,0,0,1.5,0,-0.10108631396137824,0.05720323713604149,0.2370000000000001,0.015358897417550088,-0.03047370145535016,0.04784844560474087,0.21553028461538584,0.017614399835512003,0,0,0,0,0,0,0,0
0.09783514239554968,-0.060966379760169664,1.274,-0.016493361431346443,-0.04789488983154297,-0.05718946838378906,0,0,1.5,0,-0.09783514239554968,0.060966379760169664,0.22599999999999998,0.016493361431346443,-0.03337303755475174,0.05090149935306807,0.22527316666666602,0.02165001603951169,0,0,0,0,0,0,0,0
0.09386224925778305,-0.06617810483961127,1.29,-0.01797689129554164,-0.05829596710205078,-0.0791480941772461,0,0,1.5,0,-0.09386224925778305,0.06617810483961127,0.20999999999999996,0.01797689129554164,-0.027296161270774284,0.06165745333370504,0.1860176538461538,0.02482395220721179,0,0,0,0,0,0,0,0
0.08966663959037467,-0.06965790336826742,1.306,-0.01912880860185784,-0.06198568725585937,-0.05331984329223633,0,0,1.5,0,-0.08966663959037467,0.06965790336826742,0.19399999999999995,0.01912880860185784,-0.024057396900886673,0.05411687188483928,0.17447865384615377,0.024445350015624902,0,0,0,0,0,0,0,0
0.08579570016908003,-0.07143443846619699,1.322,-0.020106192982974724,-0.05754375457763672,-0.027753780364990235,0,0,1.5,0,-0.08579570016908003,0.07143443846619699,0.17799999999999994,0.020106192982974724,-0.02392591879750016,0.045880153345663914,0.16283565384615373,0.024617197818898814,0,0,0,0,0,0,0,0
0.08360180939827234,-0.07311968458926052,1.335,-0.02019345944557438,-0.03239348602294922,-0.025935199737548827,0,0,1.5,0,-0.08360180939827234,0.07311968458926052,0.16500000000000004,0.02019345944557438,-0.03172815837807398,0.046419804521215774,0.16855175000000058,0.020602520989010265,0,0,0,0,0,0,0,0
0.08220604374900595,-0.07478724571308387,1.349,-0.02136283004441064,-0.02042714309692383,-0.025431068420410156,0,0,1.5,0,-0.08220604374900595,0.07478724571308387,0.15100000000000002,0.02136283004441064,-0.03568058416118118,0.0469298821015849,0.1551996757575757,0.02667815094821183,0,0,0,0,0,0,0,0
0.08099648171414357,-0.07402710777423391,1.359,-0.02199114857512857,-0.01838285255432129,0.01101190185546875,0,0,1.5,0,-0.08099648171414357,0.07402710777423391,0.14100000000000001,0.02199114857512857,-0.03601721204928603,0.03366175314046132,0.16851244615384614,0.024891080255365156,0,0,0,0,0,0,0,0
0.07922220199221336,-0.07202051896799383,1.369,-0.021973695282608615,-0.027269615173339843,0.029506324768066406,0,0,1.5,0,-0.07922220199221336,0.07202051896799383,0.131,0.021973695282608615,-0.032140779073865956,0.025993613557954473,0.16136394615384614,0.021893141624824215,0,0,0,0,0,0,0,0
0.07664197730947234,-0.07040158743480074,1.38,-0.02216568150032799,-0.03922759246826172,0.023427722930908203,0,0,1.5,0,-0.07664197730947234,0.07040158743480074,0.1200000000000001,0.02216568150032799,-0.026560780382611476,0.02731729413959741,0.14795933076923143,0.023051771735955878,0,0,0,0,0,0,0,0
0.07382732393518986,-0.06665415954397615,1.386,-0.02265437369088646,-0.043455291748046875,0.055261856079101564,0,0,1.5,0,-0.07382732393518986,0.06665415954397615,0.1140000000000001,0.02265437369088646,-0.02370158506463311,0.013709816218616753,0.17030720000000008,0.024945118334129292,0,0,0,0,0,0,0,0
0.07176679800854197,-0.06337792080437528,1.394,-0.022828906616085883,-0.032013179779052735,0.04843083190917969,0,0,1.5,0,-0.07176679800854197,0.06337792080437528,0.1060000000000001,0.022828906616085883,-0.027184292399408755,0.015233279238428994,0.15499505757575763,0.023622238094265075,0,0,0,0,0,0,0,0
0.06991405231839601,-0.06138586329148135,1.402,-0.022479840765686984,-0.02846603202819824,0.029238689422607423,0,0,1.5,0,-0.06991405231839601,0.06138586329148135,0.09800000000000009,0.022479840765686984,-0.027405927719406475,0.02108781711156394,0.1492418575757576,0.02089317780932835,1427120601201,0,0,0,0,0,0,0
0.06859466303920456,-0.058003358449412235,1.409,-0.021903882112528802,-0.020926315307617186,0.050279895782470704,0,0,1.5,0,-0.06859466303920456,0.058003358449412235,0.09099999999999997,0.021903882112528802,-0.02939989008223039,0.01149955484112719,0.14836724999999934,0.019204075925849825,1427120601201,0,0,0,0,0,0,0
0.06591015242179153,-0.056196414136004104,1.418,-0.021467549799530247,-0.040851638793945315,0.026215715408325194,0,0,1.5,0,-0.06591015242179153,0.056196414136004104,0.08200000000000007,0.021467549799530247,-0.02086082932249078,0.01940098355955631,0.13151996153846218,0.01945370835492153,1427120601201,0,0,0,0,0,0,0
0.06312695651931269,-0.05461168143227705,1.422,-0.021868975527489006,-0.04224858474731445,0.02286935615539551,0,0,1.5,0,-0.06312695651931269,0.05461168143227705,0.07800000000000007,0.021868975527489006,-0.018978881588788347,0.01984063885275264,0.1557500384615385,0.023721709656529436,1427120601201,0,0,0,0,0,0,0
0.06087322005320825,-0.05237866798990397,1.427,-0.021293016874330824,-0.034530410766601564,0.03274794769287109,0,0,1.5,0,-0.06087322005320825,0.05237866798990397,0.07299999999999995,0.021293016874330824,-0.02074251637540212,0.01526743582689631,0.1468399230769224,0.018634746167446908,1427120601201,0,0,0,0,0,0,0
0.05888536528373045,-0.05147284738370813,1.432,-0.020751964806212605,-0.030100355148315428,0.012949365615844727,0,0,1.5,-0.021293016874330824,-0.05888536528373045,0.05147284738370813,0.06800000000000006,-0.0005410520681182196,-0.029442682641865225,0.025736423691854065,0.05440000000000005,-0.0005410520681182196,1427120601201,0,0,0,0,0,0,0
0.0562845513242327,-0.05120067897296436,1.437,-0.020943951023931925,-0.039088523864746094,0.003272125244140625,0,0,1.5,-0.021293016874330824,-0.0562845513242327,0.05120067897296436,0.06299999999999994,-0.0003490658503988997,-0.01417447776164305,0.02416809771611739,0.023886423076922413,0.0005370243852287305,1427120601590,0,0,0,0,0,0,0
0.05430432289614638,-0.05015085729055423,1.441,-0.020647245051092885,-0.03002669906616211,0.015121809959411621,0,0,1.5,-0.021293016874330824,-0.05430432289614638,0.05015085729055423,0.05899999999999994,-0.0006457718232379395,-0.016561275757390116,0.01948842116163998,0.026454538461538404,-0.002015184005571969,1427120601655,0,0,0,0,0,0,0
0.0530723190499171,-0.05126459688914732,1.446,-0.021170843826691207,-0.018131208419799805,-0.017084068298339843,0,0,1.5,-0.021293016874330824,-0.0530723190499171,0.05126459688914732,0.05400000000000005,-0.00012217304763961767,-0.020008672436272714,0.03172855830816263,0.017420923076923698,0.002294436685891098,1427120601720,0,0,0,0,0,0,0
0.05213347196579595,-0.05442104496760973,1.451,-0.02174680247984939,-0.013077255249023437,-0.04763423156738281,0,0,1.5,-0.021293016874330824,-0.05213347196579595,0.05442104496760973,0.04899999999999993,0.00045378560551856406,-0.021151672062341413,0.044341355533611404,0.013739423076922403,0.0031120563124024795,1427120601785,0,0,0,0,0,0,0
0.05122457610588081,-0.05906742069041725,1.45,-0.022846359908605837,-0.012114676475524902,-0.06997561645507812,0,0,1.5,-0.021293016874330824,-0.05122457610588081,0.05906742069041725,0.050000000000000044,0.001553343034275012,-0.0208917959295004,0.05472562453416835,0.04717211538461602,0.0066282234746893876,1427120601850,0,0,0,0,0,0,0
0.05052512356701459,-0.0636081182366214,1.454,-0.023614304779483338,-0.008933109283447266,-0.06833236694335937,0,0,1.5,-0.021293016874330824,-0.05052512356701459,0.0636081182366214,0.04600000000000004,0.0023212879051525137,-0.021702682719110807,0.05646828224856763,0.017348038461538477,0.00586564884766406,1427120601915,0,0,0,0,0,0,0
0.049768874366514226,-0.06707514927290974,1.456,-0.024172810140121456,-0.010112616539001465,-0.052258815765380856,0,0,1.5,-0.021293016874330824,-0.049768874366514226,0.06707514927290974,0.04400000000000004,0.002879793265790631,-0.021051079709168828,0.05246411540650024,0.026803269230769252,0.005457510314889634,1427120601980,0,0,0,0,0,0,0
0.0486949849932151,-0.06977522304171085,1.456,-0.02403318379996194,-0.015124704360961914,-0.040878620147705075,0,0,1.5,-0.021293016874330824,-0.0486949849932151,0.06977522304171085,0.04400000000000004,0.0027401669256311156,-0.018835416601540752,0.04972973628402362,0.03785850000000003,0.002095737663356429,1427120602045,0,0,0,0,0,0,0
0.04810470719960459,-0.0715655915118783,1.454,-0.024294983187761073,-0.00820624828338623,-0.027060544967651368,0,0,1.5,-0.021293016874330824,-0.04810470719960459,0.0715655915118783,0.04600000000000004,0.0030019663134302488,-0.02117560811658476,0.04577302500710107,0.05052673076923081,0.004210271180195478,1427120602110,0,0,0,0,0,0,0
0.048420903222031894,-0.07418078608693938,1.456,-0.02413790355508155,0.005694488525390625,-0.03910112380981445,0,0,1.5,-0.021293016874330824,-0.048420903222031894,0.07418078608693938,0.04400000000000004,0.0028448866807507245,-0.026220879901226523,0.05135759208472443,0.027841839393939416,0.0021308883503892507,1427120602176,0,0,0,0,0,0,0
0.04859574301291607,-0.0761261653441777,1.455,-0.024940755010999068,0.0033261251449584962,-0.029108890533447264,0,0,1.5,-0.021293016874330824,-0.04859574301291607,0.0761261653441777,0.04499999999999993,0.0036477381366682438,-0.02560453496883524,0.048986426718384976,0.044925015384614735,0.007353206394749102,1427120602241,0,0,0,0,0,0,0
0.04794397511377208,-0.07728580323152955,1.453,-0.024923301718479,-0.009339689254760742,-0.01763296699523926,0,0,1.5,-0.021293016874330824,-0.04794397511377208,0.07728580323152955,0.04699999999999993,0.003630284844148176,-0.020858850118320185,0.045385566365541995,0.05221513076923072,0.0035497311863632477,1427120602306,0,0,0,0,0,0,0
0.04746574647114521,-0.07597434152196239,1.453,-0.025324727446437763,-0.007661440372467041,0.0194870491027832,0,0,1.5,-0.021293016874330824,-0.04746574647114521,0.07597434152196239,0.04699999999999993,0.004031710572106939,-0.021585030682689757,0.031473297926260746,0.041751399999999946,0.005884444701147384,1427120602371,0,0,0,0,0,0,0
0.04613632333556223,-0.07310586141605371,1.456,-0.02546435378659728,-0.02102448844909668,0.042508449554443356,0,0,1.5,-0.021293016874330824,-0.04613632333556223,0.07310586141605371,0.04400000000000004,0.0041713369122664545,-0.016366952762995043,0.021702631472157105,0.023483553846154463,0.004815766174541141,1427120602436,0,0,0,0,0,0,0
0.04529666844578389,-0.06986810710695121,1.455,-0.024399702942880797,-0.013827316284179688,0.04822988510131836,0,0,1.5,-0.021293016874330824,-0.04529666844578389,0.06986810710695121,0.04499999999999993,0.003106686068549972,-0.018542684775959585,0.01786766313698902,0.04619414999999934,-0.001883864761371039,1427120602500,0,0,0,0,0,0,0
0.04571220503648153,-0.06748324656228877,1.452,-0.024591689160600116,0.005358431816101074,0.035914329528808596,0,0,1.5,-0.021293016874330824,-0.04571220503648153,0.06748324656228877,0.04800000000000004,0.003298672286269292,-0.02557608893759531,0.021779252948446938,0.05935129090909155,0.0041713369122662,1427120602566,0,0,0,0,0,0,0
0.04748350517286763,-0.06588373103264444,1.451,-0.025167647813758298,0.025971506118774416,0.02463880157470703,0,0,1.5,-0.021293016874330824,-0.04748350517286763,0.06588373103264444,0.04899999999999993,0.0038746309394274737,-0.03368273328573214,0.025187686859081192,0.04986863030302967,0.006492624817419209,1427120602632,0,0,0,0,0,0,0
0.0478772432651105,-0.06344731122135054,1.451,-0.02534218073895772,0.004984513759613037,0.036683349609375,0,0,1.5,-0.021293016874330824,-0.0478772432651105,0.06344731122135054,0.04899999999999993,0.004049163864626896,-0.026670240660479252,0.01916819171347379,0.04487919999999995,0.004867286951499187,1427120602696,0,0,0,0,0,0,0
0.046306676173050794,-0.05935893677276119,1.453,-0.025516713664157087,-0.025104900360107422,0.06070896530151367,0,0,1.5,-0.021293016874330824,-0.046306676173050794,0.05935893677276119,0.04699999999999993,0.004223696789826262,-0.015433499446635593,0.008806578639458527,0.03298333939393933,0.005017028268005201,1427120602762,0,0,0,0,0,0,0
0.04582587062621591,-0.054119264984452,1.453,-0.025569073541716947,-0.009215005874633789,0.07838548278808594,0,0,1.5,-0.021293016874330824,-0.04582587062621591,0.054119264984452,0.04699999999999993,0.004276056667386122,-0.02096269542676448,-0.0003109234631169036,0.043894899999999945,0.004517717640739322,1427120602827,0,0,0,0,0,0,0
0.0463631600418862,-0.049679495906972904,1.453,-0.02466150233067993,0.006354080677032471,0.06678081512451171,0,0,1.5,-0.021293016874330824,-0.0463631600418862,0.049679495906972904,0.04699999999999993,0.0033684854563491053,-0.02670015481751981,0.002171367830778481,0.04420509999999994,-0.0007568382301827905,1427120602893,0,0,0,0,0,0,0
0.04650780665518396,-0.04870891011483571,1.455,-0.02474876879327959,0.0018100342750549316,0.01460786247253418,0,0,1.5,-0.021293016874330824,-0.04650780665518396,0.04870891011483571,0.04499999999999993,0.0034557519189487643,-0.0247561082856631,0.019868848214759705,0.031777488888888816,0.003871306502756664,1427120602956,0,0,0,0,0,0,0
0.0465476316341078,-0.04732205892319038,1.455,-0.02455678257556027,0.00008240140974521637,0.020811180114746093,0,0,1.5,-0.021293016874330824,-0.0465476316341078,0.04732205892319038,0.04499999999999993,0.0032637657012294444,-0.024211656326897986,0.01735452665708356,0.04319009999999994,0.0024041259203966686,1427120603023,0,0,0,0,0,0,0
0.04608286837413907,-0.04773435702165521,1.454,-0.024626595745640023,-0.006817491531372071,-0.006353785991668701,0,0,1.5,-0.021293016874330824,-0.04608286837413907,0.04773435702165521,0.04600000000000004,0.0033335788713091986,-0.02121824785837519,0.027126038373693987,0.049835455555556206,0.0036660225383556475,1427120603086,0,0,0,0,0,0,0
0.04487680627001338,-0.046885448726879254,1.456,-0.0243997029428808,-0.01839900016784668,0.012284290313720704,0,0,1.5,-0.021293016874330824,-0.04487680627001338,0.046885448726879254,0.04400000000000004,0.0031066860685499756,-0.016732224280648404,0.019870470112328967,0.03219666923076925,0.002059488517353562,1427120603151,0,0,0,0,0,0,0
0.044611121842434126,-0.04631214151272229,1.457,-0.024888395133439215,-0.0041938872337341304,0.008499818801879883,0,0,1.5,-0.021293016874330824,-0.044611121842434126,0.04631214151272229,0.04299999999999993,0.0035953782591083908,-0.02171407339745557,0.02114516165320684,0.037146669696969045,0.005816706398010278,1427120603217,0,0,0,0,0,0,0
0.04499498568726062,-0.04511599126830222,1.459,-0.025062928058638582,0.005309666633605957,0.018079988479614256,0,0,1.5,-0.021293016874330824,-0.04499498568726062,0.04511599126830222,0.040999999999999925,0.0037699111843077573,-0.02544299008259957,0.017074779645856544,0.030174599999999926,0.004588034271179788,1427120603281,0,0,0,0,0,0,0
0.04559284768412988,-0.04525239662701762,1.462,-0.025499260371637193,0.009016388893127442,-0.0018206987380981446,0,0,1.5,-0.021293016874330824,-0.04559284768412988,0.04525239662701762,0.038000000000000034,0.004206243497306368,-0.026891557936853095,0.02444833342527695,0.022805253846154457,0.006220084941915341,1427120603346,0,0,0,0,0,0,0
0.04517621449616568,-0.045428160125714115,1.465,-0.02607521902479532,-0.006180245876312256,-0.0027949357032775878,0,0,1.5,-0.021293016874330824,-0.04517621449616568,0.045428160125714115,0.03499999999999992,0.004782202150464494,-0.021249939502421034,0.024777671924758986,0.02063275384615317,0.0074404728573481535,1427120603411,0,0,0,0,0,0,0
0.044688227856002655,-0.046118873303532995,1.466,-0.02680825731063297,-0.007047184467315674,-0.010548019409179687,0,0,1.5,-0.021293016874330824,-0.044688227856002655,0.046118873303532995,0.03400000000000003,0.005515240436302145,-0.020691041946119416,0.02786992104358966,0.0309079696969703,0.008847232644655102,1427120603477,0,0,0,0,0,0,0
0.0433525102632045,-0.047831388351569665,1.467,-0.027000243528352293,-0.019340003967285156,-0.02621555519104004,3,0,1.5,0,2.9566474897367954,0.047831388351569665,0.03299999999999992,0.027000243528352293,1.4783237448683977,0.023915694175784832,0.026399999999999937,0.027000243528352293,0,0,0,0,0,0,0,0
0.040785264813061994,-0.05053961435979041,1.469,-0.027366762671271142,-0.037397937774658205,-0.04164820098876953,3,0,1.5,0,2.9592147351869382,0.05053961435979041,0.030999999999999917,0.027366762671271142,1.4953544865182637,0.03988541335811,0.014232269230769156,0.029058389484742757,0,0,0,0,0,0,0,0
0.04021547758987086,-0.053030238526941845,1.467,-0.027122416575991962,-0.0075213308334350585,-0.03757924270629883,3,0,1.5,0,2.9597845224101293,0.053030238526941845,0.03299999999999992,0.027122416575991962,1.4868076957704548,0.0399934928755858,0.03758523076923072,0.025994665367011133,0,0,0,0,0,0,0,0
0.03956927944860979,-0.0578572166882403,1.465,-0.02694788365079243,-0.007725858211517334,-0.07264090728759766,3,0,1.5,0,2.9604307205513902,0.0578572166882403,0.03499999999999992,0.02694788365079243,1.4894665182144349,0.05502495680787403,0.039412730769230714,0.026142347072948432,0,0,0,0,0,0,0,0
0.04273556068793597,-0.06380376284193882,1.464,-0.027995081201989076,0.04988038635253906,-0.08788609313964844,3,0,1.5,0,2.957264439312064,0.06380376284193882,0.03600000000000003,0.027995081201989076,1.469276864354086,0.0640681453665709,0.03506211538461601,0.03282830066905052,0,0,0,0,0,0,0,0
0.050936641134377555,-0.06867045870052267,1.462,-0.02902482546066571,0.12501139068603515,-0.06952843475341797,3,0,1.5,0,2.9490633588656223,0.06867045870052267,0.038000000000000034,0.02902482546066571,1.439982758045045,0.06073155058186223,0.042293730769230806,0.033777491269942485,0,0,0,0,0,0,0,0
0.06434239435009942,-0.07268695938720864,1.46,-0.02923426497090504,0.20275003051757812,-0.05438645935058594,3,0,1.5,0,2.9356576056499004,0.07268695938720864,0.040000000000000036,0.02923426497090504,1.4071628978155013,0.05820907344627983,0.044153730769230806,0.030200908864317325,0,0,0,0,0,0,0,0
0.08264651485574401,-0.07489351330154186,1.461,-0.029408797896104517,0.2754119567871094,-0.025058696746826172,3,0,1.5,0,2.917353485144256,0.07489351330154186,0.038999999999999924,0.029408797896104517,1.3735312934592105,0.0496151639513469,0.02745338461538395,0.03021433447394826,0,0,0,0,0,0,0,0
0.11120481664553418,-0.07722848630946592,1.462,-0.029443704481144424,0.42921917724609376,-0.022413286209106445,3,0,1.5,0,2.888795183354466,0.07722848630946592,0.038000000000000034,0.029443704481144424,1.3059150371342474,0.05152433639843773,0.02690038461538524,0.029604811796713225,0,0,0,0,0,0,0,0
0.14602769754626874,-0.0797787355569751,1.463,-0.02717477645355177,0.5232429809570313,-0.022859661102294922,3,0,1.5,0,2.853972302453731,0.0797787355569751,0.03699999999999992,0.02717477645355177,1.2566263296215436,0.05401049695191644,0.026340884615383947,0.016702800941585674,0,0,0,0,0,0,0,0
0.1870274046614216,-0.08275091645738883,1.465,-0.02497566159603887,0.6159799194335938,-0.027855941772460938,3,0,1.5,0,2.8129725953385782,0.08275091645738883,0.03499999999999992,0.02497566159603887,1.2046950747886855,0.05782231516730672,0.019583769230769158,0.014825900715210104,0,0,0,0,0,0,0,0
0.2328388795220017,-0.08477135986159799,1.461,-0.022724186860966174,0.6877146606445312,-0.013136404991149903,3,0,1.5,0,2.7671611204779984,0.08477135986159799,0.038999999999999924,0.022724186860966174,1.1576784734574845,0.05376289788914288,0.05534496153846149,0.012332765006784497,0,0,0,0,0,0,0,0
0.28561135085503647,-0.08453997857522373,1.463,-0.020943951023931935,0.7913038330078125,0.02145644760131836,3,0,1.5,0,2.7143886491449636,0.08453997857522373,0.03699999999999992,0.020943951023931935,1.09990689198072,0.04159667102056922,0.021844639393939325,0.012851969946503578,0,0,0,0,0,0,0,0
0.3477377913832941,-0.08460012128258639,1.463,-0.01926843494201742,0.9317111206054688,0.018614227294921876,3,0,1.5,0,2.652262208616706,0.08460012128258639,0.03699999999999992,0.01926843494201742,1.0158946693372255,0.04323259977361843,0.032691199999999934,0.011535283794719658,0,0,0,0,0,0,0,0
0.4129757305309775,-0.0848544479415797,1.461,-0.017086773377024477,0.9784609375,0.015040136337280274,3,0,1.5,0,2.5870242694690226,0.0848544479415797,0.038999999999999924,0.017086773377024477,0.9682030422031689,0.044460524387673,0.04531393076923071,0.007017566153980127,0,0,0,0,0,0,0,0
0.4854365180544352,-0.08185147234782039,1.463,-0.01630137521362708,1.0859835205078125,0.06360897064208984,3,0,1.5,0,2.5145634819455647,0.08185147234782039,0.03699999999999992,0.01630137521362708,0.8885932480961924,0.025219447513991477,0.022243999999999924,0.012619821322701789,0,0,0,0,0,0,0,0
0.5628673411494302,-0.07383390781450262,1.465,-0.015428710587629913,1.15934765625,0.13918008422851563,3,0,1.5,0,2.4371326588505697,0.07383390781450262,0.03499999999999992,0.015428710587629913,0.8307967032651167,-0.005490321267466278,0.021039769230769157,0.011401027698412216,0,0,0,0,0,0,0,0
0.6442213478841028,-0.06505899103954663,1.467,-0.014713125594312216,1.2181341552734375,0.15043515014648437,3,0,1.5,0,2.355778652115897,0.06505899103954663,0.03299999999999992,0.014713125594312216,0.7771869521020192,-0.013196988951769233,0.019820739393939316,0.01146046653377723,0,0,0,0,0,0,0,0
0.7311427950648446,-0.055388363133069225,1.472,-0.014800392056911983,1.30154638671875,0.164226318359375,3,0,1.5,0,2.2688572049351556,0.055388363133069225,0.028000000000000025,0.014800392056911983,0.6912493958400261,-0.024349451151990473,-0.0007377499999994021,0.015209453600348389,0,0,0,0,0,0,0,0
0.8235790354174576,-0.04353192810425985,1.476,-0.015917402778188275,1.3837596435546875,0.19834768676757814,3,0,1.5,0,2.1764209645825425,0.04353192810425985,0.02400000000000002,0.015917402778188275,0.6316271940819247,-0.040237725473984146,0.002352278787878786,0.020994724238535056,0,0,0,0,0,0,0,0
0.921054987314724,-0.030525484169512156,1.479,-0.017819811662862183,1.4588487548828124,0.21834442138671875,3,0,1.5,0,2.078945012685276,0.030525484169512156,0.020999999999999908,0.017819811662862183,0.549562205863586,-0.0538807697431416,0.005147053846153157,0.026600160361357143,0,0,0,0,0,0,0,0
1.029963375099464,-0.015603944220427355,1.481,-0.019809487010135695,1.629378173828125,0.2528969268798828,3,0,1.5,0,1.970036624900536,0.015603944220427355,0.018999999999999906,0.019809487010135695,0.4348292656140835,-0.07164345261575591,0.009055169230769142,0.0289926039975519,0,0,0,0,0,0,0,0
1.1442601225201419,0.002127433655074104,1.482,-0.02124065699677103,1.708846435546875,0.299878662109375,3,0,1.5,0,1.8557398774798581,-0.002127433655074104,0.018000000000000016,0.02124065699677103,0.3498728786305936,-0.09564042091224138,0.013756784615385216,0.027846056935087963,0,0,0,0,0,0,0,0
1.2778932724941732,0.016579324531013878,1.482,-0.023492131731843675,1.99944091796875,0.2593031005859375,3,0,1.5,0,1.7221067275058268,-0.016579324531013878,0.018000000000000016,0.023492131731843675,0.18005658234455424,-0.08521836675967043,0.01925840000000001,0.033883553586025114,0,0,0,0,0,0,0,0
1.4182669077089327,0.027421299101941653,1.482,-0.024294983187761084,2.101203369140625,0.21204533386230467,3,0,1.5,0,1.5817330922910673,-0.027421299101941653,0.018000000000000016,0.024294983187761084,0.07460297072016553,-0.07121916701640905,0.019375400000000008,0.02800045144584143,0,0,0,0,0,0,0,0
1.5579574480797167,0.03433302443620815,1.478,-0.02432988977280099,2.09222119140625,0.15454696655273437,3,0,1.5,0,1.4420425519202833,-0.03433302443620815,0.02200000000000002,0.02432988977280099,0.009373231199543808,-0.05353446564432664,0.04425686153846156,0.02449099708836979,0,0,0,0,0,0,0,0
1.7023783273280593,0.03925964658152707,1.477,-0.024556782575560272,2.163874267578125,0.1265784225463867,3,0,1.5,0,1.2976216726719407,-0.03925964658152707,0.02299999999999991,0.024556782575560272,-0.08746480983193694,-0.04533427831600793,0.029052515384614713,0.025603980126756958,0,0,0,0,0,0,0,0
1.8476884585938418,0.0430443666352839,1.476,-0.025883232807075947,2.177600830078125,0.11027354431152343,3,0,1.5,0,1.1523115414061582,-0.0430443666352839,0.02400000000000002,0.025883232807075947,-0.1641591530568215,-0.04110591361124956,0.030008515384616,0.03200531079868675,0,0,0,0,0,0,0,0
1.989524240396706,0.04461631080861834,1.477,-0.02628465853503465,2.1262138671875,0.07863264465332032,3,0,1.5,0,1.010475759603294,-0.04461631080861834,0.02299999999999991,0.02628465853503465,-0.2157121991449511,-0.030005939251514097,0.018588784615383932,0.028137392664074824,0,0,0,0,0,0,0,0
2.1318144399014534,0.048797206241287513,1.478,-0.025970499269675602,2.131967529296875,0.11878604888916015,3,0,1.5,0,0.8681855600985466,-0.048797206241287513,0.02200000000000002,0.025970499269675602,-0.288739842831863,-0.04617630424063104,0.017931784615385218,0.024520533429556915,0,0,0,0,0,0,0,0
2.235695870451444,0.05327264484624664,1.484,-0.02612757890235518,1.5559527587890625,0.10757218170166015,3,0,1.5,0,0.764304129548556,-0.05327264484624664,0.016000000000000014,0.02612757890235518,-0.13336731220473075,-0.050034652459206574,-0.013687292307692323,0.026852561822414762,0,0,0,0,0,0,0,0
2.345741091173754,0.054025703923543736,1.493,-0.026581364507873687,1.64981982421875,0.05441535186767578,3,0,1.5,0,0.6542589088262458,-0.054025703923543736,0.006999999999999895,0.026581364507873687,-0.2211542936645614,-0.03040271663337907,-0.03699563846153919,0.028675759610266804,0,0,0,0,0,0,0,0
2.458950181768441,0.05047717917894726,1.5,-0.026668630970473454,1.698951171875,-0.008075601577758789,3,0,1.5,0,0.5410498182315591,-0.05047717917894726,0,0.026668630970473454,-0.2944433789697744,-0.005498890001966378,-0.03182640769230713,0.027071399259395452,0,0,0,0,0,0,0,0
2.567240676493917,0.04298089895228213,1.513,-0.02579596634447623,1.6267781982421874,-0.0690899658203125,3,0,1.5,0,0.43275932350608315,-0.04298089895228213,-0.0129999999999999,0.02579596634447623,-0.32182258578417505,0.019478457430493753,-0.07461859999999938,0.021768283455258268,0,0,0,0,0,0,0,0
2.6630498751910325,0.036942159749645424,1.523,-0.026057765732275417,1.4389962158203125,-0.05348270034790039,3,0,1.5,0,0.33695012480896747,-0.036942159749645424,-0.02299999999999991,0.026057765732275417,-0.3023011889373597,0.014625516806283354,-0.06661425384615381,0.027266070599040904,0,0,0,0,0,0,0,0
2.7421754261897364,0.0328804351644747,1.533,-0.02569124658935662,1.1880677490234375,-0.02998115921020508,3,0,1.5,0,0.2578245738102636,-0.0328804351644747,-0.03299999999999992,0.02569124658935662,-0.2518613523953637,0.005989543491194998,-0.07482875384615383,0.023999619775885248,0,0,0,0,0,0,0,0
2.8162890523750552,0.025413850701080425,1.543,-0.026162485487395082,1.114214599609375,-0.08340387725830078,3,0,1.5,0,0.18371094762494478,-0.025413850701080425,-0.04299999999999993,0.026162485487395082,-0.2557630625670063,0.02743076156156366,-0.08229670303030301,0.028304480478479,0,0,0,0,0,0,0,0
2.883381862221613,0.02213574656886743,1.548,-0.027244589623631466,1.0073340454101563,-0.022828018188476563,3,0,1.5,0,0.11661813777838681,-0.02213574656886743,-0.04800000000000004,0.027244589623631466,-0.2631218302022652,0.007387255053390818,-0.060917350000000675,0.03231695276223952,0,0,0,0,0,0,0,0
2.9421911407481343,0.020203745750671975,1.55,-0.028379053637427876,0.8826012573242188,-0.004938710689544678,3,0,1.5,0,0.05780885925186574,-0.020203745750671975,-0.050000000000000044,0.028379053637427876,-0.24224043577068466,0.0008160723834555583,-0.046267830769230814,0.03361504139341131,1427120606013,0,0,0,0,0,0,0
2.989944109302278,0.020403795456809287,1.549,-0.03021164935202192,0.7159209594726562,0.023324569702148436,3,0,1.5,0,0.01005589069772217,-0.020403795456809287,-0.04899999999999993,0.03021164935202192,-0.19890064256880693,-0.010745740119643164,-0.029803019402984448,0.03841730180542808,1427120606013,0,0,0,0,0,0,0
3.0280704072762052,0.019374003420426417,1.549,-0.031066860685499076,0.57210009765625,0.0018354153633117676,3,0,1.5,0,-0.028070407276205245,-0.019374003420426417,-0.04899999999999993,0.031066860685499076,-0.17382168206948564,-0.003653367383284151,-0.03534539999999996,0.03501398991693211,1427120606013,0,0,0,0,0,0,0
3.0599067372370627,0.019011081801146114,1.542,-0.03310889591033251,0.4774836120605469,0.00939223861694336,3,0,1.5,0,-0.059906737237062746,-0.019011081801146114,-0.04200000000000004,0.03310889591033251,-0.1507937202977117,-0.007133818835316766,0.006540364179103888,0.042252337215556844,1427120606013,0,0,0,0,0,0,0
3.082330974908149,0.020288759211824613,1.535,-0.03464478565208746,0.3355447998046875,0.030289249420166017,3,0,1.5,0,-0.08233097490814911,-0.020288759211824613,-0.03499999999999992,0.03464478565208746,-0.11649606305626029,-0.01656150588145431,0.013038007692308375,0.04173350753711029,1427120606013,0,0,0,0,0,0,0
3.095225128771549,0.02241756954069198,1.524,-0.03593632929856328,0.192190185546875,0.038612380981445316,3,0,1.5,-0.03464478565208746,-0.0952251287715491,-0.02241756954069198,-0.02400000000000002,0.0012915436464758234,-0.04761256438577455,-0.01120878477034599,-0.01920000000000002,0.0012915436464758234,1427120606013,0,0,0,0,0,0,0
3.1014016082564377,0.025428300317976077,1.515,-0.04071853144902777,0.09096480560302735,0.04846048736572266,3,0,1.5,-0.03464478565208746,-0.10140160825643774,-0.025428300317976077,-0.014999999999999902,0.006073745796940311,-0.08402468163067824,-0.02894230581649371,0.03636403846153918,0.028145448029853328,0,0,0,0,0,0,0,0
3.10517410550318,0.03019855569334661,1.504,-0.045814892864851194,0.053627792358398436,0.07379804229736328,3,0,1.5,-0.03464478565208746,-0.10517410550317985,-0.03019855569334661,-0.0040000000000000036,0.011170107212763736,-0.07303477367876043,-0.04082142578584508,0.05590726923076868,0.034691775285794924,0,0,0,0,0,0,0,0
3.1044174850292148,0.03499964933250131,1.494,-0.04944517770899937,-0.014635667800903321,0.07142105102539062,3,0,1.5,-0.03464478565208746,-0.10441748502921477,-0.03499964933250131,0.006000000000000005,0.014800392056911915,-0.048336777849392804,-0.043410774567095606,0.05856165384615389,0.03155555287605736,0,0,0,0,0,0,0,0
3.104322898188412,0.043020574521380174,1.487,-0.052377330852349864,-0.0073635859489440915,0.12009671020507813,3,0,1.5,-0.03464478565208746,-0.1043228981884119,-0.043020574521380174,0.0129999999999999,0.017732545200262406,-0.051922090799071806,-0.06478675503348864,0.048092307692307046,0.0312655597080339,0,0,0,0,0,0,0,0
3.1033813560469925,0.051398147037274994,1.482,-0.054524085832302956,-0.02068267822265625,0.12475186157226563,3,0,1.5,-0.03464478565208746,-0.1033813560469925,-0.051398147037274994,0.018000000000000016,0.019879300180215498,-0.04695798906801142,-0.07092935877094236,0.04144007692307756,0.029787400087691304,0,0,0,0,0,0,0,0
3.0997624161251127,0.05986080070539841,1.478,-0.05597270911145825,-0.06112127685546875,0.12379283905029297,3,0,1.5,-0.03464478565208746,-0.09976241612511272,-0.05986080070539841,0.02200000000000002,0.02132792345937079,-0.030796607398150766,-0.0756577244066935,0.03939846153846157,0.028013877055472137,1427120606729,0,0,0,0,0,0,0
3.0972265678543214,0.06840941601594866,1.488,-0.05684537373745536,-0.0451517448425293,0.12590045166015626,3,0,1.5,-0.03464478565208746,-0.09722656785432138,-0.06840941601594866,0.01200000000000001,0.0222005880853679,-0.0354239124992597,-0.0804393685646773,-0.043908153846153875,0.026228270974585334,1427120606729,0,0,0,0,0,0,0
3.0942622999712954,0.07520365351347638,1.493,-0.05782275811857208,-0.05018239212036133,0.09922273254394531,3,0,1.5,-0.03464478565208746,-0.09426229997129543,-0.07520365351347638,0.006999999999999895,0.02317797246648462,-0.03169617421761863,-0.07443871992579594,-0.02093957692307763,0.02768897730240794,1427120606729,0,0,0,0,0,0,0
3.0892043388174493,0.08356094545995259,1.5,-0.05773549165597248,-0.0829872055053711,0.12076533508300781,3,0,1.5,-0.03464478565208746,-0.08920433881744927,-0.08356094545995259,0,0.02309070600388502,-0.017951443464202698,-0.08708812754638254,-0.03730880769230712,0.022687937714963788,1427120606729,0,0,0,0,0,0,0
3.0850204359214506,0.09192723235803242,1.503,-0.058259090431570744,-0.06989542388916016,0.121663818359375,3,0,1.5,-0.03464478565208746,-0.08502043592145059,-0.09192723235803242,-0.0029999999999998916,0.023614304779483286,-0.02062122284180795,-0.09137945805124394,-0.01818984615384548,0.026030914513013745,1427120606729,0,0,0,0,0,0,0
3.080509446590676,0.09901671978394196,1.506,-0.059044488594968254,-0.073741943359375,0.10222203063964844,3,0,1.5,-0.03464478565208746,-0.08050944659067616,-0.09901671978394196,-0.006000000000000005,0.024399702942880797,-0.016656824667912188,-0.08811348855114129,-0.020628846153846768,0.028024617543176998,1427120607054,0,0,0,0,0,0,0
3.0743547844791195,0.10205755229516286,1.512,-0.0601789526087645,-0.09485065460205078,0.04008518600463867,3,0,1.5,-0.03464478565208746,-0.07435478447911947,-0.10205755229516286,-0.01200000000000001,0.02553416695667704,-0.005280150637716335,-0.06765272668212094,-0.04117238181818185,0.030690821564841785,0,0,0,0,0,0,0,0
3.0670214467919825,0.10420745604403901,1.515,-0.06113888369736131,-0.1117404556274414,0.025574485778808595,3,0,1.5,-0.03464478565208746,-0.06702144679198252,-0.10420745604403901,-0.014999999999999902,0.026494098045273855,0.005191797513677224,-0.06424619125118425,-0.02800554615384549,0.030924549223413,0,0,0,0,0,0,0,0
3.0603321502459946,0.11092952173975543,1.518,-0.06185446869067912,-0.10631282806396485,0.09451177215576172,3,0,1.5,-0.03464478565208746,-0.06033215024599459,-0.11092952173975543,-0.018000000000000016,0.027209683038591663,0.0050293160520550224,-0.09229866184808241,-0.030522546153846777,0.030512383007750776,0,0,0,0,0,0,0,0
3.0543678501700855,0.1168589829981523,1.516,-0.062395520758797285,-0.09479135894775391,0.0832415771484375,3,0,1.5,-0.03464478565208746,-0.0543678501700855,-0.1168589829981523,-0.016000000000000014,0.027750735106709827,0.004574647612247379,-0.09156918512170761,-0.0019336000000000023,0.03028691667601372,0,0,0,0,0,0,0,0
3.0495632044845413,0.1220457234436283,1.514,-0.06342526501747392,-0.07678073120117188,0.07315579986572265,3,0,1.5,-0.03464478565208746,-0.04956320448454132,-0.1220457234436283,-0.014000000000000012,0.028780479365386462,-0.0001938256343036182,-0.08932180602137264,-0.0007574393939393954,0.03346113508664389,0,0,0,0,0,0,0,0
3.04433587423042,0.12756300639178478,1.513,-0.06574655292262643,-0.083497802734375,0.07762300109863281,3,0,1.5,-0.03464478565208746,-0.04433587423041985,-0.12756300639178478,-0.0129999999999999,0.031101767270538976,0.005059002415550743,-0.09436636833721294,-0.0052633846153839325,0.041815403755858266,0,0,0,0,0,0,0,0
3.0389678496802084,0.13332348574594147,1.513,-0.06658431096358375,-0.08602328491210938,0.08093038177490235,3,0,1.5,-0.03464478565208746,-0.03896784968020839,-0.13332348574594147,-0.0129999999999999,0.03193952531149629,0.008475270259618091,-0.09864278738925804,-0.01073249999999992,0.03580610088514544,0,0,0,0,0,0,0,0
3.034617342054463,0.1358258039866729,1.51,-0.06871361265101672,-0.06761038970947265,0.03310967636108399,3,0,1.5,-0.03464478565208746,-0.034617342054462874,-0.1358258039866729,-0.010000000000000009,0.03406882699892926,0.0051490855145695895,-0.0824382888253099,0.007756346153845562,0.0438963732486199,0,0,0,0,0,0,0,0
3.029804154950399,0.13759908591452338,1.507,-0.07051130178057086,-0.07385372161865235,0.021579389572143556,3,0,1.5,-0.03464478565208746,-0.02980415495039912,-0.13759908591452338,-0.006999999999999895,0.0358665161284834,0.010027657402981921,-0.0794887890487975,0.010110846153846852,0.04416354288027172,0,0,0,0,0,0,0,0
3.025068558726797,0.13870290569480942,1.503,-0.07272786993060376,-0.07202394104003906,0.01151160717010498,3,0,1.5,-0.03464478565208746,-0.02506855872679692,-0.13870290569480942,-0.0029999999999998916,0.0380830842785163,0.011574759213127615,-0.07643739145067606,0.018349321212121315,0.04815839405139314,0,0,0,0,0,0,0,0
3.0208891617790887,0.1394443304792437,1.505,-0.07517133088339578,-0.0633333511352539,0.006536611080169678,3,0,1.5,-0.03464478565208746,-0.020889161779088727,-0.1394443304792437,-0.004999999999999893,0.040526545231308324,0.01139415540454393,-0.07509842526033382,-0.01543229999999992,0.05198026844752092,0,0,0,0,0,0,0,0
3.016680242446205,0.13979431808868018,1.503,-0.07721336610822915,-0.06334976196289062,0.0004936057925224304,3,0,1.5,-0.03464478565208746,-0.016680242446204918,-0.13979431808868018,-0.0029999999999998916,0.042568580456141696,0.012951555818485092,-0.07316701142364233,0.007691460606060705,0.05185055875083884,0,0,0,0,0,0,0,0
3.0127741999927857,0.13993817690953858,1.5,-0.07911577499290301,-0.05858251953125,-0.0023680334091186524,3,0,1.5,-0.03464478565208746,-0.012774199992785729,-0.13993817690953858,0,0.04447098934081555,0.013937544459042571,-0.0722592342953363,0.01589164999999941,0.05338853098772425,0,0,0,0,0,0,0,0
3.009269427069627,0.13983140514076306,1.499,-0.08175122216341445,-0.05228057098388672,-0.005751471519470214,3,0,1.5,-0.03464478565208746,-0.009269427069626968,-0.13983140514076306,0.0009999999999998899,0.04710643651132699,0.013194590327514598,-0.07093508598892936,0.005676515384614707,0.05927003883676439,0,0,0,0,0,0,0,0
3.004855959275104,0.14077038213629783,1.497,-0.08389797714336743,-0.06713107299804688,0.008631546020507813,3,0,1.5,-0.03464478565208746,-0.004855959275103849,-0.14077038213629783,0.0029999999999998916,0.04925319149127997,0.020291140235516952,-0.07712703011983309,0.012680630769230695,0.05916129139875526,0,0,0,0,0,0,0,0
3.003114586231628,0.1403126504188172,1.498,-0.08578293273552128,-0.02545335388183594,-0.009030720710754395,3,0,1.5,-0.03464478565208746,-0.0031145862316281914,-0.1403126504188172,0.0020000000000000018,0.05113814708343382,0.006771599770564057,-0.0694686282599358,-0.0042602153846147866,0.05983794212414388,0,0,0,0,0,0,0,0
2.9979341116900367,0.14091480009714863,1.5,-0.0874584488174358,-0.07819524383544922,0.0023412606716156008,3,0,1.5,-0.03464478565208746,0.0020658883099633485,-0.14091480009714863,0,0.052813663165348336,0.02788141870476989,-0.0755683513889221,-0.011244830769230774,0.060546814312646115,0,0,0,0,0,0,0,0
2.995125916606163,0.13875333408923238,1.499,-0.08833111344343302,-0.03912996673583984,-0.035977382659912106,3,0,1.5,-0.03464478565208746,0.004874083393837214,-0.13875333408923238,0.0009999999999998899,0.05368632779134556,0.01651487193627919,-0.059696800510788225,0.0057155153846147055,0.057714010680563504,0,0,0,0,0,0,0,0
2.9899766729650943,0.13785680296061506,1.496,-0.09002408281786756,-0.07575119781494141,-0.020209245681762696,0,0,1.5,0,-2.9899766729650943,-0.13785680296061506,0.0040000000000000036,0.09002408281786756,-1.4949883364825471,-0.06892840148030753,0.003200000000000003,0.09002408281786756,0,0,0,0,0,0,0,0
2.9854216707753243,0.13802454293723057,1.497,-0.091106186954104,-0.06827455902099609,-0.0036366827487945555,0,0,1.5,0,-2.9854216707753243,-0.13802454293723057,0.0029999999999998916,0.091106186954104,-1.4701244246056737,-0.0700052026802234,-0.0029651153846160746,0.09610051373673371,0,0,0,0,0,0,0,0
2.981888662612899,0.13508444397693273,1.504,-0.09058258817850574,-0.04876297378540039,-0.04874008941650391,0,0,1.5,0,-2.981888662612899,-0.13508444397693273,-0.0040000000000000036,0.09058258817850574,-1.4761172525635824,-0.05212965979403299,-0.04032811212121157,0.08820259374396823,0,0,0,0,0,0,0,0
2.9749324760613565,0.13386582878770217,1.499,-0.09037314866826641,-0.1022614974975586,-0.027643007278442384,0,0,1.5,0,-2.9749324760613565,-0.13386582878770217,0.0009999999999998899,0.09037314866826641,-1.4570297254371494,-0.06083557594282367,0.02691920298507398,0.08943535981644853,0,0,0,0,0,0,0,0
2.9695099509872196,0.12913411224506366,1.496,-0.09136798634190325,-0.07460037231445313,-0.07802686309814454,0,0,1.5,0,-2.9695099509872196,-0.12913411224506366,0.0040000000000000036,0.09136798634190325,-1.4629028032253453,-0.03904168890303604,0.019631650000000625,0.09603128793707594,0,0,0,0,0,0,0,0
2.9561573362306266,0.12564934086650356,1.503,-0.09293878266869805,-0.19468447875976563,-0.07032810974121094,0,0,1.5,0,-2.9561573362306266,-0.12564934086650356,-0.0029999999999998916,0.09293878266869805,-1.4147507585913044,-0.044198950157964385,-0.04067504999999934,0.10030189045054867,0,0,0,0,0,0,0,0
2.93909335362421,0.11925878345546835,1.502,-0.09285151620609833,-0.24595895385742186,-0.11919902038574219,0,0,1.5,0,-2.93909335362421,-0.11925878345546835,-0.0020000000000000018,0.09285151620609833,-1.3892683066527503,-0.025727839386465313,0.0037778153846147887,0.09244874791717653,0,0,0,0,0,0,0,0
2.910202038824511,0.11287453603370073,1.498,-0.09199630487262112,-0.4226239013671875,-0.1355324401855469,0,0,1.5,0,-2.910202038824511,-0.11287453603370073,0.0020000000000000018,0.09199630487262112,-1.3130286456912308,-0.02264306098929046,0.023144661538461557,0.08804917564118783,0,0,0,0,0,0,0,0
2.8747768821750155,0.10464482564189911,1.497,-0.08972737684502852,-0.517789794921875,-0.17173947143554688,0,0,1.5,0,-2.8747768821750155,-0.10464482564189911,0.0029999999999998916,0.08972737684502852,-1.2620024469948379,-0.008659116629873786,0.007810315384614703,0.07925540133306268,0,0,0,0,0,0,0,0
2.833660924627139,0.09672165317660254,1.497,-0.08798204759303417,-0.6036087646484375,-0.1736336669921875,0,0,1.5,0,-2.833660924627139,-0.09672165317660254,0.0029999999999998916,0.08798204759303417,-1.2126435737537025,-0.0064109883068174806,0.0024451999999999113,0.07992668181459874,0,0,0,0,0,0,0,0
2.7846775304051263,0.09040714005638953,1.5,-0.08635889138867946,-0.7235862426757812,-0.15891285705566408,0,0,1.5,0,-2.7846775304051263,-0.09040714005638953,0,0.08635889138867946,-1.1475987964844192,-0.011974508245889852,-0.01610864615384557,0.07886740121473462,0,0,0,0,0,0,0,0
2.729910267126092,0.07943597368019766,1.5,-0.08396779031344724,-0.8042532958984375,-0.2348106689453125,0,0,1.5,0,-2.729910267126092,-0.07943597368019766,0,0.08396779031344724,-1.090845696211495,0.018533728322277038,0.00004519999999999785,0.07293193919699086,0,0,0,0,0,0,0,0
2.665908423493355,0.06499406883253786,1.494,-0.08410741665360676,-0.938476806640625,-0.29638204956054687,0,0,1.5,0,-2.665908423493355,-0.06499406883253786,0.006000000000000005,0.08410741665360676,-1.0161012061459882,0.043222132444879796,0.036702981818181844,0.08474208183615001,0,0,0,0,0,0,0,0
2.597460931534676,0.04581885957347163,1.489,-0.08274605983705118,-0.9989198608398437,-0.37286373901367187,0,0,1.5,0,-2.597460931534676,-0.04581885957347163,0.010999999999999899,0.08274605983705118,-0.948621329748017,0.08105897959918423,0.03629894999999933,0.07636469975944689,0,0,0,0,0,0,0,0
2.5201189123281447,0.027748279484464077,1.488,-0.08126252997285598,-1.1337574462890625,-0.3660179748535156,0,0,1.5,0,-2.5201189123281447,-0.027748279484464077,0.01200000000000001,0.08126252997285598,-0.8694535925900839,0.08251493118269915,0.015217815384615994,0.07441546906118583,0,0,0,0,0,0,0,0
2.4398679736904785,0.008864483048593583,1.487,-0.07878416243502405,-1.176798828125,-0.3800354919433594,0,0,1.5,0,-2.4398679736904785,-0.008864483048593583,0.0129999999999999,0.07878416243502405,-0.8152506251326541,0.09632992473899173,0.01610231538461471,0.06734554302964593,0,0,0,0,0,0,0,0
2.3507287116715823,-0.00972787374266705,1.494,-0.07527605063851538,-1.310992431640625,-0.38325277709960937,0,0,1.5,0,-2.3507287116715823,0.00972787374266705,0.006000000000000005,0.07527605063851538,-0.7387235598854871,0.10107489189614131,-0.031409264179103925,0.0595680873705661,0,0,0,0,0,0,0,0
2.2575843087623686,-0.02613576777929537,1.485,-0.0708254610459299,-1.3747000732421875,-0.35049526977539064,0,0,1.5,0,-2.2575843087623686,0.02613576777929537,0.014999999999999902,0.0708254610459299,-0.6498656202714673,0.10190198442400022,0.06167264999999936,0.04996332233068551,0,0,0,0,0,0,0,0
2.1613931847456875,-0.04588134667007147,1.465,-0.06602580560294558,-1.4182896728515626,-0.3975474243164063,0,0,1.5,0,-2.1613931847456875,0.04588134667007147,0.03499999999999992,0.06602580560294558,-0.5946062109993064,0.12839627410532248,0.1363737076923077,0.043873549712248675,0,0,0,0,0,0,0,0
2.065621420226038,-0.06759015191489909,1.452,-0.06106907052728161,-1.4119617919921874,-0.41970477294921876,0,0,1.5,0,-2.065621420226038,0.06759015191489909,0.04800000000000004,0.06106907052728161,-0.5503210722620298,0.14986582915598917,0.10939340000000068,0.03819183171652485,0,0,0,0,0,0,0,0
1.95457305815544,-0.08662800213034413,1.442,-0.05625196179177727,-1.6451917724609375,-0.3866965026855469,0,0,1.5,0,-1.95457305815544,0.08662800213034413,0.05800000000000005,0.05625196179177727,-0.4138087615171151,0.14505899692226717,0.10161655384615392,0.034019152243295714,0,0,0,0,0,0,0,0
1.8379025581257409,-0.102905939444416,1.429,-0.05305800926062765,-1.7335616455078124,-0.34217510986328126,0,0,1.5,0,-1.8379025581257409,0.102905939444416,0.07099999999999995,0.05305800926062765,-0.326395097616043,0.1384037849710095,0.1286318999999994,0.038316689886090924,0,0,0,0,0,0,0,0
1.7103726507798882,-0.12048570682533286,1.418,-0.05070181477043534,-1.89627197265625,-0.36477505493164064,0,0,1.5,0,-1.7103726507798882,0.12048570682533286,0.08200000000000007,0.05070181477043534,-0.2052681544637578,0.15428183857699274,0.12719566923076994,0.03982707096954776,0,0,0,0,0,0,0,0
1.5673624969830422,-0.1394342206789629,1.415,-0.04977679026687831,-2.127990966796875,-0.3925789794921875,0,0,1.5,0,-1.5673624969830422,0.1394342206789629,0.08499999999999996,0.04977679026687831,-0.05142668999071742,0.17121690106185866,0.08707124615384554,0.04550744640430743,0,0,0,0,0,0,0,0
1.413343576168921,-0.16026613220491565,1.411,-0.04806636759992389,-2.29187451171875,-0.4270426635742188,0,0,1.5,0,-1.413343576168921,0.16026613220491565,0.08899999999999997,0.04806636759992389,0.08394207333869963,0.1918784018925057,0.09623436153846152,0.04017210913705731,0,0,0,0,0,0,0,0
1.257749745161393,-0.18106918461934654,1.406,-0.04769984845700504,-2.31621875,-0.42382464599609376,0,0,1.5,0,-1.257749745161393,0.18106918461934654,0.09400000000000008,0.04769984845700504,0.1694017371649148,0.2022422278538369,0.10622997692307762,0.046008221643533444,0,0,0,0,0,0,0,0
1.109484333519136,-0.19677103430225173,1.408,-0.048869219055841295,-2.21022119140625,-0.3413031921386719,0,0,1.5,0,-1.109484333519136,0.19677103430225173,0.09200000000000008,0.048869219055841295,0.2033525585101046,0.1827530391593707,0.06753566923076929,0.05426631412739324,0,0,0,0,0,0,0,0
0.9753147591568724,-0.2084830714830767,1.404,-0.05007349623971736,-2.0015589599609376,-0.27378311157226565,0,0,1.5,0,-0.9753147591568724,0.2084830714830767,0.09600000000000009,0.05007349623971736,0.19390272882089676,0.1672609659658152,0.10366736153846162,0.05563169862683765,0,0,0,0,0,0,0,0
0.8471847157485044,-0.21237533017200183,1.408,-0.051888638661791386,-1.916619384765625,-0.15450927734375,0,0,1.5,0,-0.8471847157485044,0.21237533017200183,0.09200000000000008,0.051888638661791386,0.22489652916963687,0.12723863970312113,0.05798843846153851,0.06026621907136382,0,0,0,0,0,0,0,0
0.7257985782603331,-0.21500650239391642,1.414,-0.05274384999526871,-1.81629443359375,-0.13385049438476562,0,0,1.5,0,-0.7257985782603331,0.21500650239391642,0.08600000000000008,0.05274384999526871,0.2488044892675635,0.12190351444903927,0.04297820769230774,0.05669097922670251,0,0,0,0,0,0,0,0
0.605837514762514,-0.20850039497699943,1.421,-0.05222025121967033,-1.80205859375,0.0025917701721191407,0,0,1.5,0,-0.605837514762514,0.20850039497699943,0.07899999999999996,0.05222025121967033,0.3007177512992118,0.06958524948053045,0.03250709230769165,0.04980364148613936,0,0,0,0,0,0,0,0
0.5051091461620943,-0.20200284750346847,1.434,-0.05192354524683129,-1.513953125,0.01846529769897461,0,0,1.5,0,-0.5051091461620943,0.20200284750346847,0.06600000000000006,0.05192354524683129,0.24719294982226547,0.06651386959749007,-0.009771599999999402,0.05055413306449726,0,0,0,0,0,0,0,0
0.4182590163667377,-0.19182093082133997,1.449,-0.05075417464799514,-1.3089228515625,0.08490980529785157,0,0,1.5,0,-0.4182590163667377,0.19182093082133997,0.050999999999999934,0.05075417464799514,0.21561716817819698,0.041708683738242124,-0.03220933076923148,0.04535707957644368,0,0,0,0,0,0,0,0
0.33856747484862937,-0.18016815747252504,1.465,-0.05026548245743678,-1.202701416015625,0.11392238616943359,0,0,1.5,0,-0.33856747484862937,0.18016815747252504,0.03499999999999992,0.05026548245743678,0.2166966255088007,0.028079408930187996,-0.050166446153846286,0.048009980039475125,0,0,0,0,0,0,0,0
0.2696911910440689,-0.1677588983957215,1.484,-0.0481536340625236,-1.0411917724609374,0.13399415588378907,0,0,1.5,0,-0.2696911910440689,0.1677588983957215,0.016000000000000014,0.0481536340625236,0.1871014909185695,0.018924525989749363,-0.07986457575757525,0.03855432317655458,0,0,0,0,0,0,0,0
0.20380949886157396,-0.15300704908783241,1.507,-0.04422664324553632,-0.9977310791015624,0.17345298767089845,0,0,1.5,0,-0.20380949886157396,0.15300704908783241,-0.006999999999999895,0.04422664324553632,0.21494938287786552,-0.0032209731328543822,-0.1233330499999994,0.025818873790908473,0,0,0,0,0,0,0,0
0.14209692502455265,-0.14148340921193706,1.521,-0.04234168765338253,-0.9324257202148437,0.13175881958007812,0,0,1.5,0,-0.14209692502455265,0.14148340921193706,-0.020999999999999908,0.04234168765338253,0.20305678745489103,0.012474739247577922,-0.08095342352941173,0.03402570709976286,0,0,0,0,0,0,0,0
0.08871109334662286,-0.12961492965506335,1.538,-0.04031710572106911,-0.80760546875,0.1439710693359375,0,0,1.5,0,-0.08871109334662286,0.12961492965506335,-0.038000000000000034,0.04031710572106911,0.21342808516535638,-0.0010657683415185165,-0.11869794193548461,0.0305207415324558,0,0,0,0,0,0,0,0
0.0439947736557333,-0.11827527810930641,1.549,-0.03837979025135535,-0.6770556030273438,0.14292138671875,0,0,1.5,0,-0.0439947736557333,0.11827527810930641,-0.04899999999999993,0.03837979025135535,0.17151757638104012,0.00020743316564995895,-0.09018693333333275,0.02957381084356552,0,0,0,0,0,0,0,0
0.005635576115354768,-0.10670496673657809,1.556,-0.036529741244241305,-0.5816235961914062,0.15134901428222655,0,0,1.5,0,-0.005635576115354768,0.10670496673657809,-0.05600000000000005,0.036529741244241305,0.16333843157068273,-0.008650055888657297,-0.07609325000000068,0.027857636523394222,0,0,0,0,0,0,0,0
-0.024814402714955476,-0.09580957692828006,1.56,-0.03659955441432112,-0.4624137268066406,0.1466405792236328,0,0,1.5,0,0.024814402714955476,0.09580957692828006,-0.06000000000000005,0.03659955441432112,0.13028009740645105,-0.008537958469157628,-0.06262012121212127,0.036916887005592994,1427120610893,0,0,0,0,0,0,0
-0.04868687901205358,-0.08707118512005617,1.56,-0.03591887600604333,-0.3626435852050781,0.11788519287109375,0,0,1.5,0,0.04868687901205358,0.08707118512005617,-0.06000000000000005,0.03591887600604333,0.10736777364326552,-0.0014110616331214007,-0.04180400000000004,0.03282488324114428,1427120610893,0,0,0,0,0,0,0
-0.061328868992916466,-0.07909624514362233,1.56,-0.03668682087692083,-0.19380337524414062,0.11273711395263672,0,0,1.5,0,0.061328868992916466,0.07909624514362233,-0.06000000000000005,0.03668682087692083,0.05626743660581244,-0.0026209064618058983,-0.042188000000000045,0.04028656245915912,1427120610893,0,0,0,0,0,0,0
-0.07233545666002635,-0.07078660780671113,1.557,-0.03776892501315739,-0.16955950927734376,0.11850509643554688,0,0,1.5,0,0.07233545666002635,0.07078660780671113,-0.05699999999999994,0.03776892501315739,0.05287341872829305,-0.008560797891375795,-0.023746549999999332,0.04284128815176625,1427120610893,0,0,0,0,0,0,0
-0.07982643441130219,-0.06255632205889043,1.551,-0.03855432317655473,-0.11694615936279297,0.11912335968017577,0,0,1.5,0,0.07982643441130219,0.06255632205889043,-0.050999999999999934,0.03855432317655473,0.03620419876047686,-0.010836779129785715,-0.003871218181818105,0.04212431482836084,1427120610893,0,0,0,0,0,0,0
-0.08136479173753734,-0.05657238918082562,1.543,-0.03869394951671436,-0.02651795196533203,0.0888028564453125,0,0,1.5,-0.03855432317655473,0.08136479173753734,0.05657238918082562,-0.04299999999999993,0.0001396263401596265,0.04068239586876867,0.02828619459041281,-0.034399999999999945,0.0001396263401596265,1427120610893,0,0,0,0,0,0,0
-0.07794262589179422,-0.04955209259591212,1.535,-0.04300491276914038,0.04722043609619141,0.10721138763427734,0,0,1.5,-0.03855432317655473,0.07794262589179422,0.04955209259591212,-0.03499999999999992,0.004450589592585652,0.020594928791033057,-0.012993341837544678,0.014849423076923173,0.02434734306532115,1427120611283,0,0,0,0,0,0,0
-0.07407707836365203,-0.0429255830167523,1.526,-0.045884706034931014,0.05365633392333984,0.10179853820800781,0,0,1.5,-0.03855432317655473,0.07407707836365203,0.0429255830167523,-0.026000000000000023,0.007330382858376283,0.01632286529959563,-0.014158303428720806,0.027265038461537876,0.02062173639279458,1427120611347,0,0,0,0,0,0,0
-0.07245264354040383,-0.03807646715092494,1.519,-0.049026298688520834,0.02100454330444336,0.07377783966064454,0,0,1.5,-0.03855432317655473,0.07245264354040383,0.03807646715092494,-0.018999999999999906,0.010471975511966103,0.027625272055701987,-0.006987530124657724,0.02197230769230839,0.024971633913149886,1427120611413,0,0,0,0,0,0,0
-0.06929057104155718,-0.032523530329882006,1.509,-0.05208062487951094,0.043292133331298825,0.0855184097290039,0,0,1.5,-0.03855432317655473,0.06929057104155718,0.032523530329882006,-0.008999999999999897,0.013526301702956212,0.01780968719346404,-0.013532663383933281,0.046067653846153966,0.027623191815218252,1427120611478,0,0,0,0,0,0,0
-0.0644099243004593,-0.029486343569748913,1.502,-0.05454153912482275,0.07073883056640624,0.04930711364746094,0,0,1.5,-0.03855432317655473,0.0644099243004593,0.029486343569748913,-0.0020000000000000018,0.01598721594826802,0.0065562010310841225,-0.0012376601658069687,0.034929512121211564,0.027173189790594417,1427120611544,0,0,0,0,0,0,0
-0.058812383844692846,-0.027564766746602912,1.498,-0.05707226654021459,0.0822669448852539,0.03335799789428711,0,0,1.5,-0.03855432317655473,0.058812383844692846,0.027564766746602912,0.0020000000000000018,0.01851794336365986,0.0004381696889205061,0.0038882253591825,0.02191722238805972,0.029849558656459156,1427120611611,0,0,0,0,0,0,0
-0.05428652556909401,-0.024841354046664325,1.495,-0.059009582009928355,0.06544713592529297,0.044657089233398437,0,0,1.5,-0.03855432317655473,0.05428652556909401,0.024841354046664325,0.004999999999999893,0.020455258833373624,0.0023066669534539015,-0.002549813610845799,0.02011986666666598,0.02968057059391535,1427120611674,0,0,0,0,0,0,0
-0.050089408105894566,-0.023336779078959164,1.508,-0.060772364554442584,0.061516189575195314,0.026242238998413086,0,0,1.5,-0.03855432317655473,0.050089408105894566,0.023336779078959164,-0.008000000000000007,0.022218041377887854,0.0024308364028301846,0.0036147606444889326,-0.07809174999999946,0.030481084555298306,1427120611738,0,0,0,0,0,0,0
-0.044942943395023936,-0.023164840786546435,1.506,-0.06216862795603807,0.07689781951904297,0.007262868404388428,0,0,1.5,-0.03855432317655473,0.044942943395023936,0.023164840786546435,-0.006000000000000005,0.02361430477948334,-0.004871929971060559,0.010846171424901338,0.005332230769230773,0.030058597402231747,1427120611803,0,0,0,0,0,0,0
-0.03995536231584767,-0.025003798296610025,1.506,-0.06325073209227451,0.07638296508789062,-0.02288300323486328,0,0,1.5,-0.03855432317655473,0.03995536231584767,0.025003798296610025,-0.006000000000000005,0.02469640891571978,-0.0064842222775583665,0.02260980312369842,-0.005476000000000004,0.0296907356983495,1427120611868,0,0,0,0,0,0,0
-0.035512006894484534,-0.02861191461408425,1.502,-0.06433283622851106,0.0699380111694336,-0.049800647735595706,0,0,1.5,-0.03855432317655473,0.035512006894484534,0.02861191461408425,-0.0020000000000000018,0.02577851305195633,-0.005752371333995497,0.0339586987591458,0.019249461538461556,0.030772839834586563,1427120611933,0,0,0,0,0,0,0
-0.03087942615458499,-0.03359141196407134,1.505,-0.06574655292262645,0.07414682769775391,-0.07007062530517578,0,0,1.5,-0.03855432317655473,0.03087942615458499,0.03359141196407134,-0.004999999999999893,0.027192229746071717,-0.009067495638294693,0.04385464125775447,-0.02087534615384548,0.033717076026604266,1427120611998,0,0,0,0,0,0,0
-0.026858382273447032,-0.03880537143241124,1.501,-0.06742206900454097,0.06532363891601563,-0.07407772827148437,0,0,1.5,-0.03855432317655473,0.026858382273447032,0.03880537143241124,-0.0009999999999998899,0.028867745827986235,-0.007767668852438911,0.047749332812947555,0.020010461538461644,0.036600896975284014,1427120612063,0,0,0,0,0,0,0
-0.022797552257151663,-0.043202827362517154,1.493,-0.0691150383789755,0.06521797180175781,-0.0617082405090332,0,0,1.5,-0.03855432317655473,0.022797552257151663,0.043202827362517154,0.006999999999999895,0.030560715202420763,-0.00999749848708244,0.04557958510221856,0.04799442307692184,0.0383744200075032,1427120612128,0,0,0,0,0,0,0
-0.018205982924617385,-0.04936869424895854,1.489,-0.07091272750852962,0.07509632873535156,-0.08751078033447265,0,0,1.5,-0.03855432317655473,0.018205982924617385,0.04936869424895854,0.010999999999999899,0.032358404331974885,-0.015139276351888857,0.058216821038507435,0.029727461538461473,0.04065543108376314,1427120612193,0,0,0,0,0,0,0
-0.012139526427817555,-0.05593742087339687,1.482,-0.07232644420264511,0.0977493896484375,-0.0918358383178711,0,0,1.5,-0.03855432317655473,0.012139526427817555,0.05593742087339687,0.018000000000000016,0.03377212102609038,-0.02610631402338674,0.06370678841735479,0.05159830769230833,0.040296967306623445,1427120612258,0,0,0,0,0,0,0
-0.007737887054184098,-0.06224119694929437,1.483,-0.07389724052943991,0.07268495941162109,-0.08953826904296874,0,0,1.5,-0.03855432317655473,0.007737887054184098,0.06224119694929437,0.016999999999999904,0.03534291735288518,-0.018978518703368932,0.06495880476000865,0.007915169696969029,0.0424829006564979,1427120612324,0,0,0,0,0,0,0
-0.003475175699427507,-0.06681611284469616,1.48,-0.07646287452987166,0.06883265686035156,-0.06371571350097656,0,0,1.5,-0.03855432317655473,0.003475175699427507,0.06681611284469616,0.020000000000000018,0.03790855135331693,-0.021077326008235156,0.05887898076890677,0.03215245000000064,0.049934960730340754,1427120612388,0,0,0,0,0,0,0
0.001449606168845242,-0.07285257926377257,1.477,-0.0782431103669059,0.08057262420654297,-0.08463948822021485,0,0,1.5,-0.03855432317655473,-0.001449606168845242,0.07285257926377257,0.02299999999999991,0.03968878719035117,-0.02634523844438244,0.0689377897213676,0.03420709090909026,0.04778076826777952,1427120612454,0,0,0,0,0,0,0
0.0066451926398023815,-0.07778464210207856,1.476,-0.08012806595905975,0.08347795867919922,-0.06766304016113281,0,0,1.5,-0.03855432317655473,-0.0066451926398023815,0.07778464210207856,0.02400000000000002,0.041573742782505016,-0.031244380632932764,0.0664142576148647,0.02472035000000063,0.050409472120726176,1427120612518,0,0,0,0,0,0,0
0.011643038291972503,-0.08221856673441313,1.478,-0.08183848862601406,0.08005067443847656,-0.06029488372802734,0,0,1.5,-0.03855432317655473,-0.011643038291972503,0.08221856673441313,0.02200000000000002,0.04328416544945933,-0.0314458897108735,0.06487638057923736,0.007351238805970158,0.05094277440597118,1427120612585,0,0,0,0,0,0,0
0.016256133347017837,-0.08688632212796654,1.478,-0.0819955682586937,0.07468846893310546,-0.06412538146972656,0,0,1.5,-0.03855432317655473,-0.016256133347017837,0.08688632212796654,0.02200000000000002,0.043441245082138966,-0.03288255581677052,0.06963035997519201,0.017939800000000016,0.044177555860324756,1427120612649,0,0,0,0,0,0,0
0.020283156916391536,-0.09175440735170068,1.48,-0.08306021910241024,0.06618312072753907,-0.06782852172851563,0,0,1.5,-0.03855432317655473,-0.020283156916391536,0.09175440735170068,0.020000000000000018,0.04450589592585551,-0.03136536113703223,0.07281002223268015,0.005700569230769236,0.04941966905070108,1427120612714,0,0,0,0,0,0,0
0.023618846869726276,-0.09371917253368293,1.481,-0.08449138908904552,0.052307945251464844,-0.02521870422363281,0,0,1.5,-0.03855432317655473,-0.023618846869726276,0.09371917253368293,0.018999999999999906,0.04593706591249079,-0.02932599273933976,0.058220060522538815,0.01040868461538394,0.052542465850807483,1427120612779,0,0,0,0,0,0,0
0.02557057371138784,-0.09366403528716848,1.487,-0.08525933395992302,0.02910167121887207,0.0032947280406951905,0,0,1.5,-0.03855432317655473,-0.02557057371138784,0.09366403528716848,0.0129999999999999,0.04670501078336829,-0.022866367970227383,0.04737697583031286,-0.021229892307692406,0.050249371725879836,1427120612844,0,0,0,0,0,0,0
0.028677514521021897,-0.09368522201650563,1.489,-0.08653342431387888,0.04646189117431641,0.0036519768238067627,0,0,1.5,-0.03855432317655473,-0.028677514521021897,0.09368522201650563,0.010999999999999899,0.04797910113732415,-0.03065886166395034,0.04785943984387777,-0.0012199307692308606,0.053859518155581945,1427120612909,0,0,0,0,0,0,0
0.03198723062203573,-0.09339825129503389,1.491,-0.08855800624619235,0.04908795928955078,0.008579111099243164,0,0,1.5,-0.03855432317655473,-0.03198723062203573,0.09339825129503389,0.008999999999999897,0.05000368306963762,-0.03342637836794497,0.04611735399597424,-0.0027614307692308618,0.05934790737262288,1427120612974,0,0,0,0,0,0,0
0.03453560940467871,-0.0909818495251271,1.492,-0.08977973672258831,0.03487020492553711,0.03948475646972656,0,0,1.5,-0.03855432317655473,-0.03453560940467871,0.0909818495251271,0.008000000000000007,0.05122541354603358,-0.030623507267998017,0.033502124129331144,0.0018751846153852126,0.056864169590937985,1427120613039,0,0,0,0,0,0,0
0.03586216612360019,-0.08714637378044944,1.494,-0.08899433855919091,0.014659926414489747,0.059084495544433596,0,0,1.5,-0.03855432317655473,-0.03586216612360019,0.08714637378044944,0.006000000000000005,0.05044001538263618,-0.024731054153861808,0.02399986384349109,-0.005070430769230775,0.04681510078234049,1427120613104,0,0,0,0,0,0,0
0.03595812914631759,-0.08320691271636824,1.494,-0.08939576428714956,-0.003818158149719238,0.05898600006103515,0,0,1.5,0,-0.03595812914631759,0.08320691271636824,0.006000000000000005,0.08939576428714956,-0.017979064573158794,0.04160345635818412,0.004800000000000005,0.08939576428714956,1427120613104,0,0,0,0,0,0,0
0.03619869425257992,-0.07976616871340969,1.494,-0.08841837990603273,-0.0010136088132858276,0.05172722244262695,0,0,1.5,0,-0.03619869425257992,0.07976616871340969,0.006000000000000005,0.08841837990603273,-0.019418226849735914,0.021407849273514856,0.004839000000000005,0.0839073750701089,1427120613104,0,0,0,0,0,0,0
0.03553852998643509,-0.07676568564134902,1.497,-0.08627162492607975,-0.013838066101074218,0.04395701217651367,0,0,1.5,0,-0.03553852998643509,0.07676568564134902,0.0029999999999998916,0.08627162492607975,-0.014261163525116149,0.02232814121490916,-0.013695346153846853,0.07636352501860445,1427120613104,0,0,0,0,0,0,0
0.03316086928089165,-0.072849256795115,1.496,-0.08405505677604683,-0.04059413528442383,0.05545489501953125,0,0,1.5,0,-0.03316086928089165,0.072849256795115,0.0040000000000000036,0.08405505677604683,-0.004040143238105306,0.015805513761131894,0.008587930303030898,0.07397974700316992,1427120613104,0,0,0,0,0,0,0
0.031232794917897464,-0.06919149144978722,1.494,-0.08114035692521634,-0.03342538452148437,0.05224466705322266,0,0,1.5,0,-0.031232794917897464,0.06919149144978722,0.006000000000000005,0.08114035692521634,-0.005160745144552467,0.014786450261975503,0.015860800000000015,0.06747770137444846,1427120613429,0,0,0,0,0,0,0
0.03176303392342044,-0.06700231890590623,1.472,-0.08002334620394,0.005265886306762695,0.03337419891357422,0,0,1.5,0,-0.03176303392342044,0.06700231890590623,0.028000000000000025,0.08002334620394,-0.018845800398650824,0.021950967570226035,0.14116683846153857,0.07486791210574148,1427120613494,0,0,0,0,0,0,0
0.03173885467796681,-0.0650359433769952,1.446,-0.07780677805390732,-0.002719348907470703,0.029372249603271484,0,0,1.5,0,-0.03173885467796681,0.0650359433769952,0.05400000000000005,0.07780677805390732,-0.01587130204200429,0.022370806670806046,0.18174048787878805,0.06773146828103149,1427120613560,0,0,0,0,0,0,0
0.02993148021486216,-0.06209215505175479,1.425,-0.07597418233931316,-0.03046083068847656,0.041915969848632814,0,0,1.5,0,-0.02993148021486216,0.06209215505175479,0.07499999999999996,0.07597418233931316,-0.0053832772041423425,0.015515853520781275,0.17422612307692253,0.06751604827195554,1427120613625,0,0,0,0,0,0,0
0.027825349456079465,-0.05884926265306477,1.393,-0.0746651854003175,-0.035192916870117184,0.046105201721191404,0,0,1.5,0,-0.027825349456079465,0.05884926265306477,0.10699999999999998,0.0746651854003175,-0.002562133801104309,0.012048670949338813,0.26243400000000017,0.06852926224877531,0,0,0,0,0,0,0,0
0.02633335162303894,-0.05643443957952347,1.348,-0.0732689219987219,-0.025019649505615235,0.034451972961425784,0,0,1.5,0,-0.02633335162303894,0.05643443957952347,0.1519999999999999,0.0732689219987219,-0.005439307763078667,0.015807194012580413,0.3630735636363631,0.06692227017328736,0,0,0,0,0,0,0,0
0.028556996955515845,-0.053557366384460965,1.31,-0.0725358837128843,0.03010601806640625,0.04548198699951172,0,0,1.5,0,-0.028556996955515845,0.053557366384460965,0.18999999999999995,0.0725358837128843,-0.026455277065190973,0.011717417049847275,0.36068758461538475,0.06915263008594155,0,0,0,0,0,0,0,0
0.02982243280371717,-0.05169121630254935,1.264,-0.07120943348136875,0.016902961730957032,0.02929427909851074,0,0,1.5,0,-0.02982243280371717,0.05169121630254935,0.236,0.07120943348136875,-0.021947790039899395,0.016261373447223677,0.44209850769230785,0.06508735548975852,0,0,0,0,0,0,0,0
0.029676334863893015,-0.04832350203632751,1.215,-0.06970845032465355,-0.005780071258544922,0.05023176956176758,0,0,1.5,0,-0.029676334863893015,0.04832350203632751,0.2849999999999999,0.06970845032465355,-0.014293464136742429,0.006523580982612052,0.4993048538461534,0.06278083575519874,0,0,0,0,0,0,0,0
0.026005351218603413,-0.04116453127394927,1.168,-0.06815510729037864,-0.062410572052001956,0.10328839111328125,0,0,1.5,0,-0.026005351218603413,0.04116453127394927,0.3320000000000001,0.06815510729037864,0.006505278006270385,-0.017443605509475733,0.528293623076924,0.06098583174757141,0,0,0,0,0,0,0,0
0.020810532650628717,-0.03391386052156355,1.118,-0.06743952229706084,-0.08514818572998047,0.10320086669921875,0,0,1.5,0,-0.020810532650628717,0.03391386052156355,0.3819999999999999,0.06743952229706084,0.017294425412339172,-0.02154066605329293,0.5869304692307682,0.06413682232790172,0,0,0,0,0,0,0,0
0.0158750794266538,-0.028628521295055234,1.069,-0.06679375047382306,-0.07920606994628906,0.0741109848022461,0,0,1.5,0,-0.0158750794266538,0.028628521295055234,0.43100000000000005,0.06679375047382306,0.01835525060116204,-0.013582172757596237,0.6235473538461547,0.06381326513580257,0,0,0,0,0,0,0,0
0.010306280943332097,-0.023764816706620416,1.018,-0.0663923247458643,-0.0882150650024414,0.06721762084960937,0,0,1.5,0,-0.010306280943332097,0.023764816706620416,0.482,0.0663923247458643,0.024088837446059528,-0.013331194178276775,0.6741369454545451,0.06456766234605175,0,0,0,0,0,0,0,0
0.005350435473951746,-0.02076679625196092,0.966,-0.06588617926278605,-0.0771573944091797,0.03993940353393555,0,0,1.5,0,-0.005350435473951746,0.02076679625196092,0.534,0.06588617926278605,0.024134108704195998,-0.005419965199967009,0.7330750000000003,0.06351362231085672,0,0,0,0,0,0,0,0
0.008322682786082973,-0.020176795665905745,0.914,-0.06592108584782584,0.04390430450439453,0.011766132354736327,0,0,1.5,0,-0.008322682786082973,0.020176795665905745,0.586,0.06592108584782584,-0.020464113210137896,0.007516647553002553,0.7741089999999996,0.06608219316339413,0,0,0,0,0,0,0,0
0.011664614952877473,-0.02024610335989602,0.863,-0.06586872597026604,0.050088584899902346,0.0022648067474365235,0,0,1.5,0,-0.011664614952877473,0.02024610335989602,0.637,0.06586872597026604,-0.024133272049133684,0.011114582875118677,0.8136648846153849,0.06562706499691309,0,0,0,0,0,0,0,0
0.016172587873112113,-0.020728089605677732,0.813,-0.06527531402458796,0.06794882965087891,-0.00276331901550293,0,0,1.5,0,-0.016172587873112113,0.020728089605677732,0.687,0.06527531402458796,-0.03267645167143081,0.013591164535130183,0.8527457692307696,0.0625364896599199,0,0,0,0,0,0,0,0
0.02169922011136247,-0.022428973879122734,0.76,-0.06426302305843122,0.08438713836669921,-0.020051481246948243,0,0,1.5,0,-0.02169922011136247,0.022428973879122734,0.74,0.06426302305843122,-0.040488287169250334,0.020880940084430217,0.9118596060606057,0.05966170048499151,0,0,0,0,0,0,0,0
0.02728789884895506,-0.02592670464271069,0.71,-0.06410594342575181,0.08702644348144531,-0.04697418975830078,0,0,1.5,0,-0.02728789884895506,0.02592670464271069,0.79,0.06410594342575181,-0.04455527940637361,0.03275477282654062,0.9492925000000003,0.06336963264756706,0,0,0,0,0,0,0,0
0.03260133266526618,-0.028846713128150552,0.661,-0.06340781172495401,0.08234371948242188,-0.03860431671142578,0,0,1.5,0,-0.03260133266526618,0.028846713128150552,0.839,0.06340781172495401,-0.04484772688892258,0.030590494269946727,0.9804408848484845,0.06023448581223674,0,0,0,0,0,0,0,0
0.03317363727835437,-0.0309568032592453,0.61,-0.06335545184739409,0.010572916030883788,-0.031043781280517577,0,0,1.5,0,-0.03317363727835437,0.0309568032592453,0.89,0.06335545184739409,-0.020107600635107074,0.027720013610611202,1.0459946500000004,0.06311001492133199,0,0,0,0,0,0,0,0
0.03193831022607796,-0.03406654761976248,0.558,-0.06281439977927593,-0.015539417266845703,-0.04772576522827148,0,0,1.5,0,-0.03193831022607796,0.03406654761976248,0.942,0.06281439977927593,-0.009830248748517097,0.034248882886374635,1.0906631757575753,0.060355072196920635,0,0,0,0,0,0,0,0
0.029893957484366754,-0.035568672491167706,0.506,-0.061487949547760254,-0.029190418243408203,-0.024412391662597656,0,0,1.5,0,-0.029893957484366754,0.035568672491167706,0.994,0.061487949547760254,-0.004198127246593256,0.026746386084468728,1.1472422000000002,0.05527021408753053,0,0,0,0,0,0,0,0
0.027312527613568095,-0.0354796298915884,0.455,-0.060370938826483804,-0.0387303466796875,-0.0010462875366210938,0,0,1.5,0,-0.027312527613568095,0.0354796298915884,1.045,0.060370938826483804,-0.0004160918056591509,0.018038340346080532,1.181018745454545,0.055293617366136305,0,0,0,0,0,0,0,0
0.022784616147495183,-0.033320370666014794,0.403,-0.058328903601650536,-0.06974909973144532,0.028232059478759765,0,0,1.5,0,-0.022784616147495183,0.033320370666014794,1.097,0.058328903601650536,0.012524714837281148,0.005825784132659963,1.2392947000000003,0.04890412564088161,0,0,0,0,0,0,0,0
0.01720067309344451,-0.028429733987077627,0.353,-0.05791002458117188,-0.08789325714111328,0.06835198211669923,0,0,1.5,0,-0.01720067309344451,0.028429733987077627,1.147,0.05791002458117188,0.02099182986206062,-0.011308471936290043,1.2759809692307695,0.05597673679434731,0,0,0,0,0,0,0,0
0.011306787060877078,-0.0197557985019155,0.303,-0.057072266540214564,-0.09579049682617187,0.12477406311035157,0,0,1.5,0,-0.011306787060877078,0.0197557985019155,1.197,0.057072266540214564,0.025600347197229603,-0.03600420736644079,1.3237614692307695,0.05320569096656542,0,0,0,0,0,0,0,0
0.0026844302678174716,-0.007465902172616794,0.258,-0.055588736676019365,-0.13964024353027343,0.17667083740234374,0,0,1.5,0,-0.0026844302678174716,0.007465902172616794,1.242,0.055588736676019365,0.04460154634750474,-0.0616148610861826,1.3409113923076919,0.048741675764349214,0,0,0,0,0,0,0,0
-0.009128518579662962,0.007774643035648702,0.219,-0.05345943498858628,-0.1896220245361328,0.21841012573242188,0,0,1.5,0,0.009128518579662962,-0.007774643035648702,1.281,0.05345943498858628,0.06769406537058772,-0.08512829655657124,1.3481301999999995,0.04363188873889513,0,0,0,0,0,0,0,0
-0.015034500927871826,0.02672855180626578,0.177,-0.05173155902911196,-0.10365491485595703,0.27916876220703124,0,0,1.5,0,0.015034500927871826,-0.02672855180626578,1.323,0.05173155902911196,0.0388500862819099,-0.11461765906706235,1.4064835461538463,0.043756746908461236,0,0,0,0,0,0,0,0
-0.02349276470276078,0.05823360991965218,0.154,-0.05249950389998935,-0.15114041137695314,0.4653832092285156,0,0,1.5,0,0.02349276470276078,-0.05823360991965218,1.346,0.05249950389998935,0.05683754230238089,-0.1979911518158843,1.3313248538461548,0.05604386484250038,0,0,0,0,0,0,0,0
-0.03399403986501533,0.08809805432088504,0.121,-0.05220279792715042,-0.180809326171875,0.43908358764648436,0,0,1.5,0,0.03399403986501533,-0.08809805432088504,1.379,0.05220279792715042,0.07311110655677361,-0.2041465639171364,1.420534507692307,0.050833385744816904,0,0,0,0,0,0,0,0
-0.043247152980685453,0.1154593900055263,0.069,-0.050213122579876854,-0.16002296447753905,0.40261865234375,0,0,1.5,0,0.043247152980685453,-0.1154593900055263,1.431,0.050213122579876854,0.07104490120551463,-0.20442400265823663,1.5737437000000003,0.04103000559246039,0,0,0,0,0,0,0,0
-0.05072349841965353,0.13826024830042322,0,-0.054908058267741575,-0.12917015075683594,0.3359530029296875,0,0,1.5,0,0.05072349841965353,-0.13826024830042322,1.5,0.054908058267741575,0.06524883363211427,-0.19135788425307237,1.7302321615384613,0.07657699221173259,0,0,0,0,0,0,0,0
