0,0,0.717,0,0.022258024215698242,-0.014415719032287598,0,0,1,0,0,0,0.28300000000000003,0,0,0,0.22640000000000005,0,0,0,0,0,0,0,0,0
-0.0007968217849731446,0.00013389741579691568,0.718,-0.0012915436464757957,-0.011952326774597169,0.0020084612369537353,0,0,1,0,0.0007968217849731446,-0.00013389741579691568,0.28200000000000003,0.0012915436464757957,0.0046245068666919366,-0.000777099133661376,0.22215816969696972,0.007162196585002139,0,0,0,0,0,0,0,0
-0.001674749569049048,0.0013738887109296394,0.716,-0.003263765701229354,-0.013192928314208985,0.018582845687866213,0,0,1,0,0.001674749569049048,-0.0013738887109296394,0.28400000000000003,0.003263765701229354,0.005640140095791894,-0.007469114411791321,0.24181630000000007,0.01250855658288666,0,0,0,0,0,0,0,0
-0.0003698455143819244,0.0018465297969263198,0.718,-0.00600393262686047,0.019550317764282225,0.007153461933135987,0,0,1,0,0.0003698455143819244,-0.0018465297969263198,0.28200000000000003,0.00600393262686047,-0.0068396455493300035,-0.003470423266959631,0.22034256923076925,0.01865085689900408,0,0,0,0,0,0,0,0
0.0019415645499446781,0.002543674365642678,0.717,-0.009913470151327791,0.03460774230957031,0.010665142059326171,0,0,1,0,-0.0019415645499446781,-0.002543674365642678,0.28300000000000003,0.009913470151327791,-0.01304477516831494,-0.004917509335915464,0.23903178059701496,0.027418862051927735,0,0,0,0,0,0,0,0
0.0031179437058551384,0.003699034559455119,0.72,-0.013980087308474581,0.017473018646240235,0.017504478454589845,0,0,1,0,-0.0031179437058551384,-0.003699034559455119,0.28,0.013980087308474581,-0.007993753552346486,-0.0081741328890198,0.21679365000000003,0.03304235523260016,0,0,0,0,0,0,0,0
0.006371551060656366,0.004332969485003526,0.724,-0.017208946424664057,0.04866640853881836,0.01019035816192627,0,0,1,0,-0.006371551060656366,-0.004332969485003526,0.276,0.017208946424664057,-0.0209844767351098,-0.0056423290164454715,0.2098913,0.03234422353180222,0,0,0,0,0,0,0,0
0.010604828134021733,0.0048353712468693025,0.729,-0.018954275676658416,0.06336007308959961,0.008627610206604004,0,0,1,0,-0.010604828134021733,-0.0048353712468693025,0.271,0.018954275676658416,-0.027764145837971703,-0.00509414138577847,0.20303974848484851,0.02688759045845096,0,0,0,0,0,0,0,0
0.013618481049863136,0.004484515376058915,0.735,-0.022462387473166975,0.04529642105102539,-0.004405119895935059,0,0,1,0,-0.013618481049863136,-0.004484515376058915,0.265,0.022462387473166975,-0.023057989561925476,-0.0003681526981494437,0.19416970769230768,0.038653672687821855,0,0,0,0,0,0,0,0
0.018968419516694972,0.003915812115321812,0.741,-0.025761059759436263,0.0804204330444336,-0.0067259626388549805,0,0,1,0,-0.018968419516694972,-0.003915812115321812,0.259,0.025761059759436263,-0.037465745533993546,0.000995189347577267,0.19206941641791045,0.04053123417556741,0,0,0,0,0,0,0,0
0.026590364933813792,0.004179035405552672,0.752,-0.027925268031909253,0.11418954467773437,0.006891954421997071,0,0,1,0,-0.026590364933813792,-0.004179035405552672,0.248,0.027925268031909253,-0.05502881032387254,-0.003549437177871401,0.15604364999999998,0.03806999430912639,0,0,0,0,0,0,0,0
0.03330716049734496,0.004110719086237086,0.763,-0.03183480555637656,0.10074126434326172,0.001788813829421997,0,0,1,0,-0.03330716049734496,-0.004110719086237086,0.237,0.03183480555637656,-0.052893704486799135,-0.0017105915131626402,0.14970963076923072,0.049878824900071804,0,0,0,0,0,0,0,0
0.0392564712289887,0.004244217813278335,0.772,-0.03358013480837089,0.08913070678710938,0.0048419137001037595,0,0,1,0,-0.0392564712289887,-0.004244217813278335,0.22799999999999998,0.03358013480837089,-0.05176126592567984,-0.0028667960217217824,0.15476086153846152,0.04163550058680626,0,0,0,0,0,0,0,0
0.04594391104972328,0.0040620352937566035,0.782,-0.03452261260444784,0.10034679412841797,0.0006366467475891113,0,0,1,0,-0.04594391104972328,-0.0040620352937566035,0.21799999999999997,0.03452261260444784,-0.059109390627180146,-0.001078522988024269,0.14279324615384612,0.038872510124803,0,0,0,0,0,0,0,0
0.051068407427934684,0.002568720937392112,0.793,-0.03525565089028546,0.07759478759765626,-0.019733230590820314,0,0,1,0,-0.051068407427934684,-0.002568720937392112,0.20699999999999996,0.03525565089028546,-0.05207315829053741,0.006371581496724841,0.1326293529411764,0.038489643327804385,0,0,0,0,0,0,0,0
0.05623984283183199,0.0008182790051284206,0.804,-0.03766420525803763,0.0784488296508789,-0.023506044387817383,0,0,1,0,-0.05623984283183199,-0.0008182790051284206,0.19599999999999995,0.03766420525803763,-0.0557441886461687,0.008842732174973573,0.1234072666666666,0.04861217965691113,0,0,0,0,0,0,0,0
0.06300664455643738,0.0008539672761667126,0.816,-0.038309977081275544,0.10140988159179687,0.004357033729553222,0,0,1,0,-0.06300664455643738,-0.0008539672761667126,0.18400000000000005,0.038309977081275544,-0.07056765643924076,-0.0006630482593258,0.10441054098360719,0.041485904080806255,0,0,0,0,0,0,0,0
0.07037652612044852,-0.0005954346451081363,0.827,-0.03867649622419434,0.1112998046875,-0.017491012573242187,0,0,1,0,-0.07037652612044852,0.0005954346451081363,0.17300000000000004,0.03867649622419434,-0.07455583945756016,0.007953036766220755,0.10727146666666668,0.04034249232837069,0,0,0,0,0,0,0,0
0.07586146771547461,-0.00385029793794137,0.836,-0.04028219913602913,0.08410042572021484,-0.04560515594482422,0,0,1,0,-0.07586146771547461,0.00385029793794137,0.16400000000000003,0.04028219913602913,-0.0682599306785146,0.019696743926208533,0.11023565000000002,0.0478089315352547,0,0,0,0,0,0,0,0
0.0808827586296587,-0.007156967891217041,0.841,-0.042167154728183,0.07725572204589844,-0.04652660369873047,0,0,1,0,-0.0808827586296587,0.007156967891217041,0.15900000000000003,0.042167154728183,-0.06667468176903515,0.020574536767837784,0.13080030588235297,0.050483135281803,0,0,0,0,0,0,0,0
0.08608536404672942,-0.011184708922854128,0.85,-0.041503929612425126,0.08051653289794922,-0.05707270050048828,0,0,1,0,-0.08608536404672942,0.011184708922854128,0.15000000000000002,0.041503929612425126,-0.07193794777980667,0.02760264950462514,0.10107685,0.0383950618823101,0,0,0,0,0,0,0,0
0.09204082547242518,-0.016965515913738217,0.859,-0.04145156973486532,0.09285285186767578,-0.08293087005615235,0,0,1,0,-0.09204082547242518,0.016965515913738217,0.14100000000000001,0.04145156973486532,-0.07909176591812503,0.04009099039488402,0.09477924999999998,0.04120613280880374,0,0,0,0,0,0,0,0
0.09500757767416182,-0.02303228752958831,0.871,-0.04150392961242512,0.04823413467407227,-0.08907928466796874,0,0,1,0,-0.09500757767416182,0.02303228752958831,0.129,0.04150392961242512,-0.06404278682052061,0.044192790735960275,0.07062111538461535,0.04174559058577803,0,0,0,0,0,0,0,0
0.09709220190184024,-0.029709960711987986,0.878,-0.043022366061660225,0.035398487091064454,-0.09878141021728516,0,0,1,0,-0.09709220190184024,0.029709960711987986,0.122,0.043022366061660225,-0.060229185689612164,0.05029590736357398,0.09332048787878784,0.049924349921819794,0,0,0,0,0,0,0,0
0.09865118159596852,-0.03580754540216815,0.884,-0.043022366061660225,0.027296831130981445,-0.09037338256835938,0,0,1,0,-0.09865118159596852,0.03580754540216815,0.11599999999999999,0.043022366061660225,-0.05792978741586182,0.04888728108895061,0.09600731739130433,0.043022366061660225,0,0,0,0,0,0,0,0
0.09810857733144514,-0.04183138605631088,0.885,-0.043895030687657335,-0.0042453336715698245,-0.09062405395507812,0,0,1,0,-0.09810857733144514,0.04183138605631088,0.11499999999999999,0.043895030687657335,-0.04669716034497684,0.055557961294279555,0.1206058950819672,0.048186823930266076,0,0,0,0,0,0,0,0
0.09752513938295958,-0.0480439848180326,0.893,-0.04366813788489808,-0.004653919696807862,-0.09348324584960938,0,0,1,0,-0.09752513938295958,0.0480439848180326,0.10699999999999998,0.04366813788489808,-0.046536276192566076,0.05658730412664496,0.07886945522388056,0.04265219996209545,0,0,0,0,0,0,0,0
0.09563185512453298,-0.0531979437275085,0.895,-0.04539601384437245,-0.02499730682373047,-0.07847543334960938,0,0,1,0,-0.09563185512453298,0.0531979437275085,0.10499999999999998,0.04539601384437245,-0.038179446430589396,0.05537702921017812,0.10861088888888887,0.05362399460377422,0,0,0,0,0,0,0,0
0.09244821101977757,-0.05772345987614676,0.901,-0.04639085151800927,-0.04462491607666016,-0.06997993469238281,0,0,1,0,-0.09244821101977757,0.05772345987614676,0.09899999999999998,0.04639085151800927,-0.03028392491605076,0.05304372898845325,0.08375721818181815,0.050912840943631174,1427127000590,0,0,0,0,0,0,0
0.0894865934557298,-0.06105623391528325,0.908,-0.04625122517784973,-0.04205814743041992,-0.05199796676635742,0,0,1,0,-0.0894865934557298,0.06105623391528325,0.09199999999999997,0.04625122517784973,-0.03050330836420677,0.04790666899896949,0.07457158823529407,0.04563522661832233,1427127000590,0,0,0,0,0,0,0
0.0867857887942004,-0.06508125849947506,0.917,-0.046530477858168814,-0.03767730712890625,-0.06218386840820313,0,0,1,0,-0.0867857887942004,0.06508125849947506,0.08299999999999996,0.046530477858168814,-0.029203855109457652,0.05552746062164415,0.053109148387096704,0.04788170050487407,1427127000590,0,0,0,0,0,0,0
0.08180389449971932,-0.0682982681462503,0.922,-0.04721115626644658,-0.07240300750732422,-0.05167881011962891,0,0,1,0,-0.08180389449971932,0.0682982681462503,0.07799999999999996,0.04721115626644658,-0.015594240050448554,0.05151902896872185,0.07391524848484843,0.050305149031345496,1427127000590,0,0,0,0,0,0,0
0.07756065216448164,-0.06999173002025162,0.929,-0.04771730174952495,-0.06237890625,-0.02837743377685547,0,0,1,0,-0.07756065216448164,0.06999173002025162,0.07099999999999995,0.04771730174952495,-0.017093941757891435,0.0444699957482529,0.05759959230769224,0.0500533578252713,1427127000590,0,0,0,0,0,0,0
0.07421470910825372,-0.07057357676406092,0.936,-0.04834562028024291,-0.04971571350097656,-0.011111748695373536,0,0,1,-0.04771730174952496,-0.07421470910825372,0.07057357676406092,0.06399999999999995,0.0006283185307179515,-0.03710735455412686,0.03528678838203046,0.05119999999999996,0.0006283185307179515,1427127000590,0,0,0,0,0,0,0
0.07126898955658015,-0.07373278278854002,0.937,-0.05312782243070734,-0.04184405136108398,-0.04946807861328125,0,0,1,-0.04771730174952496,-0.07126898955658015,0.07373278278854002,0.06299999999999994,0.005410520681182383,-0.020294157791057928,0.05341910741198734,0.04559821940298503,0.02682336613102312,1427127000983,0,0,0,0,0,0,0
0.0688130281739837,-0.0752118735890098,0.943,-0.05726425275793392,-0.035609283447265626,-0.02411133575439453,0,0,1,-0.04771730174952496,-0.0688130281739837,0.0752118735890098,0.05700000000000005,0.009546951008408959,-0.020853386614430775,0.045919892353055276,0.013047866666667303,0.029244238280916462,1427127001046,0,0,0,0,0,0,0
0.06816061137534911,-0.07918358593329178,0.949,-0.060946897479641986,-0.006360517978668213,-0.06003812789916992,0,0,1,-0.04771730174952496,-0.06816061137534911,0.07918358593329178,0.051000000000000045,0.013229595730117026,-0.03070269898471171,0.06112619013461951,0.00960500769230771,0.030226417522615796,1427127001111,0,0,0,0,0,0,0
0.06735800523923938,-0.08184075847723059,0.952,-0.063704517697793,-0.009589046478271484,-0.04051687622070312,0,0,1,-0.04771730174952496,-0.06735800523923938,0.08184075847723059,0.04800000000000004,0.015987215948268046,-0.02960262107003611,0.055213714435783934,0.023920409090909117,0.028521853303499954,1427127001177,0,0,0,0,0,0,0
0.06785831314393359,-0.08508621718427972,0.956,-0.06508332780686854,0.01058855438232422,-0.048105377197265625,0,0,1,-0.04771730174952496,-0.06785831314393359,0.08508621718427972,0.04400000000000004,0.01736602605734358,-0.03684709322777589,0.060276230193701374,0.015377038461538477,0.023729765022307586,1427127001242,0,0,0,0,0,0,0
0.06759908042508957,-0.08816040166883585,0.96,-0.06560692658246686,-0.0008812041282653809,-0.04626803588867188,0,0,1,-0.04771730174952496,-0.06759908042508957,0.08816040166883585,0.040000000000000036,0.017889624832941903,-0.0326934076572065,0.060698454895676865,0.012767378787878803,0.02026961926747973,1427127001308,0,0,0,0,0,0,0
0.06743023183614495,-0.09146022391741458,0.962,-0.06768386839234009,0.0007177588343620301,-0.04955689239501953,0,0,1,-0.04771730174952496,-0.06743023183614495,0.09146022391741458,0.038000000000000034,0.019966566642815126,-0.03310346695388526,0.06415031000648161,0.021685200000000023,0.029702231376595858,1427127001372,0,0,0,0,0,0,0
0.06776756293022404,-0.09490985475522803,0.962,-0.06984807666481302,0.008547972679138184,-0.05128376770019531,0,0,1,-0.04771730174952496,-0.06776756293022404,0.09490985475522803,0.038000000000000034,0.02213077491528806,-0.0360559703365077,0.06646584918959825,0.03286970000000003,0.03211942848054775,1427127001437,0,0,0,0,0,0,0
0.06637178374096467,-0.09733528706288024,0.962,-0.0719773783522461,-0.01834652519226074,-0.03775397109985352,0,0,1,-0.04771730174952496,-0.06637178374096467,0.09733528706288024,0.038000000000000034,0.024260076602721142,-0.02618362858327814,0.06203001237778022,0.03312050000000003,0.03393872063650788,1427127001503,0,0,0,0,0,0,0
0.06550153837426752,-0.09741332587570743,0.964,-0.07255333700540428,-0.012935698509216309,-0.0021063098907470705,0,0,1,-0.04771730174952496,-0.06550153837426752,0.09741332587570743,0.03600000000000003,0.024836035255879324,-0.028507004646946627,0.04969041841273114,0.020985269230769255,0.02749430596276324,1427127001568,0,0,0,0,0,0,0
0.06589942372358575,-0.09713808037991802,0.967,-0.07342600163140145,0.005653291702270508,0.0045504593849182125,0,0,1,-0.04771730174952496,-0.06589942372358575,0.09713808037991802,0.03300000000000003,0.02570869988187649,-0.03551454208154827,0.04775981958167444,0.01390395820895524,0.02961615343111753,1427127001635,0,0,0,0,0,0,0
0.06528855869323408,-0.09773157452164967,0.97,-0.07466518540031743,-0.008485204696655273,-0.009550621032714843,0,0,1,-0.04771730174952496,-0.06528855869323408,0.09773157452164967,0.030000000000000027,0.026947883650792467,-0.029778041189144355,0.05285317682564597,0.010697933333333343,0.03284875874086855,1427127001698,0,0,0,0,0,0,0
0.0641571766500899,-0.09672380320611276,0.973,-0.07661995416255102,-0.018051080703735352,0.013808506965637207,0,0,1,-0.04771730174952496,-0.0641571766500899,0.09672380320611276,0.027000000000000024,0.02890265241302606,-0.026648635258128203,0.04377169737688965,0.009233709090909103,0.03778796496863329,1427127001764,0,0,0,0,0,0,0
0.06310780672201945,-0.09456033575082479,0.975,-0.07885397560510377,-0.018178407669067382,0.031151941299438476,0,0,1,-0.04771730174952496,-0.06310780672201945,0.09456033575082479,0.025000000000000022,0.031136673855578806,-0.02668420257735651,0.03679586523706353,0.013262538805970163,0.04113975494163588,1427127001831,0,0,0,0,0,0,0
0.06221231948212202,-0.09130104236863679,0.979,-0.0790634151153431,-0.01724169921875,0.04767938995361328,0,0,1,-0.04771730174952496,-0.06221231948212202,0.09130104236863679,0.02100000000000002,0.031346113365818135,-0.026782506814478423,0.028418248408013887,-0.0015796222222222225,0.032343444366957796,1427127001894,0,0,0,0,0,0,0
0.06130434889102494,-0.08825200158395141,0.977,-0.07976154681614084,-0.017189260482788085,0.044517051696777346,0,0,1,-0.04771730174952496,-0.06130434889102494,0.08825200158395141,0.02300000000000002,0.03204424506661588,-0.026528915940891115,0.028890004116954766,0.033000460606060635,0.035217570979332896,1427127001960,0,0,0,0,0,0,0
0.0612331624990399,-0.08445224034308198,0.977,-0.08138470302049561,-0.00560570478439331,0.056730133056640625,0,0,1,-0.04771730174952496,-0.0612331624990399,0.08445224034308198,0.02300000000000002,0.03366740127097065,-0.030958206946577898,0.022433384320696744,0.02254160000000002,0.041275945978883635,1427127002024,0,0,0,0,0,0,0
0.05942557920927577,-0.08083046478904908,0.976,-0.08386307055832753,-0.031440483093261716,0.05194260787963867,0,0,1,-0.04771730174952496,-0.05942557920927577,0.08083046478904908,0.02400000000000002,0.036145768808802575,-0.021040931746047,0.022536874197638244,0.02872628059701495,0.04724293688864702,1427127002091,0,0,0,0,0,0,0
0.05775369089184767,-0.0759573695952803,0.977,-0.08590510578316085,-0.031113096237182617,0.07073885345458984,0,0,1,-0.04771730174952496,-0.05775369089184767,0.0759573695952803,0.02300000000000002,0.03818780403363589,-0.020395703257325946,0.01199515171056105,0.01729174444444446,0.04791178129474692,1427127002154,0,0,0,0,0,0,0
0.05586029700798467,-0.07045930930652301,0.978,-0.08669050394655832,-0.03537213897705078,0.07973000335693359,0,0,1,-0.04771730174952496,-0.05586029700798467,0.07045930930652301,0.02200000000000002,0.03897320219703336,-0.018578386102420387,0.006759731177339547,0.016805684615384626,0.04259811679732937,1427127002219,0,0,0,0,0,0,0
0.05444269872013678,-0.06585005564095092,0.976,-0.08702211650443727,-0.02717029571533203,0.06703809356689452,0,0,1,-0.04771730174952496,-0.05444269872013678,0.06585005564095092,0.02400000000000002,0.03930481475491231,-0.02069589721257413,0.010025973107916333,0.03439886119402988,0.040789647103624004,1427127002286,0,0,0,0,0,0,0
0.053677259511120415,-0.061589813111606655,0.976,-0.08864527270879198,-0.01699215507507324,0.06266393280029296,0,0,1,-0.04771730174952496,-0.053677259511120415,0.061589813111606655,0.02400000000000002,0.04092797095926702,-0.02356689957009498,0.008715258781586136,0.02410470000000002,0.048536515667179744,1427127002350,0,0,0,0,0,0,0
0.051988266195677535,-0.057265532516620476,0.974,-0.09068730793362535,-0.03097780227661133,0.06236664581298828,0,0,1,-0.04771730174952496,-0.051988266195677535,0.057265532516620476,0.026000000000000023,0.04297000618410039,-0.017847611568862706,0.006603954593423968,0.0366429307692308,0.052394784144869797,1427127002415,0,0,0,0,0,0,0
0.05202749549818966,-0.053634651244723476,0.975,-0.09054768159346578,-0.004346333980560303,0.05429270553588867,0,0,1,-0.04771730174952496,-0.05202749549818966,0.053634651244723476,0.025000000000000022,0.04283037984394082,-0.02720685818887341,0.008557065143572413,0.01985158461538463,0.04218595058166588,1427127002480,0,0,0,0,0,0,0
0.05095772175691943,-0.05075674912012486,0.977,-0.09190903841002135,-0.01988434028625488,0.041540687561035156,0,0,1,-0.04771730174952496,-0.05095772175691943,0.05075674912012486,0.02300000000000002,0.04419173666049639,-0.02090650799576324,0.011669203190753303,0.013342538805970163,0.05028736419731236,1427127002547,0,0,0,0,0,0,0
0.04950420931724622,-0.0476383256503338,0.979,-0.09374163412461545,-0.0260037841796875,0.044577880859375,0,0,1,-0.04771730174952496,-0.04950420931724622,0.0476383256503338,0.02100000000000002,0.04602433237509049,-0.01797369435780632,0.008383262445146637,0.011557569230769244,0.05448246644244786,1427127002612,0,0,0,0,0,0,0
0.04717105262269136,-0.0443888758591722,0.982,-0.09430013948525355,-0.03940613555908203,0.04525183868408203,0,0,1,-0.04771730174952496,-0.04717105262269136,0.0443888758591722,0.018000000000000016,0.04658283773572859,-0.012101231206909339,0.00608186397303289,0.0038899538461538534,0.04916055478482753,1427127002677,0,0,0,0,0,0,0
0.044647100906830786,-0.041693032454938286,0.983,-0.09442231253289317,-0.041498695373535156,0.03669314193725586,0,0,1,-0.04771730174952496,-0.044647100906830786,0.041693032454938286,0.017000000000000015,0.04670501078336821,-0.010047281435202077,0.00796235774448339,0.014052969696969713,0.04726034281809374,1427127002743,0,0,0,0,0,0,0
0.042943862130923896,-0.03889081809713342,0.982,-0.0943524993628134,-0.029397754669189452,0.03943720626831055,0,0,1,-0.04771730174952496,-0.042943862130923896,0.03889081809713342,0.018000000000000016,0.04663519761328844,-0.01314487146905791,0.0053140335024985975,0.025824955555555577,0.046302753946241906,1427127002806,0,0,0,0,0,0,0
0.040712618392863775,-0.036667214518780265,0.983,-0.0962374549549673,-0.036462162017822264,0.03005253028869629,2.5,0,1,0,2.4592873816071363,0.036667214518780265,0.017000000000000015,0.0962374549549673,1.2296436908035682,0.018333607259390133,0.013600000000000013,0.0962374549549673,0,0,0,0,0,0,0,0
0.03606688119639036,-0.03431250297098279,0.983,-0.09503317777109126,-0.07275753021240235,0.02846117401123047,2.5,0,1,0,2.4639331188036095,0.03431250297098279,0.017000000000000015,0.09503317777109126,1.2578861709908902,0.004878508896375734,0.013713900000000013,0.08964089187313883,0,0,0,0,0,0,0,0
0.03462585774356933,-0.03151303082335388,0.984,-0.0912981731718233,-0.02550245475769043,0.039751518249511716,2.5,0,1,0,2.465374142256431,0.03151303082335388,0.016000000000000014,0.0912981731718233,1.2437963427764742,0.0004900598210488653,0.007547550000000009,0.07379033911275476,0,0,0,0,0,0,0,0
0.03606781547335228,-0.028976692264893734,0.985,-0.09126326658678346,0.018070661544799804,0.03985860824584961,2.5,0,1,0,2.4639321845266475,0.028976692264893734,0.015000000000000013,0.09126326658678346,1.2291742166090245,0.0011003482318008382,0.007012269696969705,0.09110460029114784,0,0,0,0,0,0,0,0
0.03789210381138303,-0.023909714948776542,0.985,-0.09171705219230197,0.020323637008666993,0.0781822509765625,2.5,0,1,0,2.462107896188617,0.023909714948776542,0.015000000000000013,0.09171705219230197,1.2275079901816957,-0.015677590171948065,0.01241130000000001,0.09384417221816999,0,0,0,0,0,0,0,0
0.04495828419645335,-0.017886512713051823,0.982,-0.09332275510413679,0.09727236938476562,0.09967601013183594,2.5,0,1,0,2.4550417158035467,0.017886512713051823,0.018000000000000016,0.09332275510413679,1.1974985903411188,-0.02340016028216415,0.031082146153846177,0.10073369162029748,0,0,0,0,0,0,0,0
0.058485963659845576,-0.011916886865521791,0.98,-0.09032078879070654,0.1936878204345703,0.10806387329101562,2.5,0,1,0,2.4415140363401546,0.011916886865521791,0.020000000000000018,0.09032078879070654,1.1597522463542373,-0.025128974104947077,0.027110061194029873,0.07687914858131736,0,0,0,0,0,0,0,0
0.08050824932378374,-0.004461029883828264,0.981,-0.08799950088555401,0.3189002380371094,0.141177490234375,2.5,0,1,0,2.419491750676216,0.004461029883828264,0.019000000000000017,0.08799950088555401,1.0985863341303201,-0.039090907186691275,0.010426444444444453,0.07694574895625626,0,0,0,0,0,0,0,0
0.10899828693838418,0.004229884987466361,0.984,-0.08684758357923782,0.41423980712890623,0.1674174041748047,2.5,0,1,0,2.3910017130616157,-0.004229884987466361,0.016000000000000014,0.08684758357923782,1.0616733284673128,-0.04675046334089488,-0.0017503764705882347,0.08176559546313694,0,0,0,0,0,0,0,0
0.14338170786762303,0.013444979831670879,0.988,-0.08463101542920501,0.5018179626464844,0.18244093322753907,2.5,0,1,0,2.356618292132377,-0.013444979831670879,0.01200000000000001,0.08463101542920501,1.001587181851214,-0.05782880238414289,-0.01165582222222223,0.07407592900047735,0,0,0,0,0,0,0,0
0.18148623995498167,0.021891622000158442,0.994,-0.07995353303386019,0.5588123779296875,0.17456082153320313,2.5,0,1,0,2.3185137600450183,-0.021891622000158442,0.006000000000000005,0.07995353303386019,0.9698827052128383,-0.05635330103477419,-0.026502292307692323,0.05836515274765332,0,0,0,0,0,0,0,0
0.22844873771907934,0.031189358711914982,0.988,-0.0796219204759813,0.6910481567382812,0.1952827911376953,2.5,0,1,0,2.2715512622809206,-0.031189358711914982,0.01200000000000001,0.0796219204759813,0.9001812263919087,-0.06560525924526354,0.04299109230769234,0.07809140097807872,0,0,0,0,0,0,0,0
0.279788181497218,0.041788391736373,0.986,-0.0781383906117861,0.7550065307617188,0.21973321533203125,2.5,0,1,0,2.220211818502782,-0.041788391736373,0.014000000000000012,0.0781383906117861,0.856597206167387,-0.07707461326733081,0.022981860606060625,0.07139507304726246,0,0,0,0,0,0,0,0
0.3361935277046091,0.04975481406506364,0.979,-0.0748048117404769,0.8341708374023438,0.18517581176757814,2.5,0,1,0,2.163806472295391,-0.04975481406506364,0.02100000000000002,0.0748048117404769,0.8160281106607385,-0.06529455056565436,0.05362794637681163,0.060310990560871705,0,0,0,0,0,0,0,0
0.39229067069452817,0.055508758192995535,0.977,-0.07380997406684017,0.8326536254882813,0.1489541473388672,2.5,0,1,0,2.1077093293054716,-0.055508758192995535,0.02300000000000002,0.07380997406684017,0.7535104636008336,-0.060810427869245606,0.0313364098360656,0.0689173297702661,0,0,0,0,0,0,0,0
0.4425819929224604,0.060207058290394515,0.974,-0.07077310116837002,0.747118896484375,0.12591209411621093,2.5,0,1,0,2.0574180070775396,-0.060207058290394515,0.026000000000000023,0.07077310116837002,0.7807715500311444,-0.05548281797090768,0.03858384615384619,0.05675676471389238,0,0,0,0,0,0,0,0
0.503218093986266,0.06627599677936433,0.974,-0.06794566778013919,0.9008272094726563,0.15512353515625,2.5,0,1,0,1.996781906013734,-0.06627599677936433,0.026000000000000023,0.06794566778013919,0.7010157215394132,-0.06544625510150631,0.02260160000000002,0.055093697833635435,0,0,0,0,0,0,0,0
0.5679351941026551,0.07178475675291267,0.976,-0.06567673975254659,0.9629064331054688,0.14834869384765625,2.5,0,1,0,1.9320648058973449,-0.07178475675291267,0.02400000000000002,0.06567673975254659,0.648290672610623,-0.06527736938535081,0.010553939393939409,0.055363430536216604,0,0,0,0,0,0,0,0
0.652794223141758,0.07587567599110215,0.97,-0.06440264939859072,1.2661138916015624,0.14477037048339844,2.5,0,1,0,1.847205776858242,-0.07587567599110215,0.030000000000000027,0.06440264939859072,0.5002670544651642,-0.059854054566120876,0.05797618181818187,0.05861132960788222,0,0,0,0,0,0,0,0
0.7553849045886187,0.07973873011021103,0.968,-0.06356489135763346,1.531940673828125,0.15686386108398437,2.5,0,1,0,1.7446150954113813,-0.07973873011021103,0.03200000000000003,0.06356489135763346,0.3301325934715972,-0.0616029601111034,0.03907071111111115,0.059575567353075086,0,0,0,0,0,0,0,0
0.8605770078693166,0.08252208096172524,0.97,-0.06070255138436273,1.5720428466796874,0.1418962860107422,2.5,0,1,0,1.6394229921306835,-0.08252208096172524,0.030000000000000027,0.06070255138436273,0.28213137937117483,-0.056574136932504265,0.015785369230769248,0.04749175150772858,0,0,0,0,0,0,0,0
0.9749191267629117,0.0928030694057834,0.972,-0.05880014249968893,1.7026173095703125,0.257979736328125,2.5,0,1,0,1.5250808732370884,-0.0928030694057834,0.028000000000000025,0.05880014249968893,0.1860261695605805,-0.10130900062844017,0.01453333939393941,0.05015282938753529,0,0,0,0,0,0,0,0
1.0921250710298596,0.10259354890672759,0.975,-0.057089719832734476,1.7464205322265625,0.24991972351074218,2.5,0,1,0,1.4078749289701404,-0.10259354890672759,0.025000000000000022,0.057089719832734476,0.10358910686818446,-0.10446849946530254,0.006748053846153856,0.04919546136986777,0,0,0,0,0,0,0,0
1.220366102681061,0.11124677372371178,0.968,-0.056147242036657524,1.913075439453125,0.23934593200683593,2.5,0,1,0,1.279633897318939,-0.11124677372371178,0.03200000000000003,0.056147242036657524,-0.008643996855194125,-0.10203888162430763,0.06583431212121219,0.051863252054489564,0,0,0,0,0,0,0,0
1.3602931883805156,0.11203434287604563,0.975,-0.0550476846079011,2.094935791015625,0.129580810546875,2.5,0,1,0,1.1397068116194844,-0.11203434287604563,0.025000000000000022,0.0550476846079011,-0.16303830032618727,-0.06092307355834,-0.015008150000000008,0.049893509160605344,0,0,0,0,0,0,0,0
1.4982831429007872,0.10983866245860188,0.981,-0.05422737985946379,2.068526123046875,0.08099755859375,2.5,0,1,0,1.0017168570992128,-0.10983866245860188,0.019000000000000017,0.05422737985946379,-0.2091787437425484,-0.043766715122924085,-0.01371109230769231,0.0504413579435993,0,0,0,0,0,0,0,0
1.6325739262577776,0.10582871294495676,0.987,-0.05256931707006917,2.014660888671875,0.04911920547485352,2.5,0,1,0,0.8674260737422224,-0.10582871294495676,0.013000000000000012,0.05256931707006917,-0.2558416945169815,-0.032061387742277576,-0.018426592307692315,0.044916719580555535,0,0,0,0,0,0,0,0
1.7797926572392415,0.09384355751775053,0.992,-0.051504666226352594,2.2146767578125,-0.0634946174621582,2.5,0,1,0,0.7202073427607585,-0.09384355751775053,0.008000000000000007,0.051504666226352594,-0.3865768966537581,0.015834859797662006,-0.016581251515151524,0.046665344209459066,0,0,0,0,0,0,0,0
1.91899772201792,0.08163495429263101,0.999,-0.05108578720587399,2.09473486328125,-0.07538809204101563,2.5,0,1,0,0.58100227798208,-0.08163495429263101,0.0010000000000000009,0.05108578720587399,-0.39157561287478077,0.021164406177121113,-0.031688711764705904,0.04923779152729192,0,0,0,0,0,0,0,0
2.0483305717319307,0.06950772842484149,1.007,-0.051382493178713,1.946750732421875,-0.08260811614990235,2.5,0,1,0,0.45166942826806933,-0.06950772842484149,-0.006999999999999895,0.051382493178713,-0.4695701425098208,0.03280667139441553,-0.047263990322579975,0.05281816724083722,0,0,0,0,0,0,0,0
2.166453887193876,0.057581962221564,1.015,-0.05119050696099359,1.7786988525390626,-0.08764839935302735,2.5,0,1,0,0.3335461128061241,-0.057581962221564,-0.014999999999999902,0.05119050696099359,-0.4343588202129948,0.03448764436426033,-0.05167712307692303,0.05030441672536554,0,0,0,0,0,0,0,0
2.271874025822082,0.04559946441833287,1.025,-0.04937536453891949,1.588427490234375,-0.09858971405029297,2.5,0,1,0,0.2281259741779178,-0.04559946441833287,-0.02499999999999991,0.04937536453891949,-0.4185188862314422,0.0407547314599082,-0.07060885384615381,0.04099778412934674,0,0,0,0,0,0,0,0
2.363917729439517,0.03414236651573472,1.035,-0.04949753758655911,1.3874549560546876,-0.10350434875488282,2.5,0,1,0,0.13608227056048294,-0.03414236651573472,-0.03499999999999992,0.04949753758655911,-0.39242532681398745,0.04363201148494829,-0.07883635384615381,0.050061413191049654,0,0,0,0,0,0,0,0
2.4423731110547906,0.023419919189051706,1.045,-0.05037020221255627,1.18334716796875,-0.1024132843017578,2.5,0,1,0,0.0576268889452094,-0.023419919189051706,-0.04499999999999993,0.05037020221255627,-0.3458360108020414,0.04329826271543243,-0.08553050597014923,0.05427765576179728,1427127005024,0,0,0,0,0,0,0
2.5070761065004477,0.014341847575284547,1.057,-0.05223770451219019,0.9761700439453125,-0.08713249206542968,2.5,0,1,0,-0.007076106500447654,-0.014341847575284547,-0.05699999999999994,0.05223770451219019,-0.3221949978250383,0.04146103933528304,-0.1088815,0.060991621541724196,1427127005024,0,0,0,0,0,0,0
2.570412601281273,0.002689295837090065,1.063,-0.05510004448546093,0.9578778686523437,-0.12494412231445312,2.5,0,1,0,-0.07041260128127291,-0.002689295837090065,-0.06299999999999994,0.05510004448546093,-0.34110717126729045,0.06038437238380577,-0.08077369230769228,0.06831084436209511,1427127005024,0,0,0,0,0,0,0
2.624285262361298,-0.008385244179262607,1.068,-0.058730329329609136,0.8160120239257812,-0.12136273193359375,2.5,0,1,0,-0.124285262361298,0.008385244179262607,-0.06800000000000006,0.058730329329609136,-0.3171651826850677,0.06281472199078118,-0.07983107692307759,0.0754854901487547,0,0,0,0,0,0,0,0
2.662654422004229,-0.018160603316712383,1.069,-0.06019640590128438,0.5831517944335938,-0.11259550476074219,2.5,0,1,0,-0.1626544220042292,0.018160603316712383,-0.06899999999999995,0.06019640590128438,-0.2529750955272535,0.060718616603723276,-0.059541115384614755,0.06696291315517013,0,0,0,0,0,0,0,0
2.692989553850718,-0.026829238101508883,1.067,-0.060877084309562124,0.462025390625,-0.1024195556640625,2.5,0,1,0,-0.19298955385071803,0.026829238101508883,-0.06699999999999995,0.060877084309562124,-0.2178074350724238,0.05705260183341872,-0.04271798235294112,0.06388007728725804,0,0,0,0,0,0,0,0
2.7138815313055993,-0.03296994393018711,1.066,-0.06176720222807925,0.31840310668945315,-0.07287409973144532,2.5,0,1,0,-0.21388153130559928,0.03296994393018711,-0.06600000000000006,0.06176720222807925,-0.18650660165288344,0.04910806735541639,-0.047165750000000645,0.06593962997112827,0,0,0,0,0,0,0,0
2.7245505510848114,-0.03744185920770984,1.061,-0.0633554518473941,0.16387074279785158,-0.05707216262817383,2.5,0,1,0,-0.22455055108481137,0.03744185920770984,-0.06099999999999994,0.0633554518473941,-0.13607802410636802,0.04224178945743909,-0.02168114999999932,0.0708003719379325,0,0,0,0,0,0,0,0
2.7264743012696355,-0.038922350975310605,1.053,-0.06455972903127016,0.030204376220703124,-0.020335844039916992,2.5,0,1,0,-0.22647430126963553,0.038922350975310605,-0.052999999999999936,0.06455972903127016,-0.08919956041840013,0.02652342694404046,0.00010752307692316748,0.07011793141839043,0,0,0,0,0,0,0,0
2.720468400719901,-0.038457760705479925,1.048,-0.06703809656910209,-0.09035042572021484,0.0011422858238220215,2.5,0,1,0,-0.22046840071990115,0.038457760705479925,-0.04800000000000004,0.06703809656910209,-0.043641795264070304,0.015842610690491307,-0.012358323076923684,0.07847671597448022,0,0,0,0,0,0,0,0
2.7087301693560515,-0.036567205642302036,1.042,-0.06918485154905513,-0.17757763671875,0.016499835968017577,2.5,0,1,0,-0.2087301693560515,0.036567205642302036,-0.04200000000000004,0.06918485154905513,-0.008932874229297463,0.007547439189032298,-0.0034195164179104467,0.07879718728018813,0,0,0,0,0,0,0,0
2.6966857505189936,-0.03341625491469515,1.036,-0.0700924227600922,-0.18350143432617189,0.034661788940429684,2.5,0,1,0,-0.19668575051899362,0.03341625491469515,-0.03600000000000003,0.0700924227600922,0.002559742085173039,-0.0016362318420898338,0.0031437333333333393,0.07441419043169731,0,0,0,0,0,0,0,0
2.681471748204875,-0.03065562053893374,1.03,-0.06960373056953377,-0.23054978942871093,0.025325136184692384,2.5,0,1,0,-0.1814717482048751,0.03065562053893374,-0.030000000000000027,0.06960373056953377,0.02381384920690588,-0.00013076225062651561,0.006230581818181827,0.06738240243063182,0,0,0,0,0,0,0,0
2.658187290070209,-0.026025470601256994,1.022,-0.06963863715457368,-0.35325140380859377,0.04499342727661133,2.5,0,1,0,-0.15818729007020904,0.026025470601256994,-0.02200000000000002,0.06963863715457368,0.08005079272790536,-0.012720769500814322,0.0237463230769231,0.06979974447014248,0,0,0,0,0,0,0,0
2.6335927142899163,-0.019376196531025486,1.012,-0.07012732934513209,-0.37496453857421874,0.07382713317871094,2.5,0,1,0,-0.13359271428991626,0.019376196531025486,-0.01200000000000001,0.07012732934513209,0.09931572498406102,-0.026905018875787473,0.04243755384615388,0.07238283176309401,0,0,0,0,0,0,0,0
2.609763587752141,-0.013473622424484973,1.007,-0.06958627727701382,-0.36276223754882814,0.0632754364013672,2.5,0,1,0,-0.10976358775214079,0.013473622424484973,-0.006999999999999895,0.06958627727701382,0.1032049272890001,-0.024877837494540287,0.018663902985075316,0.06716365607648422,0,0,0,0,0,0,0,0
2.5848463926304457,-0.007434564226970146,1.002,-0.06789330790257929,-0.3791518249511719,0.06437920379638672,2.5,0,1,0,-0.08484639263044569,0.007434564226970146,-0.0020000000000000018,0.06789330790257929,0.12955842164518677,-0.030608663789761823,0.024309677777777188,0.05983154897670059,1427127006065,0,0,0,0,0,0,0
2.56140332001701,-0.0017552072843101925,0.996,-0.06775368156241977,-0.3566153564453125,0.06113800811767578,2.5,0,1,0,-0.0614033200170101,0.0017552072843101925,0.0040000000000000036,0.06775368156241977,0.1252737681000363,-0.029565125488967843,0.03270198358208959,0.06712848899454135,1427127006065,0,0,0,0,0,0,0
2.5390587358923327,0.004709774232289849,0.993,-0.06747442888210069,-0.34096511840820315,0.07406067657470704,2.5,0,1,0,-0.03905873589233266,-0.004709774232289849,0.007000000000000006,0.06747442888210069,0.1361541948434955,-0.03848771563539966,0.020209750000000026,0.06616543194310497,1427127006065,0,0,0,0,0,0,0
2.5216304670014273,0.011403985297581364,0.989,-0.06693337681398241,-0.26759933471679687,0.08255861663818359,2.5,0,1,0,-0.021630467001427345,-0.011403985297581364,0.01100000000000001,0.06693337681398241,0.11650184985074999,-0.042532617979613614,0.028613461538461567,0.0644362134226673,1427127006065,0,0,0,0,0,0,0
2.511976437421201,0.01582016133555432,0.988,-0.0668286570588628,-0.1489167175292969,0.05640889358520508,2.5,0,1,0,-0.011976437421200803,-0.01582016133555432,0.01200000000000001,0.0668286570588628,0.07790781343776215,-0.03177512993443285,0.013179280597014944,0.06635976263295411,1427127006065,0,0,0,0,0,0,0
2.503214826246527,0.020078002577189273,0.987,-0.06536258048718756,-0.13539581298828124,0.054948688507080075,2.5,0,1,-0.0668286570588628,-0.003214826246527025,-0.020078002577189273,0.013000000000000012,-0.0014660765716752455,-0.0016074131232635125,-0.010039001288594637,0.01040000000000001,-0.0014660765716752455,1427127006065,0,0,0,0,0,0,0
2.4986150287978703,0.024563347342559792,0.984,-0.06654940437854366,-0.07324410247802735,0.0626298942565918,2.5,0,1,-0.0668286570588628,0.001384971202129659,-0.024563347342559792,0.016000000000000014,-0.00027925268031914197,0.025461525940497585,-0.03644949627597074,0.029057846153846177,0.00519839604901672,1427127006456,0,0,0,0,0,0,0
2.4977769280098983,0.026865716803996863,0.981,-0.06974335690969334,-0.014840307235717774,0.03362308502197266,2.5,0,1,-0.0668286570588628,0.0022230719901017437,-0.026865716803996863,0.019000000000000017,0.0029146998508305377,0.005558377329455263,-0.025676090973634078,0.03133849090909094,0.0174326659015109,1427127006522,0,0,0,0,0,0,0
2.4982440647952284,0.028696020096872474,0.981,-0.07162831250184719,0.005076796531677246,0.0278761043548584,2.5,0,1,-0.0668286570588628,0.0017559352047715748,-0.028696020096872474,0.019000000000000017,0.004799655442984385,-0.0016338755019448615,-0.024255839279692718,0.015552900000000014,0.013499450483694449,1427127006587,0,0,0,0,0,0,0
2.501666876672482,0.030766875745663114,0.977,-0.07503170454323614,0.04898744964599609,0.0346575927734375,2.5,0,1,-0.0668286570588628,-0.0016668766724818873,-0.030766875745663114,0.02300000000000002,0.008203047484373338,-0.01926153848230336,-0.026606547489788256,0.040440861538461575,0.02391101075232235,1427127006652,0,0,0,0,0,0,0
2.503795155392436,0.03223969656011371,0.976,-0.07827801695194558,0.03017829132080078,0.024423233032226564,2.5,0,1,-0.0668286570588628,-0.0037951553924360226,-0.03223969656011371,0.02400000000000002,0.01144935989308278,-0.013015569013698273,-0.023907637383401275,0.02508708059701495,0.025985087096259386,1427127006719,0,0,0,0,0,0,0
2.50475038608003,0.034138232005830084,0.976,-0.08155923594569492,0.012057656288146973,0.029511285781860352,2.5,0,1,-0.0668286570588628,-0.0047503860800302,-0.034138232005830084,0.02400000000000002,0.014730578886832116,-0.007685140343818596,-0.02773199125980368,0.02001440000000002,0.030355431238019426,1427127006782,0,0,0,0,0,0,0
2.5066967707942225,0.03481477028212818,0.974,-0.08456120225912522,0.028271968841552735,0.012492886543273926,2.5,0,1,-0.0668286570588628,-0.006696770794222484,-0.03481477028212818,0.026000000000000023,0.01773254520026242,-0.013677652537054597,-0.021133521983838867,0.03239206060606063,0.031377846624945624,1427127006848,0,0,0,0,0,0,0
2.5100046932433364,0.03439163938881535,0.973,-0.08614945187844003,0.04997760772705078,-0.0021334547996520997,2.5,0,1,-0.0668286570588628,-0.010004693243336416,-0.03439163938881535,0.027000000000000024,0.019320794819577228,-0.02282826980211655,-0.01507821100457821,0.028146115384615415,0.02665117767795326,1427127006913,0,0,0,0,0,0,0
2.5114470520687897,0.033049104979706916,0.974,-0.09042550854582615,0.023287879943847657,-0.01820176124572754,2.5,0,1,-0.0668286570588628,-0.01144705206878971,-0.033049104979706916,0.026000000000000023,0.023596851486963347,-0.013393986717817136,-0.00958765267278599,0.016830069696969714,0.043033472702354796,1427127006979,0,0,0,0,0,0,0
2.5115550795777026,0.031178436954969538,0.972,-0.09328784851909683,0.004147677421569824,-0.02779905128479004,2.5,0,1,-0.0668286570588628,-0.011555079577702632,-0.031178436954969538,0.028000000000000025,0.026459191460234024,-0.006388325301231288,-0.005719257473291984,0.0346843307692308,0.039669991336867924,1427127007044,0,0,0,0,0,0,0
2.5096959442483286,0.028805520570814966,0.975,-0.09545205679156987,-0.024450122833251955,-0.03803672790527344,2.5,0,1,-0.0668286570588628,-0.009695944248328647,-0.028805520570814966,0.025000000000000022,0.02862339973270707,0.005283869878104947,-0.0016471761640436625,0.0052688500000000055,0.038768126009924464,1427127007108,0,0,0,0,0,0,0
2.5084414472259677,0.023840836930241346,0.975,-0.0972148393360841,-0.011634246826171875,-0.07592469787597657,2.5,0,1,-0.0668286570588628,-0.008441447225967735,-0.023840836930241346,0.025000000000000022,0.0303861822772213,0.0024934690826333037,0.014575694547174207,0.02183760000000002,0.03852210171344082,1427127007173,0,0,0,0,0,0,0
2.5063347529840407,0.019457820457732054,0.976,-0.09892526200303853,-0.02506985664367676,-0.06850201416015625,2.5,0,1,-0.0668286570588628,-0.006334752984040737,-0.019457820457732054,0.02400000000000002,0.032096604944175725,0.007959514704226903,0.01326471788354348,0.015892969696969714,0.0398712534303322,1427127007239,0,0,0,0,0,0,0
2.503457977697725,0.01518421032619055,0.973,-0.10274753306490607,-0.036609474182128905,-0.06805256652832031,2.5,0,1,-0.0668286570588628,-0.0034579776977250454,-0.01518421032619055,0.027000000000000024,0.035918876006043265,0.013714119722499703,0.015160130902351007,0.039925346153846186,0.05356012706081653,1427127007304,0,0,0,0,0,0,0
2.497407114368393,0.011051011214469345,0.972,-0.10536552694289755,-0.08392533874511719,-0.07098028564453125,2.5,0,1,-0.0668286570588628,0.002592885631607089,-0.011051011214469345,0.028000000000000025,0.03853686988403475,0.03194379701733343,0.015172861138941878,0.02983716376811597,0.04991945196225859,1427127007373,0,0,0,0,0,0,0
2.492948223460608,0.005656694879607458,0.976,-0.10677924363701295,-0.05800258255004883,-0.08750017547607422,2.5,0,1,-0.0668286570588628,0.007051776539392041,-0.005656694879607458,0.02400000000000002,0.03995058657815015,0.028655987919220596,0.02735279517624975,-0.0008671451612903176,0.04679115122709563,1427127007435,0,0,0,0,0,0,0
2.4878927505804818,0.002346113459986226,0.973,-0.1074599220452908,-0.07010774230957031,-0.05745780563354492,2.5,0,1,-0.0668286570588628,0.01210724941951824,-0.002346113459986226,0.027000000000000024,0.040631264986427995,0.03324221276784084,0.016380982795108603,0.04044284615384619,0.04377285764001805,1427127007500,0,0,0,0,0,0,0
2.483216109266632,-0.0014516756785324,0.974,-0.1113345529847182,-0.06363510131835938,-0.0641620101928711,2.5,0,1,-0.0668286570588628,0.016783890733368168,0.0014516756785324,0.026000000000000023,0.044505895925855396,0.03355158067379334,0.02090424713223724,0.018273384615384636,0.062388807953981856,1427127007565,0,0,0,0,0,0,0
2.4783498724975734,-0.004071146912774726,0.974,-0.11358602771979084,-0.06817609405517579,-0.04715872573852539,2.5,0,1,-0.0668286570588628,0.021650127502426564,0.004071146912774726,0.026000000000000023,0.04675737066092804,0.0370196702461678,0.015871840279517782,0.023827000000000022,0.05714879251510948,1427127007630,0,0,0,0,0,0,0
2.4735932865313783,-0.007709794303873538,0.978,-0.11489502465878662,-0.06470285034179687,-0.06231481170654297,2.5,0,1,-0.0668286570588628,0.026406713468621668,0.007709794303873538,0.02200000000000002,0.04806636759992382,0.03806067949227652,0.02259934393553217,-0.00012112238805969677,0.053927547923785506,1427127007697,0,0,0,0,0,0,0
2.4681840744268,-0.009383526077435594,0.977,-0.11594222220998321,-0.07772501373291016,-0.03424232482910156,2.5,0,1,-0.0668286570588628,0.03181592557319979,0.009383526077435594,0.02300000000000002,0.049113565151120406,0.045988670799603934,0.013732771791124452,0.02727485555555558,0.054100220156818445,1427127007760,0,0,0,0,0,0,0
