0,0,0.729,0,0.0019805692434310914,-0.030978483200073244,0,0,2,0,0,0,1.271,0,0,0,1.0168,0,0,0,0,0,0,0,0,0
-0.0007097649256388347,-0.0013579278310139973,0.73,0.0004188790204786575,-0.01064647388458252,-0.02036891746520996,0,0,2,0,0.0007097649256388347,0.0013579278310139973,1.27,-0.0004188790204786575,0.004177154948076346,0.007991765658672528,1.0186592500000005,-0.002382374428972364,0,0,0,0,0,0,0,0
-0.000321154590813563,-0.001737006454713641,0.735,0.001012290966156626,0.005826772689819336,-0.005688620567321777,0,0,2,0,0.000321154590813563,0.001737006454713641,1.2650000000000001,-0.001012290966156626,-0.001963968587029137,0.0029435837879354227,1.000880250000001,-0.0037939094615221033,0,0,0,0,0,0,0,0
0.002002532585926781,-0.0030883697793252698,0.744,-0.0005759586531581817,0.03483477020263672,-0.020305723190307618,0,0,2,0,-0.002002532585926781,0.0030883697793252698,1.256,0.0005759586531581817,-0.013324504591347291,0.008714538211757408,0.9815863272727267,0.007795275104589125,0,0,0,0,0,0,0,0
0.007177797112946548,-0.005072337123878678,0.762,0.0005934119456780795,0.0776460952758789,-0.029714794158935548,0,0,2,0,-0.007177797112946548,0.005072337123878678,1.238,-0.0005934119456780795,-0.03146102790160851,0.013226399328402203,0.926037523076923,-0.005990507017230054,0,0,0,0,0,0,0,0
0.01407099652747356,-0.007360097046494084,0.785,-0.0016406094968747231,0.10337760925292969,-0.03437775039672852,0,0,2,0,-0.01407099652747356,0.007360097046494084,1.2149999999999999,0.0016406094968747231,-0.04305949685780283,0.01564329413905323,0.8925518462686559,0.011643690582932048,0,0,0,0,0,0,0,0
0.024245884074713654,-0.008400538074005297,0.817,-0.00019198621771943092,0.15264871215820314,-0.015356199264526367,0,0,2,0,-0.024245884074713654,0.008400538074005297,1.183,0.00019198621771943092,-0.06868011790571038,0.009998050252034325,0.8167762222222235,-0.006706219873496246,0,0,0,0,0,0,0,0
0.036123389802998805,-0.010011219147394175,0.854,0.0015009831567150966,0.17816722106933594,-0.02412601089477539,0,0,2,0,-0.036123389802998805,0.010011219147394175,1.146,-0.0015009831567150966,-0.08207099800838374,0.013702568238035291,0.7731722307692299,-0.00931468796179753,0,0,0,0,0,0,0,0
0.0477458975196072,-0.0113172723189803,0.893,0.0033684854563490463,0.17430801391601564,-0.019852453231811524,0,0,2,0,-0.0477458975196072,0.0113172723189803,1.107,-0.0033684854563490463,-0.08654022048335469,0.012722646964205487,0.7383985000000005,-0.011987726839274966,0,0,0,0,0,0,0,0
0.05971791329584642,-0.010846956324840208,0.931,0.006789330790257896,0.1796029815673828,0.006449787616729736,0,0,2,0,-0.05971791329584642,0.010846956324840208,1.069,-0.006789330790257896,-0.09252388643537458,0.003005287830770504,0.7266533373134327,-0.022106548703282596,0,0,0,0,0,0,0,0
0.0702253505209636,-0.010086861683192198,0.972,0.008621926504851938,0.15768533325195314,0.010331088066101075,0,0,2,0,-0.0702253505209636,0.010086861683192198,1.028,-0.008621926504851938,-0.09100483087060939,0.0010579675170812623,0.6817213575757579,-0.016951907025733945,0,0,0,0,0,0,0,0
0.08051175599504835,-0.00966850638628656,1.013,0.009180431865490111,0.15434445190429688,0.004944783210754394,0,0,2,0,-0.08051175599504835,0.00966850638628656,0.9870000000000001,-0.009180431865490111,-0.09762419508019227,0.0025614898515619513,0.6447859222222228,-0.011839981201862363,0,0,0,0,0,0,0,0
0.09022755094358521,-0.008905768035876902,1.053,0.010210176124166857,0.1458358154296875,0.010102684020996094,0,0,2,0,-0.09022755094358521,0.008905768035876902,0.9470000000000001,-0.010210176124166857,-0.09770986233798538,0.0004030528634486434,0.6313345846153846,-0.014962841933444146,0,0,0,0,0,0,0,0
0.10033909319493294,-0.0073319042595217905,1.096,0.010855947947404741,0.15190626525878906,0.022058143615722656,0,0,2,0,-0.10033909319493294,0.0073319042595217905,0.9039999999999999,-0.010855947947404741,-0.10413785328077611,-0.0046182346107184824,0.5902552969696961,-0.013791274416667849,0,0,0,0,0,0,0,0
0.11004392872379151,-0.006650035753284374,1.132,0.010629055144645403,0.14567498779296875,0.008647128105163574,0,0,2,0,-0.11004392872379151,0.006650035753284374,0.8680000000000001,-0.010629055144645403,-0.10769679132346152,-0.0002801986907154004,0.6012814461538474,-0.009581857593448461,0,0,0,0,0,0,0,0
0.11813416733385625,-0.0044295842614577325,1.171,0.011728612573401851,0.12170073699951171,0.03201504135131836,0,0,2,0,-0.11813416733385625,0.0044295842614577325,0.829,-0.011728612573401851,-0.10182669432709186,-0.009315230430968872,0.5657505567164172,-0.01665200404544565,0,0,0,0,0,0,0,0
0.12456948752838906,-0.0018756467217487449,1.205,0.01302015621987773,0.09697246551513672,0.037174293518066406,0,0,2,0,-0.12456948752838906,0.0018756467217487449,0.7949999999999999,-0.01302015621987773,-0.09861217155967862,-0.013180185965894783,0.5584015111111109,-0.01917036406023906,0,0,0,0,0,0,0,0
0.12963263976621356,0.0014183444834025296,1.242,0.01329940890019676,0.07658415222167969,0.04841686248779297,0,0,2,0,-0.12963263976621356,-0.0014183444834025296,0.758,-0.01329940890019676,-0.09273935747036288,-0.0183764373251578,0.5233866307692313,-0.014588267424746126,0,0,0,0,0,0,0,0
0.134644825713859,0.0051640204214439215,1.279,0.01375319450571521,0.07592334747314453,0.05518031311035156,0,0,2,0,-0.134644825713859,-0.0051640204214439215,0.7210000000000001,-0.01375319450571521,-0.09425559596351014,-0.022082823323255646,0.5045645179104483,-0.015785070351320218,0,0,0,0,0,0,0,0
0.1391781441400115,0.01043433672827989,1.317,0.012758356832078594,0.06908056640625,0.0781120834350586,0,0,2,0,-0.1391781441400115,-0.01043433672827989,0.683,-0.012758356832078594,-0.09521985341132169,-0.03397973789974883,0.46400679999999994,-0.008095055236906951,0,0,0,0,0,0,0,0
0.14266778406269123,0.015804295652439633,1.355,0.012531464029319145,0.05336798858642578,0.07987501525878907,0,0,2,0,-0.14266778406269123,-0.015804295652439633,0.645,-0.012531464029319145,-0.0907729152237563,-0.03633016079479723,0.44416114848484833,-0.011500133107685289,0,0,0,0,0,0,0,0
0.14412291073670974,0.02141179530262957,1.39,0.011292280260403293,0.02287921142578125,0.0838323745727539,0,0,2,0,-0.14412291073670974,-0.02141179530262957,0.6100000000000001,-0.011292280260403293,-0.08104477496554086,-0.04133657298001498,0.43017405000000053,-0.005483606343610234,0,0,0,0,0,0,0,0
0.14403044628388972,0.02654211110102971,1.422,0.010105456369047245,-0.0005179023742675781,0.07696549224853516,0,0,2,0,-0.14403044628388972,-0.02654211110102971,0.5780000000000001,-0.010105456369047245,-0.07263655301549193,-0.04087774691545523,0.4274296076923077,-0.004627807639711639,0,0,0,0,0,0,0,0
0.14317709141566348,0.03178143232920829,1.453,0.009023352232810583,-0.012005496978759765,0.07871515655517577,0,0,2,0,-0.14317709141566348,-0.03178143232920829,0.5469999999999999,-0.009023352232810583,-0.06834586580931673,-0.04326351221861486,0.41666190149253657,-0.004178109831750906,0,0,0,0,0,0,0,0
0.14103818621243225,0.03620604126033277,1.483,0.008028514559173966,-0.03148340797424316,0.06665592956542969,0,0,2,0,-0.14103818621243225,-0.03620604126033277,0.5169999999999999,-0.008028514559173966,-0.060127363755201564,-0.0423264801372602,0.3938484999999998,-0.0033652129640023235,0,0,0,0,0,0,0,0
0.13885647449045324,0.04023197881034865,1.512,0.006981317007977323,-0.03223979187011719,0.06064985275268555,0,0,2,0,-0.13885647449045324,-0.04023197881034865,0.488,-0.006981317007977323,-0.05907622392983778,-0.041846644875724155,0.3817291538461543,-0.002148097540915891,0,0,0,0,0,0,0,0
0.13647206377738055,0.04405622171104283,1.537,0.005759586531581257,-0.035364818572998044,0.0576119384765625,0,0,2,0,-0.13647206377738055,-0.04405622171104283,0.4630000000000001,-0.005759586531581257,-0.05688126930886769,-0.042701354758451174,0.38627711538461595,-0.00012083048667633871,0,0,0,0,0,0,0,0
0.13303295594979295,0.04482186661702364,1.565,0.0045204027626652935,-0.05151961517333985,0.011781599044799805,0,0,2,0,-0.13303295594979295,-0.04482186661702364,0.43500000000000005,-0.0045204027626652935,-0.049569048507514764,-0.02664393760705531,0.3505507692307692,0.0011989069400237685,0,0,0,0,0,0,0,0
0.12937938268550145,0.0458836379607258,1.587,0.002827433388230766,-0.05473104476928711,0.01617414093017578,0,0,2,0,-0.12937938268550145,-0.0458836379607258,0.41300000000000003,-0.002827433388230766,-0.04726138849444288,-0.028629428697275562,0.3715617268656716,0.004753026497296969,0,0,0,0,0,0,0,0
0.12521327509404434,0.04602729322697858,1.608,0.0012566370614359671,-0.06248527145385742,0.0023315110206604006,0,0,2,0,-0.12521327509404434,-0.04602729322697858,0.3919999999999999,-0.0012566370614359671,-0.0411980073723667,-0.023981771616818193,0.35549003333333257,0.006223345447110694,0,0,0,0,0,0,0,0
0.12114066089861988,0.046208620205772974,1.629,-0.000663225115757898,-0.06108574676513672,0.0027966694831848145,0,0,2,0,-0.12114066089861988,-0.046208620205772974,0.371,0.000663225115757898,-0.04142713326943666,-0.024239072781587514,0.34979126470588284,0.009133205309260243,0,0,0,0,0,0,0,0
0.1169030631683107,0.04607340585009763,1.649,-0.002583087292951652,-0.06356260681152344,-0.0020703721046447755,0,0,2,0,-0.1169030631683107,-0.04607340585009763,0.351,0.002583087292951652,-0.037875366079481707,-0.022551527599912212,0.33813549393939385,0.011309733552923262,0,0,0,0,0,0,0,0
0.11291475246767142,0.04476304334850856,1.67,-0.0033510321638291537,-0.05977368927001953,-0.01980990409851074,0,0,2,0,-0.11291475246767142,-0.04476304334850856,0.33000000000000007,0.0033510321638291537,-0.03661451120250236,-0.01547599559184656,0.3146643500000006,0.006950773746067443,0,0,0,0,0,0,0,0
0.10957703768712183,0.043340929905159885,1.682,-0.003333578871309145,-0.04999395751953125,-0.021499353408813475,0,0,2,0,-0.10957703768712183,-0.043340929905159885,0.31800000000000006,0.003333578871309145,-0.039129046177095506,-0.014418078130050083,0.35837053636363636,0.0032542457234909228,0,0,0,0,0,0,0,0
0.10533031870872896,0.04059403292650464,1.697,-0.0031590459461096117,-0.06356307601928711,-0.04141557693481445,0,0,2,0,-0.10533031870872896,-0.04059403292650464,0.30299999999999994,0.0031590459461096117,-0.03079758052192336,-0.005104632133153026,0.32720808064516055,0.0023145317919183225,0,0,0,0,0,0,0,0
0.10182278194106674,0.03764383258443542,1.712,-0.003560471674068483,-0.05247299194335937,-0.04441899108886719,0,0,2,0,-0.10182278194106674,-0.03764383258443542,0.28800000000000003,0.003560471674068483,-0.03448385499396939,-0.0035160515700293493,0.322240845454546,0.0053851340738815335,0,0,0,0,0,0,0,0
0.09949614792505931,0.034519243994845926,1.727,-0.00260054058547155,-0.03473241424560547,-0.04699279022216797,0,0,2,0,-0.09949614792505931,-0.034519243994845926,0.2729999999999999,0.00260054058547155,-0.03945775493305959,-0.000796488807737427,0.3107915692307685,-0.0018299105926681408,0,0,0,0,0,0,0,0
0.09831172752724944,0.032788486103718616,1.74,-0.0034557519189487625,-0.017698732376098633,-0.026007482528686524,0,0,2,0,-0.09831172752724944,-0.032788486103718616,0.26,0.0034557519189487625,-0.045079828378111114,-0.007457664600629863,0.31285080000000054,0.0074028811503820515,0,0,0,0,0,0,0,0
0.09787752499079605,0.030124741911374438,1.755,-0.0037350045992677935,-0.006374920845031738,-0.039978431701660155,0,0,2,0,-0.09787752499079605,-0.030124741911374438,0.2450000000000001,0.0037350045992677935,-0.04903773114217404,-0.0015503600473490455,0.2941340910447767,0.004985389735024649,0,0,0,0,0,0,0,0
0.09745108451293982,0.027473175911033054,1.771,-0.003612831551628287,-0.0062480087280273435,-0.03979710388183594,0,0,2,0,-0.09745108451293982,-0.027473175911033054,0.2290000000000001,0.003612831551628287,-0.048823005439411496,0.00034351008280758717,0.2736579,0.0030401453908180994,0,0,0,0,0,0,0,0
0.09775204805057118,0.02363043040671295,1.787,-0.0030892327760299095,0.004722671031951904,-0.057624496459960935,0,0,2,0,-0.09775204805057118,-0.02363043040671295,0.21300000000000008,0.0030892327760299095,-0.05298969529767436,0.00844047805255997,0.2635885538461539,0.0006726230424989373,0,0,0,0,0,0,0,0
0.09800329899549028,0.021162725295084298,1.803,-0.003228859116189536,0.0038830957412719727,-0.03700375747680664,0,0,2,0,-0.09800329899549028,-0.021162725295084298,0.19700000000000006,0.003228859116189536,-0.052911339722953414,0.002256511183978514,0.25206905384615386,0.003873288378464735,0,0,0,0,0,0,0,0
0.09918274076509041,0.018080156729175484,1.813,-0.002024581932313368,0.017840831756591798,-0.046181163787841796,0,0,2,0,-0.09918274076509041,-0.018080156729175484,0.18700000000000006,0.002024581932313368,-0.058468246958097145,0.006845174170905105,0.27842679696969697,-0.003449405267123758,0,0,0,0,0,0,0,0
0.10030747031225731,0.014604008516211731,1.821,-0.0015533430342749063,0.01697647476196289,-0.052107959747314456,0,0,2,0,-0.10030747031225731,-0.014604008516211731,0.17900000000000005,0.0015533430342749063,-0.05880667408857709,0.010660774426754595,0.28381425757575757,-0.0005886519568090113,0,0,0,0,0,0,0,0
0.10214766398032567,0.010552136743992925,1.832,-0.0013264502315156797,0.027697280883789064,-0.06073512649536133,0,0,2,0,-0.10214766398032567,-0.010552136743992925,0.16799999999999993,0.0013264502315156797,-0.06404994723551456,0.016756341890092792,0.2573857888888882,0.0002460083136146011,0,0,0,0,0,0,0,0
0.10456472072301347,0.005663825020678986,1.841,0.00008726646259981685,0.03635308074951172,-0.07327651977539062,0,0,2,0,-0.10456472072301347,-0.005663825020678986,0.15900000000000003,-0.00008726646259981685,-0.06792191531721746,0.02260922609207929,0.26461902727272785,-0.006513251435852074,0,0,0,0,0,0,0,0
0.10702905476161738,0.00014810275684113468,1.858,0.0017802358370341224,0.03695779037475586,-0.08273905944824218,0,0,2,0,-0.10702905476161738,-0.00014810275684113468,0.1419999999999999,-0.0017802358370341224,-0.06947543444555054,0.028694166585017628,0.20953198484848407,-0.009475551175371874,0,0,0,0,0,0,0,0
0.10929887476805882,-0.0041674067258454595,1.867,0.002809980095710868,0.0339320068359375,-0.06479315185546874,0,0,2,0,-0.10929887476805882,0.0041674067258454595,0.133,-0.002809980095710868,-0.07002493580534384,0.02520498864187675,0.24411595000000058,-0.007636906308258114,0,0,0,0,0,0,0,0
0.110421343825355,-0.006480273301454312,1.871,0.004276056667386057,0.01673948287963867,-0.03474017333984375,0,0,2,0,-0.110421343825355,0.006480273301454312,0.129,-0.004276056667386057,-0.06411071880328749,0.014847460057158278,0.2701034776119403,-0.010840578630110785,0,0,0,0,0,0,0,0
0.1122758702465931,-0.0074749418392089815,1.879,0.005009094953223763,0.027753843307495116,-0.01503884220123291,0,0,2,0,-0.1122758702465931,0.0074749418392089815,0.121,-0.005009094953223763,-0.0693881356078511,0.008707033026851118,0.24162339999999996,-0.00844521191808801,0,0,0,0,0,0,0,0
0.1143358448057499,-0.0077014768388150075,1.888,0.004660029102824808,0.030882209777832032,-0.0035527608394622804,0,0,2,0,-0.1143358448057499,0.0077014768388150075,0.1120000000000001,-0.004660029102824808,-0.07161484233234801,0.004624499185080578,0.22967145000000067,-0.0030237829290797056,0,0,0,0,0,0,0,0
0.11485514192513326,-0.0070484198197925205,1.904,0.004677482395344817,0.007835021018981933,0.00975944995880127,0,0,2,0,-0.11485514192513326,0.0070484198197925205,0.09600000000000009,-0.004677482395344817,-0.0634386577756878,-0.0003994218079279425,0.18187531515151517,-0.004756815543163039,0,0,0,0,0,0,0,0
0.11601410801014005,-0.005053574711320735,1.914,0.004694935687864714,0.01752426338195801,0.029841033935546876,0,0,2,0,-0.11601410801014005,0.005053574711320735,0.08600000000000008,-0.004694935687864714,-0.06758028823960655,-0.008671852038120513,0.20543664615384616,-0.004775489345648853,0,0,0,0,0,0,0,0
0.11709125745907058,-0.002933004760214899,1.923,0.005759586531581255,0.0163064022064209,0.03173234176635742,0,0,2,0,-0.11709125745907058,0.002933004760214899,0.07699999999999996,-0.005759586531581255,-0.06750204998294669,-0.009903367187185187,0.20628287058823463,-0.01045657554797776,0,0,0,0,0,0,0,0
0.1179614327167073,0.0005207073313514394,1.932,0.005218534463462981,0.01335079002380371,0.051729644775390625,0,0,2,0,-0.1179614327167073,-0.0005207073313514394,0.06800000000000006,-0.005218534463462981,-0.06737840180487896,-0.0202126096009925,0.1950215483870974,-0.0026005405854713317,0,0,0,0,0,0,0,0
0.11822282015932967,0.004939343465047931,1.937,0.005323254218582701,0.00426663875579834,0.0662581787109375,0,0,2,0,-0.11822282015932967,-0.004939343465047931,0.06299999999999994,-0.005323254218582701,-0.06404148192530797,-0.026010902784819143,0.21613069701492474,-0.005792148644491894,0,0,0,0,0,0,0,0
0.11918626103234685,0.010521105528605083,1.943,0.006073745796940194,0.014897103309631348,0.0836483154296875,0,0,2,0,-0.11918626103234685,-0.010521105528605083,0.05699999999999994,-0.006073745796940194,-0.06850284205337162,-0.03625135104512805,0.20500239999999992,-0.00959167507049094,0,0,0,0,0,0,0,0
0.11812142681734022,0.016305260370907414,1.948,0.006998770300497109,-0.015445249557495117,0.08685773468017578,0,0,2,0,-0.11812142681734022,-0.016305260370907414,0.052000000000000046,-0.006998770300497109,-0.05713271970337143,-0.03930247705919457,0.2076429484848491,-0.011203427134846723,0,0,0,0,0,0,0,0
0.11698563017728734,0.022949912855259567,1.958,0.006475171524898953,-0.016338972091674803,0.09978658294677735,0,0,2,0,-0.11698563017728734,-0.022949912855259567,0.04200000000000004,-0.006475171524898953,-0.056075152421252876,-0.04830388611325012,0.1717394,-0.0040208022642826005,0,0,0,0,0,0,0,0
0.114934979813419,0.029431209188140683,1.966,0.006859143960337704,-0.030129602432250976,0.09741658020019531,0,0,2,0,-0.114934979813419,-0.029431209188140683,0.03400000000000003,-0.006859143960337704,-0.050625868904009476,-0.049083828072887546,0.17846365522388064,-0.008578423522003753,0,0,0,0,0,0,0,0
0.11228622328891105,0.035214688306641435,1.975,0.0071034900556168285,-0.03913537216186523,0.08702266693115235,0,0,2,0,-0.11228622328891105,-0.035214688306641435,0.02499999999999991,-0.0071034900556168285,-0.04560031922833094,-0.04976898830511351,0.1639959499999993,-0.008248862377237723,0,0,0,0,0,0,0,0
0.109897289027918,0.041509076417902455,1.982,0.007155849933176633,-0.035162433624267575,0.09466798400878906,0,0,2,0,-0.109897289027918,-0.041509076417902455,0.018000000000000016,-0.007155849933176633,-0.046099180404527436,-0.055207620891750936,0.17003939230769288,-0.007397510906529577,0,0,0,0,0,0,0,0
0.10670966412875535,0.04677497141952026,1.989,0.0073827427359359704,-0.0472479248046875,0.07932855224609375,0,0,2,0,-0.10670966412875535,-0.04677497141952026,0.010999999999999899,-0.0073827427359359704,-0.04027408733879354,-0.052332932302826735,0.16451089230769161,-0.008429940287132913,0,0,0,0,0,0,0,0
0.10285739221443388,0.05180550582112232,1.996,0.00757472895365529,-0.057225421905517576,0.07588256072998047,0,0,2,0,-0.10285739221443388,-0.05180550582112232,0.0040000000000000036,-0.00757472895365529,-0.034835940143409294,-0.053614546774634425,0.15893689230769287,-0.00846081918928292,0,0,0,0,0,0,0,0
0.09828712759000788,0.05565459460696726,2.003,0.00874409955249155,-0.06811466979980468,0.058253948211669924,0,0,2,0,-0.09828712759000788,-0.05565459460696726,-0.0030000000000001137,-0.00874409955249155,-0.029837224832518463,-0.04830092975791757,0.15497938823529342,-0.013903087488533875,1427289499215,0,0,0,0,0,0,0
0.09414393809700915,0.058646651513819995,2.01,0.009704030641088372,-0.061753028869628905,0.04542255783081055,0,0,2,0,-0.09414393809700915,-0.058646651513819995,-0.009999999999999787,-0.009704030641088372,-0.028330642222487892,-0.04664495757547037,0.1464569111111131,-0.014275131062977998,1427289499215,0,0,0,0,0,0,0
0.08937622293262706,0.060521898073675945,2.017,0.010000736613927523,-0.0712394027709961,0.028821353912353517,0,0,2,0,-0.08937622293262706,-0.060521898073675945,-0.016999999999999904,-0.010000736613927523,-0.02294826252330772,-0.04125403112297366,0.14135574999999945,-0.011391545861611042,1427289499215,0,0,0,0,0,0,0
0.08501547108376263,0.06074452414341425,2.025,0.012095131716320588,-0.06537461090087891,0.003993374109268188,0,0,2,0,-0.08501547108376263,-0.06074452414341425,-0.02499999999999991,-0.012095131716320588,-0.02445409314350711,-0.032297265286642306,0.1318905294117647,-0.02133511010923117,1427289499215,0,0,0,0,0,0,0
0.08099250445590071,0.060605420122898455,2.03,0.012252211349000114,-0.060365322113037106,-0.0013565508127212525,0,0,2,0,-0.08099250445590071,-0.060605420122898455,-0.029999999999999805,-0.012252211349000114,-0.022588866789070364,-0.030347225100491017,0.14110022222222296,-0.013000209599855,1427289499215,0,0,0,0,0,0,0
0.07679064567382118,0.05885983491589013,2.038,0.013718287920675415,-0.06334395217895508,-0.025409601211547853,0,0,2,0.012252211349000116,-0.07679064567382118,-0.05885983491589013,-0.03799999999999981,-0.0014660765716752993,-0.03839532283691059,-0.029429917457945064,-0.03039999999999985,-0.0014660765716752993,1427289499215,0,0,0,0,0,0,0
0.07295668220438399,0.05631647779786704,2.044,0.015009831567151185,-0.05802738189697266,-0.037357860565185544,0,0,2,0.012252211349000116,-0.07295668220438399,-0.05631647779786704,-0.04400000000000004,-0.002757620218151069,-0.01649905470161195,-0.014909777038937488,-0.06683808358209076,-0.008540651471027647,1427289499605,0,0,0,0,0,0,0
0.06971297655693458,0.05289084020787482,2.05,0.015969762655748117,-0.049421348571777345,-0.05064849090576172,0,0,2,0.012252211349000116,-0.06971297655693458,-0.05289084020787482,-0.04999999999999982,-0.0037175513067480015,-0.016928701500500583,-0.007485153428991739,-0.073943133333332,-0.008288651728638156,1427289499668,0,0,0,0,0,0,0
0.06810176950179238,0.04925954436441708,2.05,0.017592918860102835,-0.02503485107421875,-0.0540765495300293,0,0,2,0.012252211349000116,-0.06810176950179238,-0.04925954436441708,-0.04999999999999982,-0.005340707511102719,-0.02564435223319988,-0.005476464853820206,-0.04093979999999986,-0.012718690258169617,1427289499734,0,0,0,0,0,0,0
0.06733983141422445,0.044450038295374486,2.054,0.018500490071139852,-0.012696435928344726,-0.07193036651611329,0,0,2,0.012252211349000116,-0.06733983141422445,-0.044450038295374486,-0.053999999999999826,-0.006248278722139736,-0.029748690369267763,0.0035398641304525413,-0.06602926153846142,-0.010437068926925969,1427289499799,0,0,0,0,0,0,0
0.06750943616336115,0.0407266544608933,2.057,0.019495327744776584,0.0015104284286499023,-0.055888263702392575,0,0,2,0.012252211349000116,-0.06750943616336115,-0.0407266544608933,-0.05699999999999994,-0.007243116395776468,-0.034893373767290306,-0.0004732667714986358,-0.06341514615384672,-0.01183467488948446,1427289499864,0,0,0,0,0,0,0
0.06845276498941512,0.036241552752971966,2.057,0.02111848394913141,0.012835748672485351,-0.06753958129882813,0,0,2,0.012252211349000116,-0.06845276498941512,-0.036241552752971966,-0.05699999999999994,-0.008866272600131293,-0.0393536986766355,0.004780732268797695,-0.04764889999999995,-0.016027255854637875,1427289499932,0,0,0,0,0,0,0
0.07036457940333797,0.0309257895858717,2.05,0.02307325271136507,0.02698703384399414,-0.0803242416381836,0,0,2,0.012252211349000116,-0.07036457940333797,-0.0309257895858717,-0.04999999999999982,-0.010821041362364954,-0.04629036368895431,0.01434269800205825,-0.0028427709677411317,-0.020279599889302023,1427289499994,0,0,0,0,0,0,0
0.07192883160124802,0.02494097728657578,2.048,0.024207716725161428,0.021386384963989258,-0.0902896270751953,0,0,2,0.012252211349000116,-0.07192883160124802,-0.02494097728657578,-0.04800000000000004,-0.011955505376161312,-0.04462273890010689,0.019047943628374808,-0.0304696393939406,-0.017112159984326577,1427289500060,0,0,0,0,0,0,0
0.07309826762166499,0.018361212887747638,2.051,0.025970499269675547,0.015147418022155761,-0.09909214782714844,0,0,2,0.012252211349000116,-0.07309826762166499,-0.018361212887747638,-0.051000000000000156,-0.013718287920675431,-0.0432566571640313,0.026017750667371727,-0.059961046153846884,-0.021854207356894438,1427289500125,0,0,0,0,0,0,0
0.07558090708218594,0.010982725059259284,2.037,0.028152160834668545,0.034353012084960936,-0.11160701751708985,0,0,2,0.012252211349000116,-0.07558090708218594,-0.010982725059259284,-0.03699999999999992,-0.01589994948566843,-0.05161819993060893,0.03400067427772853,0.042536915384616694,-0.025969156708713036,1427289500190,0,0,0,0,0,0,0
0.07774524118901532,0.004018028259945456,2.025,0.0300720230118623,0.02951146697998047,-0.1053428955078125,0,0,2,0.012252211349000116,-0.07774524118901532,-0.004018028259945456,-0.02499999999999991,-0.017819811662862183,-0.05036445890585932,0.03307810333184279,0.03744936521739142,-0.02616703852022633,1427289500259,0,0,0,0,0,0,0
0.07969956688371413,-0.0023572458790096767,2.026,0.031503192998497694,0.026426303863525392,-0.09646730041503906,0,0,2,0.012252211349000116,-0.07969956688371413,0.0023572458790096767,-0.0259999999999998,-0.019250981649497578,-0.051445012906083484,0.036928480507757024,-0.030026561290321795,-0.02617599771386239,1427289500321,0,0,0,0,0,0,0
0.0810691150579992,-0.007659760038864331,2.012,0.033248522250491915,0.018027751922607423,-0.08014531707763672,0,0,2,0.012252211349000116,-0.0810691150579992,0.007659760038864331,-0.01200000000000001,-0.0209963109014918,-0.04863890404458814,0.03259331336139022,0.06330429999999884,-0.02917754177021471,1427289500385,0,0,0,0,0,0,0
0.08114814915690338,-0.009481546096690342,1.999,0.035499996985564615,0.00027644824981689454,-0.027351097106933595,0,0,2,0.012252211349000116,-0.08114814915690338,0.009481546096690342,0.0009999999999998899,-0.0232477856365645,-0.04166138251582388,0.014173326569311357,0.06608779393939333,-0.033481761705076774,1427289500451,0,0,0,0,0,0,0
0.08320827614271004,-0.010725459523887098,1.992,0.03705334001983951,0.030220190048217774,-0.019743732452392578,0,0,2,0.012252211349000116,-0.08320827614271004,0.010725459523887098,0.008000000000000007,-0.024801128670839393,-0.05341940262879423,0.011839263538524113,0.040492707692308325,-0.031970404213646594,1427289500516,0,0,0,0,0,0,0
0.0848893380063913,-0.010035832023706748,1.984,0.03904301536711319,0.02558182716369629,0.009403191566467285,0,0,2,0.012252211349000116,-0.0848893380063913,0.010035832023706748,0.016000000000000014,-0.02679080401811307,-0.05200548440712961,0.001200646701316482,0.05109864477611945,-0.03569979811038327,1427289500583,0,0,0,0,0,0,0
0.08716531524844577,-0.009458030022234441,1.98,0.04173082241518433,0.03445194244384766,0.007327848434448242,0,0,2,0.012252211349000116,-0.08716531524844577,0.009458030022234441,0.020000000000000018,-0.029478611066184216,-0.056864342920334945,0.0013604758616029156,0.03451060000000004,-0.0420777066040177,1427289500647,0,0,0,0,0,0,0
0.0898845924547736,-0.007881410504712968,1.98,0.04379031093253771,0.04174026489257812,0.021927032470703125,0,0,2,0.012252211349000116,-0.0898845924547736,0.007881410504712968,0.020000000000000018,-0.03153809958353759,-0.060477917846335875,-0.004752345994509087,0.01276560000000002,-0.04104343120209164,1427289500712,0,0,0,0,0,0,0
0.09143154418916162,-0.0053471244215884915,1.983,0.0459370659124907,0.02484615707397461,0.03696205139160156,0,0,2,0.012252211349000116,-0.09143154418916162,0.0053471244215884915,0.016999999999999904,-0.03368485456349059,-0.05499830244526918,-0.011172679527675,-0.0056777461538468355,-0.04359295447096594,1427289500777,0,0,0,0,0,0,0
0.09275414590778025,-0.0022529211937232724,1.991,0.04644321139556907,0.021949426651000976,0.04545306015014648,0,0,2,0.012252211349000116,-0.09275414590778025,0.0022529211937232724,0.008999999999999897,-0.034191000046568956,-0.054404877925309035,-0.015480791862514469,-0.03828874242424253,-0.036491661333288815,1427289500843,0,0,0,0,0,0,0
0.09473882992307633,0.0006297179647974174,1.993,0.047368235899126095,0.03174562263488769,0.041810832977294925,0,0,2,0.012252211349000116,-0.09473882992307633,-0.0006297179647974174,0.006999999999999895,-0.03511602455012598,-0.05929779650008375,-0.01627829387832887,-0.008357200000000089,-0.03945207691054954,1427289500907,0,0,0,0,0,0,0
0.09630809978213274,0.004341642909895305,1.995,0.04977679026687832,0.02614906883239746,0.054501834869384765,0,0,2,0.012252211349000116,-0.09630809978213274,-0.004341642909895305,0.004999999999999893,-0.03752457891787821,-0.05774120561150824,-0.022359933686520925,-0.00975643076923086,-0.04864098369211924,1427289500972,0,0,0,0,0,0,0
0.09658333111914658,0.008077631948533856,1.998,0.05134758659367323,0.006911687850952149,0.05576500701904297,0,0,2,0.012252211349000116,-0.09658333111914658,-0.008077631948533856,0.0020000000000000018,-0.03909537524467312,-0.0509737007111672,-0.02436275455490263,-0.017528046153845563,-0.046345204445265006,1427289501037,0,0,0,0,0,0,0
0.0955011893916268,0.012273214025553172,2.001,0.053180182308267265,-0.012980656623840332,0.06368389892578125,0,0,2,0.012252211349000116,-0.0955011893916268,-0.012273214025553172,-0.0009999999999998899,-0.040927970959267146,-0.0432750153675819,-0.028601080753745817,-0.01968989090909024,-0.049257951480149095,1427289501103,0,0,0,0,0,0,0
0.09461445453818043,0.01673006505776592,2.003,0.054175019981903993,-0.009728652000427246,0.06746527099609376,0,0,2,0.012252211349000116,-0.09461445453818043,-0.01673006505776592,-0.0030000000000001137,-0.041922808632903874,-0.04400147300299487,-0.031873474151118755,-0.015848661194031107,-0.04637730567903848,1427289501170,0,0,0,0,0,0,0
0.09190488736083917,0.020641834105755996,2.008,0.054960418145301504,-0.037406631469726566,0.06079123687744141,0,0,2,0.012252211349000116,-0.09190488736083917,-0.020641834105755996,-0.008000000000000007,-0.042708206796301385,-0.0325197600367655,-0.0319529987991751,-0.03679584999999942,-0.046389760687227215,1427289501234,0,0,0,0,0,0,0
0.08959436932385244,0.024944801476897052,2.007,0.0564614013020166,-0.031059831619262696,0.06635089874267579,0,0,2,0.012252211349000116,-0.08959436932385244,-0.024944801476897052,-0.007000000000000117,-0.04420918995301648,-0.033604141400953254,-0.036259812987422764,-0.0032281500000006947,-0.0512450485001185,1427289501298,0,0,0,0,0,0,0
0.08691550917245185,0.028419169873248887,2.004,0.05893976883984853,-0.03717791748046875,0.05430005645751953,0,0,2,0.012252211349000116,-0.08691550917245185,-0.028419169873248887,-0.0040000000000000036,-0.04668755749084841,-0.030751644515620274,-0.032908581916531954,0.00958579090909151,-0.05795286448099353,1427289501364,0,0,0,0,0,0,0
0.0846057139768199,0.031677416386351666,2.003,0.06204645490839833,-0.031707828521728515,0.05082973098754883,0,0,2,0.012252211349000116,-0.0846057139768199,-0.031677416386351666,-0.0030000000000001137,-0.04979424355939821,-0.03160974933325668,-0.03341251137188061,-0.00024006969697037278,-0.06391554387098822,1427289501430,0,0,0,0,0,0,0
0.08185679635044597,0.03289437610735983,2.002,0.06267477343911632,-0.04002252578735352,0.020776037216186524,2.5,0,2,0,2.418143203649554,-0.03289437610735983,-0.0019999999999997797,-0.06267477343911632,1.209071601824777,-0.016447188053679916,-0.0015999999999998238,-0.06267477343911632,0,0,0,0,0,0,0,0
0.07828936982672441,0.03283279166136337,2,0.0677711348549398,-0.053464191436767575,0.002429666519165039,2.5,0,2,0,2.4217106301732754,-0.03283279166136337,0,-0.0677711348549398,1.2316386467393663,-0.016106128589895987,0.010769230769229582,-0.09129280292797125,0,0,0,0,0,0,0,0
0.07518545705416192,0.033496930382482984,2.001,0.06831218692305807,-0.04577718734741211,0.013092132568359375,2.5,0,2,0,2.424814542945838,-0.033496930382482984,-0.0009999999999998899,-0.06831218692305807,1.2320419044717388,-0.020313862243386938,-0.006109630303029629,-0.07077151450541387,0,0,0,0,0,0,0,0
0.073352190136582,0.03521809984391583,2.004,0.06981317007977317,-0.025672584533691405,0.027634382247924805,2.5,0,2,0,2.426647809863418,-0.03521809984391583,-0.0040000000000000036,-0.06981317007977317,1.2280771274934943,-0.027087684286701216,-0.019638450000000623,-0.07684902862687518,0,0,0,0,0,0,0,0
0.07545974986889788,0.037554735623848784,2.001,0.07190756518216646,0.033981319427490234,0.03275891876220703,2.5,0,2,0,2.424540250131102,-0.037554735623848784,-0.0009999999999998899,-0.07190756518216646,1.207612470746712,-0.031074824670407404,0.014832741791045458,-0.08128545370034534,0,0,0,0,0,0,0,0
0.0835232224766231,0.03807460519879391,1.995,0.07363544114164068,0.12119977569580079,-0.0009119852781295777,2.5,0,2,0,2.416476777523377,-0.03807460519879391,0.004999999999999893,-0.07363544114164068,1.1720398041496654,-0.02199585763010575,0.03680559999999873,-0.08173485970167611,0,0,0,0,0,0,0,0
0.09892338280628082,0.03561066544330397,2.004,0.0745081057676379,0.22765737915039064,-0.05385353851318359,2.5,0,2,0,2.401076617193719,-0.03561066544330397,-0.0040000000000000036,-0.0745081057676379,1.1295969624048317,-0.005073383079309041,-0.05024862537313378,-0.0784155593168792,0,0,0,0,0,0,0,0
0.11794326865857344,0.030516913710731557,2.002,0.07517133088339568,0.2788191223144531,-0.0974316635131836,2.5,0,2,0,2.3820567313414265,-0.030516913710731557,-0.0019999999999997797,-0.07517133088339568,1.0963702814437142,0.012881560786935215,0.009464811111112532,-0.0783295457203375,0,0,0,0,0,0,0,0
0.14506430643635418,0.02276966165754798,2.004,0.07511897100583599,0.3969393615722656,-0.14643267822265624,2.5,0,2,0,2.354935693563646,-0.02276966165754798,-0.0040000000000000036,-0.07511897100583599,1.0439701460034039,0.030157738391001596,-0.014041530769231975,-0.07487731003248356,0,0,0,0,0,0,0,0
0.18016777173150797,0.01187745721526823,1.998,0.07511897100583599,0.512805419921875,-0.2024391632080078,2.5,0,2,0,2.319832228268492,-0.01187745721526823,0.0020000000000000018,-0.07511897100583599,0.9906327469703985,0.05077948556648681,0.03288438358208958,-0.07511897100583599,0,0,0,0,0,0,0,0
0.223042561365511,-0.0003966477467520508,1.979,0.07380997406684021,0.6274909057617187,-0.2318575897216797,2.5,0,2,0,2.276957438634489,0.0003966477467520508,0.020999999999999908,-0.07380997406684021,0.92318743385645,0.0661085548346658,0.1191852923076917,-0.06776844973301355,0,0,0,0,0,0,0,0
0.27384446801599777,-0.013453826891176603,1.975,0.07131415323648828,0.7455106811523438,-0.2515186767578125,2.5,0,2,0,2.226155531984002,0.013453826891176603,0.02499999999999991,-0.07131415323648828,0.8522525449522259,0.07796086889128176,0.04211259999999995,-0.05961499309421358,0,0,0,0,0,0,0,0
0.3319996703267537,-0.025910109390448206,1.971,0.0692023048415752,0.8567974243164063,-0.24852593994140626,2.5,0,2,0,2.168000329673246,0.025910109390448206,0.028999999999999915,-0.0692023048415752,0.7892636739480701,0.07987169364664282,0.04516456153846149,-0.05945531224966871,0,0,0,0,0,0,0,0
0.3980113433475385,-0.038049073858323235,1.96,0.06705554986162211,0.9752144775390625,-0.25011636352539063,2.5,0,2,0,2.1019886566524617,0.038049073858323235,0.040000000000000036,-0.06705554986162211,0.7153200570105018,0.08425727222491439,0.0919168692307699,-0.05714744995414631,0,0,0,0,0,0,0,0
0.47056226887759367,-0.04924649153286535,1.96,0.06604325889546549,1.0745638427734374,-0.2405032501220703,2.5,0,2,0,2.0294377311224063,0.04924649153286535,0.040000000000000036,-0.06604325889546549,0.6568544154653113,0.08301929431120564,0.03295410000000003,-0.06151061277834627,0,0,0,0,0,0,0,0
0.5516202883130678,-0.06086498015524523,1.955,0.06356489135763356,1.2017181396484375,-0.25413906860351565,2.5,0,2,0,1.9483797116869321,0.06086498015524523,0.04499999999999993,-0.06356489135763356,0.5532836971472357,0.09391212893662236,0.06458584999999936,-0.0519475435240464,0,0,0,0,0,0,0,0
0.6386065131101649,-0.07027328454970128,1.953,0.0623606141737574,1.2931937255859376,-0.22372276306152344,2.5,0,2,0,1.8613934868898352,0.07027328454970128,0.04699999999999993,-0.0623606141737574,0.4858991700108546,0.08578344970070025,0.04991683076923073,-0.056802411786636656,0,0,0,0,0,0,0,0
0.7309500525681029,-0.07798473538701596,1.954,0.05969026041820604,1.375251953125,-0.20176994323730468,2.5,0,2,0,1.7690499474318973,0.07798473538701596,0.04600000000000004,-0.05969026041820604,0.4120302038047263,0.08055296142813645,0.03326198461538524,-0.047365550777199776,0,0,0,0,0,0,0,0
0.8290695676141874,-0.08117657489386616,1.956,0.0571246264177744,1.4663154296875,-0.13559185791015624,2.5,0,2,0,1.6709304323858127,0.08117657489386616,0.04400000000000004,-0.0571246264177744,0.3329551440496379,0.057865277252741515,0.02656336923076925,-0.045283238723474534,0,0,0,0,0,0,0,0
0.930570660580643,-0.08323962293970347,1.961,0.05510004448546105,1.51826611328125,-0.11782112884521484,2.5,0,2,0,1.569429339419357,0.08323962293970347,0.038999999999999924,-0.05510004448546105,0.28136237534869235,0.05254286036658004,0.007474497014924714,-0.04603475225122214,0,0,0,0,0,0,0,0
1.0363789122121971,-0.08353047127754067,1.964,0.0518013721991917,1.584474853515625,-0.091762451171875,2.5,0,2,0,1.4636210877878029,0.08353047127754067,0.03600000000000003,-0.0518013721991917,0.18098568104231372,0.04355520422730439,0.015018050000000623,-0.03633884585730415,0,0,0,0,0,0,0,0
1.1462894837322288,-0.08165345210936134,1.965,0.04965461721923873,1.6479049072265626,-0.057247066497802736,2.5,0,2,0,1.3537105162677712,0.08165345210936134,0.03499999999999992,-0.04965461721923873,0.11372302888930153,0.03097216624934227,0.02546718461538395,-0.03974651731176347,0,0,0,0,0,0,0,0
1.2651613197010072,-0.07805544528653081,1.966,0.04520402762665313,1.78355859375,-0.03459807205200195,2.5,0,2,0,1.2348386802989928,0.07805544528653081,0.03400000000000003,-0.04520402762665313,0.006836793630778382,0.019957042275395243,0.024888184615385237,-0.02466284489164269,0,0,0,0,0,0,0,0
1.3897302733865495,-0.07352986743461568,1.97,0.03963642731279119,1.869693115234375,-0.016622190475463868,2.5,0,2,0,1.1102697266134505,0.07352986743461568,0.030000000000000027,-0.03963642731279119,-0.08540279559534603,0.012747434529737648,0.005729338461538468,-0.013939810479582228,0,0,0,0,0,0,0,0
1.5215723738487716,-0.06975986107019172,1.972,0.03389429407372994,1.978319091796875,-0.02186004447937012,2.5,0,2,0,0.9784276261512284,0.06975986107019172,0.028000000000000025,-0.03389429407372994,-0.16863978533061785,0.015583603482402515,0.015407638805970163,-0.008183249719724325,0,0,0,0,0,0,0,0
1.660319903892172,-0.06575905648394341,1.976,0.028291787174828092,2.08205126953125,-0.010550137519836425,2.5,0,2,0,0.8396800961078279,0.06575905648394341,0.02400000000000002,-0.028291787174828092,-0.3075243195413607,0.011439950002119718,0.0009340000000000008,-0.002030036086225692,0,0,0,0,0,0,0,0
1.8035685793211005,-0.06069034607191971,1.979,0.021519909677090093,2.15002099609375,0.015216923713684083,2.5,0,2,0,0.6964314206788995,0.06069034607191971,0.020999999999999908,-0.021519909677090093,-0.39125944344792096,0.003531387537357083,0.00439165384615316,0.00973490954323913,0,0,0,0,0,0,0,0
1.9523537205551502,-0.05885191712228185,1.984,0.015515977050229595,2.231853759765625,-0.020453886032104494,2.5,0,2,0,0.5476462794448498,0.05885191712228185,0.016000000000000014,-0.015515977050229595,-0.4951077829339601,0.02004425006766827,-0.010273576923076334,0.012194481227588087,0,0,0,0,0,0,0,0
2.100273010034709,-0.057902757009232676,1.991,0.011606439525762385,2.2187431640625,-0.02018961524963379,2.5,0,2,0,0.3997269899652909,0.057902757009232676,0.008999999999999897,-0.011606439525762385,-0.5641453264522347,0.02439567746175418,-0.0265843076923084,0.006437579817932432,0,0,0,0,0,0,0,0
2.24180568676159,-0.05726603462107407,2.002,0.00760963553869524,2.1229580078125,-0.015089611053466796,2.5,0,2,0,0.2581943132384099,0.05726603462107407,-0.0019999999999997797,-0.00760963553869524,-0.5775999966099352,0.025900384928872085,-0.05516808656716231,0.010286501716829283,0,0,0,0,0,0,0,0
2.376505043074003,-0.05715125678361918,2.018,0.0049392817831439935,2.0204449462890626,-0.01365342903137207,2.5,0,2,0,0.1234949569259971,0.05715125678361918,-0.017999999999999794,-0.0049392817831439935,-0.6421579390300772,0.028578043245091507,-0.09812059999999992,0.007578001446002476,0,0,0,0,0,0,0,0
2.4981232957295822,-0.056606867863499576,2.029,0.00359537825910831,1.8242918701171875,-0.0008448314666748047,2.5,0,2,0,0.0018767042704177506,0.056606867863499576,-0.028999999999999915,-0.00359537825910831,-0.6112740011336737,0.026083989676374816,-0.0779453333333339,0.0025132741228720687,1427289503516,0,0,0,0,0,0,0
2.6067671429380783,-0.055788980427199465,2.047,0.001029744258676672,1.6296912841796876,0.006409008979797363,2.5,0,2,0,-0.10676714293807832,0.055788980427199465,-0.04700000000000015,-0.001029744258676672,-0.6148650158967321,0.02412483992846015,-0.13275030000000143,0.01099666511834663,0,0,0,0,0,0,0,0
2.6997543930020793,-0.05353845448638663,2.057,-0.0008552113334771755,1.3948427734375,0.03232157516479492,2.5,0,2,0,-0.1997543930020793,0.05353845448638663,-0.05699999999999994,0.0008552113334771755,-0.5680430191304188,0.015388982266359317,-0.09652945384615264,0.00955500637418724,0,0,0,0,0,0,0,0
2.778202194190852,-0.049291695531412834,2.071,-0.0025132741228717963,1.176662109375,0.06470770263671875,2.5,0,2,0,-0.2782021941908521,0.049291695531412834,-0.07100000000000017,0.0025132741228717963,-0.51655468443573,0.0032322831241682615,-0.1274933283582103,0.009937435866429799,0,0,0,0,0,0,0,0
2.837748656633663,-0.0441830869212854,2.077,-0.004101523742186604,0.8930015258789062,0.07887373352050782,2.5,0,2,0,-0.33774865663366294,0.0441830869212854,-0.07699999999999996,0.004101523742186604,-0.46238684477298797,-0.005046885636813242,-0.09246429999999878,0.011546443832724764,0,0,0,0,0,0,0,0
2.8856158299966808,-0.037637791163027796,2.078,-0.006230825429619688,0.717598876953125,0.10112352752685547,2.5,0,2,0,-0.38561582999668076,0.037637791163027796,-0.07799999999999985,0.006230825429619688,-0.41867268336843066,-0.015601265851823368,-0.06634341538461466,0.016058371679310842,0,0,0,0,0,0,0,0
2.9229183784955928,-0.030319481734917803,2.076,-0.006597344572538541,0.5588433837890625,0.11325887298583984,2.5,0,2,0,-0.4229183784955928,0.030319481734917803,-0.07600000000000007,0.006597344572538541,-0.38071241298795444,-0.023403094201955858,-0.04908356923077047,0.00828897138601017,0,0,0,0,0,0,0,0
2.944634265653067,-0.02321967447245404,2.072,-0.008534660042252193,0.32502862548828126,0.10864378356933593,2.5,0,2,0,-0.44463426565306685,0.02321967447245404,-0.07200000000000006,0.008534660042252193,-0.3079311923854694,-0.025761354922070157,-0.0355823384615385,0.017476116056315202,0,0,0,0,0,0,0,0
2.9547680068700237,-0.015763826012995377,2.065,-0.009337511498169712,0.15104609680175782,0.1131309585571289,2.5,0,2,0,-0.4547680068700237,0.015763826012995377,-0.06499999999999995,0.009337511498169712,-0.24930851159827558,-0.030197448076754105,-0.015389135820894878,0.012932368763472037,0,0,0,0,0,0,0,0
2.9561914899643225,-0.007745936675231296,2.06,-0.010925761117484407,0.02022832489013672,0.12046247100830078,2.5,0,2,0,-0.45619148996432246,0.007745936675231296,-0.06000000000000005,0.010925761117484407,-0.20515943475251694,-0.03910080556041158,-0.020996550000000627,0.018370681208022037,0,0,0,0,0,0,0,0
2.947387416033637,0.0007414594711133964,2.055,-0.011397000015522869,-0.13344416809082033,0.12586050415039063,2.5,0,2,0,-0.44738741603363685,-0.0007414594711133964,-0.05500000000000016,0.011397000015522869,-0.14511177325305252,-0.045912593527070666,-0.017348550000000712,0.013605932350078159,0,0,0,0,0,0,0,0
2.9306338041395605,0.009068792174561574,2.044,-0.011641346110802104,-0.25271142578125,0.12203782653808594,2.5,0,2,0,-0.43063380413956054,-0.009068792174561574,-0.04400000000000004,0.011641346110802104,-0.09632155336568778,-0.04782689527610837,0.022150633333333933,0.012752010180253173,0,0,0,0,0,0,0,0
2.905313580220339,0.01678762909492186,2.026,-0.011623892818282317,-0.38112545776367185,0.11135338592529297,2.5,0,2,0,-0.4053135802203389,-0.01678762909492186,-0.0259999999999998,0.011623892818282317,-0.03643013953536864,-0.0491000960581085,0.07497137692307837,0.011543339160498685,0,0,0,0,0,0,0,0
2.8752976244782897,0.024527033012813646,2.014,-0.01169370598836202,-0.4515583190917969,0.11084980010986328,2.5,0,2,0,-0.37529762447828974,-0.024527033012813646,-0.01399999999999979,0.01169370598836202,0.0011659975206563533,-0.05246531133010521,0.05119226363636385,0.012011038579633393,0,0,0,0,0,0,0,0
2.8390275920777426,0.032770279337162755,2.004,-0.011728612573401926,-0.5454591674804687,0.1172784194946289,2.436983883549774,0.08528391549808169,2,0,-0.40204370852796867,0.05251363616091893,-0.0040000000000000036,0.011728612573401926,-0.3093196250032445,0.4236658820745926,0.04699928823529302,0.011882612213283867,0,1,0,0,0,0,0,0
2.7989809469325833,0.040484591183688634,1.995,-0.012007865253720957,-0.6020155029296875,0.10866150665283203,2.436983883549774,0.08528391549808169,2,0,-0.36199706338280935,0.044799324314393055,0.004999999999999893,0.012007865253720957,0.07421269827353505,-0.020244888926350714,0.053566151612902554,0.013359087900425946,0,1,0,0,0,0,0,0
2.7611509741412745,0.044692731764604504,1.987,-0.011833332328521424,-0.5681666259765625,0.05630386352539062,2.436983883549774,0.08528391549808169,2,0,-0.3241670905915006,0.040591183733477185,0.0129999999999999,0.011833332328521424,0.07054705857122925,-0.001433258842521011,0.052321123076923035,0.011027795750677425,0,1,0,0,0,0,0,0
2.721454514285412,0.05094289857621685,1.977,-0.012444197566719512,-0.5965145874023438,0.08669998168945313,2.436983883549774,0.08528391549808169,2,0,-0.28447063073563816,0.034341016921864836,0.02299999999999991,0.012444197566719512,0.10026069755216391,-0.015531546444924393,0.0712398538461538,0.015263575589172228,0,1,0,0,0,0,0,0
2.6793521874817654,0.060084960322577305,1.976,-0.014695672301792213,-0.6331924438476563,0.12926156616210938,2.5745761541781174,0.19419398568414944,2,0,-0.10477603330364804,0.13410902536157215,0.02400000000000002,0.014695672301792213,0.9149907487845826,0.5892732186831502,0.02357838059701553,0.024776902458834155,0,1,0,0,0,0,0,0
2.6400393752013223,0.0700580225745723,1.991,-0.014276793281313553,-0.5918268432617187,0.14091416931152342,2.6162682253373086,0.1987637308158484,2,0,-0.02377114986401363,0.12870570824127608,0.008999999999999897,0.014276793281313553,0.4597703123656064,0.0359283777836491,-0.07561915000000076,0.012313297872819838,0,1,0,0,0,0,0,0
2.601790447046509,0.08077254572588574,1.985,-0.014503686084072891,-0.5759699096679688,0.1525106658935547,2.6162682253373086,0.1987637308158484,2,0,0.014477778290799659,0.11799118508996265,0.014999999999999902,0.014503686084072891,0.23874410052958814,0.0033789399378360008,0.043129281818181764,0.015535017005706243,0,0,0,0,0,0,0,0
2.5674593552469123,0.09545320189817182,1.983,-0.017261306302223847,-0.51810595703125,0.21271803283691407,2.6162682253373086,0.1987637308158484,2,0,0.04880887009039636,0.10331052891767657,0.016999999999999904,0.017261306302223847,0.240853817321885,-0.027360666898054296,0.023957399999999934,0.030187651074806456,0,0,0,0,0,0,0,0
2.5392415486347173,0.11043234440535414,1.98,-0.021048670779051662,-0.42708224487304686,0.21734788513183595,2.6162682253373086,0.1987637308158484,2,0,0.07702667670259133,0.08833138641049425,0.020000000000000018,0.021048670779051662,0.2192066652929215,-0.035164905500809376,0.031703746153846774,0.03852881451825696,1427289504949,0,0,0,0,0,0,0
2.5204543539424,0.12522619969064772,1.979,-0.02281145332356589,-0.286416015625,0.21592742919921876,2.6162682253373086,0.1987637308158484,2,0,0.09581387139490882,0.07353753112520067,0.020999999999999908,0.02281145332356589,0.17486448415432715,-0.039136975384973884,0.021714480597014273,0.030704509493032592,1427289504949,1,0,0,0,0,0,0
2.5109934121978545,0.13819241201822513,1.988,-0.022863813201125696,-0.14631349182128905,0.19120559692382813,2.6162682253373086,0.1987637308158484,2,0,0.10527481313945408,0.06057131879762326,0.01200000000000001,0.022863813201125696,0.13408000380303442,-0.04033510096901391,-0.040633799999999415,0.02311314595141048,0,0,0,0,0,0,0,0
2.5068994784904697,0.14999357221369372,1.986,-0.024277529895241082,-0.06543989562988281,0.1755672149658203,2.6162682253373086,0.1987637308158484,2,0,0.10936874684683895,0.04877015860215467,0.014000000000000012,0.024277529895241082,0.10502568110689155,-0.035816343896872355,0.02150776119402987,0.030607604645011464,0,0,0,0,0,0,0,0
2.509512808184592,0.1616740273752711,1.985,-0.025411993909037436,0.03493522262573242,0.1761067810058594,2.6162682253373086,0.1987637308158484,2,0,0.10675541715271653,0.0370897034405773,0.014999999999999902,0.025411993909037436,0.06810947210260287,-0.04386247146496208,0.017424749999999316,0.03072979397370785,0,0,0,0,0,0,0,0
2.516336447842961,0.17210629368389915,1.985,-0.026406831582674054,0.09834540557861328,0.1590342254638672,2.6162682253373086,0.1987637308158484,2,0,0.09993177749434778,0.026657437131949235,0.014999999999999902,0.026406831582674054,0.04231157960999786,-0.04135752978210752,0.012053499999999918,0.030998390076381516,1427289505275,0,0,0,0,0,0,0
2.527196694740364,0.1806784309581719,1.985,-0.02823942729726832,0.1594518585205078,0.1328385009765625,2.6162682253373086,0.1987637308158484,2,0,0.08907153059694473,0.018085299857676485,0.014999999999999902,0.02823942729726832,0.016090700059695047,-0.0349162241866984,0.012152499999999919,0.036569407818151344,1427289505275,0,0,0,0,0,0,0
2.5416553446846346,0.18755383731205663,1.985,-0.029897490086662825,0.2138813018798828,0.10921372222900391,2.6162682253373086,0.1987637308158484,2,0,0.07461288065267402,0.011209893503791757,0.014999999999999902,0.029897490086662825,-0.012569396156233772,-0.030488327802401464,0.012248499999999917,0.03766965941194957,1427289505275,1,0,0,0,0,0,0
2.559348281150497,0.19209182212771136,1.985,-0.03146828641345763,0.26324063110351564,0.07597278594970704,2.6162682253373086,0.1987637308158484,2,0,0.056919944186811566,0.006671908688137024,0.014999999999999902,0.03146828641345763,-0.03613373357132972,-0.019218109244795983,0.012347499999999918,0.03860826971707036,1427289505275,1,0,0,0,0,0,0
2.578662027860947,0.19475923782624524,1.985,-0.03377212102609024,0.28830389404296874,0.04910647964477539,2.6162682253373086,0.1987637308158484,2,0,0.037606197476361736,0.004004492989603148,0.014999999999999902,0.03377212102609024,-0.055937082341789485,-0.01084715078900135,0.012444999999999916,0.04440520385362539,1427289505275,1,0,0,0,0,0,0
2.5980222595305644,0.19575425701001511,1.983,-0.03373721444105034,0.28973391723632813,0.02472245407104492,2.6162682253373086,0.1987637308158484,2,-0.03377212102609024,0.018245965806744202,0.0030094738058332737,0.016999999999999904,-0.000034906585039906624,0.009122982903372101,0.0015047369029166369,0.013599999999999925,-0.000034906585039906624,1427289505275,1,0,0,0,0,0,0
2.6188305902038813,0.19521133266306878,1.984,-0.03932226804743229,0.3122220458984375,0.00238899827003479,2.6162682253373086,0.1987637308158484,2,-0.03377212102609024,-0.002562364866572686,0.0035523981527796067,0.016000000000000014,0.0055501470213420445,-0.10998313407835755,0.004614751144812114,0.007683319402985663,0.03055784973648511,1427289505668,1,0,0,0,0,0,0
2.636578790439397,0.19278832040586427,1.989,-0.044052110320336915,0.2674460144042969,-0.025851293563842772,2.6162682253373086,0.1987637308158484,2,-0.03377212102609024,-0.020310565102088507,0.0059754104099841165,0.010999999999999899,0.010279989294246672,-0.1087709074110515,0.01645502902700443,-0.018801277777778496,0.03280304773664966,1427289505731,1,0,0,0,0,0,0
2.6523671868402925,0.18940260509277676,2.008,-0.04654793115068875,0.23883268737792968,-0.040307151794433595,2.6162682253373086,0.1987637308158484,2,-0.03377212102609024,-0.03609896150298386,0.009361125723071628,-0.008000000000000007,0.012775810124598504,-0.10310189967561109,0.02292356697135537,-0.10858319230769178,0.024294983187760803,1427289505796,1,0,0,0,0,0,0
2.6664204377954097,0.18552793632176484,2.008,-0.04797910113732414,0.2132748260498047,-0.04824837493896485,2.6162682253373086,0.1987637308158484,2,-0.03377212102609024,-0.050152212458101086,0.013235794494083547,-0.008000000000000007,0.014206980111233898,-0.09967199912580092,0.027186348125329902,-0.006328300000000007,0.020712298232303875,1427289505862,1,0,0,0,0,0,0
2.677870879947794,0.18082079829359782,2.005,-0.0499513231920777,0.17494534301757814,-0.06228824996948242,2.6162682253373086,0.1987637308158484,2,-0.03377212102609024,-0.06160265461048553,0.01794293252225057,-0.004999999999999893,0.016179202165987457,-0.09256867323079154,0.03435022198264777,0.01219304615384685,0.025281765495619266,1427289505927,1,0,0,0,0,0,0
2.6877889760994442,0.17602071762510255,1.999,-0.051504666226352594,0.15218093872070312,-0.06448316192626953,2.6170559297706313,0.1166520773953673,2,-0.03377212102609024,-0.07073304632881294,-0.059368640229735245,0.0009999999999998899,0.01773254520026235,-0.0846872663097619,-0.44598336590262505,0.03315339230769105,0.024901820743069555,1427289505992,1,0,0,0,0,0,0
2.694101928649678,0.17189972047430868,1.997,-0.052778756580308464,0.09775106811523437,-0.05685794448852539,2.6092934515870607,0.12968055503939202,2,-0.03377212102609024,-0.08480847706261718,-0.04221916543491666,0.0029999999999998916,0.01900663555421822,-0.1172597432670226,0.06980077541272883,0.013071560606060526,0.024797955344926723,1427289506058,1,0,0,0,0,0,0
2.698852544617398,0.1673207773928768,1.998,-0.05496041814530146,0.07478339385986328,-0.06482927703857422,2.611336973153616,0.13166809867901524,2,-0.03377212102609024,-0.08751557146378186,-0.035652678713861546,0.0020000000000000018,0.02118829711921122,-0.05860440203960596,0.01747466543518105,-0.003706115384614791,0.031257504342255826,1427289506123,1,0,0,0,0,0,0
2.7009782893248477,0.16275981900987313,1.99,-0.05773549165597232,0.0355962142944336,-0.06655947875976563,2.6138677413361004,0.09824073994237636,2,-0.03377212102609024,-0.08711054798874729,-0.06451907906749677,0.010000000000000009,0.023963370629882075,-0.041700954363362325,-0.1877929410067476,0.051220423076923115,0.036771402217593716,1427289506188,1,0,0,0,0,0,0
2.698946346376491,0.15796916404513706,1.987,-0.05792747787369186,-0.026281801223754883,-0.07349884033203125,2.6165999483119493,0.0934147178696447,2,-0.03377212102609024,-0.08234639806454158,-0.06455444617549236,0.0129999999999999,0.024155356847601617,-0.016289692242541225,-0.03260631989800123,0.02653839090909025,0.025028021473599536,1427289506254,1,0,0,0,0,0,0
2.6932578258525464,0.15273209946560598,1.994,-0.05862560957448955,-0.08063668060302734,-0.08336426544189453,2.6245378855725208,0.08888244711395192,2,-0.03377212102609024,-0.0687199402800256,-0.06384965235165406,0.006000000000000005,0.024853488548399305,0.03973481548076698,-0.028252892694040264,-0.033213549999999425,0.02812598089588847,1427289506318,1,0,0,0,0,0,0
2.6876287755520005,0.14633112238883397,1.995,-0.06059783162924311,-0.07866500091552735,-0.10079696655273437,2.6387861026313417,0.0652808210701222,2,-0.03377212102609024,-0.0488426729206588,-0.08105030131871177,0.004999999999999893,0.026825710603152864,0.08215345004133977,-0.13337912015092962,-0.0010844153846160751,0.03592827393278467,1427289506383,1,0,0,0,0,0,0
2.6807371537849876,0.1395720042205669,1.992,-0.06115633698988127,-0.09704452514648437,-0.10746110534667969,2.6662658829705044,0.05849565375108056,2,-0.03377212102609024,-0.014471270814483184,-0.08107635046948633,0.008000000000000007,0.02738421596379103,0.17457074735501923,-0.04096491550016482,0.022662090909091513,0.029922876693964512,1427289506449,1,0,0,0,0,0,0
2.673554978145988,0.13072880897529424,1.996,-0.06178465552059915,-0.09942402648925781,-0.138984375,2.6998672940215296,0.07497501635701481,2,-0.03377212102609024,0.026312315875541614,-0.055753792618279424,0.0040000000000000036,0.028012534494508905,0.2323109851095646,0.10815049747958422,-0.017959461538461556,0.030912466174745253,1427289506514,1,0,0,0,0,0,0
2.665302367173991,0.12169995540530608,2.002,-0.0636696111127531,-0.11519062042236328,-0.1428177947998047,2.7336323533305693,0.07713950517922674,2,-0.03377212102609024,0.06832998615657848,-0.04456045022607934,-0.0019999999999997797,0.029897490086662856,0.24089376674967405,0.032541744584855925,-0.030812664788731153,0.037862091180271104,1427289506585,1,0,0,0,0,0,0
2.658194804302905,0.11236870510757101,2.002,-0.06553711341238705,-0.09749168395996094,-0.14646859741210938,2.7913174254791,0.08503172795011318,2,-0.03377212102609024,0.13312262117619467,-0.027336977157457823,-0.0019999999999997797,0.031764992386296806,0.4506023551650716,0.08813204921272084,-0.0012469999999998233,0.041260766791215195,0,1,0,0,0,0,0,0
2.652284694091403,0.10306177942053102,1.993,-0.06550220682734714,-0.07931864929199219,-0.14511000061035156,2.8489143234241068,0.1231019655653948,2,-0.03377212102609024,0.1966296293327039,0.020040186144863775,0.006999999999999895,0.0317300858012569,0.4349021344080287,0.26090324472823284,0.05372647272727092,0.03157141950562096,0,1,0,0,0,0,0,0
2.6508102108,0.09325404321475708,1.983,-0.06583381938522598,-0.012440282821655274,-0.1482482452392578,2.902623658996612,0.17317209636215486,2,-0.03377212102609024,0.2518134481966121,0.07991805314739778,0.016999999999999904,0.032061698359135735,0.4141568507738699,0.35244801828645955,0.06635190597014921,0.03354653070784694,0,1,0,0,0,0,0,0
2.652950192709487,0.08552676384915919,1.973,-0.06846926655573754,0.03965542602539063,-0.11354637908935547,2.974289789145687,0.22677849023557464,2,-0.03377212102609024,0.3213395964362,0.14125172638641545,0.026999999999999913,0.0346971455296473,0.547105067315884,0.411151644974068,0.07783875555555553,0.047246893960654734,0,1,0,0,0,0,0,0
2.659637783619035,0.07915798479618281,1.969,-0.07093018080104946,0.10661469268798827,-0.08844479370117188,3.045532297512582,0.2940739089763114,2,-0.03377212102609024,0.3858945138935468,0.21491592418012861,0.030999999999999917,0.037158059774959215,0.5306118770073782,0.4921980819837194,0.04658642238805964,0.04817707878381855,0,1,0,0,0,0,0,0
2.6724607370822233,0.07486380453184519,1.967,-0.07190756518216629,0.19642562866210939,-0.05061915969848633,3.045532297512582,0.2940739089763114,2,-0.03377212102609024,0.3730715604303585,0.21921010444446623,0.03299999999999992,0.038135444156076045,0.11596962426047533,0.13352685795653824,0.038609911111111055,0.042789655494727616,0,0,0,0,0,0,0,0
2.6931479056569088,0.07353831321321605,1.98,-0.07024950239277167,0.31093408203125,0.002463245391845703,3.045532297512582,0.2940739089763114,2,-0.03377212102609024,0.35238439185567305,0.22053559576309537,0.020000000000000018,0.036477381366681425,0.06570127400750168,0.11761365567546553,-0.052771199999999435,0.02882478387716779,0,0,0,0,0,0,0,0
2.7199409063143234,0.07561151682448712,1.982,-0.07075564787585015,0.3987209167480469,0.05923106002807617,3.045532297512582,0.2940739089763114,2,-0.03377212102609024,0.3255913911982584,0.21846239215182428,0.018000000000000016,0.036983526849759904,0.019638850714531475,0.09841838941757364,0.004976569230769234,0.03931958292550673,0,0,0,0,0,0,0,0
2.759280692953524,0.08089065904211748,1.988,-0.06869615935849677,0.5830220336914063,0.12070684814453125,3.045532297512582,0.2940739089763114,2,-0.03377212102609024,0.28625160455905796,0.21318324993419394,0.01200000000000001,0.03492403833240652,-0.06740459588710596,0.07865464107928122,-0.02128389230769232,0.025418706713852462,0,0,0,0,0,0,0,0
2.8040853372092864,0.08851535749811822,1.983,-0.06663667084114339,0.6626338500976563,0.16023301696777345,3.045532297512582,0.2940739089763114,2,-0.03377212102609024,0.24144696030329538,0.20555855147819319,0.016999999999999904,0.03286454981505314,-0.1118696399704929,0.06357565216100419,0.04125710298507399,0.023642959438843977,0,1,0,0,0,0,0,0
2.851451362639988,0.09800168309458558,1.978,-0.06414085001079156,0.6994384765625,0.18928875732421874,3.045532297512582,0.2940739089763114,2,-0.03377212102609024,0.1940809348725936,0.19607222588172585,0.02200000000000002,0.030368728984701318,-0.16040728067784132,0.04691014680404606,0.04662225000000064,0.01866956884242714,0,0,0,0,0,0,0,0
2.9038729423954166,0.10928764998534207,1.985,-0.06180210881311926,0.7738558349609375,0.21934228515625,3.045532297512582,0.2940739089763114,2,-0.03377212102609024,0.1416593551171652,0.18478625899096934,0.014999999999999902,0.028029987787029018,-0.20976308523750103,0.03249502658246535,-0.023916307692308396,0.017235797643926094,0,0,0,0,0,0,0,0
2.9575182811655116,0.12307176242242607,1.981,-0.06084217772452233,0.7903736572265625,0.25606622314453126,3.045532297512582,0.2940739089763114,2,-0.03377212102609024,0.08801401634707018,0.17100214655388535,0.018999999999999906,0.027070056698432085,-0.24311801712935874,0.012262568817419967,0.038637961538461475,0.022639605520292396,0,0,0,0,0,0,0,0
3.0086593129426147,0.13718007408569044,1.991,-0.05892231554732846,0.7528283081054687,0.25787728881835936,3.045532297512582,0.2940739089763114,2,-0.03377212102609024,0.03687298456996713,0.15689383489062098,0.008999999999999897,0.02515019452123822,-0.2510071216359494,0.004717302533919512,-0.04387140303030315,0.016423548261266106,0,0,0,0,0,0,0,0
3.0568298579321156,0.15316664526651833,1.996,-0.0584161700642502,0.7071829223632813,0.2819325866699219,3.045532297512582,0.2940739089763114,2,-0.03377212102609024,-0.011297560419533781,0.1409072637097931,0.0040000000000000036,0.024644049038159956,-0.25183426385200314,-0.010647184096546122,-0.02054919411764651,0.022411054259873494,0,0,0,0,0,0,0,0
3.1011953504816656,0.1697930108548404,1.991,-0.05965535383316616,0.6497868041992187,0.2878229064941406,3.045532297512582,0.2940739089763114,2,-0.03377212102609024,-0.055663052969083804,0.12428089812147103,0.008999999999999897,0.02588323280707592,-0.2765652537640025,-0.03045800589755779,0.03746770645161221,0.03187928330183058,0,0,0,0,0,0,0,0
3.141418961991432,0.18782703114286226,1.991,-0.05969026041820607,0.586153076171875,0.30600106811523436,3.045532297512582,0.2940739089763114,2,-0.03377212102609024,-0.0958866644788503,0.10624687783344916,0.008999999999999897,0.025918139392115826,-0.2628777020442635,-0.04265370324237838,0.009300399999999912,0.026079246707684627,0,0,0,0,0,0,0,0
3.1742428945725636,0.20817417061675145,1.998,-0.05951572749300665,0.4732750549316406,0.3340351257324219,3.045532297512582,0.2940739089763114,2,-0.03377212102609024,-0.12871059705998178,0.08589973835955997,0.0020000000000000018,0.025743606466916404,-0.23952890522257578,-0.06522669530405947,-0.033978907692307124,0.024938069889072916,0,0,0,0,0,0,0,0
3.198335777418835,0.22882534775207264,1.997,-0.05937610115284702,0.3423282165527344,0.330715087890625,3.045532297512582,0.2940739089763114,2,-0.03377212102609024,-0.15280347990625298,0.06524856122423878,0.0029999999999998916,0.025603980126756777,-0.20466132418147973,-0.07714699817617354,0.0099175153846147,0.024959550864481577,0,0,0,0,0,0,0,0
3.213636303138293,0.2513529649966204,1.997,-0.05906194188748808,0.2090511932373047,0.35093804931640626,3.045532297512582,0.2940739089763114,2,-0.03377212102609024,-0.16810400562571104,0.042720943979691006,0.0029999999999998916,0.02528982086139784,-0.1650773931927947,-0.09848694646531142,0.004552399999999906,0.023839855021279666,0,0,0,0,0,0,0,0
3.219107698832973,0.2732004853263266,2,-0.05742133239061337,0.0625837287902832,0.33198583984375,3.045532297512582,0.2940739089763114,2,-0.03377212102609024,-0.17357540132039118,0.02087342364998479,0,0.023649211364523123,-0.11412385818535277,-0.1022230045858417,-0.013519241791044216,0.016303198691949766,0,0,0,0,0,0,0,0
3.2196953012268024,0.29388455705549693,2.002,-0.0546637121724623,-0.009006306648254395,0.31025555419921874,3.045532297512582,0.2940739089763114,2,-0.03377212102609024,-0.17416300371422055,0.0001893519208144845,-0.0019999999999997797,0.020891591146372054,-0.08916065648786842,-0.11155209899085622,-0.010397899999998624,0.007965246373788919,0,0,0,0,0,0,0,0
3.2143844632870926,0.3136584517719391,2.004,-0.051452306348792776,-0.09574922180175781,0.2918128967285156,3.045532297512582,0.2940739089763114,2,-0.03377212102609024,-0.1688521657745108,-0.019584542795627657,-0.0040000000000000036,0.017680185322702532,-0.054804721159152275,-0.11481057673691357,-0.011855630769231983,0.002858312290381663,0,0,0,0,0,0,0,0
3.2034426991410143,0.32981195860768986,2.008,-0.04825835381764315,-0.17637078857421876,0.23354098510742188,3.045532297512582,0.2940739089763114,2,-0.03377212102609024,-0.1579104016284325,-0.035738049631378443,-0.008000000000000007,0.014486232791552908,-0.02001037279128457,-0.10209863581382002,-0.02555132121212124,-0.00003173325912719967,0,1,0,0,0,0,0,0
3.1877115014684185,0.3457701110827055,2.007,-0.04314453910929977,-0.247240478515625,0.22771060180664063,3.045532297512582,0.2940739089763114,2,-0.03377212102609024,-0.14217920395583672,-0.051696202106394085,-0.007000000000000117,0.00937241808320953,0.015769711791226187,-0.11171940771822417,0.0018847499999992967,-0.014598588362150056,0,1,0,0,0,0,0,0
3.167303860689902,0.3591159684361463,2.013,-0.0388510291493937,-0.3144640808105469,0.18679849243164062,3.045532297512582,0.2940739089763114,2,-0.03377212102609024,-0.12177156317732019,-0.06504205945983488,-0.0129999999999999,0.005078908123303458,0.04490006778199781,-0.09985733149622776,-0.039354752941175276,-0.013863047582164504,0,1,0,0,0,0,0,0
3.1450198293805496,0.37051763781631253,2.014,-0.03481931857728676,-0.34065106201171874,0.15791288757324218,3.045532297512582,0.2940739089763114,2,-0.03377212102609024,-0.09948753186796777,-0.07644372884000111,-0.01399999999999979,0.0010471975511965187,0.0747402526959618,-0.10025702055447797,-0.01491615555555478,-0.018151424220741282,1427289508339,1,0,0,0,0,0,0
3.1208539488748994,0.3789537087703047,2.014,-0.031520646291017536,-0.3666736755371094,0.11384532165527343,3.045532297512582,0.2940739089763114,2,-0.03377212102609024,-0.07532165136231761,-0.0848797997939933,-0.01399999999999979,-0.0022514747350727074,0.08379969638023732,-0.08337221899370056,-0.009458599999999836,-0.016388641676226532,1427289508339,1,0,0,0,0,0,0
3.0957505073330283,0.38551281188191605,2.012,-0.02928662484846473,-0.37946527099609373,0.08647048950195313,3.045532297512582,0.2940739089763114,2,-0.03377212102609024,-0.05021820982044645,-0.09143890290560464,-0.01200000000000001,-0.0044854961776255135,0.11495394127224168,-0.08096848401954998,0.0031769111111098723,-0.015123693523115067,1427289508339,1,0,0,0,0,0,0
3.0720247518042583,0.38841246540461166,2.021,-0.027366762671270972,-0.3570073547363281,0.033054931640625,3.045532297512582,0.2940739089763114,2,-0.03377212102609024,-0.02649245429167646,-0.09433855642830025,-0.020999999999999908,-0.006405358354819271,0.1191463176065275,-0.06214746857747133,-0.06526649999999935,-0.015547559198599068,1427289508339,1,0,0,0,0,0,0
3.051662972254221,0.38899253026331765,2.019,-0.02466150233067993,-0.3055504150390625,0.00034021830558776856,3.045532297512582,0.2940739089763114,2,-0.03377212102609024,-0.006130674741639197,-0.09491862128700623,-0.019000000000000128,-0.009110618695410314,0.10715382092863057,-0.049513438035726054,-0.0030207692307705238,-0.021596435651984353,1427289508339,1,0,0,0,0,0,0
3.03243283753511,0.38645171663725614,2.011,-0.022759093446006073,-0.2874244995117187,-0.04521355438232422,3.045532297512582,0.2940739089763114,2,-0.03377212102609024,0.01309945997747164,-0.09237780766094472,-0.01100000000000012,-0.01101302758008417,0.1075932411402395,-0.03190859118975126,0.03432734477611933,-0.019531276317429794,1427289508667,1,0,0,0,0,0,0
3.016105169387046,0.38089867076266193,2.011,-0.021991148575128457,-0.24295602416992187,-0.08884767913818359,3.045532297512582,0.2940739089763114,2,-0.03377212102609024,0.029427128125535607,-0.08682476178635051,-0.01100000000000012,-0.011780972450961786,0.10602895415708868,-0.011609419995336705,-0.007533000000000102,-0.015437852788474243,1427289508730,1,0,0,0,0,0,0
3.0054608701836703,0.371933418913775,2.016,-0.022130774915288084,-0.1566687774658203,-0.13795718383789063,3.045532297512582,0.2940739089763114,2,-0.03377212102609024,0.04007142732891156,-0.0778595099374636,-0.016000000000000014,-0.01164134611080216,0.07798333994624361,0.010246775421258673,-0.038560076923076364,-0.01099691684852696,1427289508795,1,0,0,0,0,0,0
2.992888838335685,0.36163833271359613,2.017,-0.02352703831688346,-0.18511700439453124,-0.1585615692138672,3.045532297512582,0.2940739089763114,2,-0.03377212102609024,0.05264345917689672,-0.06756442373728472,-0.016999999999999904,-0.010245082709206783,0.09468367297428926,0.02251104815287564,-0.01793211538461472,-0.0038007900864588896,1427289508860,1,0,0,0,0,0,0
2.9844017331072683,0.3474252570506012,2.023,-0.026354471705114343,-0.12225593566894531,-0.21613200378417968,3.045532297512582,0.2940739089763114,2,-0.03377212102609024,0.0611305644053135,-0.05335134807428976,-0.02300000000000013,-0.0074176493209759005,0.0743243833407333,0.04624100534880949,-0.04794098260869691,0.004875539323506196,1427289508929,1,0,0,0,0,0,0
2.977506740963278,0.33166941066116584,2.017,-0.029757863746503185,-0.0971611328125,-0.23898101806640626,3.045532297512582,0.2940739089763114,2,-0.03377212102609024,0.06802555654930398,-0.03759550168485443,-0.016999999999999904,-0.004014257279587059,0.07306971365708129,0.06953241198474074,0.02052003333333466,0.012192371488931236,1427289508992,1,0,0,0,0,0,0
2.973545419436559,0.31531919002542663,2.007,-0.03307398932529254,-0.05209637832641602,-0.2469126739501953,3.045532297512582,0.2940739089763114,2,-0.03377212102609024,0.07198687807602289,-0.021245281049115217,-0.007000000000000117,-0.0006981317007977023,0.057486564379657934,0.07557240835895111,0.04737860597014804,0.014150191786318819,1427289509059,1,0,0,0,0,0,0
2.971902664817268,0.29804390693369226,1.999,-0.03565707661824408,-0.01605896759033203,-0.2598023681640625,3.045532297512582,0.2940739089763114,2,-0.03377212102609024,0.07362963269531386,-0.003969997957380844,0.0009999999999998899,0.0018849555921538336,0.0469337361859301,0.0963177475589567,0.046707290322580586,0.014383765074177393,1427289509121,1,0,0,0,0,0,0
2.97164379773978,0.2797427108313217,1.992,-0.03761184538047785,0.005905895233154297,-0.27448187255859374,3.088724409561402,0.22977819974158678,2,-0.03377212102609024,0.11708061182162233,-0.0499645110897349,0.008000000000000007,0.0038397243543876053,0.28988474316971746,-0.26814454188736137,0.04432001212121273,0.012725036909995657,0,1,0,0,0,0,0,0
2.975224500903204,0.2629767185709879,1.992,-0.04022983925846929,0.06312932968139648,-0.24929234313964843,3.092082008448715,0.2702011666373348,2,-0.03377212102609024,0.11685750754551094,0.007224448066346867,0.008000000000000007,0.006457718232379048,0.05822595869089262,0.31230547979790013,0.007250800000000001,0.018540766900031858,0,1,0,0,0,0,0,0
2.981529670700919,0.2463050936901836,1.987,-0.04309217923173997,0.10455876159667969,-0.24606822204589843,3.112013655882273,0.28950435016597514,2,-0.03377212102609024,0.13048398518135418,0.043199256475791536,0.0129999999999999,0.009320058205649726,0.13751104462394786,0.21030938183390988,0.037457302985073986,0.022136505847160225,0,1,0,0,0,0,0,0
2.990883803606238,0.23200285178797592,1.984,-0.04427900312309613,0.14942359924316406,-0.20828999328613282,3.1273918833721206,0.2754708693863101,2,-0.03377212102609024,0.13650807976588242,0.043468017598334185,0.016000000000000014,0.010506882097005885,0.10237163221886168,0.02401326568392187,0.03024655000000063,0.01607011908773788,0,1,0,0,0,0,0,0
3.0034705758648723,0.21747768917607443,1.979,-0.043720497762457955,0.19826077270507814,-0.20930667114257812,3.1584524944300836,0.2868731791595117,2,-0.03377212102609024,0.15498191856521126,0.06939548998343728,0.020999999999999908,0.009948376736367712,0.17979227872109865,0.17734249220719026,0.04531844999999934,0.007330382858376276,0,1,0,0,0,0,0,0
3.017420568598413,0.2053030173522614,1.968,-0.04167846253762447,0.21703163146972657,-0.1732999725341797,3.1766842764974164,0.33940819655523735,2,-0.03377212102609024,0.15926370789900357,0.13410517920297596,0.03200000000000003,0.007906341511534229,0.10406367758471967,0.41643042868261726,0.08621346923076989,-0.00151843644923569,0,1,0,0,0,0,0,0
3.034137593967449,0.19313163515902543,1.964,-0.03808308427851632,0.25814468383789063,-0.171964111328125,3.1990432959887944,0.38539205513857955,2,-0.03377212102609024,0.16490570202134558,0.19226041997955412,0.03600000000000003,0.004310963252426074,0.11385738948910316,0.40559715696110205,0.05163242121212125,-0.012031665198065537,0,1,0,0,0,0,0,0
3.053286377105491,0.18307650157727126,1.958,-0.0334579617607313,0.29276605224609376,-0.1397816162109375,3.2137262291792186,0.42215988826056006,2,-0.03377212102609024,0.1604398520737278,0.2390833866832888,0.04200000000000004,-0.0003141592653589445,0.05812815141636101,0.3690710425376467,0.06731568181818187,-0.021337443437109027,0,1,0,0,0,0,0,0
3.0762235130367452,0.1780531043075911,1.959,-0.02799508120198908,0.34638510131835937,-0.06379948806762695,3.2137262291792186,0.42215988826056006,2,-0.03377212102609024,0.13750271614247334,0.24410678395296895,0.040999999999999925,-0.0057770398241011635,-0.05500733933397947,0.15090706202509618,0.02949114999999932,-0.031384292443205314,0,1,0,0,0,0,0,0
3.102621116537211,0.17869010032684646,1.96,-0.02197369528260857,0.3955414428710938,0.020634794235229494,3.2137262291792186,0.42215988826056006,2,-0.03377212102609024,0.11110511264200751,0.2434697879337136,0.040000000000000036,-0.011798425743481673,-0.08483740256253247,0.11984513699384099,0.029035284615385234,-0.03958943767908403,0,1,0,0,0,0,0,0
3.1386974194418884,0.183338739164373,1.958,-0.016214108751027308,0.5394818115234375,0.08160273742675782,3.2137262291792186,0.42215988826056006,2,-0.03377212102609024,0.07502880973733017,0.23882114909618707,0.04200000000000004,-0.017558012275062936,-0.15494285900352692,0.09607489768514542,0.0470621307692308,-0.04414071934389953,0,1,0,0,0,0,0,0
3.1795142367002756,0.19333934412820625,1.972,-0.009110618695410362,0.6097396240234375,0.15991604614257812,3.2137262291792186,0.42215988826056006,2,-0.03377212102609024,0.03421199247894302,0.2288205441323538,0.028000000000000025,-0.02466150233067988,-0.2008548763575851,0.062405049415263196,-0.05010971538461542,-0.057446841048911935,0,1,0,0,0,0,0,0
3.2206132467042607,0.21024403550531728,1.978,-0.003508111796508624,0.6141494140625,0.25917633056640627,3.2137262291792186,0.42215988826056006,2,-0.03377212102609024,-0.006887017525042172,0.21191585275524277,0.02200000000000002,-0.03026400922958162,-0.2163224544171138,0.019636009408355387,-0.010720983582089567,-0.0553498610157088,0,1,0,0,0,0,0,0
3.261719984403181,0.23073659020420745,1.983,-0.0010297442586765862,0.6155189208984375,0.30954953002929686,3.2137262291792186,0.42215988826056006,2,-0.03377212102609024,-0.04799375522396243,0.1914232980563526,0.016999999999999904,-0.03274237676741366,-0.2435546705160842,-0.01252227881565346,-0.010190276923077626,-0.044180996172792295,0,0,0,0,0,0,0,0
3.3002422123053057,0.255689023206894,1.987,-0.000872664625997284,0.5774476928710938,0.3748813171386719,3.2137262291792186,0.42215988826056006,2,-0.03377212102609024,-0.0865159831260871,0.16647086505366604,0.0129999999999999,-0.03289945640009296,-0.2521956163111363,-0.051006046645088315,-0.008259000000000105,-0.03363576717827719,0,0,0,0,0,0,0,0
3.3377109829173532,0.2857896377830651,1.997,-0.002530727415391794,0.5616373291015625,0.45199951171875,3.2137262291792186,0.42215988826056006,2,-0.03377212102609024,-0.12398475373813467,0.13637025047749496,0.0029999999999998916,-0.03124139361069845,-0.26209707654760167,-0.0915893276201502,-0.04821065384615398,-0.023588796121185328,0,0,0,0,0,0,0,0
3.3664756599646126,0.31724210985330065,2,-0.003979350694547086,0.43027481079101565,0.47287750244140625,3.2137262291792186,0.42215988826056006,2,-0.03377212102609024,-0.15274943078539405,0.10491777840725941,0,-0.029792770331543157,-0.22736526505379034,-0.11195949808196365,-0.01267359090909034,-0.023208119062655463,0,0,0,0,0,0,0,0
3.387119612295808,0.3471650884129239,2.006,-0.006335545184739395,0.3078707275390625,0.4500733642578125,3.2137262291792186,0.42215988826056006,2,-0.03377212102609024,-0.17339338311658947,0.07499479984763618,-0.005999999999999783,-0.027436575841350848,-0.19641973620173864,-0.12120255895386445,-0.03391119230769097,-0.01656183204046327,0,0,0,0,0,0,0,0
3.400273652525649,0.3751202453498149,2.019,-0.006667157742618231,0.19464999389648438,0.4205690002441406,3.2137262291792186,0.42215988826056006,2,-0.03377212102609024,-0.18654742334643037,0.04703964291074514,-0.019000000000000128,-0.027104963283472013,-0.16278771621146376,-0.12455359907047549,-0.08212700000000195,-0.025574443785569695,0,0,0,0,0,0,0,0
3.407194579971292,0.4058486179214664,2.025,-0.008691739674931706,0.10073856353759765,0.46160748291015624,3.2137262291792186,0.42215988826056006,2,-0.03377212102609024,-0.19346835079207336,0.01631127033909363,-0.02499999999999991,-0.02508038135115854,-0.1328110193704652,-0.15483988260236792,-0.049397192307691073,-0.015736157048173275,0,0,0,0,0,0,0,0
3.4079546102836957,0.437778950136247,2.024,-0.007592182246175259,0.007237124443054199,0.47903598022460936,3.2137262291792186,0.42215988826056006,2,-0.03377212102609024,-0.19422838110447715,-0.015619061875686957,-0.02400000000000002,-0.026179938779914983,-0.10014322148771242,-0.1772872914860571,-0.011060884615385236,-0.03125481922032934,0,0,0,0,0,0,0,0
3.4025489981871297,0.4760297147725303,2.029,-0.007225663103256518,-0.08543790435791015,0.5731293334960937,3.2137262291792186,0.42215988826056006,2,-0.03377212102609024,-0.18882276900791117,-0.053869826511970254,-0.028999999999999915,-0.026546457922833725,-0.06480644279951459,-0.22736063379039906,-0.04715205151515088,-0.028212454027009826,0,0,0,0,0,0,0,0
3.39378129373809,0.5136871527741836,2.031,-0.00504400153826352,-0.13559359741210938,0.5638965454101562,3.2137262291792186,0.42215988826056006,2,-0.03377212102609024,-0.18005506455887144,-0.09152726451362359,-0.03100000000000014,-0.028728119487826723,-0.04271214929084881,-0.24310333166276704,-0.03304756060606191,-0.03864476296506762,0,0,0,0,0,0,0,0
3.3879159917354005,0.5542276452071917,2.013,-0.0007504915783574478,-0.09104569244384765,0.6076558837890625,3.2137262291792186,0.42215988826056006,2,-0.03377212102609024,-0.1741897625561819,-0.13206775694663164,-0.0129999999999999,-0.03302162944773279,-0.054310511791602956,-0.2854653843794772,0.09031280000000137,-0.053147457384792485,0,1,0,0,0,0,0,0
3.3797774525917297,0.5935095372862039,1.969,0.0002967059728389738,-0.122520263671875,0.5891365966796875,3.2137262291792186,0.42215988826056006,2,-0.03377212102609024,-0.1660512234125111,-0.17134964902564387,0.030999999999999917,-0.034068826998929214,-0.039267786653143656,-0.2918266672496953,0.26061323333333225,-0.03882881586800386,0,1,0,0,0,0,0,0
3.370004766852766,0.6293837388604745,1.92,0.0021467549799530257,-0.14643061828613282,0.538156494140625,3.2137262291792186,0.42215988826056006,2,-0.03377212102609024,-0.15627853767354738,-0.20722385059991444,0.08000000000000007,-0.035918876006043265,-0.024196006614099513,-0.2977703671051388,0.33496065000000086,-0.044590980726890384,0,1,0,0,0,0,0,0
3.3552735680248658,0.6592728540560553,1.869,0.004153883619746491,-0.2200050048828125,0.44881005859375,3.2137262291792186,0.42215988826056006,2,-0.03377212102609024,-0.14154733884564719,-0.23711296579549523,0.131,-0.03792600464583673,0.007751790205573761,-0.27518726301399055,0.37911104545454505,-0.047049316644897934,0,1,0,0,0,0,0,0
3.3372437433757765,0.6842974317453455,1.823,0.006248278722139666,-0.26888580322265626,0.37648883056640625,3.2137262291792186,0.42215988826056006,2,-0.03377212102609024,-0.12351751419655788,-0.26213754348478546,0.17700000000000005,-0.04002039974822991,0.03136328488292877,-0.2581778951760354,0.38342480588235317,-0.04926037814114098,0,1,0,0,0,0,0,0
3.3164456914124663,0.7018391446017364,1.795,0.008918632477691136,-0.31032061767578123,0.26506982421875,3.2137262291792186,0.42215988826056006,2,-0.03377212102609024,-0.10271946223324768,-0.2796792563411763,0.20500000000000007,-0.042690753503781376,0.0663064146086123,-0.2373449777252553,0.32839561612903245,-0.055611820062901385,0,1,0,0,0,0,0,0
3.295456188999253,0.7092977884603597,1.763,0.008744099552491603,-0.31383221435546876,0.11468313598632812,3.2137262291792186,0.42215988826056006,2,-0.03377212102609024,-0.08172995982003428,-0.2871379001997997,0.2370000000000001,-0.04251622057858184,0.07236008109355035,-0.18239706937635586,0.3697792923076926,-0.041710684000737845,0,1,0,0,0,0,0,0
3.273298401135563,0.7093923787896699,1.713,0.0095469510084089,-0.33234170532226565,0.00432501220703125,3.2137262291792186,0.42215988826056006,2,-0.03377212102609024,-0.059572171956344455,-0.2872324905291098,0.2869999999999999,-0.04331907203449914,0.08788268027155768,-0.14297362489795495,0.5045173151515141,-0.04696839683412322,0,1,0,0,0,0,0,0
3.2492162114762957,0.7059889158337661,1.661,0.011938052083641225,-0.3617037658691406,-0.04760099792480469,3.2137262291792186,0.42215988826056006,2,-0.03377212102609024,-0.035489982297077116,-0.28382902757320605,0.33899999999999997,-0.04571017310973147,0.11409711572237524,-0.1223392405748459,0.5675104000000002,-0.056918459399883,0,1,0,0,0,0,0,0
3.2257048804722817,0.699629462413298,1.609,0.013089969389957478,-0.35378359985351565,-0.09117491149902343,3.2137262291792186,0.42215988826056006,2,-0.03377212102609024,-0.01197865129306308,-0.277469574152738,0.391,-0.04686209041604772,0.11170157648942904,-0.10616916350427719,0.5874724000000002,-0.0517988788716888,0,1,0,0,0,0,0,0
3.202968898653346,0.6875786299511987,1.558,0.014608405839192472,-0.3433766174316406,-0.17628292846679688,3.2137262291792186,0.42215988826056006,2,-0.03377212102609024,0.010757330525872355,-0.2654187416906386,0.44199999999999995,-0.048380526865282714,0.1298571976426663,-0.06620789234314392,0.6500074499999996,-0.05549819772107175,0,1,0,0,0,0,0,0
3.182316300231884,0.6687392600201625,1.53,0.013735741213195362,-0.31388397216796876,-0.2780350341796875,3.2137262291792186,0.42215988826056006,2,-0.03377212102609024,0.03140992894733463,-0.24657937175960243,0.47,-0.0475078622392856,0.1324528195904577,-0.01649279474647003,0.5544797161290325,-0.04328529146833184,0,1,0,0,0,0,0,0
3.1682369821336605,0.64451269485112,1.479,0.01415462023367413,-0.21616123962402345,-0.3604634399414062,3.2137262291792186,0.42215988826056006,2,-0.03377212102609024,0.04548924704555812,-0.2223528065905599,0.5209999999999999,-0.04792674125976437,0.09874651033332102,0.01957541217062836,0.7152170846153842,-0.049860029046589455,0,1,0,0,0,0,0,0
3.152085117996094,0.6154461188179107,1.428,0.011868238913561412,-0.2484248809814453,-0.4325257263183594,3.2137262291792186,0.42215988826056006,2,-0.03377212102609024,0.061641111183124764,-0.1932862305573506,0.5720000000000001,-0.045640359939651653,0.11802237241314417,0.060044661098268545,0.7597350846153854,-0.03508783076990065,0,1,0,0,0,0,0,0
3.1389431240161376,0.5801371792500452,1.38,0.010786134777325084,-0.20340170288085938,-0.5272572631835938,3.2137262291792186,0.42215988826056006,2,-0.03377212102609024,0.07478310516308095,-0.1579772909894851,0.6200000000000001,-0.044558255803415325,0.10632410531620279,0.10553063792047208,0.7784199686567168,-0.03971301340235714,0,1,0,0,0,0,0,0
3.128122656703091,0.5417357171581308,1.332,0.011257373675363322,-0.168510498046875,-0.57423779296875,3.2137262291792186,0.42215988826056006,2,-0.03377212102609024,0.08560357247612771,-0.11957582889757079,0.6679999999999999,-0.045029494701453565,0.101401828699415,0.14698106393974683,0.8288772384615375,-0.04720444346163006,0,1,0,0,0,0,0,0
3.1206059751035413,0.5014198068715596,1.291,0.011414453308042844,-0.11955070495605469,-0.6034310913085937,3.2137262291792186,0.42215988826056006,2,-0.03377212102609024,0.09312025407567726,-0.07925991861099957,0.7090000000000001,-0.04518657433413309,0.08806256419677536,0.18078882354296155,0.8319720500000009,-0.04592288511231836,0,1,0,0,0,0,0,0
3.116387384465818,0.46212391282146426,1.249,0.011728612573401893,-0.0700027084350586,-0.588677734375,3.271296315252906,0.3292396927684667,2,-0.03377212102609024,0.15490893078708812,-0.13288422005299755,0.7509999999999999,-0.04550073359949214,0.4056195149340182,-0.35095996066870566,0.8690371727272718,-0.04692873026021509,0,1,0,0,0,0,0,0
3.1149273984562633,0.419823684093635,1.201,0.011292280260403338,-0.029339958190917968,-0.6342029418945313,3.2622899881884253,0.3789453644365231,2,-0.03377212102609024,0.14736258973216199,-0.04087831965711192,0.7989999999999999,-0.04506440128649358,0.03364076096321659,0.4748041008942834,0.9483649384615386,-0.04305055984188487,0,1,0,0,0,0,0,0
3.1173832248753626,0.3798814208641538,1.152,0.010768681484805072,0.030069602966308593,-0.59951171875,3.2627059655390203,0.4248081069657967,2,-0.03377212102609024,0.1453227406636577,0.04492668610164291,0.8480000000000001,-0.044540802510895317,0.06269641883732047,0.4705554226161856,0.9907551492537323,-0.042196330381350844,0,1,0,0,0,0,0,0
3.1239200995377088,0.340253136729161,1.102,0.011152653920243711,0.09164639282226562,-0.5954456787109375,3.2745892291522787,0.4286568741488734,2,-0.03377212102609024,0.1506691296145699,0.08840373741971236,0.8979999999999999,-0.044924774946333956,0.10582262367263351,0.2856537119091562,1.0582201777777767,-0.04675321511508938,0,1,0,0,0,0,0,0
3.13336660544587,0.2972348289524257,1.049,0.014992378274631329,0.13449240112304686,-0.6468147583007813,3.28022670109208,0.4294048637025843,2,-0.03377212102609024,0.14686009564620983,0.1321700347501586,0.9510000000000001,-0.048764499300721575,0.05380122200566806,0.3017482750408643,1.1144085153846164,-0.06648630401327982,0,1,0,0,0,0,0,0
3.1456715870059457,0.2527486418408411,1,0.017558012275062967,0.174550048828125,-0.6699849243164062,3.273173547096743,0.49236189212806636,2,-0.03377212102609024,0.12750196009079717,0.23961325028722524,1,-0.051330133301153213,-0.039520901120570065,0.6985013448423482,1.1385700538461534,-0.06317152099545308,0,1,0,0,0,0,0,0
3.16187494501324,0.2092757863312038,0.95,0.019338248112097205,0.23156404113769533,-0.6562595825195312,3.2722900619787603,0.5460804018803364,2,-0.03377212102609024,0.11041511696552009,0.33680461554913255,1.05,-0.05311036913818745,-0.034367381053335685,0.6841876823429095,1.1868054151515155,-0.061202350215615806,0,1,0,0,0,0,0,0
3.1843290643800017,0.1728007944104112,0.902,0.02134537675189067,0.32616903686523435,-0.5535355224609375,3.2432744535223246,0.6028933845550862,2,-0.03377212102609024,0.058945389142322835,0.43009259014467505,1.0979999999999999,-0.05511749777798092,-0.2465965718642768,0.718022337854261,1.2256524384615375,-0.06438116842318152,0,1,0,0,0,0,0,0
3.213042392327752,0.14338135280227154,0.857,0.021485003092050186,0.4211829833984375,-0.45038385009765625,3.2432744535223246,0.6028933845550862,2,-0.03377212102609024,0.03023206119457278,0.4595120317528147,1.143,-0.05525712411814043,-0.13605624260677446,0.38672766373871537,1.2493710636363646,-0.055891789300683684,0,0,0,0,0,0,0,0
3.2487597837190223,0.12753528974915224,0.809,0.02277654673852606,0.5305308227539063,-0.24914602661132812,3.2432744535223246,0.6028933845550862,2,-0.03377212102609024,-0.005485330196697724,0.475358094805934,1.1909999999999998,-0.056548667764616305,-0.19698028487698074,0.325600891421502,1.3192570999999989,-0.06260277860747196,0,0,0,0,0,0,0,0
3.2826099232568167,0.12156832945293038,0.765,0.026145032194875108,0.5055819702148437,-0.10104502868652344,3.2432744535223246,0.6028933845550862,2,-0.03377212102609024,-0.03933546973449209,0.48132505510215584,1.2349999999999999,-0.05991715322096535,-0.20087142065677982,0.27436886174410846,1.3369076769230772,-0.07546400917334556,0,0,0,0,0,0,0,0
3.3118318441832537,0.1300216965235918,0.717,0.02935643801854463,0.4414938354492188,0.11529835510253907,3.2432744535223246,0.6028933845550862,2,-0.03377212102609024,-0.06855739066092914,0.47287168803149443,1.283,-0.06312855904463488,-0.19060576628585008,0.19280162821508837,1.4051856384615387,-0.07795043207695579,0,0,0,0,0,0,0,0
3.3412772340745525,0.15199712096342183,0.674,0.03014183618194214,0.45116595458984377,0.3165250244140625,3.2432744535223246,0.6028933845550862,2,-0.03377212102609024,-0.09800278055222789,0.4508962635916644,1.326,-0.06391395720803239,-0.20659545746503677,0.1092959204248308,1.4212815615384626,-0.0675388718083286,0,0,0,0,0,0,0,0
3.3660309558485006,0.18368644740862758,0.631,0.03001966313430241,0.3854626159667969,0.463933837890625,3.2432744535223246,0.6028933845550862,2,-0.03377212102609024,-0.12275650232617608,0.4192069371464586,1.369,-0.06379178416039266,-0.18981295267271767,0.046520076822695294,1.4579422656716412,-0.06324474066349836,0,0,0,0,0,0,0,0
3.3858700004922313,0.22158249793258616,0.582,0.02946115777366435,0.314513427734375,0.5592525634765625,3.2432744535223246,0.6028933845550862,2,-0.03377212102609024,-0.14259554696990673,0.38131088662250007,1.4180000000000001,-0.0632332787997546,-0.1790080246612119,-0.013886678225161514,1.549559350000001,-0.060615284921763685,0,0,0,0,0,0,0,0
3.4011921698759457,0.26477504576397715,0.539,0.029583330821303856,0.2488175811767578,0.6408369140625,3.2432744535223246,0.6028933845550862,2,-0.03377212102609024,-0.15791771635362117,0.3381183387911091,1.4609999999999999,-0.0633554518473941,-0.16078096946252862,-0.06059440647138817,1.5570255615384598,-0.06391932745188414,0,0,0,0,0,0,0,0
3.410317720016857,0.31541075031405597,0.491,0.029129545215785403,0.1592896728515625,0.7551543579101563,3.2432744535223246,0.6028933845550862,2,-0.03377212102609024,-0.16704326649453227,0.28748263424103027,1.509,-0.06290166624187565,-0.132085911348803,-0.12580393121172076,1.6321571384615385,-0.060807271139482796,0,0,0,0,0,0,0,0
3.411609218615936,0.37301004506156504,0.441,0.029722957161463486,0.0445283203125,0.8630586547851562,3.2432744535223246,0.6028933845550862,2,-0.03377212102609024,-0.16833476509361134,0.2298833394935212,1.559,-0.06349507818755373,-0.09065772378963473,-0.19195040932404445,1.6930598692307695,-0.0662339025522218,0,0,0,0,0,0,0,0
3.404243270985441,0.4368410333847781,0.391,0.029146998508305304,-0.08198591613769532,0.9603255004882812,3.2432744535223246,0.6028933845550862,2,-0.03377212102609024,-0.1609688174631163,0.16605235117030814,1.609,-0.06291911953439555,-0.04164954495070611,-0.24705006115985223,1.7358034298507465,-0.06034020019189623,0,0,0,0,0,0,0,0
3.3896202886448754,0.5072749209886405,0.339,0.028780479365386562,-0.18846188354492188,1.062451904296875,3.2432744535223246,0.6028933845550862,2,-0.03377212102609024,-0.14634583512255084,0.09561846356644577,1.661,-0.06255260039147681,0.007058888654494583,-0.33394567058880437,1.8112148000000006,-0.060834541909045206,0,0,0,0,0,0,0,0
3.368355574467571,0.5799128048534112,0.288,0.028658306317746945,-0.28748464965820314,1.0982958984375,3.2432744535223246,0.6028933845550862,2,-0.03377212102609024,-0.12508112094524648,0.022980579701674997,1.712,-0.06243042734383719,0.05214281544812683,-0.37619141927491156,1.8533831846153843,-0.061866551739346645,0,0,0,0,0,0,0,0
3.33872916104882,0.6519401175872539,0.238,0.0299498499642226,-0.4132552490234375,1.092699951171875,3.2432744535223246,0.6028933845550862,2,-0.03377212102609024,-0.09545470752649532,-0.049046733032167666,1.762,-0.06372197099031285,0.10950048307171403,-0.40307340159489186,1.8955485151515157,-0.06959262392883855,0,0,0,0,0,0,0,0
3.2982252205790004,0.6800121075647491,0.186,0.03275983005993359,-0.59467724609375,0.4390845947265625,3.2432744535223246,0.6028933845550862,2,-0.03377212102609024,-0.05495076705667579,-0.07711872300966283,1.814,-0.06653195108602383,0.19070510816963188,-0.18635337078977704,1.9637880000000003,-0.0795010899893053,0,0,0,0,0,0,0,0
3.255048413226554,0.7101109000017852,0.135,0.035849062835963494,-0.6325167846679688,0.4724528198242188,3.2432744535223246,0.6028933845550862,2,-0.03377212102609024,-0.011773959704229231,-0.107217515446699,1.865,-0.06962118386205374,0.2197379684710143,-0.20755023143946794,2.0035014104477606,-0.08345356942636674,0,0,0,0,0,0,0,0
3.212626593886013,0.731883214303529,0.09,0.04052654523130832,-0.6242131958007813,0.34918173217773435,3.2432744535223246,0.6028933845550862,2,-0.03377212102609024,0.03064785963631156,-0.12898982974844275,1.91,-0.07429866625739856,0.25109447423747416,-0.1822424560540227,2.0351164999999996,-0.09657239194951676,0,0,0,0,0,0,0,0
3.1722487541394733,0.7451807934084153,0.044,0.04471533543609467,-0.5970889282226562,0.22383880615234375,3.2432744535223246,0.6028933845550862,2,-0.03377212102609024,0.0710256993828513,-0.14228740885332902,1.956,-0.07848745646218491,0.2530719237979798,-0.139628779772177,2.082322807692308,-0.09782033433042961,0,0,0,0,0,0,0,0
3.1351829645507614,0.7508672603195521,0.012,0.047001716756207276,-0.5516182861328125,0.1100645980834961,3.2432744535223246,0.6028933845550862,2,-0.03377212102609024,0.10809148897156318,-0.14797387576446586,1.988,-0.08077383778229752,0.2508180272729887,-0.10112283330637703,2.04304826969697,-0.09116648014644574,0,0,0,0,0,0,0,0
3.1026207204223533,0.7497249908107629,-0.024,0.05108578720587402,-0.48869927978515626,0.005833648681640625,3.2432744535223246,0.6028933845550862,2,-0.03377212102609024,0.1406537330999713,-0.1468316062556767,2.024,-0.08485790823196426,0.24870293490892453,-0.06424337805685766,2.1119799000000006,-0.10400198846477712,0,0,0,0,0,0,0,0
3.0759487959144134,0.7432303039092626,-0.058,0.05188863866179142,-0.40453155517578127,-0.07686375427246094,3.2432744535223246,0.6028933845550862,2,-0.03377212102609024,0.16732565760791118,-0.14033691935417636,2.058,-0.08566075968788167,0.21556424379945086,-0.03532639800454495,2.124522333802816,-0.08905308978330734,0,0,0,0,0,0,0,0
3.0606698513305957,0.7326390113855069,0,0.0464257581030492,-0.23711552429199217,-0.1467688446044922,3.2432744535223246,0.6028933845550862,2,-0.03377212102609024,0.18260460219172892,-0.12974562683042068,2,-0.08019787912913945,0.18095913759472482,-0.00034212158735189707,1.5841833666666678,-0.05288347633542834,0,0,0,0,0,0,0,0
