0,0,0.721,0,0.004456156730651855,0.011828309059143066,0,0,1,0,0,0,0.279,0,0,0,0.22320000000000004,0,0,0,0,0,0,0,0,0
0.0007045219421386719,-0.00012311224142710366,0.718,-0.0003316125578788354,0.010567829132080079,-0.0018466836214065551,0,0,1,0,-0.0007045219421386719,0.00012311224142710366,0.28200000000000003,0.0003316125578788354,-0.004088827163862286,0.000714505321754807,0.24358684615384618,0.0018621320557811526,0,0,0,0,0,0,0,0
0.0007431064547801221,-0.00022394730007566495,0.715,0.0006283185307180972,0.0005792692303657532,-0.001512333869934082,0,0,1,0,-0.0007431064547801221,0.00022394730007566495,0.28500000000000003,-0.0006283185307180972,-0.0005771235018972934,0.0006469340809563825,0.24762309090909096,-0.004991641660704154,0,0,0,0,0,0,0,0
-0.00022616811415767914,0.000796204424355109,0.715,0.0009075712110370171,-0.014529500961303711,0.015311408042907714,0,0,1,0,0.00022616811415767914,-0.000796204424355109,0.28500000000000003,-0.0009075712110370171,0.005412993668808534,-0.005977337466692546,0.23353800000000002,-0.0022165681500319542,0,0,0,0,0,0,0,0
0.0007959492624365137,0.000650309238010583,0.72,-0.00041887902047854647,0.015329768180847168,-0.0022023415565490725,0,0,1,0,-0.0007959492624365137,-0.000650309238010583,0.28,0.00041887902047854647,-0.005903011636279553,0.00045973163338786923,0.2044349230769231,0.0065409570120888395,0,0,0,0,0,0,0,0
0.002187480752542057,0.0005018568023955189,0.72,-0.0013089969389957767,0.020873903274536133,-0.002218043088912964,0,0,1,0,-0.002187480752542057,-0.0005018568023955189,0.28,0.0013089969389957767,-0.008258850351719013,0.0005121205422446565,0.23326200000000002,0.005235987755983557,0,0,0,0,0,0,0,0
0.004326673480969667,0.0009861745344152113,0.727,-0.00116937059883615,0.032078353881835935,0.0073067626953125,0,0,1,0,-0.004326673480969667,-0.0009861745344152113,0.273,0.00116937059883615,-0.014053282132679116,-0.0031854070991048874,0.1904930111111111,0.0005044832647426896,0,0,0,0,0,0,0,0
0.008217801140740635,0.0017965170522898457,0.735,-0.0006981317007976882,0.0583526611328125,0.012223381996154786,0,0,1,0,-0.008217801140740635,-0.0017965170522898457,0.265,0.0006981317007976882,-0.025072009346791234,-0.005264474815905847,0.1816274769230769,-0.0014768170593798277,0,0,0,0,0,0,0,0
0.014053370854432843,0.0018053374664690415,0.739,-0.0018325957145940428,0.08753343200683594,0.00019341611862182617,0,0,1,0,-0.014053370854432843,-0.0018053374664690415,0.261,0.0018325957145940428,-0.03846900149273017,-0.0009541702416809044,0.20166243846153845,0.007068583470577218,0,0,0,0,0,0,0,0
0.019911108496031383,0.002124370084369609,0.747,-0.0023561944901921983,0.08785714721679687,0.00494650411605835,0,0,1,0,-0.019911108496031383,-0.002124370084369609,0.253,0.0023561944901921983,-0.041530178299701334,-0.0027854407958395676,0.17536847692307694,0.004772804223722147,0,0,0,0,0,0,0,0
0.024002032366428904,0.003615429494827384,0.761,-0.002967059728390286,0.061310989379882816,0.022510414123535157,0,0,1,0,-0.024002032366428904,-0.003615429494827384,0.239,0.002967059728390286,-0.033744110604377875,-0.009722621979269602,0.1345803757575757,0.005743719902017958,0,0,0,0,0,0,0,0
0.028799414643617283,0.005953974905476172,0.771,-0.0034033920413889525,0.07185633850097656,0.03529153823852539,0,0,1,0,-0.028799414643617283,-0.005953974905476172,0.22899999999999998,0.0034033920413889525,-0.03990817969567928,-0.015390068248438502,0.14930389696969695,0.005386720736837436,0,0,0,0,0,0,0,0
0.03219636164743743,0.007326555264404944,0.782,-0.003263765701229437,0.05088383865356445,0.02076200294494629,0,0,1,0,-0.03219636164743743,-0.007326555264404944,0.21799999999999997,0.003263765701229437,-0.03476364920503464,-0.01118596908348086,0.13477314999999995,0.0026092672317317082,0,0,0,0,0,0,0,0
0.03707241735362406,0.008928525447206324,0.793,-0.0042586033748660546,0.07306201934814453,0.024268138885498048,0,0,1,0,-0.03707241735362406,-0.008928525447206324,0.20699999999999996,0.0042586033748660546,-0.04490440477404053,-0.013112452170537938,0.1282441307692307,0.008850161868573521,0,0,0,0,0,0,0,0
0.04327962078663296,0.00826205975515561,0.804,-0.006038839211900404,0.0931497802734375,-0.009600385665893555,0,0,1,0,-0.04327962078663296,-0.00826205975515561,0.19599999999999995,0.006038839211900404,-0.0552038567730993,-0.0005699349526113967,0.12071813076923069,0.014255312305905094,0,0,0,0,0,0,0,0
0.04758524699004342,0.005975248087028632,0.815,-0.006178465552059809,0.06479035949707031,-0.03391153717041016,0,0,1,0,-0.04758524699004342,-0.005975248087028632,0.18500000000000005,0.006178465552059809,-0.047148338279818014,0.00929452684137541,0.11312063076923137,0.006822894814333983,0,0,0,0,0,0,0,0
0.05209680805564222,0.004034211081482656,0.824,-0.009145525280450317,0.06785201263427734,-0.02869688415527344,0,0,1,0,-0.05209680805564222,-0.004034211081482656,0.17600000000000005,0.009145525280450317,-0.049822738891557146,0.008088486684168887,0.11931567462686568,0.022430867347870503,0,0,0,0,0,0,0,0
0.05788828853601816,0.0029184385468084394,0.837,-0.011047934165124174,0.08702163696289063,-0.015941407203674315,0,0,1,0,-0.05788828853601816,-0.0029184385468084394,0.16300000000000003,0.011047934165124174,-0.06085983020063454,0.0046066406484760805,0.08588005,0.019965475812032875,0,0,0,0,0,0,0,0
0.0634546211734621,-0.0007055090312693764,0.844,-0.012636183784438981,0.08409043884277344,-0.05343346786499024,0,0,1,0,-0.0634546211734621,0.0007055090312693764,0.15600000000000003,0.012636183784438981,-0.06198464350153064,0.01983075585134316,0.1146954923076923,0.019966566642815015,0,0,0,0,0,0,0,0
0.07006380975553331,-0.006425245478614975,0.855,-0.014486232791552922,0.10021401977539063,-0.08453650665283204,0,0,1,0,-0.07006380975553331,0.006425245478614975,0.14500000000000002,0.014486232791552922,-0.07095015743228503,0.03397981747294204,0.08529953076923075,0.023024920516694185,0,0,0,0,0,0,0,0
0.07585512740878698,-0.013331432383829653,0.868,-0.016877333866785138,0.08836126708984375,-0.10232356262207032,0,0,1,0,-0.07585512740878698,0.013331432383829653,0.132,0.016877333866785138,-0.069491201705787,0.04383015574512468,0.06498829999999994,0.027913184983241517,0,0,0,0,0,0,0,0
0.08033765791768362,-0.0221413526052347,0.876,-0.019024088846738233,0.0694585952758789,-0.1309952392578125,0,0,1,0,-0.08033765791768362,0.0221413526052347,0.124,0.019024088846738233,-0.06401847920908829,0.057084761609071694,0.08762805522388058,0.028636424577871494,0,0,0,0,0,0,0,0
0.08358497255946437,-0.03153433524588107,0.886,-0.01914626189437774,0.05138113784790039,-0.13994264221191408,0,0,1,0,-0.08358497255946437,0.03153433524588107,0.11399999999999999,0.01914626189437774,-0.060319227810520556,0.06796238514723238,0.06658174444444441,0.019728038311708725,0,0,0,0,0,0,0,0
0.08790659538086493,-0.04444950515867645,0.886,-0.0203330857857339,0.06852139282226563,-0.1924509735107422,0,0,1,0,-0.08790659538086493,0.04444950515867645,0.11399999999999999,0.0203330857857339,-0.0677668183400548,0.09180884799686309,0.12287830000000001,0.025810734515070016,0,0,0,0,0,0,0,0
0.09122392279060186,-0.05660855944753508,0.893,-0.020455258833373513,0.053457836151123046,-0.18133641052246094,0,0,1,0,-0.09122392279060186,0.05660855944753508,0.10699999999999998,0.020455258833373513,-0.06354564763224514,0.09190052804638225,0.08142803582089549,0.021002302330267307,0,0,0,0,0,0,0,0
0.09427814908334978,-0.06880254836628706,0.897,-0.020123646275494567,0.04954501724243164,-0.18193450927734375,0,0,1,0,-0.09427814908334978,0.06880254836628706,0.10299999999999998,0.020123646275494567,-0.06450657654282707,0.10120998525851783,0.09357939999999997,0.018569212410437005,0,0,0,0,0,0,0,0
0.09621978498527915,-0.08439961050309414,0.901,-0.022235494670407755,0.03382637023925781,-0.233322509765625,0,0,1,0,-0.09621978498527915,0.08439961050309414,0.09899999999999998,0.022235494670407755,-0.05898193582582316,0.12385637743343617,0.09202217761194029,0.03169153225957128,1427127461507,0,0,0,0,0,0,0
0.09811160080283966,-0.09677294873712208,0.905,-0.023300145514124296,0.03249679183959961,-0.18492326354980468,0,0,1,0,-0.09811160080283966,0.09677294873712208,0.09499999999999997,0.023300145514124296,-0.06019362879684484,0.11629448443807963,0.08845069999999997,0.028290696344045584,1427127461507,0,0,0,0,0,0,0
0.09757042148980574,-0.1081338057413048,0.912,-0.023806290997202665,-0.0041452012062072755,-0.17055572509765626,0,0,1,0,-0.09757042148980574,0.1081338057413048,0.08799999999999997,0.023806290997202665,-0.046680042089643055,0.11650711185012928,0.06700764999999995,0.026178847949132517,0,0,0,0,0,0,0,0
0.09867532897167965,-0.12083514155704471,0.918,-0.024678955623199883,0.021104063034057617,-0.190071533203125,0,0,1,0,-0.09867532897167965,0.12083514155704471,0.08199999999999996,0.024678955623199883,-0.05611655377427779,0.12816341292963557,0.06921191818181814,0.02864561301409633,0,0,0,0,0,0,0,0
0.09891224661945704,-0.1318138154156948,0.923,-0.027611108766550263,0.0076164031028747555,-0.1645422668457031,0,0,1,0,-0.09891224661945704,0.1318138154156948,0.07699999999999996,0.027611108766550263,-0.05171565811115594,0.12549879628111005,0.07060752307692303,0.041144123274321244,0,0,0,0,0,0,0,0
0.09717908421321018,-0.14185597934841887,0.927,-0.028448866807507578,-0.02182892608642578,-0.15129277038574218,0,0,1,0,-0.09717908421321018,0.14185597934841887,0.07299999999999995,0.028448866807507578,-0.04071875941850614,0.12318801262872306,0.07423876470588231,0.032144858164672205,0,0,0,0,0,0,0,0
0.0956172507635325,-0.1472344797427541,0.931,-0.030264009229581612,-0.021123147964477538,-0.08131125640869141,0,0,1,0,-0.0956172507635325,0.1472344797427541,0.06899999999999995,0.030264009229581612,-0.04010101251277159,0.10464344195216105,0.06947415483870963,0.0389075445727913,0,0,0,0,0,0,0,0
0.09560753663479248,-0.15128621512071497,0.933,-0.03078760800517999,0.0016934003829956056,-0.06075260925292969,0,0,1,0,-0.09560753663479248,0.15128621512071497,0.06699999999999995,0.03078760800517999,-0.04892454383555607,0.09789313180622149,0.08029093939393933,0.03320421773871096,0,0,0,0,0,0,0,0
0.09539529439400211,-0.15419114646591311,0.936,-0.0323584043319749,-0.001840798497200012,-0.043651321411132815,0,0,1,0,-0.09539529439400211,0.15419114646591311,0.06399999999999995,0.0323584043319749,-0.04778910114056787,0.09360128424744245,0.0727591538461538,0.03960823353256679,0,0,0,0,0,0,0,0
0.09246641754496161,-0.15291263405091285,0.94,-0.03487167845484674,-0.04453060531616211,0.017746288299560545,0,0,1,0,-0.09246641754496161,0.15291263405091285,0.06000000000000005,0.03487167845484674,-0.03222935510807888,0.07074374529438844,0.06521947761194091,0.04612514467666095,0,0,0,0,0,0,0,0
0.08839915339066394,-0.14845254733897895,0.946,-0.037367499285198565,-0.06330435943603516,0.06473357391357422,0,0,1,0,-0.08839915339066394,0.14845254733897895,0.05400000000000005,0.037367499285198565,-0.023309550588033554,0.05089640856059249,0.048848100000000026,0.04906665942747274,0,0,0,0,0,0,0,0
0.08527469191231339,-0.14296933578091994,0.951,-0.0368439005096003,-0.049906898498535156,0.08043986511230469,0,0,1,0,-0.08527469191231339,0.14296933578091994,0.049000000000000044,0.0368439005096003,-0.02722157589745219,0.0431138467430837,0.05105602307692311,0.03442729077606984,0,0,0,0,0,0,0,0
0.08375849321629228,-0.1352349049924282,0.956,-0.036686820876920774,-0.02700107765197754,0.1150999755859375,0,0,1,0,-0.08375849321629228,0.1352349049924282,0.04400000000000004,0.036686820876920774,-0.0350493937111991,0.026560498626094255,0.04691695000000002,0.035950510098735504,0,0,0,0,0,0,0,0
0.08239371958590481,-0.12728052408609142,0.957,-0.03740240587023847,-0.024834161758422853,0.11848455810546875,0,0,1,0,-0.08239371958590481,0.12728052408609142,0.04300000000000004,0.03740240587023847,-0.03547566245107612,0.022782658705237158,0.06844146969696974,0.040655064930773456,0,0,0,0,0,0,0,0
0.0771155140371935,-0.11640816876549388,0.962,-0.038327430373795386,-0.08521607208251954,0.1600106964111328,0,0,1,0,-0.0771155140371935,0.11640816876549388,0.038000000000000034,0.038327430373795386,-0.012134407864267588,0.0019492036940318147,0.04348014848484849,0.042532087208145,0,0,0,0,0,0,0,0
0.07419816033494153,-0.10535078221912159,0.966,-0.03988077340807051,-0.050083629608154295,0.16406217956542968,0,0,1,0,-0.07419816033494153,0.10535078221912159,0.03400000000000003,0.03988077340807051,-0.023005616160287568,-0.005394355551505879,0.045477838461538474,0.04705004895087877,0,0,0,0,0,0,0,0
0.07214012383283415,-0.09453305726857023,0.974,-0.03933972133995212,-0.037315574645996094,0.16090603637695314,0,0,1,0,-0.07214012383283415,0.09453305726857023,0.026000000000000023,0.03933972133995212,-0.02647670809509771,-0.010362376482221984,0.017032699999999984,0.03680353977064719,1427127462548,0,0,0,0,0,0,0
0.0713147428765077,-0.08646905052308677,0.972,-0.03850196329899481,-0.017128444671630858,0.12037958526611328,0,0,1,0,-0.0713147428765077,0.08646905052308677,0.028000000000000025,0.03850196329899481,-0.03298895224518943,0.002058450906569774,0.07317356060606064,0.03469397220373428,1427127462548,0,0,0,0,0,0,0
0.06942877631032116,-0.07678220816917301,0.973,-0.03988077340807051,-0.03386158752441406,0.14410601806640624,0,0,1,0,-0.06942877631032116,0.07678220816917301,0.027000000000000024,0.03988077340807051,-0.026153543943045393,-0.012947076644985206,0.05647155000000002,0.04634394579436286,1427127462548,0,0,0,0,0,0,0
0.06788400821810228,-0.06841921627052826,0.976,-0.04056145181634808,-0.02815460968017578,0.12442127990722657,0,0,1,0,-0.06788400821810228,0.06841921627052826,0.02400000000000002,0.04056145181634808,-0.02754789099700158,-0.008457696251113228,0.0437896090909091,0.043655444581246115,1427127462548,0,0,0,0,0,0,0
0.06325382656065949,-0.06015564347185631,0.976,-0.04101523742186664,-0.07442195892333985,0.12103530883789063,0,0,1,0,-0.06325382656065949,0.06015564347185631,0.02400000000000002,0.04101523742186664,-0.008912506060047013,-0.012022557425901956,0.059857100000000024,0.04307789926513284,1427127462548,0,0,0,0,0,0,0
0.06092683949762723,-0.05285777065185657,0.97,-0.04124213022462597,-0.039364051818847653,0.1079448013305664,0,0,1,-0.04101523742186664,-0.06092683949762723,0.05285777065185657,0.030000000000000027,0.0002268928027593306,-0.030463419748813614,0.026428885325928284,0.02400000000000002,0.0002268928027593306,1427127462548,0,0,0,0,0,0,0
0.058067720332819955,-0.04685367635465392,0.969,-0.04621631859280983,-0.04656359100341797,0.08821659088134766,0,0,1,-0.04101523742186664,-0.058067720332819955,0.04685367635465392,0.031000000000000028,0.0052010811709431864,-0.013676347143356386,-0.008872445456441377,0.030386115384615414,0.028158873639484057,1427127462939,0,0,0,0,0,0,0
0.05554062188566476,-0.041669757151268555,0.971,-0.04934045795387964,-0.04145844650268555,0.07592448425292969,0,0,1,-0.04101523742186664,-0.05554062188566476,0.041669757151268555,0.029000000000000026,0.008325220532012997,-0.014236703188284896,-0.007020992287738843,0.012820769230769247,0.022744325275412123,1427127463004,0,0,0,0,0,0,0
0.053702460435019764,-0.03874602803535505,0.966,-0.05241223743738965,-0.029701860427856445,0.042442680358886715,0,0,1,-0.04101523742186664,-0.053702460435019764,0.03874602803535505,0.03400000000000003,0.01139700001552301,-0.017212693389206443,0.003951502528418383,0.054329551515151564,0.025359634031477618,1427127463070,0,0,0,0,0,0,0
0.05255318263225212,-0.0351944371929952,0.969,-0.05557128338349948,-0.020006418228149414,0.05229757690429687,0,0,1,-0.04101523742186664,-0.05255318263225212,0.0351944371929952,0.031000000000000028,0.01455604596163284,-0.02032591044831559,-0.0011306343256720398,0.009709909090909102,0.02891534571667751,1427127463136,0,0,0,0,0,0,0
0.050446993147183226,-0.031854947879269735,0.972,-0.059236474812687456,-0.03432633590698242,0.048260261535644534,0,0,1,-0.04101523742186664,-0.050446993147183226,0.031854947879269735,0.028000000000000025,0.018221237390820814,-0.0138815330496017,-0.0022086301393289647,0.006991950000000007,0.03540182221513945,1427127463200,0,0,0,0,0,0,0
0.051232525629678984,-0.028580680999869084,0.98,-0.06148794954776027,0.008854681015014649,0.049725433349609376,0,0,1,-0.04101523742186664,-0.051232525629678984,0.028580680999869084,0.020000000000000018,0.020472712125893626,-0.030055614469341164,-0.0031950217641006015,-0.025948723076923096,0.03086413398007583,1427127463265,0,0,0,0,0,0,0
0.05211396187707033,-0.02594925853067428,0.987,-0.06304129258203517,0.010771075248718261,0.040209197998046876,0,0,1,-0.04101523742186664,-0.05211396187707033,0.02594925853067428,0.013000000000000012,0.022026055160168527,-0.031046611556156282,-0.0010323960795446466,-0.02607960769230771,0.029195330702975763,1427127463330,0,0,0,0,0,0,0
0.050854697528347446,-0.0215602935231937,0.983,-0.06599089901790556,-0.022998985290527345,0.06451370239257813,0,0,1,-0.04101523742186664,-0.050854697528347446,0.0215602935231937,0.017000000000000015,0.024975661596038916,-0.019026431303099244,-0.01231826531211983,0.03613702121212124,0.038382963577267955,1427127463396,0,0,0,0,0,0,0
0.050028114626989605,-0.016165110251240584,0.983,-0.06860889289589711,-0.017708375930786134,0.07993399047851563,0,0,1,-0.04101523742186664,-0.050028114626989605,0.016165110251240584,0.017000000000000015,0.02759365547403047,-0.02094068123500998,-0.020341193923290993,0.015037100000000015,0.03949362764671935,1427127463462,0,0,0,0,0,0,0
0.0506947409968395,-0.011997979915752927,0.981,-0.07026695568529173,0.005690701007843017,0.06304540634155273,0,0,1,-0.04101523742186664,-0.0506947409968395,0.011997979915752927,0.019000000000000017,0.02925171826342509,-0.029335446188156873,-0.0165952540245173,0.027696200000000025,0.037023887588712376,1427127463526,0,0,0,0,0,0,0
0.05294630513295984,-0.007152375078136039,0.982,-0.07223917774004529,0.028587032318115234,0.07487591552734375,0,0,1,-0.04101523742186664,-0.05294630513295984,0.007152375078136039,0.018000000000000016,0.03122394031817865,-0.03897383728123864,-0.022316131733725462,0.010691084615384627,0.04032650364781046,1427127463591,0,0,0,0,0,0,0
0.05069305541178337,-0.0022997320066969673,0.984,-0.076026542216873,-0.03896428680419922,0.07016033172607422,0,0,1,-0.04101523742186664,-0.05069305541178337,0.0022997320066969673,0.016000000000000014,0.03501130479500635,-0.01362347290583915,-0.024778856625760095,0.0038104692307692374,0.05249144853421114,1427127463656,0,0,0,0,0,0,0
0.04893528317058836,0.0014314881269400551,0.986,-0.0768643002578302,-0.030541399002075195,0.05380400085449219,0,0,1,-0.04101523742186664,-0.04893528317058836,-0.0014314881269400551,0.014000000000000012,0.035849062835963556,-0.015588247725278705,-0.020302568372178215,0.002466039393939398,0.039657053931223575,1427127463722,0,0,0,0,0,0,0
0.04848312211186483,0.0034975302917923893,0.993,-0.07820820378186588,-0.009142118453979492,0.03037831687927246,0,0,1,-0.04101523742186664,-0.04848312211186483,-0.0034975302917923893,0.007000000000000006,0.03719296635999924,-0.022317861721132298,-0.012507408596193316,-0.029602912121212147,0.04330161874197962,1427127463788,0,0,0,0,0,0,0
0.046117693156996854,0.003692284016013264,0.998,-0.0776147918361878,-0.03560121536254883,0.00014026501774787903,0,0,1,-0.04101523742186664,-0.046117693156996854,-0.003692284016013264,0.0020000000000000018,0.03659955441432116,-0.010626546766645647,-0.002715923741856657,-0.02381265000000002,0.03381793591895516,1427127463852,0,0,0,0,0,0,0
0.0453308467756504,0.0013662804333042823,1.006,-0.08018042583661944,-0.009061897277832031,-0.03570016098022461,0,0,1,-0.04101523742186664,-0.0453308467756504,-0.0013662804333042823,-0.006000000000000005,0.0391651884147528,-0.018961663092983784,0.01203588407267438,-0.045984823076923115,0.05100657610905267,1427127463917,0,0,0,0,0,0,0
0.0433903665936592,-0.001394281806921983,1.008,-0.08112290363269647,-0.025697099685668946,-0.04360672760009766,0,0,1,-0.04101523742186664,-0.0433903665936592,0.001394281806921983,-0.008000000000000007,0.04010766621082983,-0.011807752429110047,0.015757002708747383,-0.015329130769230783,0.044457563731185375,1427127463982,0,0,0,0,0,0,0
0.04077910428198769,-0.00579372406686293,1.011,-0.08098327729253685,-0.03369255828857422,-0.06894862365722657,0,0,1,-0.04101523742186664,-0.04077910428198769,0.00579372406686293,-0.010999999999999899,0.039968039870670206,-0.006916723915855915,0.02678522832705576,-0.023185246153845485,0.03932361060839501,1427127464047,0,0,0,0,0,0,0
0.03910611786440669,-0.010874520446019855,1.016,-0.08145451619057532,-0.018847402572631837,-0.07799221038818359,0,0,1,-0.04101523742186664,-0.03910611786440669,0.010874520446019855,-0.016000000000000014,0.04043927876870868,-0.011427593736856432,0.032185081591189504,-0.037258002985075235,0.04254930368529887,1427127464114,0,0,0,0,0,0,0
0.03703407190840076,-0.01772675507113748,1.016,-0.0813672497279755,-0.022614711761474608,-0.10497159576416015,0,0,1,-0.04101523742186664,-0.03703407190840076,0.01772675507113748,-0.016000000000000014,0.04035201230610886,-0.008646227516629919,0.043839668608824545,-0.01124900000000001,0.039972592903500935,1427127464183,0,0,0,0,0,0,0
0.03406691574998283,-0.027672459498835726,1.017,-0.08072147790473773,-0.03223466110229492,-0.15230943298339844,0,0,1,-0.04101523742186664,-0.03406691574998283,0.027672459498835726,-0.016999999999999904,0.03970624048287109,-0.00038505670047758386,0.07208802159340737,-0.017984333333332613,0.03647738136668222,1427127464243,0,0,0,0,0,0,0
0.032635480098240334,-0.03647631428001737,1.019,-0.08035495876181899,-0.010753289222717285,-0.13335914611816407,0,0,1,-0.04101523742186664,-0.032635480098240334,0.03647631428001737,-0.018999999999999906,0.039339721339952345,-0.009291232428315196,0.06590242132537752,-0.0246437307692307,0.03764809452648123,1427127464308,0,0,0,0,0,0,0
0.02950608376582639,-0.04689169798853946,1.017,-0.07941248096574195,-0.03424906921386719,-0.15949452209472656,0,0,1,-0.04101523742186664,-0.02950608376582639,0.04689169798853946,-0.016999999999999904,0.03839724354387531,0.0013971519870594785,0.07981805623824118,-0.001615769230769143,0.03404734602351977,1427127464373,0,0,0,0,0,0,0
0.027452679964533003,-0.05733072990444125,1.014,-0.0774053523259486,-0.018282211303710938,-0.15853541564941406,0,0,1,-0.04101523742186664,-0.027452679964533003,0.05733072990444125,-0.014000000000000012,0.036390114904081956,-0.0037183987685319234,0.08352540470874646,0.0055928417910442035,0.027402971740828133,1427127464440,0,0,0,0,0,0,0
0.025259361641556087,-0.06802485806031042,1.017,-0.07628834160467202,-0.02039691734313965,-0.16247567749023437,0,0,1,-0.04101523742186664,-0.025259361641556087,0.06802485806031042,-0.016999999999999904,0.035273104182805375,-0.001369932295127274,0.09286726177115028,-0.02899384999999933,0.0300371164268214,1427127464504,0,0,0,0,0,0,0
0.02455206030271957,-0.07776452535873278,1.008,-0.07496189137315645,0.0005558764934539795,-0.1464786834716797,0,0,1,-0.04101523742186664,-0.02455206030271957,0.07776452535873278,-0.008000000000000007,0.03394665395128981,-0.009218404373027613,0.09174849138555553,0.043021938461537894,0.027824575959679517,1427127464569,0,0,0,0,0,0,0
0.024985584926390036,-0.0883764435430063,1.007,-0.07410668003967924,0.018405776977539062,-0.15824473571777345,0,0,1,-0.04101523742186664,-0.024985584926390036,0.0883764435430063,-0.006999999999999895,0.0330914426178126,-0.015594316343948766,0.1018086307051938,0.0006995153846160755,0.02914431338637931,1427127464634,0,0,0,0,0,0,0
0.024693176435398805,-0.09714394244756741,1.004,-0.0715759526242874,0.005362946510314942,-0.1314762725830078,0,0,1,-0.04101523742186664,-0.024693176435398805,0.09714394244756741,-0.0040000000000000036,0.030560715202420756,-0.011555292045727018,0.09632403529084457,0.01384274615384557,0.018880434823689174,1427127464699,0,0,0,0,0,0,0
0.025847070408350905,-0.10245357691752714,1.003,-0.06862634618841702,0.022959857940673827,-0.07820278167724609,0,0,1,-0.04101523742186664,-0.025847070408350905,0.10245357691752714,-0.0029999999999998916,0.02761110876655038,-0.01975186816487716,0.07957478342112517,0.0036926805970156013,0.014403915770115867,0,0,0,0,0,0,0,0
0.027146574808791134,-0.10754510569381114,0.993,-0.06661921754862356,0.024683765411376953,-0.07485650634765625,0,0,2,0,-0.027146574808791134,0.10754510569381114,1.0070000000000001,0.06661921754862356,-0.013573287404395567,0.05377255284690557,0.8056000000000001,0.06661921754862356,0,0,0,0,0,0,0,0
0.029366299045168392,-0.10966101646567807,0.999,-0.06496115475922894,0.03533484649658203,-0.029451753616333006,0,0,2,0,-0.029366299045168392,0.10966101646567807,1.001,0.06496115475922894,-0.02665459888976417,0.06629515358820981,0.7749988076923064,0.0573085572697153,0,0,0,0,0,0,0,0
0.03049493108675907,-0.10892646341582354,0.998,-0.059969513098525176,0.01617851448059082,0.012094040870666505,0,0,2,0,-0.03049493108675907,0.10892646341582354,1.002,0.059969513098525176,-0.021363624797684333,0.050650027916771936,0.820004115384616,0.03693116697220013,0,0,0,0,0,0,0,0
0.03306833668323688,-0.10591358082540264,1.01,-0.055257124118140453,0.03582310104370117,0.04742549896240234,0,0,2,0,-0.03306833668323688,0.10591358082540264,0.99,0.055257124118140453,-0.03024175110352472,0.03719136756149459,0.7479171363636363,0.033837174207300806,0,0,0,0,0,0,0,0
0.0333433720179603,-0.09926532160422064,1.026,-0.05105088062083421,-0.001388418197631836,0.09979953002929688,0,0,2,0,-0.0333433720179603,0.09926532160422064,0.974,0.05105088062083421,-0.018212948250751086,0.01465424062730803,0.720333415151515,0.03193159199671493,0,0,0,0,0,0,0,0
0.034636583172020605,-0.08964667019075334,1.057,-0.047141343096366785,0.012010484695434571,0.1450816650390625,0,0,2,0,-0.034636583172020605,0.08964667019075334,0.9430000000000001,0.047141343096366785,-0.024607360572183337,-0.008279639861917147,0.6141005777777784,0.02852449774176,0,0,0,0,0,0,0,0
0.0338477262938149,-0.07635256608905099,1.087,-0.04476769531365447,-0.02121675491333008,0.19863241577148438,0,0,2,0,-0.0338477262938149,0.07635256608905099,0.913,0.04476769531365447,-0.012867433291109533,-0.031938383825076064,0.6092576909090909,0.033978387210416655,0,0,0,0,0,0,0,0
0.033667375809468006,-0.06126598642879014,1.115,-0.041172317054546194,-0.012830034255981445,0.22595089721679687,0,0,2,0,-0.033667375809468006,0.06126598642879014,0.885,0.041172317054546194,-0.016011355780453883,-0.050178242800926844,0.6009318692307692,0.02457826355096955,0,0,0,0,0,0,0,0
0.0348134030757218,-0.047122523808597494,1.145,-0.03914773512223283,0.00844352149963379,0.21267971801757812,0,0,2,0,-0.0348134030757218,0.047122523808597494,0.855,0.03914773512223283,-0.023655881573290693,-0.05098665517010133,0.5742531909090909,0.02994508997535391,0,0,0,0,0,0,0,0
0.0349074445018843,-0.03405812286394573,1.174,-0.03747221904031831,-0.006260125637054443,0.19587107849121094,0,0,2,0,-0.0349074445018843,0.03405812286394573,0.8260000000000001,0.03747221904031831,-0.01815455171436113,-0.052840281315263346,0.5618078212121218,0.029856236849797775,0,0,0,0,0,0,0,0
0.03363962541316207,-0.02132752323449752,1.211,-0.034976398209966265,-0.02615791893005371,0.19011248779296874,0,0,2,0,-0.03363962541316207,0.02132752323449752,0.7889999999999999,0.034976398209966265,-0.010209412846370017,-0.05739432654263513,0.4887015499999992,0.023277238067691046,0,0,0,0,0,0,0,0
0.03384911097834603,-0.011596298181597239,1.235,-0.030194196059501945,-0.001964045524597168,0.14598898315429687,0,0,2,0,-0.03384911097834603,0.011596298181597239,0.7649999999999999,0.030194196059501945,-0.01829087491828507,-0.046101922986162995,0.5475870307692308,0.008122493826589697,0,0,0,0,0,0,0,0
0.03383859160708198,-0.0034662881301257206,1.271,-0.026825710603152787,-0.003839345932006836,0.12188980102539063,-0.31178404614930233,0.3205471102485164,2,0,-0.3456226377563843,0.3240133983786421,0.7290000000000001,0.026825710603152787,-1.754748037169536,1.7474535217776002,0.4704392043478271,0.01218012166250428,0,1,0,0,0,0,0,0
0.03301308848125949,0.0010233439723299174,1.314,-0.023911010752322416,-0.014184438705444335,0.06698812103271484,-0.31178404614930233,0.3205471102485164,2,0,-0.34479713463056183,0.3195237662761865,0.6859999999999999,0.023911010752322416,-0.16834920007454213,0.13491900974002538,0.37611118852458936,0.009576421322009115,0,1,0,0,0,0,0,0
0.03428606966268948,0.004275505324817627,1.347,-0.020891591146372103,0.017922933578491212,0.04922500610351563,-0.31178404614930233,0.3205471102485164,2,0,-0.3460701158119918,0.31627160492369877,0.653,0.020891591146372103,-0.18060395268177143,0.1422761126458754,0.42841954029850804,0.007371801865997568,0,0,0,0,0,0,0,0
0.030398411564779793,0.009979140091280472,1.383,-0.01689478715930518,-0.060089385986328125,0.0843176498413086,-0.31178404614930233,0.3205471102485164,2,0,-0.3421824577140821,0.3105679701572359,0.617,0.01689478715930518,-0.15062769634319642,0.12492199585778302,0.3758946999999999,-0.0021376127791087295,0,0,0,0,0,0,0,0
0.02288974761400207,0.01744610930072043,1.413,-0.013124875974997376,-0.11450608825683593,0.11008578491210938,-0.31178404614930233,0.3205471102485164,2,0,-0.3346737937633044,0.30310100094779596,0.587,0.013124875974997376,-0.12887367714938872,0.1134778537379168,0.39667799090909084,-0.004011083953674468,0,0,0,0,0,0,0,0
0.01054084403131849,0.026995967894843556,1.44,-0.008883725892651108,-0.18709765625,0.140804443359375,-0.31178404614930233,0.3205471102485164,2,0,-0.3223248901806208,0.29355114235367286,0.56,0.008883725892651108,-0.09623331278845962,0.0970689811660227,0.39242428461538525,-0.01069081294894705,0,0,0,0,0,0,0,0
-0.004370131103146567,0.03916178781894171,1.462,-0.006719517620178118,-0.22527694702148438,0.18049314880371095,-0.31178404614930233,0.3205471102485164,2,0,-0.3074139150461558,0.2813853224295747,0.538,0.006719517620178118,-0.07518187437179928,0.07708302604061028,0.4052443615384615,-0.0032691359450818334,0,0,0,0,0,0,0,0
-0.02198220195949129,0.051630892175709826,1.48,-0.006457718232379096,-0.265431884765625,0.18525718688964843,-0.31178404614930233,0.3205471102485164,2,0,-0.28980184418981103,0.2689162180728066,0.52,0.006457718232379096,-0.054856517068180594,0.07139979654661904,0.4187600492537313,0.005285482167607355,0,0,0,0,0,0,0,0
-0.040012549313390246,0.06444421514386076,1.501,-0.007278022980816402,-0.27169073486328127,0.19044932556152344,-0.31178404614930233,0.3205471102485164,2,0,-0.27177149683591206,0.25610289510465567,0.4990000000000001,0.007278022980816402,-0.03784731824339932,0.059106464597096384,0.382466933333334,0.011184236068613098,0,0,0,0,0,0,0,0
-0.05989012978476651,0.07859201989523312,1.508,-0.007033676885537168,-0.2997003173828125,0.21004142761230468,-0.31178404614930233,0.3205471102485164,2,0,-0.25189391636453584,0.24195509035328328,0.492,0.007033676885537168,-0.02120772984879525,0.047194473508203785,0.45903929230769175,0.005905925676556086,0,0,0,0,0,0,0,0
-0.08108732282336031,0.09367125679038614,1.509,-0.006248278722139768,-0.3195409545898438,0.22394656372070312,-0.31178404614930233,0.3205471102485164,2,0,-0.23069672332594202,0.22687585345813027,0.4910000000000001,0.006248278722139768,-0.005385161759150159,0.036019430045115125,0.4938691696969704,0.002678287070333403,0,0,0,0,0,0,0,0
-0.11177225229402922,0.11234184530711791,1.518,-0.005235987755983031,-0.46201483154296874,0.27717745971679686,-0.45362182980952015,0.48860507174340206,2,0,-0.34184957751549094,0.3762632264362842,0.482,0.005235987755983031,-0.7721085168151115,0.9953168846383886,0.4466436615384609,0.0005638756044903988,0,1,0,0,0,0,0,0
-0.1405667619372482,0.130248656120129,1.532,-0.0035953782591083075,-0.433318115234375,0.26633697509765625,-0.45362182980952015,0.48860507174340206,2,0,-0.31305506787227194,0.35835641562327303,0.46799999999999997,0.0035953782591083075,-0.006704352426453286,0.08724608728872156,0.4127515757575757,-0.003861937635776797,0,1,0,0,0,0,0,0
-0.16385510710713516,0.14803364265793933,1.549,-0.0008552113334772475,-0.35028207397460936,0.26551712036132813,-0.45362182980952015,0.48860507174340206,2,0,-0.289766722702385,0.34057142908546273,0.45100000000000007,0.0008552113334772475,-0.020585650095108876,0.07627027497780987,0.3833116500000006,-0.011989321130418347,0,1,0,0,0,0,0,0
-0.1921844519415981,0.1681774515728216,1.572,0.0036651914291880514,-0.42519842529296875,0.30179360961914065,-0.45362182980952015,0.48860507174340206,2,0,-0.26143737786792204,0.32042762017058046,0.42799999999999994,-0.0036651914291880514,0.016279710127062808,0.056848268784258776,0.3387355030303024,-0.024212476714030314,0,1,0,0,0,0,0,0
-0.2233671910176834,0.1899846821073794,1.596,0.004642575810304882,-0.46653903198242186,0.32882061767578125,-0.45362182980952015,0.48860507174340206,2,0,-0.23025463879183675,0.29862038963602267,0.4039999999999999,-0.004642575810304882,0.049397096591274794,0.035538436832081605,0.31490043076923063,-0.009153580646228714,0,1,0,0,0,0,0,0
-0.2637984158939958,0.21696710903234634,1.616,0.0019024088846739324,-0.6045828247070313,0.407547607421875,-0.45362182980952015,0.48860507174340206,2,0,-0.18982341391552437,0.2716379627110557,0.3839999999999999,-0.0019024088846739324,0.11928886273468556,-0.00564265405684275,0.3229348923076922,0.010744515387468907,0,1,0,0,0,0,0,0
-0.3046896492404622,0.24563298686398502,1.635,-0.0005585053606382078,-0.6125493774414063,0.4311542663574219,-0.45362182980952015,0.48860507174340206,2,0,-0.14893218056905794,0.24297208487941704,0.365,0.0005585053606382078,0.13239619343822617,-0.02206534024805873,0.3201150823529416,0.011415479972309414,0,1,0,0,0,0,0,0
-0.3439221227557908,0.2745187701022609,1.653,-0.000977384381116865,-0.58872900390625,0.4329580078125,-0.45362182980952015,0.48860507174340206,2,0,-0.10969970705372933,0.21408630164114117,0.347,0.000977384381116865,0.16294847378892585,-0.05189544430999091,0.3040476967741935,0.003004218351174884,0,1,0,0,0,0,0,0
-0.38243368719369425,0.3028426221431155,1.671,-0.0017802358370342733,-0.5780884399414062,0.42429296875,-0.45362182980952015,0.48860507174340206,2,0,-0.0711881426158259,0.18576244960028654,0.32899999999999996,0.0017802358370342733,0.16805430526077997,-0.05538476881156999,0.296476023076923,0.0054857040951146185,0,1,0,0,0,0,0,0
-0.4171424468404102,0.33244818642225404,1.687,-0.0031415926535898545,-0.521421142578125,0.44315591430664064,-0.45362182980952015,0.48860507174340206,2,0,-0.036479382969109964,0.15615688532114802,0.31299999999999994,0.0031415926535898545,0.1620762505205667,-0.07457064246665462,0.2978164151515151,0.00932957818338795,0,1,0,0,0,0,0,0
-0.4434713146967403,0.36042840018748057,1.704,-0.0015184364492351402,-0.3962496032714844,0.4184604187011719,-0.45362182980952015,0.48860507174340206,2,0,-0.010150515112779868,0.1281766715559215,0.29600000000000004,0.0015184364492351402,0.13079516500822636,-0.0798568697177198,0.28086698484848543,-0.005859546297831742,0,1,0,0,0,0,0,0
-0.46709387685883974,0.38585594109920196,1.722,-0.0007504915783575276,-0.35491717529296873,0.3808746337890625,-0.45362182980952015,0.48860507174340206,2,0,0.013472047049319591,0.1027491306442001,0.278,0.0007504915783575276,0.13019083047533317,-0.081041459742592,0.26150242307692306,-0.00279386936415453,0,1,0,0,0,0,0,0
-0.48531147455745083,0.41045164125565453,1.738,0.0010646508437166177,-0.273540771484375,0.3687303161621094,-0.45362182980952015,0.48860507174340206,2,0,0.03168964474793068,0.07815343048774753,0.262,-0.0010646508437166177,0.11174898646948275,-0.090879498869714,0.2598023,-0.009573130947189173,0,1,0,0,0,0,0,0
-0.5009604338769026,0.4311399381881197,1.753,0.0024783675378318923,-0.23440386962890625,0.3105741882324219,-0.30630225950219714,0.3807727904419024,2,0,0.19465817437470545,-0.05036714774621731,0.2470000000000001,-0.0024783675378318923,0.9712551435184137,-0.7126986742004037,0.25613856923076994,-0.009003213818363928,0,1,0,0,0,0,0,0
-0.5121730076605946,0.45226008203938456,1.771,0.002583087292951501,-0.16740293884277344,0.317218017578125,-0.30630225950219714,0.3807727904419024,2,0,0.20587074815839745,-0.07148729159748218,0.2290000000000001,-0.002583087292951501,0.15984779185688638,-0.14499518157411312,0.22707322307692313,-0.003066409239657388,0,1,0,0,0,0,0,0
-0.517716543833029,0.4693449244330785,1.786,0.0030892327760299806,-0.08249079132080078,0.256486572265625,-0.30630225950219714,0.3807727904419024,2,0,0.21141428433083187,-0.08857213399117614,0.21399999999999997,-0.0030892327760299806,0.13178123638232317,-0.13047364580883924,0.23386324545454484,-0.005389894062750342,0,1,0,0,0,0,0,0
-0.5163675813738466,0.48274403985838094,1.797,0.003612831551628247,0.020855234146118163,0.2009232635498047,-0.30630225950219714,0.3807727904419024,2,0,0.2100653218716495,-0.10197124941647856,0.20300000000000007,-0.003612831551628247,0.09469426915810857,-0.11769498274402902,0.24761516666666733,-0.005992825986165821,0,1,0,0,0,0,0,0
-0.5104115132762584,0.49005578473546185,1.811,0.00408407044966682,0.08973667907714844,0.1093526840209961,-0.30630225950219714,0.3807727904419024,2,0,0.2041092537740613,-0.10928299429355948,0.18900000000000006,-0.00408407044966682,0.0664282064217388,-0.09035098596127412,0.21939560000000005,-0.00629300278422263,0,1,0,0,0,0,0,0
-0.49734305835510356,0.49231000137786957,1.823,0.0029321531433504563,0.1961632843017578,0.03301238250732422,-0.30630225950219714,0.3807727904419024,2,0,0.19104079885290642,-0.11153721093596719,0.17700000000000005,-0.0029321531433504563,0.022221799467498,-0.06370257828601471,0.22289321538461546,0.0023843882704173746,0,1,0,0,0,0,0,0
-0.48339884832460783,0.49079554384385443,1.83,0.0019896753472735326,0.20909564208984374,-0.02333006286621094,-0.30630225950219714,0.3807727904419024,2,0,0.1770965888224107,-0.11002275340195206,0.16999999999999993,-0.0019896753472735326,0.01064920280007245,-0.042724003358749235,0.24532129230769167,0.002360222173081499,0,1,0,0,0,0,0,0
-0.46598737153148545,0.48769713567759904,1.837,-0.00006981317007973692,0.26107916259765623,-0.04699567794799805,-0.30630225950219714,0.3807727904419024,2,0,0.1596851120292883,-0.10692434523569666,0.16300000000000003,0.00006981317007973692,-0.015200524620470834,-0.032969188283672755,0.24136818787878855,0.009431124612594597,0,1,0,0,0,0,0,0
-0.4450952572939917,0.4811682758921931,1.844,-0.0013089969389958114,0.3133885498046875,-0.09791101837158203,-0.30630225950219714,0.3807727904419024,2,0,0.13879299779179455,-0.1003954854502907,0.15599999999999992,0.0013089969389958114,-0.04235791157212328,-0.012096991809417153,0.23736743582089495,0.0068575809789185324,0,1,0,0,0,0,0,0
-0.42069140868503674,0.4728070308601883,1.845,-0.001082104136236585,0.36622158813476563,-0.12493939971923829,-0.30630225950219714,0.3807727904419024,2,0,0.1143891491828396,-0.09203424041828595,0.15500000000000003,0.001082104136236585,-0.080926797233169,0.004371026470423749,0.2685555444444451,0.0000016622183355062894,0,1,0,0,0,0,0,0
-0.3942571171123838,0.46231658535083503,1.857,-0.0010122909661566606,0.3966844177246094,-0.15692752075195313,-0.30630225950219714,0.3807727904419024,2,0,0.08795485761018668,-0.08154379490893265,0.14300000000000002,0.0010122909661566606,-0.09869080534597338,0.018742219459933922,0.20181853636363642,0.0006949583748842777,0,1,0,0,0,0,0,0
-0.36932235941617697,0.451678342255237,1.854,-0.0005585053606382076,0.37418270874023435,-0.1591949462890625,-0.30630225950219714,0.3807727904419024,2,0,0.06302009991397983,-0.07090555181333463,0.1459999999999999,0.0005585053606382076,-0.107297958232346,0.026562702955235377,0.2851955499999994,-0.001568614665229541,0,1,0,0,0,0,0,0
-0.35004750418143116,0.441672997541728,1.867,0.0007155849933176625,0.28920660400390624,-0.14991867065429687,-0.30630225950219714,0.3807727904419024,2,0,0.04374524467923402,-0.06090020709982563,0.133,-0.0007155849933176625,-0.08433267732279293,0.02722283132106409,0.18925380000000064,-0.0065960020115755245,0,1,0,0,0,0,0,0
-0.3329897160297626,0.4318787193966749,1.866,0.003420845333908816,0.25576162719726564,-0.14709722900390626,-0.30630225950219714,0.3807727904419024,2,0,0.026687456527565434,-0.051105928954772506,0.1339999999999999,-0.003420845333908816,-0.07816385732299967,0.02937493591216054,0.26617548059701435,-0.015533951336555772,0,1,0,0,0,0,0,0
-0.3106978164741022,0.4201383630983398,1.883,0.0033684854563490116,0.33377410888671877,-0.1772481689453125,-0.30630225950219714,0.3807727904419024,2,0,0.004395556971905079,-0.03936557265643742,0.11699999999999999,-0.0033684854563490116,-0.12210797108589277,0.04826085403763762,0.15513165000000056,-0.0031230485302874283,0,1,0,0,0,0,0,0
-0.2923136527682082,0.41019928631934566,1.892,0.0012915436464758442,0.2752586975097656,-0.1500142059326172,-0.30630225950219714,0.3807727904419024,2,0,-0.01398860673398894,-0.02942649587744328,0.1080000000000001,-0.0012915436464758442,-0.10839197056224403,0.042524297431339696,0.19314086153846227,0.00829434162986185,0,1,0,0,0,0,0,0
-0.27695671121558185,0.40044750996442624,1.898,-0.0010995574287564827,0.23016500854492186,-0.14657403564453125,-0.30630225950219714,0.3807727904419024,2,0,-0.029345548286615286,-0.019674719522523865,0.10200000000000009,0.0010995574287564827,-0.0985364850918244,0.04558306007938123,0.20565741818181826,0.011968198679812513,0,1,0,0,0,0,0,0
-0.2635814772910291,0.3934885586070334,1.9,-0.006108652381980141,0.2007431640625,-0.10416360473632813,-0.30630225950219714,0.3807727904419024,2,0,-0.04272078221116804,-0.012715768165131036,0.10000000000000009,0.006108652381980141,-0.09583403451007166,0.03481158153006579,0.22575636923076933,0.029227552166089334,0,1,0,0,0,0,0,0
-0.251453721736707,0.3896544916890826,1.911,-0.008045967851693795,0.1822642517089844,-0.05639867401123047,-0.30630225950219714,0.3807727904419024,2,0,-0.054848537765490146,-0.00888170124718024,0.08899999999999997,0.008045967851693795,-0.09326811737012247,0.019280095489738025,0.17085921343283522,0.016720514731008662,1427127468352,1,0,0,0,0,0,0
-0.24442305846237283,0.38995306112551886,1.921,-0.009686577348568518,0.10542050170898437,0.005326914787292481,-0.30630225950219714,0.3807727904419024,2,0,-0.061879201039824305,-0.009180270683616487,0.07899999999999996,0.009686577348568518,-0.07252772639134894,-0.002562399670663236,0.16526404444444442,0.017499003524162435,1427127468352,1,0,0,0,0,0,0
-0.23925093100673128,0.3899771251813539,1.922,-0.011170107212763717,0.07757477569580078,0.0011124353408813476,-0.30630225950219714,0.3807727904419024,2,0,-0.06705132849546586,-0.009204334739451536,0.07800000000000007,0.011170107212763717,-0.06394805013856335,-0.0010512711101145714,0.2151419846153853,0.018017168124433866,1427127468352,1,0,0,0,0,0,0
-0.23547888061515448,0.3909248189368074,1.928,-0.013334315485236706,0.056418441772460935,0.014846519470214843,-0.30630225950219714,0.3807727904419024,2,0,-0.07082337888704265,-0.010152028494905041,0.07200000000000006,0.013334315485236706,-0.058341234031818116,-0.006505107496616234,0.18388690769230776,0.023322969050496658,1427127468352,1,0,0,0,0,0,0
-0.23652287669609248,0.39107347728253244,1.931,-0.016667894356545844,-0.015688282012939453,0.002020868539810181,-0.30630225950219714,0.3807727904419024,2,0,-0.06977938280610466,-0.010300686840630069,0.06899999999999995,0.016667894356545844,-0.03210123673722867,-0.0022599452019604086,0.19858525820895467,0.03159436691464646,1427127468352,1,0,0,0,0,0,0
-0.23951410259710149,0.39217017232020124,1.94,-0.01993166005777528,-0.045136337280273435,0.015700313568115236,-0.30630225950219714,0.3807727904419024,2,-0.016667894356545844,-0.06678815690509565,-0.011397381878298862,0.06000000000000005,0.0032637657012294374,-0.033394078452547826,-0.005698690939149431,0.04800000000000004,0.0032637657012294374,1427127468352,1,0,0,0,0,0,0
-0.24383083041055467,0.393965991918141,1.956,-0.02883283924294636,-0.0652749252319336,0.025641435623168944,-0.30630225950219714,0.3807727904419024,2,-0.016667894356545844,-0.062471429091642466,-0.013193201476238647,0.04400000000000004,0.012164944886400516,-0.007668591030617775,-0.016425932813297316,-0.05201840000000005,0.053889222316889945,1427127468741,1,0,0,0,0,0,0
-0.24495486136894315,0.39398349806455935,1.964,-0.032148964821735494,-0.016861026763916015,-0.0002235846519470215,-0.30630225950219714,0.3807727904419024,2,-0.016667894356545844,-0.06134739813325399,-0.01321070762265697,0.03600000000000003,0.01548107046518965,-0.024701082198709687,-0.006716648285557433,-0.013761323076923081,0.03078626544421642,1427127468806,1,0,0,0,0,0,0
-0.2454073890496475,0.39240210722121466,1.978,-0.03543018381548494,-0.006021937847137451,-0.023926792144775392,-0.30630225950219714,0.3807727904419024,2,-0.016667894356545844,-0.060894870452549626,-0.011629316779312282,0.02200000000000002,0.018762289458939096,-0.02816771536044351,0.002546799215561518,-0.05598162424242429,0.0336769212487093,1427127468872,1,0,0,0,0,0,0
-0.24754043499895173,0.3911241822658405,1.981,-0.03928736146239246,-0.03129659461975098,-0.020290220260620117,-0.30630225950219714,0.3807727904419024,2,-0.016667894356545844,-0.05876182450324541,-0.010351391823938128,0.018999999999999906,0.022619467105846613,-0.017873472921951288,0.0017816253389921566,-0.0004238500000006973,0.0406999873257256,1427127468936,1,0,0,0,0,0,0
-0.251240149131615,0.3889035970202729,1.982,-0.04256858045614179,-0.054144611358642576,-0.03546279525756836,-0.30630225950219714,0.3807727904419024,2,-0.016667894356545844,-0.05506211037058212,-0.008130806578370509,0.018000000000000016,0.02590068609959595,-0.008683506854868031,0.007327219795198305,0.010157741176471169,0.040376652248490075,1427127469004,1,0,0,0,0,0,0
-0.25290118946327084,0.3865651155389424,1.986,-0.044610615680975164,-0.023400297164916994,-0.03610574722290039,-0.30630225950219714,0.3807727904419024,2,-0.016667894356545844,-0.0534010700389263,-0.00579232509704003,0.014000000000000012,0.02794272132442932,-0.01770127379169338,0.010054892274623698,-0.01002922222222223,0.037666698585540614,1427127469067,1,0,0,0,0,0,0
-0.2530786769774025,0.3840083471482048,1.989,-0.048799405885761406,-0.0009493462443351746,-0.03843209838867188,-0.30630225950219714,0.3807727904419024,2,-0.016667894356545844,-0.053223582524794644,-0.0032355567063024337,0.010999999999999899,0.03213151152921556,-0.025919425206630518,0.012106823984628048,-0.006289346153846846,0.051464389397459745,1427127469132,1,0,0,0,0,0,0
-0.2522925900165866,0.37895934233884265,1.985,-0.05143485305627297,0.015471627235412597,-0.07506973266601563,-0.30630225950219714,0.3807727904419024,2,-0.016667894356545844,-0.054009669485610534,0.0018134481030597227,0.014999999999999902,0.034766958699727124,-0.03153605291422937,0.02805223969240067,0.03470046153846147,0.0469305610251651,1427127469197,1,0,0,0,0,0,0
-0.25111254509320874,0.372653251560511,1.986,-0.054419366077183264,0.02254041290283203,-0.09355623626708984,-0.30630225950219714,0.3807727904419024,2,-0.016667894356545844,-0.0551897144089884,0.008119538881391386,0.014000000000000012,0.03775147172063742,-0.034283260796387084,0.03797948723013675,0.007068384615385218,0.05152614720176186,1427127469262,1,0,0,0,0,0,0
-0.25068676836816245,0.3658656386076557,1.982,-0.059288834690247295,0.011915125846862794,-0.10131608581542968,-0.30630225950219714,0.3807727904419024,2,-0.016667894356545844,-0.05561549113403469,0.014907151834246679,0.018000000000000016,0.04262094033370145,-0.03040353026164217,0.04288508768097542,0.03666912238805973,0.06442453113846577,1427127469329,1,0,0,0,0,0,0
-0.2493253253743676,0.35740782884185396,1.976,-0.06250024051391692,0.027903162002563476,-0.12543416595458984,-0.30630225950219714,0.3807727904419024,2,-0.016667894356545844,-0.05697693412782953,0.023364961600048417,0.02400000000000002,0.04583234615737108,-0.036341901596067074,0.05792491369156062,0.05353970000000005,0.06088581095582245,1427127469393,1,0,0,0,0,0,0
-0.24500358975916106,0.3470109301172645,1.979,-0.06433283622851096,0.07444024658203124,-0.1515999755859375,-0.30630225950219714,0.3807727904419024,2,-0.016667894356545844,-0.06129866974303608,0.03376186032463785,0.020999999999999908,0.04766494187196512,-0.05436810624856918,0.07287496193105042,0.0023098538461531586,0.05612307593932224,1427127469458,1,0,0,0,0,0,0
-0.24279374747778973,0.3396150200466953,1.982,-0.06736970912698106,0.04021113967895508,-0.1085781478881836,-0.30630225950219714,0.3807727904419024,2,-0.016667894356545844,-0.06350851202440741,0.04115777039520707,0.018000000000000016,0.05070181477043522,-0.04414257458603494,0.06044049984159848,0.000026853846154445415,0.0647181512249126,1427127469523,1,0,0,0,0,0,0
-0.24073242146680304,0.331262751513727,1.977,-0.07007496946757233,0.03928371429443359,-0.1229183349609375,-0.30630225950219714,0.3807727904419024,2,-0.016667894356545844,-0.0655698380353941,0.04951003892817535,0.02299999999999991,0.053407075111026485,-0.044416154991872424,0.069798438123227,0.047253276923076265,0.06589289206760156,1427127469588,1,0,0,0,0,0,0
-0.23877799819569925,0.3225642280909604,1.968,-0.0712094334813687,0.038380149841308595,-0.12810496520996092,-0.30630225950219714,0.3807727904419024,2,-0.016667894356545844,-0.06752426130649788,0.05820856235094196,0.03200000000000003,0.05454153912482285,-0.04454883393530643,0.07465299366319585,0.07475952537313496,0.05962122873883644,1427127469655,1,0,0,0,0,0,0
-0.23604587945931294,0.3128646764063116,1.961,-0.07103490055616916,0.05122966003417969,-0.14220872497558593,-0.30630225950219714,0.3807727904419024,2,-0.016667894356545844,-0.0702563800428842,0.06790811403559077,0.038999999999999924,0.05436700619962332,-0.05069145792206619,0.08715060624305584,0.07187544999999937,0.05354888311275051,1427127469719,1,0,0,0,0,0,0
-0.2356616883476941,0.30547852282182225,1.962,-0.07216936456996552,0.013611836433410645,-0.11010387420654297,-0.30630225950219714,0.3807727904419024,2,-0.016667894356545844,-0.07064057115450303,0.07529426762008012,0.038000000000000034,0.055501470213419675,-0.0380569168797686,0.07761979725800383,0.027656584615385237,0.06073745796940285,1427127469784,1,0,0,0,0,0,0
-0.23444037727772057,0.29866950796277325,1.955,-0.07236135078768485,0.025636615753173827,-0.10054838562011718,-0.30630225950219714,0.3807727904419024,2,-0.016667894356545844,-0.07186188222447656,0.08210328247912912,0.04499999999999993,0.05569345643113901,-0.04322185164472657,0.07797000176107632,0.07662600769230707,0.056579546666766706,1427127469849,1,0,0,0,0,0,0
-0.23364779896925186,0.2923152753952786,1.958,-0.07173303225696699,0.018748558044433594,-0.09420452880859374,-0.30630225950219714,0.3807727904419024,2,-0.016667894356545844,-0.07265446053294528,0.0884575150466238,0.04200000000000004,0.05506513790042115,-0.041356805174819856,0.07875578770584993,0.020652853846154465,0.05216520622018486,1427127469914,1,0,0,0,0,0,0
-0.23773990656718133,0.2866364569970914,1.959,-0.07232644420264496,-0.05511861419677734,-0.0893625259399414,-0.30630225950219714,0.3807727904419024,2,-0.016667894356545844,-0.06856235293501581,0.09413633344481098,0.040999999999999925,0.055658549846099116,-0.013712277317307432,0.07710863905225697,0.031057519402984426,0.058315618259582556,1427127469981,1,0,0,0,0,0,0
-0.24290417294811412,0.2834798514503063,1.961,-0.07293730944084305,-0.0738398666381836,-0.05282310485839844,-0.48707520348537947,0.4875947802676826,2,-0.016667894356545844,-0.24417103053726535,0.2041149288173763,0.038999999999999924,0.056269415084297204,-1.0834095226969993,0.7040085444924379,0.023993499999999925,0.059132845888350744,0,1,0,0,0,0,0,0
-0.24660808174578597,0.2804881773976393,1.964,-0.07079055446089018,-0.0521407470703125,-0.04880450439453125,-0.48707520348537947,0.4875947802676826,2,-0.016667894356545844,-0.2404671217395935,0.2071066028700433,0.03600000000000003,0.054122660104344335,-0.10140979199483584,0.12030257149666568,0.016611153846154456,0.044214560196869555,0,1,0,0,0,0,0,0
-0.25021877348722954,0.27888280595466497,1.972,-0.0694641042293744,-0.05232147216796875,-0.02785110092163086,-0.48707520348537947,0.4875947802676826,2,-0.016667894356545844,-0.23685642999814993,0.20871197431301763,0.028000000000000025,0.05279620987282855,-0.1002603407986882,0.11377621364157288,-0.01652992307692309,0.04667413188121723,0,1,0,0,0,0,0,0
-0.2572356400434652,0.27781847151527983,1.976,-0.06750933546714073,-0.10389105987548829,-0.02323194122314453,-0.48707520348537947,0.4875947802676826,2,-0.016667894356545844,-0.22983956344191425,0.20977630875240277,0.02400000000000002,0.05084144111059489,-0.0791351319524851,0.11144672323979835,0.0022932787878787893,0.04195612855498734,0,1,0,0,0,0,0,0
-0.26803221994570914,0.27844293122813546,1.981,-0.0665144977935039,-0.162211669921875,-0.0015791873931884765,-0.48707520348537947,0.4875947802676826,2,-0.016667894356545844,-0.21904298353967033,0.20915184903954714,0.018999999999999906,0.04984660343695805,-0.054694212514919106,0.10236832436000483,-0.006486702985075303,0.04539210639082295,0,1,0,0,0,0,0,0
-0.28069631664829026,0.2809114289193886,1.97,-0.06640977803838428,-0.19200244140625,0.024319711685180663,-0.48707520348537947,0.4875947802676826,2,-0.016667894356545844,-0.20637888683708921,0.20668335134829402,0.030000000000000027,0.04974188368183844,-0.0345361343356719,0.09081251294081437,0.0897328111111118,0.04924321818126887,0,1,0,0,0,0,0,0
-0.29337345912150736,0.28526178145843195,1.968,-0.0679805743651792,-0.19406837463378906,0.052492431640625,-0.48707520348537947,0.4875947802676826,2,-0.016667894356545844,-0.1937017443638721,0.20233299880925065,0.03200000000000003,0.05131268000863335,-0.030418025630771228,0.07905775397280254,0.0411989307692308,0.05856250920922524,0,1,0,0,0,0,0,0
-0.30741551438160186,0.29011865087188377,1.97,-0.06897541203881592,-0.21509309387207032,0.05837698745727539,-0.48707520348537947,0.4875947802676826,2,-0.016667894356545844,-0.1796596891037776,0.19747612939579884,0.030000000000000027,0.05230751768227008,-0.016164246407763164,0.07403028019567688,0.018255469230769244,0.05689907617597805,0,1,0,0,0,0,0,0
-0.3239432562946583,0.29573352036382433,1.973,-0.07059856824317075,-0.25313133239746094,0.06693621063232422,-0.48707520348537947,0.4875947802676826,2,-0.016667894356545844,-0.16313194719072116,0.19186125990385827,0.026999999999999913,0.053930673886624904,0.005378055375963128,0.06726601638447391,0.010646353846153166,0.06142216406057025,0,1,0,0,0,0,0,0
-0.3412609118865691,0.30122255413225285,1.976,-0.07260569688296421,-0.2649256896972656,0.06380661010742188,-0.48707520348537947,0.4875947802676826,2,-0.016667894356545844,-0.14581429159881037,0.18637222613542975,0.02400000000000002,0.05593780252641837,0.014077188092822907,0.06662976557250157,0.009122223529412343,0.06479278181962483,0,1,0,0,0,0,0,0
-0.35467495800685456,0.3064389394629114,1.972,-0.07628834160467207,-0.20635667419433593,0.06344342041015626,-0.48707520348537947,0.4875947802676826,2,-0.016667894356545844,-0.13240024547852491,0.1811558408047712,0.028000000000000025,0.05962044724812623,0.007291584888418384,0.06293893267487198,0.050517645161290356,0.07743969590155135,0,1,0,0,0,0,0,0
-0.36877661935182565,0.3075530685404031,1.982,-0.08077383778229758,-0.21218338012695312,0.0005420913696289062,-0.48707520348537947,0.4875947802676826,2,-0.016667894356545844,-0.11829858413355382,0.1800417117272795,0.018000000000000016,0.06410594342575174,0.013321422025991278,0.08603977195048064,-0.032974503030303054,0.0844945624149586,0,1,0,0,0,0,0,0
-0.3829655716969241,0.3101502325702977,1.936,-0.0816639557008147,-0.21528367614746094,0.02165768814086914,-0.48707520348537947,0.4875947802676826,2,-0.016667894356545844,-0.10410963178845539,0.17744454769738488,0.06400000000000006,0.06499606134426886,0.02196874059141675,0.076780059759222,0.3049641076923079,0.06910429789127094,0,1,0,0,0,0,0,0
-0.3985725754386408,0.30950837433549144,1.895,-0.08117526351025633,-0.23253948974609376,-0.02869248962402344,-0.48707520348537947,0.4875947802676826,2,-0.016667894356545844,-0.0885026280467387,0.17808640593219116,0.10499999999999998,0.0645073691537105,0.03735037712045079,0.09465763415810133,0.31152353076923034,0.06225186673574884,0,1,0,0,0,0,0,0
-0.4123358334797095,0.30961640523231565,1.846,-0.08258898020437172,-0.20590045166015625,-0.015125015258789062,-0.48707520348537947,0.4875947802676826,2,-0.016667894356545844,-0.07473937000566999,0.17797837503536695,0.15399999999999991,0.06592108584782588,0.032041834940132206,0.09070236398928486,0.3869562492537309,0.07225116059759626,0,1,0,0,0,0,0,0
-0.4257742750839309,0.31157735089556954,1.794,-0.08297295263981036,-0.20331607055664064,0.012684837341308593,-0.48707520348537947,0.4875947802676826,2,-0.016667894356545844,-0.06130092840144857,0.17601742937211307,0.20599999999999996,0.06630505828326452,0.04148282843724276,0.07950298007032774,0.4627727888888891,0.06813349845201995,0,1,0,0,0,0,0,0
-0.43811182673211047,0.315556304658906,1.744,-0.0847008285992849,-0.18937310791015624,0.04414134216308594,-0.48707520348537947,0.4875947802676826,2,-0.016667894356545844,-0.048963376753269006,0.1720384756087766,0.256,0.06803293424273907,0.0393947395673763,0.06709433512270316,0.48477866923076945,0.07600774636339082,0,1,0,0,0,0,0,0
-0.4471194140406274,0.3202404106883839,1.692,-0.08511970761976345,-0.1405735321044922,0.058579132080078124,-0.48707520348537947,0.4875947802676826,2,-0.016667894356545844,-0.03995578944475209,0.16735436957929872,0.30800000000000005,0.06845181326321761,0.023128653574236352,0.0625329341511687,0.5230412159420292,0.07027302639573303,0,1,0,0,0,0,0,0
-0.45574150305345884,0.32771579089511377,1.663,-0.0831998454425697,-0.13839610290527343,0.10072937774658203,-0.48707520348537947,0.4875947802676826,2,-0.016667894356545844,-0.03133370043192063,0.15987898937256884,0.33699999999999997,0.06653195108602386,0.030402694062743003,0.040454600168279585,0.4482721774193543,0.05724229538992505,0,1,0,0,0,0,0,0
-0.4645933073110354,0.3355918880032423,1.609,-0.08157668923821498,-0.1421357879638672,0.10669850158691406,-0.48707520348537947,0.4875947802676826,2,-0.016667894356545844,-0.022481896174344096,0.1520028922644403,0.391,0.06490879488166915,0.03238121869387084,0.037674329662149654,0.6124717522388061,0.057640931280080875,0,1,0,0,0,0,0,0
-0.4696362457269798,0.3424416489413168,1.555,-0.07976154681614095,-0.08376493835449218,0.09624077606201172,-0.48707520348537947,0.4875947802676826,2,-0.016667894356545844,-0.017438957758399654,0.14515313132636581,0.44500000000000006,0.06309365245959511,0.01666725738175179,0.03743045909545886,0.6763857000000003,0.05445011711638542,0,1,0,0,0,0,0,0
-0.4746793583921915,0.3522536353050032,1.507,-0.07923794804054259,-0.0871330337524414,0.1406845703125,-0.48707520348537947,0.4875947802676826,2,-0.016667894356545844,-0.012395845093187974,0.1353411449626794,0.4930000000000001,0.06257005368399673,0.018319653925469883,0.017832892364046365,0.6764517384615387,0.06015344395046576,0,1,0,0,0,0,0,0
-0.47617296046198476,0.36198763112118093,1.475,-0.07829547024446579,-0.033891159057617186,0.14377841186523438,-0.48707520348537947,0.4875947802676826,2,-0.016667894356545844,-0.010902243023394709,0.12560714914650167,0.5249999999999999,0.06162757588791994,-0.00017534552669396138,0.014262893119175682,0.6167521696969686,0.05734358590575271,0,1,0,0,0,0,0,0
-0.47564037829300926,0.3707757193256172,1.435,-0.07785913793146701,-0.002346211910247803,0.13204232788085937,-0.48707520348537947,0.4875947802676826,2,-0.016667894356545844,-0.011434825192370213,0.1168190609420654,0.565,0.061191243574921166,-0.011237436424976549,0.01424398124236604,0.6981123153846155,0.059177402130311425,0,1,0,0,0,0,0,0
-0.47566434758739556,0.3813242508489836,1.401,-0.07721336610822924,-0.01266550064086914,0.1577206573486328,-0.48707520348537947,0.4875947802676826,2,-0.016667894356545844,-0.011410855897983907,0.10627052941869902,0.599,0.06054547175168339,-0.008240134178728955,0.0012571225304440145,0.6915529402985076,0.057653956125245605,0,1,0,0,0,0,0,0
-0.47375088573998025,0.39234985767099456,1.359,-0.07611380867947279,0.015859232902526856,0.16710531616210939,-0.48707520348537947,0.4875947802676826,2,-0.016667894356545844,-0.013324317745399217,0.09524492259668804,0.641,0.059445914322926945,-0.019960815751236694,-0.010344778660805985,0.7849126333333335,0.05420992656694386,0,1,0,0,0,0,0,0
-0.47025037989418766,0.40309614301426683,1.33,-0.0746826386928375,0.040098297119140626,0.16472027587890625,-0.48707520348537947,0.4875947802676826,2,-0.016667894356545844,-0.016824823591191806,0.08449863725341578,0.6699999999999999,0.05801474433629166,-0.029655118037124277,-0.011396657818843747,0.7329891787878782,0.05150942621522219,0,1,0,0,0,0,0,0
-0.4675043744570601,0.415717001725483,1.295,-0.07450810576763797,0.02695001983642578,0.19185850524902343,-0.48707520348537947,0.4875947802676826,2,-0.016667894356545844,-0.01957082902831936,0.07187777854219962,0.7050000000000001,0.05784021141109213,-0.027263736341378148,-0.028630959781487768,0.8002453384615393,0.05703467483324813,0,1,0,0,0,0,0,0
-0.46505873516346746,0.4304434267973402,1.25,-0.07323401541368199,0.02013946342468262,0.2230142822265625,-0.48707520348537947,0.4875947802676826,2,-0.016667894356545844,-0.02201646832191201,0.05715135347034239,0.75,0.05656612105713615,-0.02668420301847587,-0.04609266085201846,0.8913701636363632,0.05077480126642714,0,1,0,0,0,0,0,0
-0.46380078335288416,0.44157860050102055,1.21,-0.07311184236604248,0.006597528457641602,0.16796054077148437,-0.48707520348537947,0.4875947802676826,2,-0.016667894356545844,-0.02327442013249531,0.04601617976666206,0.79,0.05644394800949664,-0.02113259468502182,-0.03349428641084799,0.9052534153846157,0.05588007240500661,0,1,0,0,0,0,0,0
-0.4665142254934267,0.4557536386923864,1.169,-0.0717679388420068,-0.0561245002746582,0.20908442687988282,-0.48707520348537947,0.4875947802676826,2,-0.016667894356545844,-0.020560977991952778,0.03184114157529622,0.831,0.05510004448546096,0.0018236907377981917,-0.05812253964975288,0.9522059499999996,0.04880049671654369,0,1,0,0,0,0,0,0
-0.46797985882105514,0.4728421888089022,1.121,-0.07058111495065075,-0.04030826950073242,0.25409197998046873,-0.48707520348537947,0.4875947802676826,2,-0.016667894356545844,-0.019095344664324332,0.014752591458780384,0.879,0.05391322059410491,-0.004403169514358199,-0.0811527552726928,1.0305622384615387,0.0484355718647693,0,1,0,0,0,0,0,0
-0.470858229532175,0.4922592687199783,1.076,-0.07120943348136875,-0.06360818481445313,0.28748617553710937,-0.48707520348537947,0.4875947802676826,2,-0.016667894356545844,-0.016216973953204483,-0.004664488452295723,0.9239999999999999,0.05454153912482291,0.004397527978662878,-0.10181846709724474,1.052835463636363,0.057397532446268364,0,1,0,0,0,0,0,0
-0.47524890405121895,0.5104512134802485,1.026,-0.07251843042036443,-0.08510836029052735,0.267501708984375,-0.48707520348537947,0.4875947802676826,2,-0.016667894356545844,-0.011826299434160525,-0.022856433212565863,0.974,0.05585053606381859,0.014963184603212065,-0.10591655862639429,1.1297608692307695,0.061892060397644805,0,1,0,0,0,0,0,0
-0.47968909216749883,0.530306037934627,0.977,-0.07541567697867502,-0.08800645446777344,0.2922138977050781,-0.48707520348537947,0.4875947802676826,2,-0.016667894356545844,-0.007386111317880639,-0.04271125766694445,1.0230000000000001,0.05874778262212917,0.017082762395586634,-0.12320627039433665,1.1663303848484858,0.07191708515990455,0,1,0,0,0,0,0,0
-0.48434361567717293,0.5488492969839179,0.927,-0.07827801695194582,-0.09057630920410156,0.272097900390625,-0.48707520348537947,0.4875947802676826,2,-0.016667894356545844,-0.002731587808206537,-0.06125451671623533,1.073,0.061610122595399976,0.021316249245969403,-0.12863481499257326,1.2267865999999992,0.07502734122010686,0,1,0,0,0,0,0,0
-0.4946212358734971,0.5697971338023706,0.875,-0.08000589291142014,-0.17826344299316407,0.30120001220703124,-0.48707520348537947,0.4875947802676826,2,-0.016667894356545844,0.0075460323881176294,-0.08220235353468802,1.125,0.06333799855487429,0.056346570648014405,-0.1505497614128406,1.2822616000000002,0.07131281067552497,0,1,0,0,0,0,0,0
-0.5020033977717567,0.589086940380952,0.824,-0.08096582400001719,-0.13350300598144532,0.27957174682617186,-0.48707520348537947,0.4875947802676826,2,-0.016667894356545844,0.014928194286377261,-0.10149216011326939,1.1760000000000002,0.06429792964347134,0.0444564256261598,-0.15133277946843626,1.3253209846153855,0.06872838082161153,0,1,0,0,0,0,0,0
-0.5123051764979097,0.6085706615623009,0.771,-0.08344419153784889,-0.1776573486328125,0.2788006896972656,-0.48707520348537947,0.4875947802676826,2,-0.016667894356545844,0.02522997301253027,-0.12097588129461828,1.229,0.06677629718130304,0.06450450900223657,-0.1606090587119674,1.382277606060606,0.07804160417144715,0,1,0,0,0,0,0,0
-0.5197065572425785,0.6257895177287195,0.719,-0.08524188066740314,-0.13216162109375,0.24813087463378905,-0.48707520348537947,0.4875947802676826,2,-0.016667894356545844,0.032631353757199055,-0.1381947374610369,1.2810000000000001,0.06857398631085729,0.05284583768139195,-0.15729904751545248,1.4270291757575762,0.07674530053610387,0,0,0,0,0,0,0,0
-0.526077682314348,0.6407426294202304,0.665,-0.0864461578512793,-0.11431620788574219,0.21534584045410157,-0.48707520348537947,0.4875947802676826,2,-0.016667894356545844,0.03900247882896857,-0.1531478491525478,1.335,0.06977826349473346,0.05164870566672321,-0.1553363315135779,1.498328099999999,0.07542331279415299,0,0,0,0,0,0,0,0
-0.5357414370819715,0.6524454437121042,0.613,-0.0894132175796697,-0.15957109069824219,0.16237139892578126,-0.48707520348537947,0.4875947802676826,2,-0.016667894356545844,0.04866623359659206,-0.16485066344442162,1.387,0.07274532322312385,0.07370572846102892,-0.1425352159071238,1.5336311000000005,0.08643944504646416,0,0,0,0,0,0,0,0
-0.540489662324211,0.6598594382156138,0.562,-0.09112364024662402,-0.08086925506591797,0.10440583801269532,-0.48707520348537947,0.4875947802676826,2,-0.016667894356545844,0.05341445883883156,-0.17226465794793117,1.438,0.07445574589007817,0.049646324574480136,-0.12326054017227564,1.5783934846153844,0.08235000435294423,0,0,0,0,0,0,0,0
-0.5443204479422763,0.663709309940298,0.51,-0.09136798634190325,-0.06247831726074219,0.05227960205078125,-0.48707520348537947,0.4875947802676826,2,-0.016667894356545844,0.05724524445689683,-0.17611452967261537,1.49,0.0747000919853574,0.04665886727762543,-0.10610852013138387,1.6350631000000002,0.0758278431943385,0,0,0,0,0,0,0,0
-0.5474095759816878,0.6651915277875248,0.456,-0.09293878266869816,-0.048172225952148436,0.01791270637512207,-0.48707520348537947,0.4875947802676826,2,-0.016667894356545844,0.06033437249630835,-0.17759674751984217,1.544,0.07627088831215231,0.04375378417948275,-0.09398146941098252,1.690697452238806,0.08330430470078623,0,0,0,0,0,0,0,0
-0.5495481965685332,0.6644989817236312,0.405,-0.09349728802933623,-0.03097678756713867,-0.013320480346679688,-0.48707520348537947,0.4875947802676826,2,-0.016667894356545844,0.06247299308315368,-0.1769042014559486,1.595,0.07682939367279037,0.0404214224960124,-0.08221812472837228,1.7385221499999997,0.07944738755078129,0,0,0,0,0,0,0,0
-0.5497060215194309,0.6591778512949549,0.353,-0.09272934315845885,0.005094766616821289,-0.07968936157226562,-0.48707520348537947,0.4875947802676826,2,-0.016667894356545844,0.06263081803405146,-0.17158307102727227,1.647,0.07606144880191301,0.02969529032755337,-0.05480420902732423,1.7919214000000003,0.07251708785940211,0,0,0,0,0,0,0,0
-0.545055227037651,0.6485726176198044,0.302,-0.09128071987930356,0.08419231414794921,-0.1519353485107422,-0.48707520348537947,0.4875947802676826,2,-0.016667894356545844,0.0579800235522715,-0.16097783735212184,1.698,0.07461282552275772,0.0015150139260153017,-0.021153364149167346,1.8383737846153843,0.06792687192665638,0,0,0,0,0,0,0,0
-0.5390301950995863,0.6361214071496247,0.252,-0.09051277500842594,0.10702389526367187,-0.17775251770019532,-0.48707520348537947,0.4875947802676826,2,-0.016667894356545844,0.0519549916142068,-0.14852662688194213,1.748,0.07384488065188011,-0.008863471447693297,-0.005084426171393028,1.8843511692307695,0.07030051970936804,0,0,0,0,0,0,0,0
-0.5301895147713154,0.617004627935955,0.203,-0.08759807515759546,0.15798663330078125,-0.2735913391113281,-0.48707520348537947,0.4875947802676826,2,-0.016667894356545844,0.0431143112859359,-0.1294098476682724,1.797,0.07093018080104962,-0.02699510378803086,0.03720605139439771,1.922330449253731,0.05787928594658478,0,0,0,0,0,0,0,0
-0.520075642142217,0.5965440861104351,0.164,-0.08646361114379911,0.17797659301757812,-0.29245901489257814,-0.48707520348537947,0.4875947802676826,2,-0.016667894356545844,0.03300043865683755,-0.10894930584275248,1.836,0.06979571678725327,-0.041158502330955374,0.059396410848022926,1.9225919500000008,0.06447791672258285,0,0,0,0,0,0,0,0
-0.5088034057963184,0.575003442183032,0.134,-0.08381071068076786,0.19635433959960938,-0.30730126953125,-0.48707520348537947,0.4875947802676826,2,-0.016667894356545844,0.02172820231093897,-0.0874086619153494,1.866,0.067142816324222,-0.05216691347916713,0.07420441175918391,1.9069781615384618,0.05489866034100078,0,0,0,0,0,0,0,0
-0.4962173197955503,0.5523227542558202,0.082,-0.08105309046261668,0.2166085205078125,-0.3232119445800781,-0.48707520348537947,0.4875947802676826,2,-0.016667894356545844,0.009142116310170811,-0.06472797398813762,1.918,0.06438519610607082,-0.06552858916863197,0.09164138100020597,2.079506699999999,0.0516577181761423,0,0,0,0,0,0,0,0
-0.48290589641002346,0.5295002403974798,0.081,-0.08325220532012968,0.22673298645019532,-0.32504754638671873,-0.48707520348537947,0.4875947802676826,2,-0.016667894356545844,-0.00416930707535601,-0.04190546012979718,1.919,0.06658431096358383,-0.07293058286858962,0.09836618239965639,1.8185029588235302,0.07628628827614121,0,0,0,0,0,0,0,0
-0.4698834860849818,0.5086154896236854,0.057,-0.08798204759303418,0.22071002197265624,-0.29594287109375,-0.48707520348537947,0.4875947802676826,2,-0.016667894356545844,-0.017191717400397655,-0.02102070935600281,1.943,0.07131415323648835,-0.07896614391490903,0.10042509692230844,1.9709471343283587,0.09249255147337423,0,0,0,0,0,0,0,0
-0.45981671090969417,0.49164900676411283,0,-0.08628907821859977,0.17277987670898437,-0.24024456787109374,-0.48707520348537947,0.4875947802676826,2,-0.016667894356545844,-0.0272584925756853,-0.004054226496430224,2,0.06962118386205393,-0.07374882799165045,0.09715509307830368,2.2304231803278687,0.061295104971392865,0,0,0,0,0,0,0,0
