0,0,0.719,0,0.07413397979736328,0.10290680694580077,0,0,1,0,0,0,0.281,0,0,0,0.22480000000000003,0,0,0,0,0,0,0,0,0
0.007333683268229167,0.0070199976603190105,0.723,0.0016580627893946207,0.1100052490234375,0.10529996490478516,0,0,1,0,-0.007333683268229167,-0.0070199976603190105,0.277,-0.0016580627893946207,-0.04870241032270393,-0.0466192490202584,0.19861749649122806,-0.010384709049366309,0,0,0,0,0,0,0,0
0.012297604813752942,0.014551723814028097,0.725,0.003019419605950202,0.07464604187011718,0.11285227966308593,0,0,1,0,-0.012297604813752942,-0.014551723814028097,0.275,-0.003019419605950202,-0.033307299025503306,-0.04847830381201798,0.21240140000000002,-0.009400779683554489,0,0,0,0,0,0,0,0
0.018519011865485963,0.02302936755748114,0.727,0.003263765701229382,0.09370464324951172,0.1268823013305664,0,0,1,0,-0.018519011865485963,-0.02302936755748114,0.273,-0.003263765701229382,-0.042783478081715495,-0.057191818295845895,0.21274416923076925,-0.004391516910210212,0,0,0,0,0,0,0,0
0.027048148937585312,0.029213979394459806,0.725,0.003577924966588375,0.12823915100097658,0.09235112762451173,0,0,1,0,-0.027048148937585312,-0.029213979394459806,0.275,-0.003577924966588375,-0.059491866485777915,-0.04795601841992576,0.2376701307692308,-0.005027890806706805,0,0,0,0,0,0,0,0
0.037439026870592265,0.03509266913076496,0.731,0.0023561944901923093,0.15617767333984375,0.08762211608886719,0,0,1,0,-0.037439026870592265,-0.03509266913076496,0.269,-0.0023561944901923093,-0.07388903306792116,-0.048791638218174366,0.19205811818181817,0.003197125857062534,0,0,0,0,0,0,0,0
0.047753969057741805,0.042631371892651614,0.737,0.0011868238913561036,0.15499014282226561,0.11271566772460938,0,0,1,0,-0.047753969057741805,-0.042631371892651614,0.263,-0.0011868238913561036,-0.07785938511772103,-0.060795965889028816,0.18949511641791048,0.004049163864626907,0,0,0,0,0,0,0,0
0.05873750705309809,0.04978183768272661,0.74,-0.0011170107212764013,0.1648802490234375,0.1070613784790039,0,0,1,0,-0.05873750705309809,-0.04978183768272661,0.26,0.0011170107212764013,-0.0905237879238186,-0.064746088202185,0.20340973333333331,0.012087651733812139,0,0,0,0,0,0,0,0
0.06891158617899845,0.055538781673119236,0.741,-0.003176499238629671,0.15251463317871095,0.08652457427978516,0,0,1,0,-0.06891158617899845,-0.055538781673119236,0.259,0.003176499238629671,-0.08941946747364532,-0.058934779639644996,0.21557528461538464,0.012681830857183222,0,0,0,0,0,0,0,0
0.0833776088042488,0.05936285731179914,0.746,-0.004764748857944535,0.2168070373535156,0.058050113677978514,0,0,1,0,-0.0833776088042488,-0.05936285731179914,0.254,0.004764748857944535,-0.11981713922849317,-0.0504776506531691,0.1916878230769231,0.012095131716320831,0,0,0,0,0,0,0,0
0.09295532873250609,0.0651298037933101,0.753,-0.004939281783143957,0.1432519989013672,0.087187744140625,0,0,1,0,-0.09295532873250609,-0.0651298037933101,0.247,0.004939281783143957,-0.09834479024941226,-0.06386507049701898,0.1769240923076923,0.0057448183609874436,0,0,0,0,0,0,0,0
0.10199014767273783,0.06797525629914282,0.759,-0.004694935687864776,0.135309814453125,0.04335064697265625,0,0,1,0,-0.10199014767273783,-0.06797525629914282,0.241,0.004694935687864776,-0.09926909376420162,-0.049369392536759746,0.17958881818181816,0.003584271618413955,0,0,0,0,0,0,0,0
0.1078945807625759,0.07069034620345596,0.765,-0.003979350694547079,0.08837431335449218,0.0411417121887207,0,0,1,0,-0.1078945807625759,-0.07069034620345596,0.235,0.003979350694547079,-0.0866683126784196,-0.05053080636043459,0.17529849999999997,0.0006250460383703735,0,0,0,0,0,0,0,0
0.1151287150926082,0.07314624424672403,0.773,-0.0039968039870670324,0.10836456298828125,0.037269985198974606,0,0,1,0,-0.1151287150926082,-0.07314624424672403,0.22699999999999998,0.0039968039870670324,-0.09702337605606029,-0.05018221891344456,0.16010957692307687,0.004077357644851432,0,0,0,0,0,0,0,0
0.12001480217899294,0.07320877532205403,0.783,-0.0017104226669544809,0.07328697204589844,0.001230888843536377,0,0,1,0,-0.12001480217899294,-0.07320877532205403,0.21699999999999997,0.0017104226669544809,-0.08650366624316777,-0.0373693400433501,0.1435883969696969,-0.00868221969719348,0,0,0,0,0,0,0,0
0.12334863134334308,0.07198116372006412,0.793,-0.00022689280275928203,0.050038860321044924,-0.01832861328125,0,0,1,0,-0.12334863134334308,-0.07198116372006412,0.20699999999999996,0.00022689280275928203,-0.08002032012336117,-0.0299613760973503,0.13695459696969692,-0.0065164247617643485,0,0,0,0,0,0,0,0
0.125011061919344,0.06895581213428977,0.801,-0.000017453292519953312,0.024946754455566406,-0.045374614715576175,0,0,1,0,-0.125011061919344,-0.06895581213428977,0.19899999999999995,0.000017453292519953312,-0.07234356261982006,-0.01845800206522961,0.14110849999999994,-0.0009642944117269001,0,0,0,0,0,0,0,0
0.12434327846139681,0.0649247022168371,0.81,0.0024085543677521692,-0.01001569652557373,-0.06046682357788086,0,0,1,0,-0.12434327846139681,-0.0649247022168371,0.18999999999999995,-0.0024085543677521692,-0.05940331972808727,-0.011323563169056479,0.13043196153846148,-0.01360551279977735,0,0,0,0,0,0,0,0
0.12365152130238874,0.05839856596201443,0.823,0.0027227136331111623,-0.010612105369567871,-0.09786676788330079,0,0,1,0,-0.12365152130238874,-0.05839856596201443,0.17700000000000005,-0.0027227136331111623,-0.05912238794832147,0.004286157995612865,0.10176895223880654,-0.004129396910837997,0,0,0,0,0,0,0,0
0.12057896172442575,0.05216298904946736,0.83,0.002426007660272067,-0.04634288787841797,-0.09340782165527343,0,0,1,0,-0.12057896172442575,-0.05216298904946736,0.17000000000000004,-0.002426007660272067,-0.04420595427288711,0.007921421172336272,0.1262615111111111,-0.0010131220753239944,0,0,0,0,0,0,0,0
0.11528298490069126,0.044703321849577496,0.838,0.0027925268031908645,-0.07971087646484375,-0.11170195770263672,0,0,1,0,-0.11528298490069126,-0.044703321849577496,0.16200000000000003,-0.0027925268031908645,-0.031039430322283682,0.01594762033374046,0.1180447552238806,-0.004433657293872047,0,0,0,0,0,0,0,0
0.1105104570947352,0.033198332774685015,0.842,0.0022863813201125516,-0.0720695571899414,-0.17237425231933592,0,0,1,0,-0.1105104570947352,-0.033198332774685015,0.15800000000000003,-0.0022863813201125516,-0.030289682244771396,0.04562836619583585,0.135772,0.0000861756318170405,0,0,0,0,0,0,0,0
0.10559693473434995,0.022413905534432416,0.846,0.0006981317007977439,-0.07407250213623047,-0.16159747314453124,0,0,1,0,-0.10559693473434995,-0.022413905534432416,0.15400000000000003,-0.0006981317007977439,-0.027543892416596192,0.046158094606175884,0.13390953846153847,0.006632251157578291,0,0,0,0,0,0,0,0
0.09876787229249748,0.013819751903676354,0.851,0.0007504915783575484,-0.10252590942382812,-0.12884075927734376,0,0,1,0,-0.09876787229249748,-0.013819751903676354,0.14900000000000002,-0.0007504915783575484,-0.01387911372014431,0.0386524076086044,0.1254934230769231,-0.0009921525517104924,0,0,0,0,0,0,0,0
0.09317797338432575,0.001975402436137875,0.855,0.0005061454830783131,-0.08398179626464844,-0.17760226440429688,0,0,1,0,-0.09317797338432575,-0.001975402436137875,0.14500000000000002,-0.0005061454830783131,-0.017817148976269938,0.062074352836541634,0.12862053846153848,0.000621605725902773,0,0,0,0,0,0,0,0
0.08477863628636603,-0.007288214864279316,0.864,0.0021293016874330273,-0.12606037139892579,-0.13889047241210936,0,0,1,0,-0.08477863628636603,0.007288214864279316,0.136,-0.0021293016874330273,0.00010339632083124217,0.051325808900861705,0.09685527462686563,-0.009397165289021299,0,0,0,0,0,0,0,0
0.0787630984034844,-0.01674725694415592,0.873,0.004712388980384619,-0.09053498077392579,-0.14169317626953126,0,0,1,0,-0.0787630984034844,0.01674725694415592,0.127,-0.004712388980384619,-0.007918904417516665,0.059403153885748294,0.08826424999999999,-0.016820610666095203,0,0,0,0,0,0,0,0
0.07268490270962065,-0.02632358289352186,0.883,0.007330382858376171,-0.09184883117675781,-0.14321365356445312,0,0,1,0,-0.07268490270962065,0.02632358289352186,0.11699999999999999,-0.007330382858376171,-0.004583665004510462,0.06484956011475293,0.07554429999999997,-0.019602229161461572,0,0,0,0,0,0,0,0
0.06834131231227378,-0.030316663138405996,0.892,0.01089085453244465,-0.06559116363525391,-0.05941699600219726,0,0,1,0,-0.06834131231227378,0.030316663138405996,0.10799999999999998,-0.01089085453244465,-0.012662916271698632,0.0356710022403236,0.07601732727272725,-0.027074816687301367,0,0,0,0,0,0,0,0
0.06676606749382062,-0.03351693681972751,0.907,0.01377064779823528,-0.024150066375732422,-0.047743927001953124,0,0,1,0,-0.06676606749382062,0.03351693681972751,0.09299999999999997,-0.01377064779823528,-0.026599979961151318,0.033088983028271485,0.0328129454545454,-0.026860617188192694,1427107470872,0,0,0,0,0,0,0
0.06403287465681264,-0.03666738768566103,0.919,0.014992378274631289,-0.04164474105834961,-0.0466877326965332,0,0,1,0,-0.06403287465681264,0.03666738768566103,0.08099999999999996,-0.014992378274631289,-0.01913501180819066,0.03442419703732594,0.0396566363636363,-0.02054569862188587,1427107470872,0,0,0,0,0,0,0
0.0621499716660582,-0.0366915818284238,0.928,0.01740093264238346,-0.028245811462402345,0.00006055068969726562,0,0,1,0,-0.0621499716660582,0.0366915818284238,0.07199999999999995,-0.01740093264238346,-0.022266347062783798,0.017886885299243354,0.04654659999999994,-0.028870239155489037,1427107470872,0,0,0,0,0,0,0
0.06277761031337951,-0.0355502594158134,0.939,0.02014109956801452,0.009711040496826171,0.01695343017578125,0,0,1,0,-0.06277761031337951,0.0355502594158134,0.061000000000000054,-0.02014109956801452,-0.036461136720351665,0.011059337635572476,0.02891233076923138,-0.03278802384015787,1427107470872,0,0,0,0,0,0,0
0.06327338232129966,-0.03548585270251453,0.946,0.022252947962927705,0.00745452880859375,0.000816133975982666,0,0,1,0,-0.06327338232129966,0.03548585270251453,0.05400000000000005,-0.022252947962927705,-0.0360400992875835,0.016848976925626414,0.045201792307692334,-0.03199994055483471,1427107470872,0,0,0,0,0,0,0
0.06489331575562372,-0.03344029837287958,0.957,0.025464353786597227,0.024975723266601562,0.030135038375854493,0,0,1,0.022252947962927705,-0.06489331575562372,0.03344029837287958,0.04300000000000004,-0.003211405823669522,-0.03244665787781186,0.01672014918643979,0.034400000000000035,-0.003211405823669522,1427107470872,0,0,0,0,0,0,0
0.06877167237714735,-0.030391425677735576,0.969,0.031223940318178548,0.059320926666259766,0.04423702621459961,0,0,1,0.022252947962927705,-0.06877167237714735,0.030391425677735576,0.031000000000000028,-0.008970992355250843,-0.054691985112547976,-0.0007108718208595037,-0.03767886716417913,-0.03476018578024183,1427107471263,0,0,0,0,0,0,0
0.07318966107612787,-0.02762598124706063,0.978,0.03597123588360312,0.06753253936767578,0.039392578125,0,0,1,0.022252947962927705,-0.07318966107612787,0.02762598124706063,0.02200000000000002,-0.013718287920675414,-0.060848624639195076,-0.0012724907235210931,-0.03127025000000001,-0.035971235883603084,1427107471327,0,0,0,0,0,0,0
0.07600434798359948,-0.02574594004360881,0.986,0.037559485502917926,0.04320718383789063,0.026663986206054688,0,0,1,0.022252947962927705,-0.07600434798359948,0.02574594004360881,0.014000000000000012,-0.015306537539990221,-0.053300501646417614,0.0028044489782174595,-0.0314374230769231,-0.022636920398366255,1427107471392,0,0,0,0,0,0,0
0.08080500927759508,-0.024234139880016915,0.993,0.038833575856873796,0.0728106689453125,0.019956989288330076,0,0,1,0.022252947962927705,-0.08080500927759508,0.024234139880016915,0.007000000000000006,-0.01658062789394609,-0.06685015752604441,0.003919700389119046,-0.03219695000000002,-0.022552926428114232,1427107471456,0,0,0,0,0,0,0
0.08587601450299338,-0.024053561024207873,1.001,0.040160026088389526,0.07611289215087891,-0.000246495932340622,0,0,1,0.022252947962927705,-0.08587601450299338,0.024053561024207873,-0.0009999999999998899,-0.01790707812546182,-0.07008041623388928,0.01115532831169178,-0.04274654242424178,-0.02393639735962423,1427107471522,0,0,0,0,0,0,0
0.08852017271666894,-0.02464920865481128,1.006,0.04150392961242515,0.03927167129516602,-0.01051992416381836,0,0,1,0.022252947962927705,-0.08852017271666894,0.02464920865481128,-0.006000000000000005,-0.019250981649497442,-0.05838287626719241,0.015538874341401155,-0.030481902985075228,-0.02526846011532858,1427107471589,0,0,0,0,0,0,0
0.08951962240913798,-0.024809436729279065,1.007,0.04218460802070294,0.014879112243652343,-0.0030233891010284426,0,0,1,0.022252947962927705,-0.08951962240913798,0.024809436729279065,-0.006999999999999895,-0.019931660057775233,-0.05067872997918196,0.013413182192872908,-0.010762155555554858,-0.023172985811479,1427107471652,0,0,0,0,0,0,0
0.0908848329142043,-0.02603011144989808,1.007,0.04366813788489808,0.01968776321411133,-0.01915743827819824,0,0,1,0.022252947962927705,-0.0908848329142043,0.02603011144989808,-0.006999999999999895,-0.021415189921970376,-0.053219045570433304,0.019723147036615603,-0.005252099999999914,-0.028262250833640267,1427107471717,0,0,0,0,0,0,0
0.09359669651947354,-0.027521715408912243,1.011,0.04454080251089525,0.039662452697753904,-0.024128496170043947,0,0,1,0.022252947962927705,-0.09359669651947354,0.027521715408912243,-0.010999999999999899,-0.022287854547967542,-0.06166671258037999,0.021824270462808423,-0.029736821212121144,-0.026254511938863752,1427107471783,0,0,0,0,0,0,0
0.09612034929489932,-0.029137484060567886,1.013,0.04499458811641381,0.03673809051513672,-0.025898017883300782,0,0,1,0.022252947962927705,-0.09612034929489932,0.029137484060567886,-0.0129999999999999,-0.022741640153486106,-0.061993890664609134,0.023309834655760427,-0.020816560606060533,-0.024804301996752307,1427107471849,0,0,0,0,0,0,0
0.09827327055436748,-0.030716917395588697,1.017,0.046181412007769915,0.031195505142211914,-0.025120079040527345,0,0,1,0.022252947962927705,-0.09827327055436748,0.030716917395588697,-0.016999999999999904,-0.02392846404484221,-0.06152402718280505,0.024188266078882782,-0.03539429999999994,-0.029491701035573945,1427107471913,0,0,0,0,0,0,0
0.0982761670404275,-0.03188240146369675,1.012,0.04850269991292237,-0.0007636675834655762,-0.017465627670288086,0,0,1,0.022252947962927705,-0.0982761670404275,0.03188240146369675,-0.01200000000000001,-0.026249751949994668,-0.049831163260095006,0.02242988906665191,0.01732577692307634,-0.0369633884353137,1427107471978,0,0,0,0,0,0,0
0.09761582733550132,-0.03045811214030448,1.01,0.048415433450322655,-0.008857625007629395,0.021819450378417968,0,0,1,0.022252947962927705,-0.09761582733550132,0.03045811214030448,-0.010000000000000009,-0.02616248548739495,-0.04599317189778194,0.00779260853130674,0.0027069307692307743,-0.025759717198473173,1427107472043,0,0,0,0,0,0,0
0.09614787317800041,-0.027572623609970138,1.011,0.048555059790482226,-0.01989879608154297,0.04429726791381836,0,0,1,0.022252947962927705,-0.09614787317800041,0.027572623609970138,-0.010999999999999899,-0.02630211182755452,-0.04097299773042558,-0.0015002092582020038,-0.014318415384614706,-0.026946541089829464,1427107472108,0,0,0,0,0,0,0
0.09592401727629013,-0.02496313951658574,1.002,0.048555059790482226,-0.0014540729522705077,0.03925910568237305,0,0,1,0.022252947962927705,-0.09592401727629013,0.02496313951658574,-0.0020000000000000018,-0.02630211182755452,-0.04766031091006342,-0.0008826133924983905,0.04526772537313378,-0.02630211182755452,1427107472175,0,0,0,0,0,0,0
0.09467778456801876,-0.02183922769821915,0.997,0.04815363406252352,-0.016397127151489256,0.047710758209228515,0,0,1,0.022252947962927705,-0.09467778456801876,0.02183922769821915,0.0030000000000000027,-0.025900686099595817,-0.041342723015725155,-0.006154242922174162,0.030049477777777805,-0.023989135014078178,1427107472238,0,0,0,0,0,0,0
0.08933313444510609,-0.015943221073498964,0.992,0.04838052686528275,-0.07581975555419922,0.0921965560913086,0,0,1,0.022252947962927705,-0.08933313444510609,0.015943221073498964,0.008000000000000007,-0.026127578902355043,-0.01687309426038813,-0.023484545462506827,0.033246776923076954,-0.027174776453551472,1427107472303,0,0,0,0,0,0,0
0.08591493038244571,-0.011413878327599207,0.993,0.04928809807631982,-0.0479273681640625,0.07034029388427734,0,0,1,0.022252947962927705,-0.08591493038244571,0.011413878327599207,0.007000000000000006,-0.027035150113392116,-0.025872741634103195,-0.018013197530814852,0.0002668696969697036,-0.031160473799924263,1427107472369,0,0,0,0,0,0,0
0.08393143903999357,-0.009626980495067397,0.998,0.04820599394008333,-0.028395681381225585,0.028236761093139648,0,0,1,0.022252947962927705,-0.08393143903999357,0.009626980495067397,0.0020000000000000018,-0.025953045977155628,-0.032382053126663146,-0.004502904635228742,-0.025340176923076937,-0.020958719194525684,1427107472434,0,0,0,0,0,0,0
0.08049399859126112,-0.005263181373222516,0.995,0.04769984845700497,-0.04834751129150391,0.06786556243896484,0,0,1,0.022252947962927705,-0.08049399859126112,0.005263181373222516,0.0050000000000000044,-0.025446900494077267,-0.02288669727525648,-0.02055700545532897,0.020169246153846174,-0.023110844418330983,1427107472499,0,0,0,0,0,0,0
0.07500790841443836,-0.000694334601617148,0.996,0.047647488579445174,-0.07892999267578125,0.07237854766845703,0,0,1,0.022252947962927705,-0.07500790841443836,0.000694334601617148,0.0040000000000000036,-0.02539454061651747,-0.009161216483751275,-0.023945080253120147,-0.0021432153846153807,-0.02515287964316456,1427107472564,0,0,0,0,0,0,0
0.07127600538500953,0.0033538415107739273,0.992,0.04801400772236397,-0.0530228271484375,0.06331995391845703,0,0,1,0.022252947962927705,-0.07127600538500953,-0.0033538415107739273,0.008000000000000007,-0.025761059759436267,-0.016787217473889067,-0.023167737064374572,0.028031861538461565,-0.02745268657290764,1427107472629,0,0,0,0,0,0,0
0.06924767500024871,0.003882938501998642,0.989,0.048205993940083354,-0.030008977890014648,0.009387571334838868,0,0,1,0.022252947962927705,-0.06924767500024871,-0.003882938501998642,0.01100000000000001,-0.02595304597715565,-0.02531855494862622,-0.004400955260767553,0.0246387417910448,-0.026812685757988706,1427107472696,0,0,0,0,0,0,0
0.06781823285646615,0.0024774340636568764,0.992,0.04768239516448503,-0.02243263626098633,-0.020024860382080078,0,0,1,0.022252947962927705,-0.06781823285646615,-0.0024774340636568764,0.008000000000000007,-0.025429447201557327,-0.02730096986148592,0.006872533672128576,-0.010049166666666668,-0.022936119698708176,1427107472759,0,0,0,0,0,0,0
0.06476580474627953,0.0007662564256181389,0.989,0.04694935687864749,-0.046957813262939456,-0.023456111907958984,0,0,1,0.022252947962927705,-0.06476580474627953,-0.0007662564256181389,0.01100000000000001,-0.024696408915719788,-0.017322047460170787,0.009133299869276907,0.025242846153846178,-0.021313155288777298,1427107472824,0,0,0,0,0,0,0
0.060019560062341985,-0.00033252206984564687,0.984,0.04684463712352777,-0.07188874053955079,-0.013122246742248536,0,0,1,0.022252947962927705,-0.060019560062341985,0.00033252206984564687,0.016000000000000014,-0.024591689160600068,-0.005867387050506764,0.006385371411719846,0.04011607692307696,-0.02410836721389367,1427107472889,0,0,0,0,0,0,0
0.05787945813803111,-0.0019626372246890032,0.984,0.047211156266446626,-0.03321132659912109,-0.022921669006347657,0,0,1,0.022252947962927705,-0.05787945813803111,0.0019626372246890032,0.016000000000000014,-0.02495820830351892,-0.019043213318807498,0.009929774802314224,0.013298600000000018,-0.026624204407695525,1427107472955,0,0,0,0,0,0,0
0.056129165006681844,-0.0052475519620711515,0.981,0.047472955654245766,-0.028550548553466795,-0.047979778289794925,0,0,1,0.022252947962927705,-0.056129165006681844,0.0052475519620711515,0.019000000000000017,-0.02522000769131806,-0.020272279843500364,0.02035114788694537,0.03173309090909094,-0.02641000490858688,1427107473021,0,0,0,0,0,0,0
0.05383943312318234,-0.009091293494980376,0.98,0.04672246407588822,-0.03704336166381836,-0.055961273193359376,0,0,1,0.022252947962927705,-0.05383943312318234,0.009091293494980376,0.020000000000000018,-0.024469516112960513,-0.016660497536522573,0.024643162110095103,0.02190705882352944,-0.02115852385550074,1427107473089,0,0,0,0,0,0,0
0.05153682425947104,-0.012014661436072504,0.983,0.047193702973926624,-0.03654949951171875,-0.04218949890136719,3,0,1,0,2.948463175740529,0.012014661436072504,0.017000000000000015,-0.047193702973926624,1.4742315878702645,0.006007330718036252,0.013600000000000013,-0.047193702973926624,0,0,0,0,0,0,0,0
0.05065094978179733,-0.01483435888963177,0.984,0.04642575810304918,-0.015268660545349122,-0.04162148666381836,3,0,1,0,2.9493490502182027,0.01483435888963177,0.016000000000000014,-0.04642575810304918,1.4814067345510187,0.022846893883657484,0.007433650000000009,-0.04282601652081115,0,0,0,0,0,0,0,0
0.04930764925364795,-0.017481485805726765,0.986,0.04307472593922003,-0.021970558166503906,-0.03872900009155274,3,0,1,0,2.950692350746352,0.017481485805726765,0.014000000000000012,-0.04307472593922003,1.4863848654833358,0.023015360175761054,0.0006241692307692327,-0.02760842364462396,0,0,0,0,0,0,0,0
0.049559218422263886,-0.020086664448103538,0.986,0.03937462792499203,0.0020872974395751954,-0.03920392608642578,3,0,1,0,2.9504407815777363,0.020086664448103538,0.014000000000000012,-0.03937462792499203,1.4796391362003565,0.023892787663381973,0.011485800000000011,-0.022556000587592034,0,0,0,0,0,0,0,0
0.05221046921989935,-0.024212680425226285,0.984,0.03469714552964721,0.037301662445068356,-0.06340774536132812,3,0,1,0,2.9477895307801005,0.024212680425226285,0.016000000000000014,-0.03469714552964721,1.4675334674955358,0.03403682249316174,0.023797460606060625,-0.01343586191444347,0,0,0,0,0,0,0,0
0.05889220588860466,-0.02742043947308739,0.98,0.029897490086662874,0.0984965591430664,-0.05156428527832031,3,0,1,0,2.9411077941113954,0.02742043947308739,0.020000000000000018,-0.029897490086662874,1.444185400485893,0.031050686264532786,0.03805986153846157,-0.007745234195965955,0,0,0,0,0,0,0,0
0.07213954832419793,-0.030975688303581068,0.978,0.02478367537831944,0.1970271759033203,-0.059244949340820315,3,0,1,0,2.927860451675802,0.030975688303581068,0.02200000000000002,-0.02478367537831944,1.4029677380747752,0.035018353442804115,0.029199700000000026,-0.0008126689329595975,0,0,0,0,0,0,0,0
0.09428685059186424,-0.03481578196954348,0.987,0.018901915799098615,0.33068008422851564,-0.06581624603271484,3,0,1,0,2.9057131494081356,0.03481578196954348,0.013000000000000012,-0.018901915799098615,1.3469744999145055,0.038195690924408505,-0.03731483846153849,0.008244666874228264,0,0,0,0,0,0,0,0
0.12306802544727517,-0.03900560977815817,0.989,0.014172073526193986,0.43045263671875,-0.07099599456787109,3,0,1,0,2.8769319745527246,0.03900560977815817,0.01100000000000001,-0.014172073526193986,1.2987330658747114,0.04219914232012243,-0.0011510307692307684,0.007657967733365837,0,0,0,0,0,0,0,0
0.16089417975279285,-0.045053062507930605,0.987,0.008237954069413191,0.5660498046875,-0.09874353790283204,3,0,1,0,2.839105820247207,0.045053062507930605,0.013000000000000012,-0.008237954069413191,1.232961672004539,0.05525474890494968,0.022071930769230787,0.0191502895772674,0,0,0,0,0,0,0,0
0.20590413387507228,-0.05482170938996472,0.972,0.004764748857944481,0.6739193115234375,-0.15208651733398437,3,0,1,0,2.7940958661249278,0.05482170938996472,0.028000000000000025,-0.004764748857944481,1.1808814055761223,0.07864284079093946,0.10184850895522396,0.010786916268034814,0,0,0,0,0,0,0,0
0.25634926358387394,-0.06693066642145393,0.965,0.0034732052114687132,0.7558029174804688,-0.18523765563964845,3,0,1,0,2.743650736416126,0.06693066642145393,0.03500000000000003,-0.0034732052114687132,1.1122632460931157,0.10098122422865455,0.06819968888888894,0.0026770026288920855,0,0,0,0,0,0,0,0
0.31309918048065777,-0.07884230460045884,0.954,0.0005410520681182776,0.850623046875,-0.1816300506591797,3,0,1,0,2.6869008195193422,0.07884230460045884,0.04600000000000004,-0.0005410520681182776,1.060309018183799,0.10385589750251578,0.09764056923076932,0.012991962439652963,0,0,0,0,0,0,0,0
0.3772082234930215,-0.08986822169233365,0.943,-0.0001570796326795218,0.9615460205078125,-0.16590902709960936,3,0,1,0,2.6227917765069786,0.08986822169233365,0.05700000000000005,0.0001570796326795218,0.995589817055341,0.10375935133704017,0.10591933333333342,0.003330405545396792,0,0,0,0,0,0,0,0
0.4490447315223095,-0.10318305917219303,0.936,-0.00022689280275927954,1.0775789794921875,-0.1995532989501953,3,0,1,0,2.5509552684776904,0.10318305917219303,0.06399999999999995,0.00022689280275927954,0.9144899154464929,0.1237083453462243,0.09129430769230709,0.0005491074338966229,0,0,0,0,0,0,0,0
0.5254163741110087,-0.11411540634693104,0.928,-0.0012915436464758208,1.14561181640625,-0.16372528076171874,3,0,1,0,2.4745836258889913,0.11411540634693104,0.07199999999999995,0.0012915436464758208,0.8534926181890665,0.11641989999706524,0.10354692307692308,0.006205316771321396,0,0,0,0,0,0,0,0
0.605430806367391,-0.12296053540872579,0.921,-0.0003490658503988971,1.2003868408203124,-0.13112669372558594,3,0,1,0,2.3945691936326092,0.12296053540872579,0.07899999999999996,0.0003490658503988971,0.795426850749213,0.10968352211397608,0.10427580769230768,-0.004000831669956135,0,0,0,0,0,0,0,0
0.6955942785932195,-0.1323374944014138,0.92,-0.00010471975511971727,1.3525010986328125,-0.14018228149414064,3,0,1,0,2.3044057214067806,0.1323374944014138,0.07999999999999996,0.00010471975511971727,0.6971943015966546,0.1173217206095678,0.07328811538461537,-0.0010230314538611125,0,0,0,0,0,0,0,0
0.7892190950393411,-0.13665971537823293,0.919,-0.0020769418098732758,1.4043790283203126,-0.06468624877929688,3,0,1,0,2.210780904960659,0.13665971537823293,0.08099999999999996,0.0020769418098732758,0.6331808936217798,0.0923538398275255,0.07461461538461536,0.011179505139505084,0,0,0,0,0,0,0,0
0.8920587819605132,-0.1403136115784411,0.917,-0.00399680398706703,1.542705810546875,-0.051604446411132814,3,0,1,0,2.1079412180394868,0.1403136115784411,0.08299999999999996,0.00399680398706703,0.5500847526842558,0.09008881794367349,0.08183386119402984,0.01259320179539727,0,0,0,0,0,0,0,0
0.9980073432861624,-0.1416977156933829,0.92,-0.005934119456780793,1.5892987060546875,-0.014409578323364258,3,0,1,0,2.0019926567138375,0.1416977156933829,0.07999999999999996,0.005934119456780793,0.4562077976826854,0.07935335845400211,0.05309184999999997,0.015015285721064055,0,0,0,0,0,0,0,0
1.1167884821386775,-0.14290817638263875,0.919,-0.00839503370209271,1.78179345703125,-0.007583730697631836,3,0,1,0,1.8832115178613225,0.14290817638263875,0.08099999999999996,0.00839503370209271,0.3378567628252932,0.07900002498452992,0.07620921538461536,0.019753099449686173,0,0,0,0,0,0,0,0
1.236387269248635,-0.14281017951824446,0.921,-0.010157816246606995,1.79390625,0.016530261993408204,3,0,1,0,1.763612730751365,0.14281017951824446,0.07899999999999996,0.010157816246606995,0.2748009961590743,0.07199831249551888,0.05896886923076919,0.018293735682826773,0,0,0,0,0,0,0,0
1.3563938558329591,-0.13972198911595657,0.923,-0.010925761117484495,1.799535400390625,0.064605224609375,3,0,1,0,1.6436061441670409,0.13972198911595657,0.07699999999999996,0.010925761117484495,0.21367020353710864,0.05444399446018096,0.057869369230769185,0.014470122059996033,0,0,0,0,0,0,0,0
1.4771829756716204,-0.13827981795066893,0.927,-0.012479104151759452,1.8114923095703126,0.04142657852172851,3,0,1,0,1.5228170243283796,0.13827981795066893,0.07299999999999995,0.012479104151759452,0.16949730394551454,0.06291054393842453,0.04503217761194025,0.01943437146940851,0,0,0,0,0,0,0,0
1.6215312699972015,-0.1360720921939878,0.935,-0.014049900478554363,2.164642578125,0.060132667541503905,3,0,1,0,1.3784687300027985,0.1360720921939878,0.06499999999999995,0.014049900478554363,-0.07275543693713216,0.05716099335341375,0.01549275555555548,0.02152988298710156,0,0,0,0,0,0,0,0
1.7710324613400275,-0.13108062953342955,0.935,-0.014049900478554365,2.24124462890625,0.10637066650390625,3,0,1,0,1.2289675386599725,0.13108062953342955,0.06499999999999995,0.014049900478554365,-0.149778650155874,0.0401385008912291,0.06035969999999996,0.014049900478554374,0,0,0,0,0,0,0,0
1.9183869932910966,-0.12629738764379173,0.936,-0.01497492498211139,2.209091796875,0.10279527282714844,3,0,1,0,1.0816130067089034,0.12629738764379173,0.06399999999999995,0.01497492498211139,-0.21119393249066531,0.038950162014873224,0.05459108461538457,0.01924426884468227,0,0,0,0,0,0,0,0
2.0660594355852107,-0.12410443488641298,0.936,-0.016772614111665526,2.214345703125,0.06606011962890625,3,0,1,0,0.9339405644147893,0.12410443488641298,0.06399999999999995,0.016772614111665526,-0.2740777095368626,0.05206221750499618,0.060398099999999955,0.0249439283369116,0,0,0,0,0,0,0,0
2.2218653347248463,-0.12147554000570819,0.939,-0.016161748873467493,2.336098388671875,0.0786251220703125,3,0,1,0,0.7781346652751537,0.12147554000570819,0.061000000000000054,0.016161748873467493,-0.3822592858887726,0.04872542064303529,0.042735158208955834,0.01342653138899869,0,0,0,0,0,0,0,0
2.3164964910059505,-0.112417616562564,0.948,-0.014852751934471772,1.417086181640625,0.1587911834716797,3,0,1,0,0.6835035089940495,0.112417616562564,0.052000000000000046,0.014852751934471772,-0.14096148940878594,0.007678518072446593,0.0015343999999999913,0.00861943317734929,0,0,0,0,0,0,0,0
2.4053143442190277,-0.103723559062413,0.959,-0.014905111812031576,1.3301839599609375,0.15018359375,3,0,1,0,0.5946856557809723,0.103723559062413,0.041000000000000036,0.014905111812031576,-0.13750520317257914,0.006906550772074499,-0.016229869230769252,0.015146772785384519,0,0,0,0,0,0,0,0
2.526507243630046,-0.09665314430133772,0.974,-0.014381513036433254,1.81611083984375,0.13313934326171875,3,0,1,0,0.473492756369954,0.09665314430133772,0.026000000000000023,0.014381513036433254,-0.36222878690797095,0.012754666503844575,-0.04837295454545458,0.012001518601895429,0,0,0,0,0,0,0,0
2.651382377125229,-0.09472484166326887,0.991,-0.013089969389957486,1.872517333984375,0.0558590202331543,3,0,1,0,0.3486176228747708,0.09472484166326887,0.009000000000000008,0.013089969389957486,-0.46466450658997244,0.03880035776451066,-0.07533865000000006,0.007035858547102324,0,0,0,0,0,0,0,0
2.7373603300081064,-0.09355680775221933,1.01,-0.012793263417118447,1.2893294677734375,0.0344002571105957,3,0,1,0,0.2626396699918936,0.09355680775221933,-0.010000000000000009,0.012793263417118447,-0.2737051879866592,0.04272275923753169,-0.09689063134328366,0.011464729210376478,0,0,0,0,0,0,0,0
2.8250154087552195,-0.09255193575243026,1.027,-0.011135200627723826,1.3145257568359374,0.03189230537414551,3,0,1,0,0.1749845912447805,0.09255193575243026,-0.026999999999999913,0.011135200627723826,-0.34764588928416795,0.04288583241225935,-0.1043784499999994,0.00336303130243654,0,0,0,0,0,0,0,0
2.90911931657507,-0.0912506626927121,1.047,-0.010751228192285073,1.2612630615234375,0.03356530380249023,3,0,1,0,0.09088068342492983,0.0912506626927121,-0.04699999999999993,0.010751228192285073,-0.37021921354823495,0.04067265301003647,-0.13708550000000003,0.00895135740116592,1427107475494,0,0,0,0,0,0,0
2.985333664402159,-0.08741532531078483,1.065,-0.010576695267085651,1.1425306396484376,0.06981746673583984,3,0,1,0,0.01466633559784114,0.08741532531078483,-0.06499999999999995,0.010576695267085651,-0.3587585582920022,0.02527632465394239,-0.13945607692307696,0.009771158689242164,1427107475494,0,0,0,0,0,0,0
3.049003235251083,-0.08011386987338295,1.073,-0.011850785621041521,0.953831787109375,0.1196167221069336,3,0,1,0,-0.049003235251082966,0.08011386987338295,-0.07299999999999995,0.011850785621041521,-0.31788239960633946,0.0036104493205064564,-0.09183904242424243,0.01764210541175002,1427107475494,0,0,0,0,0,0,0
3.0989991834795894,-0.07084020433522678,1.079,-0.013788101090755229,0.7482380981445312,0.14798237609863282,3,0,1,0,-0.09899918347958936,0.07084020433522678,-0.07899999999999996,0.013788101090755229,-0.27043407807341346,-0.011438318841952864,-0.08655438181818181,0.022594080498544805,1427107475494,0,0,0,0,0,0,0
3.1348521002832292,-0.061493680099555775,1.084,-0.015620696805349272,0.5358096313476562,0.14759945678710937,3,0,1,0,-0.13485210028322925,0.061493680099555775,-0.08400000000000007,0.015620696805349272,-0.2193874521048167,-0.018007500049340444,-0.0866175500000007,0.024210989217508846,0,0,0,0,0,0,0,0
3.160060144920452,-0.05112914371680611,1.083,-0.01715658654710433,0.3756461181640625,0.1613553466796875,3,0,1,0,-0.16006014492045217,0.05112914371680611,-0.08299999999999996,0.01715658654710433,-0.17176049971738278,-0.027851771944433282,-0.05362868461538399,0.024245308432127667,0,0,0,0,0,0,0,0
3.1743280003556142,-0.04041003717971883,1.078,-0.018378317023500283,0.21122792053222655,0.1644345703125,3,0,1,0,-0.17432800035561424,0.04041003717971883,-0.07800000000000007,0.018378317023500283,-0.12009902954717494,-0.035094282596781864,-0.02859722307692372,0.024017073068404688,0,0,0,0,0,0,0,0
3.180470805434321,-0.031786144774151454,1.07,-0.019024088846738226,0.08974925994873047,0.13102986145019532,3,0,1,0,-0.18047080543432115,0.031786144774151454,-0.07000000000000006,0.019024088846738226,-0.07953746695991751,-0.02810364555881675,-0.006498376923076941,0.022004574184759502,0,0,0,0,0,0,0,0
3.178763781571258,-0.022552226071286666,1.059,-0.021519909677090106,-0.02823556900024414,0.13799662780761718,3,0,1,0,-0.17876378157125794,0.022552226071286666,-0.05899999999999994,0.021519909677090106,-0.0368097951936426,-0.03450603994280407,0.016292086567164847,0.03269522682791942,0,0,0,0,0,0,0,0
3.1683549631181283,-0.012837839053421608,1.042,-0.023404865269243954,-0.15923167419433593,0.14232237243652343,3,0,1,0,-0.16835496311812825,0.012837839053421608,-0.04200000000000004,0.023404865269243954,0.01629280393518226,-0.04424368249238336,0.06512934999999945,0.03224059460746512,0,0,0,0,0,0,0,0
3.155775031244004,-0.00303967657029758,1.029,-0.022863813201125734,-0.19208685302734374,0.14251611328125,3,0,1,0,-0.15577503124400405,0.00303967657029758,-0.028999999999999915,0.022863813201125734,0.032268492374607806,-0.0479751561054808,0.051308593939394645,0.02040448561877019,0,0,0,0,0,0,0,0
3.137562292351603,0.006048240118118062,1.014,-0.024329889772800924,-0.2762361755371094,0.1300374755859375,3,0,1,0,-0.1375622923516029,-0.006048240118118062,-0.014000000000000012,0.024329889772800924,0.07417597783298474,-0.050262577151115914,0.07631084999999944,0.031202123702528377,0,0,0,0,0,0,0,0
3.116148549217295,0.013687914591847173,1.002,-0.025254914276357954,-0.3238988952636719,0.10674706268310546,3,0,1,0,-0.11614854921729512,-0.013687914591847173,-0.0020000000000000018,0.025254914276357954,0.10051120774852423,-0.045528475847387326,0.06848198461538466,0.02952425813892886,0,0,0,0,0,0,0,0
3.0931539008716915,0.02080077295342824,0.995,-0.024975661596038864,-0.34750396728515626,0.09794886016845702,3,0,1,0,-0.09315390087169151,-0.02080077295342824,0.0050000000000000044,0.024975661596038864,0.11676264541232634,-0.04511885562574017,0.04606726417910451,0.023725276460281747,1427107476343,0,0,0,0,0,0,0
3.072383549230998,0.02492799901095338,0.992,-0.027227136331111564,-0.313004150390625,0.05410859298706055,3,0,1,0,-0.07238354923099788,-0.02492799901095338,0.008000000000000007,0.027227136331111564,0.11881982958624329,-0.0322654739946165,0.02810594615384617,0.037618558185293256,1427107476343,0,0,0,0,0,0,0
3.0504724638034997,0.026963338670153783,0.988,-0.0275238423039506,-0.3293756103515625,0.021571243286132812,3,0,1,0,-0.05047246380349968,-0.026963338670153783,0.01200000000000001,0.0275238423039506,0.1377289633664386,-0.02220763919708245,0.03710390000000003,0.028914651551633582,1427107476343,0,0,0,0,0,0,0
3.031012836021231,0.024406896218603646,0.988,-0.028640853025226946,-0.29072854614257815,-0.04636515426635742,3,0,1,0,-0.03101283602123095,-0.024406896218603646,0.01200000000000001,0.028640853025226946,0.13403252004517072,0.004166270033279726,0.015305700000000009,0.03387684078120982,1427107476343,0,0,0,0,0,0,0
3.0145187751217817,0.02321093569831899,0.989,-0.02797762790946911,-0.24679571533203126,-0.025017141342163086,3,0,1,0,-0.01451877512178168,-0.02321093569831899,0.01100000000000001,0.02797762790946911,0.1233186334388396,-0.0028893987007562313,0.0092752696969697,0.024962968292388032,1427107476343,0,0,0,0,0,0,0
3.0020703900915158,0.01950707770733699,0.992,-0.02762856205907021,-0.18509852600097657,-0.060759590148925784,3,0,1,-0.02797762790946911,-0.0020703900915157725,-0.01950707770733699,0.008000000000000007,-0.0003490658503988997,-0.0010351950457578862,-0.009753538853668494,0.006400000000000006,-0.0003490658503988997,1427107476343,0,0,0,0,0,0,0
2.9918954454755684,0.013975029859904183,0.994,-0.031136673855578827,-0.15027357482910156,-0.08716529846191406,3,0,1,-0.02797762790946911,0.008104554524431595,-0.013975029859904183,0.006000000000000005,0.0031590459461097176,0.05884570853929635,0.022791351248354075,-0.005930230769230773,0.019350331160764872,1427107476733,0,0,0,0,0,0,0
2.985665159423002,0.011569246445695907,1.007,-0.03255039054969427,-0.09228555297851562,-0.03897864532470703,3,0,1,-0.02797762790946911,0.014334840576998076,-0.011569246445695907,-0.006999999999999895,0.004572762640225159,0.041253739396882136,0.007355516736469368,-0.07669954999999937,0.011199559643891289,1427107476797,0,0,0,0,0,0,0
2.9813721827863784,0.008480110435597536,1.01,-0.035465090400524805,-0.0628525161743164,-0.04840819549560547,3,0,1,-0.02797762790946911,0.01862781721362161,-0.008480110435597536,-0.010000000000000009,0.007487462491055696,0.03176682885825017,0.011875052685768182,-0.023744441791045373,0.02053835734552079,1427107476864,0,0,0,0,0,0,0
2.9767342422446705,0.005330791132269467,1.017,-0.03771656513559745,-0.06785034942626954,-0.04967684173583985,3,0,1,-0.02797762790946911,0.023265757755329464,-0.005330791132269467,-0.016999999999999904,0.009738937226128341,0.037440795543815276,0.01480529462614851,-0.05266878888888823,0.020460245488379034,1427107476927,0,0,0,0,0,0,0
2.9753439569219435,0.0038069478844835114,1.015,-0.0387114028092343,-0.019977540969848634,-0.023627758026123047,3,0,1,-0.02797762790946911,0.024656043078056467,-0.0038069478844835114,-0.014999999999999902,0.010733774899765187,0.019871780028118898,0.0062738331778644935,-0.0015081692307691436,0.015325333393473708,1427107476992,0,0,0,0,0,0,0
2.976012066147113,0.0021572336624352375,1.015,-0.04080579791162736,0.010971832275390624,-0.024339319229125977,3,0,1,-0.02797762790946911,0.023987933852887,-0.0021572336624352375,-0.014999999999999902,0.012828170002158253,0.008629087990303444,0.007383089717123172,-0.012379399999999919,0.022068148395068835,1427107477060,0,0,0,0,0,0,0
2.9761903170328416,-0.00045870465758446983,1.011,-0.04201007509550353,0.004272274971008301,-0.039097335815429686,3,0,1,-0.02797762790946911,0.023809682967158352,0.00045870465758446983,-0.010999999999999899,0.01403244718603442,0.01100347743170584,0.01473316238494793,0.012973522222222325,0.0197671004425876,1427107477123,0,0,0,0,0,0,0
2.9763632118948764,-0.002741975316605652,1.009,-0.04267330021126137,0.00402951717376709,-0.03410992431640625,3,0,1,-0.02797762790946911,0.023636788105123596,0.002741975316605652,-0.008999999999999897,0.014695672301792258,0.01099170427741598,0.013638123649444528,0.0030620307692308633,0.01775671129759766,1427107477188,0,0,0,0,0,0,0
2.978922913009928,-0.00566646104832101,1.006,-0.04429645641561613,0.040231956481933596,-0.04218938446044922,3,0,1,-0.02797762790946911,0.021077086990072047,0.00566646104832101,-0.006000000000000005,0.01631882850614702,-0.0031264798436566703,0.018556746260259945,0.010807646153845567,0.02381031868009208,1427107477253,0,0,0,0,0,0,0
2.981642526916825,-0.008905857305006919,1.002,-0.04642575810304916,0.042905895233154294,-0.046736831665039065,3,0,1,-0.02797762790946911,0.018357473083174813,0.008905857305006919,-0.0020000000000000018,0.018448130193580048,-0.005335423318770294,0.021877905253384893,0.01937926153846156,0.02827567644327094,1427107477318,0,0,0,0,0,0,0
2.9853510908961445,-0.010488551626570456,1.002,-0.04536110725933267,0.056670291900634766,-0.021133169174194336,3,0,1,-0.02797762790946911,0.014648909103855523,0.010488551626570456,-0.0020000000000000018,0.017383479349863562,-0.011908911070392063,0.013501182980561492,-0.002172599999999998,0.012616386019789745,1427107477385,0,0,0,0,0,0,0
2.9887487431756963,-0.012823136064291574,1.001,-0.04536110725933267,0.05250030517578125,-0.03267171859741211,3,0,1,-0.02797762790946911,0.011251256824303724,0.012823136064291574,-0.0009999999999998899,0.017383479349863562,-0.013103399501524143,0.0193786611606162,0.004176655555556269,0.017383479349863562,1427107477448,0,0,0,0,0,0,0
2.9916607462876605,-0.014906371041018355,1,-0.04673991736840815,0.04505209732055664,-0.029235685348510742,3,0,1,-0.02797762790946911,0.008339253712339456,0.014906371041018355,0,0.01876228945893904,-0.011358151301813932,0.018677473352713043,0.004805715384614795,0.02512602842390279,1427107477513,0,0,0,0,0,0,0
2.992363009222245,-0.01594636966020386,1.002,-0.04750786223928565,0.011251316070556641,-0.015090765953063965,3,0,1,-0.02797762790946911,0.007636990777755148,0.01594636966020386,-0.0020000000000000018,0.019530234329816543,0.0003073130534679519,0.013423566232211701,-0.012640061194029856,0.022968793453148638,1427107477580,0,0,0,0,0,0,0
2.993309141930737,-0.017232086004498156,1.001,-0.047071529926287096,0.01509185791015625,-0.018590007781982422,3,0,1,-0.02797762790946911,0.0066908580692630615,0.017232086004498156,-0.0009999999999998899,0.019093902016817987,-0.0016670966832021353,0.0156758855895757,0.004070050000000705,0.01704859429963726,1427107477644,0,0,0,0,0,0,0
2.995592273760284,-0.019050178321926885,0.998,-0.04763003528692522,0.03549227523803711,-0.025629714965820314,3,0,1,-0.02797762790946911,0.00440772623971597,0.019050178321926885,0.0020000000000000018,0.01965240737745611,-0.009739107526992611,0.01920764226115424,0.01692359090909034,0.022191068107629403,1427107477710,0,0,0,0,0,0,0
2.9966984407394235,-0.01899685465102935,0.992,-0.04801400772236403,0.01653560447692871,0.001588950753211975,3,0,1,-0.02797762790946911,0.0033015592605765143,0.01899685465102935,0.008000000000000007,0.020036379812894918,-0.0042319114079032265,0.009260125934430088,0.03867820000000004,0.021836250604014323,1427107477774,0,0,0,0,0,0,0
2.999425337065178,-0.0176704391552183,0.988,-0.0482234472326033,0.039901374816894535,0.02183648681640625,3,0,1,-0.02797762790946911,0.0005746629348220011,0.0176704391552183,0.01200000000000001,0.02024581932313419,-0.014228923280612867,0.0017577805120599374,0.03068216153846157,0.021212463216546223,1427107477839,0,0,0,0,0,0,0
3.001671614305455,-0.017694510776367904,0.987,-0.04930555136883985,0.033672393798828124,0.0012635642290115357,3,0,1,-0.02797762790946911,-0.001671614305454927,0.017694510776367904,0.013000000000000012,0.02132792345937074,-0.012765199528247496,0.009053171461350592,0.015412815384615404,0.026322250242000973,1427107477904,0,0,0,0,0,0,0
3.0014217646404138,-0.013853037999025321,0.985,-0.049357911246399655,-0.006583128452301025,0.05736735534667969,3,0,1,-0.02797762790946911,-0.0014217646404137696,0.013853037999025321,0.015000000000000013,0.021380283336930546,0.0007994844935849666,-0.013673030290656186,0.022494930769230793,0.02162194431028349,1427107477969,0,0,0,0,0,0,0
3.0036468973608073,-0.008741114676729264,0.986,-0.049619710634198844,0.029553171157836913,0.07823221588134766,3,0,1,-0.02797762790946911,-0.0036468973608072552,0.008741114676729264,0.014000000000000012,0.021642082724729735,-0.0132846972819117,-0.02224235904528119,0.005795619402985086,0.02281431878950222,1427107478036,0,0,0,0,0,0,0
3.003785011480886,-0.004338037762303401,0.986,-0.0508588944031148,-0.0012066844701766968,0.06606761932373047,3,0,1,-0.02797762790946911,-0.003785011480886169,0.004338037762303401,0.014000000000000012,0.02288126649364569,-0.002499611922442626,-0.02219862589541044,0.011107700000000015,0.028782141583721672,1427107478099,0,0,0,0,0,0,0
3.0061410780636892,-0.000010899654706741056,0.989,-0.05171410573659196,0.03199562263488769,0.06661977386474609,3,0,1,-0.02797762790946911,-0.006141078063689243,0.000010899654706741056,0.01100000000000001,0.023736477827122848,-0.01560084861642011,-0.023200623876476673,-0.007374646153846151,0.02768360705855588,1427107478164,0,0,0,0,0,0,0
3.00785407048757,0.002733576565884004,0.991,-0.05202826500195095,0.023532562255859375,0.04244030380249023,3,0,1,-0.02797762790946911,-0.00785407048757003,-0.002733576565884004,0.009000000000000008,0.02405063709248184,-0.012860066878643822,-0.01582873228552385,-0.003367460606060601,0.025478633753204537,1427107478230,0,0,0,0,0,0,0
3.008227950975652,0.007729416233439005,0.99,-0.0527787565803085,0.001703504204750061,0.07512784576416015,3,0,1,-0.02797762790946911,-0.00822795097565221,-0.007729416233439005,0.010000000000000009,0.02480112867083939,-0.005921576144432414,-0.02987546016957702,0.013329480597014942,0.02816153872318662,1427107478297,0,0,0,0,0,0,0
3.0097424030945574,0.013821367450859701,0.993,-0.05208062487951081,0.017864503860473634,0.09245043182373047,3,0,1,-0.02797762790946911,-0.009742403094557428,-0.013821367450859701,0.007000000000000006,0.0241029969700417,-0.01301409033983349,-0.04014796976858728,-0.010655850000000003,0.020830504622552537,1427107478361,0,0,0,0,0,0,0
3.0097469661878207,0.018663086997507704,0.993,-0.052220251219670326,-0.00371233344078064,0.0725308837890625,3,0,1,-0.02797762790946911,-0.009746966187820671,-0.018663086997507704,0.007000000000000006,0.024242623310201217,-0.004765404335845766,-0.03574356946805153,0.005795200000000011,0.024897121779698946,1427107478425,0,0,0,0,0,0,0
3.0080783999824674,0.023265010160443234,0.992,-0.05176646561415182,-0.028597440719604492,0.06762834930419923,3,0,1,-0.02797762790946911,-0.008078399982467399,-0.023265010160443234,0.008000000000000007,0.023788837704682708,0.005073169482720171,-0.036361085797352866,0.0120318153846154,0.02169444260228959,1427107478490,0,0,0,0,0,0,0
3.0080411671468656,0.026431186311614178,0.995,-0.05133013330115326,-0.003015172719955444,0.047400123596191404,3,0,1,-0.02797762790946911,-0.008041167146865646,-0.026431186311614178,0.0050000000000000044,0.023352505391684153,-0.003700661673926587,-0.029972360268334816,-0.011628890909090913,0.021369176696236176,1427107478556,0,0,0,0,0,0,0
3.008207577811725,0.02791544184674318,0.994,-0.05146975964131278,0.0013505685329437255,0.02236258125305176,0,0,1,0,-3.008207577811725,-0.02791544184674318,0.006000000000000005,0.05146975964131278,-1.5041037889058626,-0.01395772092337159,0.004800000000000005,0.05146975964131278,0,0,0,0,0,0,0,0
3.007279062760139,0.02950517977891126,0.995,-0.05040510879759618,-0.015136091232299805,0.02309794998168945,0,0,1,0,-3.007279062760139,-0.02950517977891126,0.0050000000000000044,0.05040510879759618,-1.5008039565901008,-0.02307695949809896,-0.0011903805970149258,0.045638015467521865,0,0,0,0,0,0,0,0
3.007263173645015,0.030269281612287466,0.996,-0.04756022211684551,-0.0008155089616775512,0.011434962272644043,0,0,1,0,-3.007263173645015,-0.030269281612287466,0.0040000000000000036,0.04756022211684551,-1.507484218627355,-0.019352463518103585,-0.002209650000000002,0.03422481580082675,0,0,0,0,0,0,0,0
3.004014799600796,0.029691793094523165,0.994,-0.04574507969477137,-0.04825868606567383,-0.010969059944152832,0,0,1,0,-3.004014799600796,-0.029691793094523165,0.006000000000000005,0.04574507969477137,-1.4904082899698345,-0.011794783466264367,0.015667330769230783,0.037367499285198426,0,0,0,0,0,0,0,0
2.9973241491801055,0.028860313941622813,0.996,-0.043685591177418104,-0.0996844253540039,-0.01704850387573242,0,0,1,0,-2.9973241491801055,-0.028860313941622813,0.0040000000000000036,0.043685591177418104,-1.470475891121609,-0.010030161212374435,-0.007445130769230774,0.034180259558864556,0,0,0,0,0,0,0,0
2.9876735187721213,0.0262959084719389,0.998,-0.04242895411598213,-0.14294146728515625,-0.04475127410888672,0,0,1,0,-2.9876735187721213,-0.0262959084719389,0.0020000000000000018,0.04242895411598213,-1.4516542099270835,0.0005660908877183901,-0.009032130769230776,0.036629090755508416,0,0,0,0,0,0,0,0
2.9729530370209436,0.023507855128654522,0.999,-0.03993313328563031,-0.21883462524414063,-0.05114897155761719,0,0,1,0,-2.9729530370209436,-0.023507855128654522,0.0010000000000000009,0.03993313328563031,-1.422513324598735,0.0024860696344438,-0.004203158823529415,0.02892215903407814,0,0,0,0,0,0,0,0
2.9506014956693396,0.02010266185970154,1.001,-0.038711402809234303,-0.3329666748046875,-0.06442212677001953,0,0,1,0,-2.9506014956693396,-0.02010266185970154,-0.0009999999999998899,0.038711402809234303,-1.3647883886180738,0.008743467413998264,-0.011773511111110413,0.03289363863592,0,0,0,0,0,0,0,0
2.9193161442221784,0.016609971261946063,1.008,-0.03698352684975987,-0.4669010925292969,-0.07051306915283204,0,0,1,0,-2.9193161442221784,-0.016609971261946063,-0.008000000000000007,0.03698352684975987,-1.3067589134038882,0.01036807137485926,-0.04400670769230832,0.029008714729108636,0,0,0,0,0,0,0,0
2.8823414571967594,0.010439359592034094,1.007,-0.03518583772020568,-0.5508186645507812,-0.11300302124023437,0,0,1,0,-2.8823414571967594,-0.010439359592034094,-0.006999999999999895,0.03518583772020568,-1.259510207955429,0.027866166629999994,-0.00017528461538392822,0.0268888109684171,0,0,0,0,0,0,0,0
2.837025999589945,0.0025308755590540653,1.016,-0.03450515931192794,-0.6751380004882812,-0.14246583557128906,0,0,1,0,-2.837025999589945,-0.0025308755590540653,-0.016000000000000014,0.03450515931192794,-1.1937847044596277,0.04117653784005079,-0.061325438461539115,0.03136356665833839,0,0,0,0,0,0,0,0
2.7854046451314534,-0.0029607326032851117,1.023,-0.031538099583537545,-0.7710176391601562,-0.10903783416748047,0,0,1,0,-2.7854046451314534,0.0029607326032851117,-0.02299999999999991,0.031538099583537545,-1.1400690975098562,0.030462315709022376,-0.055736912121211485,0.018051464454490282,0,0,0,0,0,0,0,0
2.7269466346316693,-0.0077569467870556635,1.019,-0.02907718533822557,-0.87416552734375,-0.09955767059326172,0,0,1,0,-2.7269466346316693,0.0077569467870556635,-0.018999999999999906,0.02907718533822557,-1.066642700162285,0.029972519067093358,0.006337700000000097,0.017541649813325694,0,0,0,0,0,0,0,0
2.6583735111927838,-0.01642637128494013,1.015,-0.02675589743307306,-1.02438134765625,-0.15989088439941407,0,0,1,0,-2.6583735111927838,0.01642637128494013,-0.014999999999999902,0.02675589743307306,-0.9901575583110759,0.05406299722570303,0.008775821212121308,0.016204588773288925,0,0,0,0,0,0,0,0
2.585602187428453,-0.024982966210203416,1.003,-0.025586526834236855,-1.0877454833984375,-0.15750543212890625,0,0,1,0,-2.585602187428453,0.024982966210203416,-0.0029999999999998916,0.025586526834236855,-0.9272522999203436,0.05845728546875134,0.06175958461538475,0.020189431762685138,0,0,0,0,0,0,0,0
2.500613924758505,-0.03430546873551735,1.006,-0.025377087323997582,-1.2708291015625,-0.17240652465820314,0,0,1,0,-2.500613924758505,0.03430546873551735,-0.006000000000000005,0.025377087323997582,-0.8206000504523698,0.06726495313251293,-0.021448646153846763,0.02441044343058555,0,0,0,0,0,0,0,0
2.411070430031865,-0.043648260442234535,0.997,-0.024556782575560276,-1.3391639404296876,-0.1741783905029297,0,0,1,0,-2.411070430031865,0.043648260442234535,0.0030000000000000027,0.024556782575560276,-0.7673083022701037,0.07057313111811854,0.04894022537313437,0.02088377623927383,0,0,0,0,0,0,0,0
2.3134304351095496,-0.0576750625645932,0.996,-0.025254914276357968,-1.4589920654296875,-0.24630084228515625,0,0,1,0,-2.3134304351095496,0.0576750625645932,0.0040000000000000036,0.025254914276357968,-0.6452658744393837,0.10674391760758982,0.008306055555555567,0.02857935094682317,0,0,0,0,0,0,0,0
2.2148075197165342,-0.06903225631598713,0.984,-0.025377087323997585,-1.474570068359375,-0.20766030883789063,0,0,1,0,-2.2148075197165342,0.06903225631598713,0.016000000000000014,0.025377087323997585,-0.6087919903649244,0.09569482719215751,0.07706988461538468,0.025940962928488128,0,0,0,0,0,0,0,0
2.1143897773458993,-0.08163011689590277,0.976,-0.02556907354171696,-1.5009862060546875,-0.22712760925292969,0,0,1,0,-2.1143897773458993,0.08163011689590277,0.02400000000000002,0.02556907354171696,-0.5502930195784685,0.10872733075013769,0.06208742307692314,0.02645516377734485,0,0,0,0,0,0,0,0
2.0105464674316136,-0.08922117645768483,0.968,-0.026686084262993362,-1.5542293701171874,-0.15365199279785155,0,0,1,0,-2.0105464674316136,0.08922117645768483,0.03200000000000003,0.026686084262993362,-0.4979642994207254,0.08440279358297982,0.06741594477611947,0.031687624806022024,0,0,0,0,0,0,0,0
1.896139293264206,-0.09664251182822026,0.964,-0.027855454861829568,-1.7125262451171874,-0.15707115173339845,0,0,1,0,-1.896139293264206,0.09664251182822026,0.03600000000000003,0.027855454861829568,-0.3684196245364937,0.0884825267559333,0.05059736153846159,0.03325254993338129,0,0,0,0,0,0,0,0
1.7748895883213704,-0.0989761685952045,0.96,-0.02893755899806595,-1.8170650634765626,-0.08564670562744141,0,0,1,0,-1.7748895883213704,0.0989761685952045,0.040000000000000036,0.02893755899806595,-0.2513421107332705,0.06271543333164417,0.05473312222222227,0.034090435837286825,0,0,0,0,0,0,0,0
1.6253789062715784,-0.09926221809434643,0.962,-0.030578168494940675,-2.24159716796875,-0.069177001953125,0,0,1,0,-1.6253789062715784,0.09926221809434643,0.038000000000000034,0.030578168494940675,-0.04619521917244396,0.05149848524023851,0.020388669230769256,0.038150212326670166,0,0,0,0,0,0,0,0
1.4711637063705472,-0.09463577850368807,0.959,-0.031171580440618754,-2.314268310546875,-0.001359100341796875,0,0,1,0,-1.4711637063705472,0.09463577850368807,0.041000000000000036,0.031171580440618754,0.04269177226526244,0.02317330918048016,0.04973759090909096,0.033868907466428205,0,0,0,0,0,0,0,0
1.3166878357912544,-0.0878477600823327,0.973,-0.033440508468211415,-2.319185791015625,0.029553653717041016,0,0,1,0,-1.3166878357912544,0.0878477600823327,0.027000000000000024,0.033440508468211415,0.133059131471715,0.007819681935573641,-0.052580615384615406,0.04391248398017754,0,0,0,0,0,0,0,0
1.1728021746583126,-0.07788795564342522,0.972,-0.03703588672731974,-2.1620732421875,0.07715284729003906,0,0,1,0,-1.1728021746583126,0.07788795564342522,0.028000000000000025,0.03703588672731974,0.13546478448933597,-0.013375090562254686,0.029091830303030333,0.05337851517781214,0,0,0,0,0,0,0,0
1.0378827756777307,-0.06907831746800633,0.959,-0.03930481475491234,-2.027296142578125,0.05711819458007812,0,0,1,0,-1.0378827756777307,0.06907831746800633,0.041000000000000036,0.03930481475491234,0.17707068101871104,-0.013096263546824673,0.10554495000000008,0.049940414884252646,0,0,0,0,0,0,0,0
0.9063756546105988,-0.0594394501847396,0.953,-0.040142572795869656,-1.9767646484375,0.06695835876464844,0,0,1,0,-0.9063756546105988,0.0594394501847396,0.04700000000000004,0.040142572795869656,0.21250990148627913,-0.021600945837759757,0.07186439230769237,0.0440091483695188,0,0,0,0,0,0,0,0
0.7825249721827066,-0.04889811984370946,0.951,-0.040107666210829694,-1.8626092529296876,0.08343732452392578,0,0,1,0,-0.7825249721827066,0.04889811984370946,0.049000000000000044,0.040107666210829694,0.2326996241800927,-0.03169924369525637,0.052244430769230826,0.039946558895260637,0,0,0,0,0,0,0,0
0.6681115545734256,-0.03771374043460058,0.954,-0.03920009499979268,-1.7215479736328125,0.09881639862060547,0,0,1,0,-0.6681115545734256,0.03771374043460058,0.04600000000000004,0.03920009499979268,0.2386560191432765,-0.04072949137356767,0.023220353846153875,0.03501130479500644,0,0,0,0,0,0,0,0
0.5642428500760118,-0.026295868943303533,0.961,-0.03757693879543796,-1.563545654296875,0.11007719421386719,0,0,1,0,-0.5642428500760118,0.026295868943303533,0.039000000000000035,0.03757693879543796,0.21673779007819066,-0.04584282479595749,-0.0025316641791044703,0.03030907519384969,0,0,0,0,0,0,0,0
0.4720492030316583,-0.014890156824587749,0.973,-0.03543018381548493,-1.3883558349609375,0.11901181030273437,0,0,1,0,-0.4720492030316583,0.014890156824587749,0.027000000000000024,0.03543018381548493,0.22411879932311846,-0.054265541961578075,-0.04101670000000003,0.02536726984695507,0,0,0,0,0,0,0,0
0.3918891614836319,-0.003994095832785252,0.99,-0.03513347784264589,-1.207435546875,0.12074597930908203,0,0,1,0,-0.3918891614836319,0.003994095832785252,0.010000000000000009,0.03513347784264589,0.19139107781927048,-0.05600708579412836,-0.08046516153846159,0.03376406566031186,0,0,0,0,0,0,0,0
0.32287672540330253,0.006344856490466653,1.004,-0.03335324200561165,-1.0399952392578125,0.11862635803222656,0,0,1,0,-0.32287672540330253,-0.006344856490466653,-0.0040000000000000036,0.03335324200561165,0.16566185808493894,-0.058180870204893,-0.07553731538461543,0.02513676891160747,0,0,0,0,0,0,0,0
0.264474163024449,0.01540191262476372,1.023,-0.0303512756921814,-0.8800816040039062,0.10656697845458984,0,0,1,0,-0.264474163024449,-0.01540191262476372,-0.02299999999999991,0.0303512756921814,0.13756114190660698,-0.05581689157472159,-0.1178098923076917,0.01649604655327256,0,0,0,0,0,0,0,0
0.19651787681644592,0.016404859490135697,1.039,-0.028221974004748317,-1.0193313598632812,-0.01589637565612793,0,0,1,0,-0.19651787681644592,-0.016404859490135697,-0.038999999999999924,0.028221974004748317,0.21192780711418718,-0.01279986713305845,-0.1121455895522388,0.018687787344600186,0,0,0,0,0,0,0,0
0.13715363661072363,0.016875089717286077,1.052,-0.027122416575991924,-0.8903080444335938,-0.01807666015625,0,0,1,0,-0.13715363661072363,-0.016875089717286077,-0.052000000000000046,0.027122416575991924,0.21632932993503828,-0.01041872903413737,-0.11151332222222293,0.0218864288200091,0,0,0,0,0,0,0,0
0.0856667451351354,0.01482196424111435,1.063,-0.024190263432641485,-0.7711841430664063,-0.05172972106933594,0,0,1,0,-0.0856667451351354,-0.01482196424111435,-0.06299999999999994,0.024190263432641485,0.18945286575773476,0.004265880603567281,-0.10773136923076862,0.010657248924870228,1427107481095,0,0,0,0,0,0,0
0.041165753063516455,0.01046626559159546,1.068,-0.023771384412162828,-0.6657392578125,-0.08146215057373046,0,0,1,0,-0.041165753063516455,-0.01046626559159546,-0.06800000000000006,0.023771384412162828,0.1740602226480645,0.01883539778909999,-0.07986567692307758,0.021838096625338255,1427107481095,0,0,0,0,0,0,0
0.0074055174954509,0.001882108544865502,1.072,-0.022113321622768203,-0.5031998901367187,-0.14076275634765625,0,0,1,0,-0.0074055174954509,-0.001882108544865502,-0.07200000000000006,0.022113321622768203,0.1225620758076104,0.043215241297976006,-0.07692925507246383,0.01490435297322636,1427107481095,0,0,0,0,0,0,0
-0.01942395037677252,-0.006509939617127205,1.075,-0.019338248112097237,-0.39956021118164065,-0.13474855041503905,0,0,1,0,0.01942395037677252,0.006509939617127205,-0.07499999999999996,0.019338248112097237,0.11146532177611344,0.04976661952687007,-0.07592564999999937,0.00633009103082708,1427107481095,0,0,0,0,0,0,0
-0.04068681123743605,-0.02056124491962753,1.072,-0.01874483616641916,-0.3148076171875,-0.2168975830078125,0,0,1,0,0.04068681123743605,0.02056124491962753,-0.07200000000000006,0.01874483616641916,0.09352573725276707,0.08897401961263489,-0.04090633333333399,0.01591906499652356,1427107481095,0,0,0,0,0,0,0
-0.05359464428546105,-0.03675317669901544,1.066,-0.017121679962064387,-0.18903102111816406,-0.24646542358398438,0,0,1,-0.018744836166419164,0.05359464428546105,0.03675317669901544,-0.06600000000000006,-0.0016231562043547768,0.026797322142730524,0.01837658834950772,-0.05280000000000005,-0.0016231562043547768,1427107481095,0,0,0,0,0,0,0
-0.06156848004701669,-0.05242573505820061,1.055,-0.013735741213195443,-0.11556509399414062,-0.23710169982910156,0,0,1,-0.018744836166419164,0.06156848004701669,0.05242573505820061,-0.05499999999999994,-0.005009094953223721,0.07311036789525567,0.10935952041900855,0.013970333333334008,-0.020399725629900736,1427107481487,0,0,0,0,0,0,0
-0.06327599081269052,-0.06897804069946192,1.048,-0.012042771838760916,-0.022199979782104494,-0.2486129608154297,0,0,1,-0.018744836166419164,0.06327599081269052,0.06897804069946192,-0.04800000000000004,-0.006702064327658248,0.04091404873544821,0.12369625666811569,-0.0013826923076929176,-0.014515769132740683,1427107481552,0,0,0,0,0,0,0
-0.06365340534090991,-0.08469446566438127,1.049,-0.010105456369047264,-0.002821836233139038,-0.23579745483398437,0,0,1,-0.018744836166419164,0.06365340534090991,0.08469446566438127,-0.04899999999999993,-0.0086393797973719,0.03395191918879055,0.12582724573539145,-0.045501430303029666,-0.01744535920516123,1427107481618,0,0,0,0,0,0,0
-0.06007261860186446,-0.10126008014872387,1.04,-0.008342673824532923,0.05622006225585938,-0.2479287567138672,0,0,1,-0.018744836166419164,0.06007261860186446,0.10126008014872387,-0.040000000000000036,-0.010402162341886241,0.010616104136066926,0.14142338579583724,0.015964349999999405,-0.018665205519297214,0,0,0,0,0,0,0,0
-0.056994670895243064,-0.1141035706360296,1.035,-0.0089535390627309,0.04777482604980469,-0.19226048278808594,0,0,1,-0.018744836166419164,0.056994670895243064,0.1141035706360296,-0.03499999999999992,-0.009791297103688264,0.012123039723877696,0.12648335061926277,-0.0025588230769223903,-0.006971919081236061,0,0,0,0,0,0,0,0
-0.05280724517504335,-0.1222747288648613,1.031,-0.009197885158010136,0.06390626525878906,-0.12200008392333984,0,0,1,-0.018744836166419164,0.05280724517504335,0.1222747288648613,-0.030999999999999917,-0.009546951008409028,0.0040895391923353,0.10548969614642674,-0.004944938461538376,-0.008419199799427943,0,0,0,0,0,0,0,0
-0.041617590884806675,-0.1289700551958265,1.024,-0.008866272600131245,0.16876144409179689,-0.09888185119628906,0,0,1,-0.018744836166419164,0.041617590884806675,0.1289700551958265,-0.02400000000000002,-0.00987856356628792,-0.03918254420352232,0.10097440270542847,0.016652907692307106,-0.011409083064190492,0,0,0,0,0,0,0,0
-0.03316455983807271,-0.13119492298232197,1.021,-0.009965830028887637,0.12708637237548828,-0.03224751663208008,0,0,1,-0.018744836166419164,0.03316455983807271,0.13119492298232197,-0.020999999999999908,-0.008779006137531527,-0.0279618662709464,0.07792020937313035,-0.002868909090908412,-0.003781017825002471,0,0,0,0,0,0,0,0
-0.026423715943255842,-0.1332674055024428,1.021,-0.009791297103688213,0.10141744232177734,-0.030078039169311524,0,0,1,-0.018744836166419164,0.026423715943255842,0.1332674055024428,-0.020999999999999908,-0.00895353906273095,-0.023352687296644734,0.07857708926260164,-0.018912399999999923,-0.00977166214960325,0,0,0,0,0,0,0,0
-0.01579054621548205,-0.13123229375004558,1.021,-0.009267698328089947,0.15919100952148438,0.03208687591552734,0,0,1,-0.018744836166419164,0.01579054621548205,0.13123229375004558,-0.020999999999999908,-0.009477137838329217,-0.04905054755910914,0.05535265154406026,-0.019048899999999924,-0.011893747571859677,0,0,0,0,0,0,0,0
-0.004669368224098456,-0.12867210460369996,1.019,-0.009442231253289371,0.16645460510253907,0.03994718170166016,0,0,1,-0.018744836166419164,0.004669368224098456,0.12867210460369996,-0.018999999999999906,-0.009302604913129793,-0.05723583826950807,0.05132885402531146,-0.006803169230769145,-0.008497068335286299,0,0,0,0,0,0,0,0
0.0059380408477533305,-0.122897718445574,1.021,-0.01022762941668677,0.1582862091064453,0.08811427307128906,0,0,1,-0.018744836166419164,-0.0059380408477533305,0.122897718445574,-0.020999999999999908,-0.008517206749732394,-0.059776954503736796,0.03121432978442087,-0.030078130769230698,-0.004892292149436704,0,0,0,0,0,0,0,0
0.02007777724919883,-0.11536225690265366,1.024,-0.011117747335203945,0.21092892456054688,0.1151952133178711,0,0,1,-0.018744836166419164,-0.02007777724919883,0.11536225690265366,-0.02400000000000002,-0.007627088831215219,-0.08360775137043137,0.019252388925226946,-0.03754134179104539,-0.0036414862109890632,0,0,0,0,0,0,0,0
0.03366710528607618,-0.10585088650609974,1.033,-0.012025318546240964,0.20224118041992187,0.1449279327392578,0,0,1,-0.018744836166419164,-0.03366710528607618,0.10585088650609974,-0.03299999999999992,-0.0067195176201782,-0.09087630540350936,0.0019134927817733571,-0.07849964999999937,-0.0024652775684421745,0,0,0,0,0,0,0,0
0.045275974264114144,-0.0934912388124907,1.035,-0.01206022513128087,0.1718910675048828,0.1874752655029297,0,0,1,-0.018744836166419164,-0.045275974264114144,0.0934912388124907,-0.03499999999999992,-0.006684611035138293,-0.08490282607125452,-0.018742204023082028,-0.041877630769230706,-0.006523503719569493,1427107482398,0,0,0,0,0,0,0
0.056359633945488666,-0.08166215811823792,1.033,-0.011414453308042985,0.16410293579101562,0.17942832946777343,0,0,1,-0.018744836166419164,-0.056359633945488666,0.08166215811823792,-0.03299999999999992,-0.007330382858376179,-0.08765323961504934,-0.021746764740128703,-0.018953669230769157,-0.01031086819639719,1427107482398,0,0,0,0,0,0,0
0.0675136824682306,-0.07048919652652763,1.028,-0.011955505376161149,0.16538687133789062,0.16949322509765624,0,0,1,-0.018744836166419164,-0.0675136824682306,0.07048919652652763,-0.028000000000000025,-0.006789330790258015,-0.09365316460815687,-0.023754478544551233,0.0010181769230763298,-0.004292167398943412,1427107482398,0,0,0,0,0,0,0
0.07569784782380641,-0.05808341600774588,1.022,-0.012583823906879189,0.12052899932861329,0.1875410614013672,0,0,1,-0.018744836166419164,-0.07569784782380641,0.05808341600774588,-0.02200000000000002,-0.006161012259539975,-0.08048880617143825,-0.03456266817966666,0.010090983582089565,-0.0033476457040860653,1427107482398,0,0,0,0,0,0,0
0.08406486719061695,-0.04288840054370149,1.015,-0.011309733552923319,0.12262725830078125,0.22948648071289063,0,0,1,-0.018744836166419164,-0.08406486719061695,0.04288840054370149,-0.014999999999999902,-0.007435102613495845,-0.08773015192833644,-0.06042415201144391,0.022532950000000725,-0.013407401147663986,1427107482398,0,0,0,0,0,0,0
0.09173032078839717,-0.030738425183073376,1.014,-0.011431906600562881,0.11291329956054688,0.18353836059570314,0,0,1,-0.018744836166419164,-0.09173032078839717,0.030738425183073376,-0.014000000000000012,-0.007312929565856283,-0.08778489833314652,-0.049826904034083006,-0.009569150000000609,-0.006740243405045835,1427107482723,0,0,0,0,0,0,0
0.0967725855737826,-0.022215023635162506,1.01,-0.011815879036001687,0.07416748046875,0.12870729064941405,0,0,1,-0.018744836166419164,-0.0967725855737826,0.022215023635162506,-0.010000000000000009,-0.006928957130417477,-0.07518873422225889,-0.03282862183247098,0.009308221212121225,-0.005183627878422903,1427107482789,0,0,0,0,0,0,0
0.1002639126498455,-0.013393416314129273,1.006,-0.011693705988362014,0.050802761077880856,0.13293365478515626,0,0,1,-0.018744836166419164,-0.1002639126498455,0.013393416314129273,-0.006000000000000005,-0.00705113017805715,-0.06905973983720373,-0.03953182557678794,0.012795561538461554,-0.007615005782547949,0,0,0,0,0,0,0,0
0.10419137309207321,-0.0035638315236878083,1.005,-0.011693705988362014,0.05718375396728516,0.14812257385253907,0,0,1,-0.018744836166419164,-0.10419137309207321,0.0035638315236878083,-0.004999999999999893,-0.00705113017805715,-0.07312022461715224,-0.04906988935524864,-0.002672869696969015,-0.00705113017805715,0,0,0,0,0,0,0,0
0.10678197658739054,0.002786711212859651,1.003,-0.012479104151759469,0.03774250030517578,0.09570602416992187,0,0,1,-0.018744836166419164,-0.10678197658739054,-0.002786711212859651,-0.0029999999999998916,-0.006265732014659695,-0.06782378795575707,-0.03484988879927567,0.004542400000000103,-0.002584178123734125,0,0,0,0,0,0,0,0
0.10764527694043854,0.008130597329121582,1.001,-0.01235693110411985,0.011948219299316406,0.0803136444091797,0,0,1,-0.018744836166419164,-0.10764527694043854,-0.008130597329121582,-0.0009999999999998899,-0.006387905062299314,-0.05880658505984191,-0.031572357550433194,0.005967630769230872,-0.006951780666789866,0,0,0,0,0,0,0,0
0.10674332443428228,0.011674497408745809,0.996,-0.012863076587198218,-0.014185113906860352,0.05298726654052734,0,0,1,-0.018744836166419164,-0.10674332443428228,-0.011674497408745809,0.0040000000000000036,-0.005881759579220946,-0.04891978426423844,-0.023659663508588735,0.026147476923076354,-0.00354570350347463,0,0,0,0,0,0,0,0
0.10396778037944605,0.013999736119071187,0.999,-0.013788101090755244,-0.04207835006713867,0.034340179443359375,0,0,1,-0.018744836166419164,-0.10396778037944605,-0.013999736119071187,0.0010000000000000009,-0.00495673507566392,-0.03773850408252011,-0.018079795141940302,-0.019078090909090913,-0.000752078241313802,0,0,0,0,0,0,0,0
0.09917416470086056,0.012689181354173695,0.996,-0.01699950691442482,-0.07162635803222656,-0.020647844314575194,0,0,1,-0.018744836166419164,-0.09917416470086056,-0.012689181354173695,0.0040000000000000036,-0.0017453292519943424,-0.02470525621750198,0.0018478303554814316,0.015166490909090932,0.012851969946503736,1427107483246,0,0,0,0,0,0,0
0.0927124328965394,0.008364086480124622,0.99,-0.017104226669544486,-0.0958091583251953,-0.06651466369628906,0,0,1,-0.018744836166419164,-0.0927124328965394,-0.008364086480124622,0.010000000000000009,-0.001640609496874678,-0.011616819672133863,0.020707975737582394,0.03693390000000004,-0.0011497356447512513,1427107483246,0,0,0,0,0,0,0
0.08585182921347204,0.0007508462145170997,0.984,-0.015638150097869185,-0.10094081878662109,-0.1159419937133789,0,0,1,0,-0.08585182921347204,-0.0007508462145170997,0.016000000000000014,0.015638150097869185,-0.04292591460673602,-0.00037542310725854986,0.012800000000000013,0.015638150097869185,1427107483246,0,0,0,0,0,0,0
0.07654764301932714,-0.010632149885058104,0.983,-0.015393804002590005,-0.13687570190429688,-0.17290647888183594,0,0,1,0,-0.07654764301932714,0.010632149885058104,0.017000000000000015,0.015393804002590005,0.011775886644692563,0.06661604176074389,0.0190951153846154,0.014266052793609176,1427107483246,0,0,0,0,0,0,0
0.06624107920780414,-0.02268591137841114,0.975,-0.013456488532876298,-0.15179695129394533,-0.18316476440429688,0,0,1,0,-0.06624107920780414,0.02268591137841114,0.025000000000000022,0.013456488532876298,0.022283529788697166,0.07626948200862009,0.06334992307692312,0.004515032518813033,1427107483246,0,0,0,0,0,0,0
0.05703524352076385,-0.035968806913952094,0.973,-0.010716321607245182,-0.13539399719238282,-0.20108351135253907,0,0,1,0,-0.05703524352076385,0.035968806913952094,0.027000000000000024,0.010716321607245182,0.020170747922539197,0.08846939714632011,0.03265726060606063,-0.0017389826001689788,1427107483571,0,0,0,0,0,0,0
0.05010395123607425,-0.052022382907674906,0.956,-0.007976154681614066,-0.1013829345703125,-0.24190396118164062,0,0,1,0,-0.05010395123607425,0.052022382907674906,0.04400000000000004,0.007976154681614066,0.012691006604896676,0.11388287564695446,0.1289015500000001,-0.004868377782281788,1427107483635,0,0,0,0,0,0,0
0.0442463192546353,-0.06533294170713336,0.93,-0.005480333851262242,-0.08626919555664063,-0.20035284423828126,0,0,1,0,-0.0442463192546353,0.06533294170713336,0.06999999999999995,0.005480333851262242,0.00922665309087569,0.10445986743251334,0.19718779999999947,-0.006038839211900026,1427107483700,0,0,0,0,0,0,0
0.03957490312120308,-0.07570480298457544,0.893,-0.002914699850830548,-0.0692175750732422,-0.1559595947265625,0,0,1,0,-0.03957490312120308,0.07570480298457544,0.10699999999999998,0.002914699850830548,0.005149321365911393,0.0938712503053939,0.2867140692307694,-0.008926687843469575,0,0,0,0,0,0,0,0
0.035811060658809915,-0.08540224876191106,0.863,-0.0005061454830784344,-0.05603342056274414,-0.14562562561035156,0,0,1,0,-0.035811060658809915,0.08540224876191106,0.137,0.0005061454830784344,0.0021210302559309634,0.09514401657826066,0.2739122615384617,-0.01061025929116209,0,0,0,0,0,0,0,0
0.031624548665927975,-0.0931283778378314,0.828,0.0004886921905584048,-0.062739013671875,-0.1159237060546875,0,0,1,0,-0.031624548665927975,0.0931283778378314,0.17200000000000004,-0.0004886921905584048,0.004857865004444611,0.0854859006361941,0.3165778000000002,-0.004752282220430572,0,0,0,0,0,0,0,0
0.03129742642457392,-0.09585169069437144,0.782,0.0013962634015954774,-0.004926795959472656,-0.0408472900390625,0,0,1,0,-0.03129742642457392,0.09585169069437144,0.21799999999999997,-0.0013962634015954774,-0.014142214434794803,0.06317137395111017,0.43133549999999954,-0.005650503453331755,0,0,0,0,0,0,0,0
0.03167457957500863,-0.09711369812597231,0.737,0.0030019663134302384,0.005630860328674317,-0.018937992095947265,0,0,1,0,-0.03167457957500863,0.09711369812597231,0.263,-0.0030019663134302384,-0.018171153900327804,0.05576780901818617,0.45979019230769247,-0.010412902829590672,0,0,0,0,0,0,0,0
0.03268829446137292,-0.09670453564611023,0.689,0.003944444109507218,0.015224079132080078,0.00609176254272461,0,0,1,0,-0.03268829446137292,0.09670453564611023,0.31100000000000005,-0.003944444109507218,-0.022390037465816515,0.04651797176588886,0.5287784419354842,-0.008504820542137762,0,0,0,0,0,0,0,0
0.034634269340783216,-0.09676985131108155,0.638,0.00499164166070375,0.029185531616210937,-0.0010948638916015625,0,0,1,0,-0.034634269340783216,0.09676985131108155,0.362,-0.00499164166070375,-0.028141279418413507,0.04927501792895753,0.5755790846153843,-0.00982486112776467,0,0,0,0,0,0,0,0
0.03910149567922889,-0.09725191525483182,0.589,0.005166174585903172,0.06697146606445313,-0.007565349578857422,0,0,1,0,-0.03910149567922889,0.09725191525483182,0.41100000000000003,-0.005166174585903172,-0.04325902130787404,0.051747753431869915,0.5988875492537316,-0.005947665295751331,0,0,0,0,0,0,0,0
0.043410736290716734,-0.09801588787902278,0.537,0.00528834763354279,0.06457854461669922,-0.011793369293212891,0,0,1,0,-0.043410736290716734,0.09801588787902278,0.46299999999999997,-0.00528834763354279,-0.045671327087037805,0.05385220071847482,0.6718555999999997,-0.005861033794353498,0,0,0,0,0,0,0,0
0.04780163332213316,-0.10798573181656598,0.485,0.006632251157578418,0.0650716781616211,-0.1498938751220703,0,0,1,0,-0.04780163332213316,0.10798573181656598,0.515,-0.006632251157578418,-0.04797497877795814,0.1084131131726924,0.7124281000000003,-0.012834882806973622,0,0,0,0,0,0,0,0
0.05364320898519742,-0.12031559238710654,0.432,0.008325220532012945,0.0863950958251953,-0.18552497863769532,0,0,1,0,-0.05364320898519742,0.12031559238710654,0.5680000000000001,-0.008325220532012945,-0.05874198117343441,0.12736403046300004,0.7639047153846157,-0.016138925337095378,0,0,0,0,0,0,0,0
0.06137458866833333,-0.13561448878090093,0.379,0.008709192967451696,0.11405619812011719,-0.2304409637451172,0,0,1,0,-0.06137458866833333,0.13561448878090093,0.621,-0.008709192967451696,-0.07282343229802254,0.15108874404897166,0.810341215384615,-0.010481373438707468,0,0,0,0,0,0,0,0
0.06816570598898605,-0.15321385281248742,0.328,0.007976154681614046,0.09956378173828125,-0.26486761474609377,0,0,1,0,-0.06816570598898605,0.15321385281248742,0.6719999999999999,-0.007976154681614046,-0.07011014199865487,0.16954938274089415,0.8366769104477607,-0.004693893700251432,0,0,0,0,0,0,0,0
0.0744253960174574,-0.1731544234776633,0.277,0.006422811647339145,0.09150665283203124,-0.29984796142578124,0,0,1,0,-0.0744253960174574,0.1731544234776633,0.723,-0.006422811647339145,-0.0725869447227015,0.198472727215732,0.8989472333333336,0.0009740599444460979,0,0,0,0,0,0,0,0
0.08149410115772142,-0.1960303015549387,0.226,0.004712388980384608,0.10382449340820313,-0.34381210327148437,0,0,1,0,-0.08149410115772142,0.1960303015549387,0.774,-0.004712388980384608,-0.0794604711924318,0.22243494284199733,0.9360602846153849,0.0031818694824824814,0,0,0,0,0,0,0,0
0.08799792618661612,-0.2213948871377611,0.18,0.0033335788713091292,0.0957633819580078,-0.3809242858886719,0,0,1,0,-0.08799792618661612,0.2213948871377611,0.8200000000000001,-0.0033335788713091292,-0.07972792022075795,0.2486618750322242,0.951267207692308,0.00303016009365462,0,0,0,0,0,0,0,0
0.09349061194952413,-0.24862447190180995,0.135,0.0026354471705113854,0.08102825164794922,-0.40871615600585937,0,0,1,0,-0.09349061194952413,0.24862447190180995,0.865,-0.0026354471705113854,-0.07620944008514043,0.26810880757045186,0.9804450268656714,0.0004905156688814979,0,0,0,0,0,0,0,0
0.09760027744627751,-0.27058051016271767,0.094,0.0020943951023931653,0.06077680969238281,-0.32950189208984376,0,0,1,0,-0.09760027744627751,0.27058051016271767,0.906,-0.0020943951023931653,-0.07176354649094324,0.25524342592371113,1.004828630769231,0.000402768288921696,0,0,0,0,0,0,0,0
0.09886466521977548,-0.2859518011862926,0.042,-0.0018325957145941094,0.018482872009277344,-0.23060858154296876,0,0,1,0,-0.09886466521977548,0.2859518011862926,0.958,0.0018325957145941094,-0.057244666340308566,0.2289490069685455,1.1161655999999995,0.02024036516922196,0,0,0,0,0,0,0,0
