0,0,0.728,0,-0.004140473842620849,0.022892511367797852,0,0,1.5,0,0,0,0.772,0,0,0,0.6176,0,0,0,0,0,0,0,0,0
-0.0014631753285725912,0.0015702229817708335,0.727,0.00008726646259971103,-0.02194762992858887,0.0235533447265625,0,0,1.5,0,0.0014631753285725912,-0.0015702229817708335,0.773,-0.00008726646259971103,0.009267654986156889,-0.009795545451818915,0.6288530049180329,-0.000516445786860585,0,0,0,0,0,0,0,0
-0.00184645309749844,0.003621483233285758,0.727,0.0007504915783576039,-0.0057464814186096195,0.030769405364990236,0,0,1.5,0,0.00184645309749844,-0.003621483233285758,0.773,-0.0007504915783576039,0.0029275388778805984,-0.012691984904780932,0.6282171000000001,-0.003765151195438935,0,0,0,0,0,0,0,0
-0.001394190899964964,0.005714652628093418,0.735,0.0009424777960768128,0.006807494640350342,0.03139244079589844,0,0,1.5,0,0.001394190899964964,-0.005714652628093418,0.765,-0.0009424777960768128,-0.0018124789450529393,-0.014492993420197815,0.5821921555555556,-0.001856697880453998,0,0,0,0,0,0,0,0
0.0012721829197226023,0.0072063466624972886,0.742,0.0018849555921538474,0.04001667785644531,0.022337705612182616,0,0,1.5,0,-0.0012721829197226023,-0.0072063466624972886,0.758,-0.0018849555921538474,-0.014773798896558693,-0.011525376433447691,0.5889181878787879,-0.0061689455743221865,0,0,0,0,0,0,0,0
0.005844802696425312,0.009443730600265514,0.755,0.0019373154697136519,0.06865243530273438,0.03343141174316406,0,0,1.5,0,-0.005844802696425312,-0.009443730600265514,0.745,-0.0019373154697136519,-0.027172846429769998,-0.01660471741873289,0.551617006060606,-0.0021753149131673085,0,0,0,0,0,0,0,0
0.013183249258253064,0.010390997566926078,0.773,0.004310963252426081,0.11010401916503906,0.013995724678039551,0,0,1.5,0,-0.013183249258253064,-0.010390997566926078,0.727,-0.004310963252426081,-0.04673389538511454,-0.010400452542932806,0.5123717,-0.015437437233890593,0,0,0,0,0,0,0,0
0.02234943885645245,0.012794749466432817,0.792,0.003298672286269344,0.13764700317382814,0.03546321868896484,0,0,1.5,0,-0.02234943885645245,-0.012794749466432817,0.708,-0.003298672286269344,-0.06055579321324133,-0.019373558314796833,0.4979035076923077,0.0013734398652232877,0,0,0,0,0,0,0,0
0.03103474106398229,0.013414281618903479,0.815,-0.001466076571675301,0.13030947875976562,0.00886318302154541,0,0,1.5,0,-0.03103474106398229,-0.013414281618903479,0.685,0.001466076571675301,-0.06232922325663105,-0.010084706574659421,0.4624175461538467,0.02345722514680443,0,0,0,0,0,0,0,0
0.04059739035281807,0.012963032279236304,0.841,-0.003804817769347601,0.1434495086669922,-0.006558439254760742,0,0,1.5,0,-0.04059739035281807,-0.012963032279236304,0.659,0.003804817769347601,-0.07186111279642565,-0.004101761379680522,0.4297471999999999,0.014599007912450524,0,0,0,0,0,0,0,0
0.05154559875403991,0.011858805633791549,0.87,-0.005619960191421747,0.16428495788574218,-0.01593844223022461,0,0,1.5,0,-0.05154559875403991,-0.011858805633791549,0.63,0.005619960191421747,-0.08307069750907384,-0.000219049445556457,0.3992756626865671,0.013747463573843294,0,0,0,0,0,0,0,0
0.06275394460761964,0.011501551589509447,0.899,-0.006806784082777795,0.16815264892578125,-0.00441387414932251,0,0,1.5,0,-0.06275394460761964,-0.011501551589509447,0.601,0.006806784082777795,-0.09281854090795816,-0.0038623985096106813,0.37282084999999987,0.01237002107350927,0,0,0,0,0,0,0,0
0.07243332770027096,0.009053641484415996,0.919,-0.006719517620178195,0.14543731689453124,-0.035729526519775394,0,0,1.5,0,-0.07243332770027096,-0.009053641484415996,0.581,0.006719517620178195,-0.08852942784480117,0.008582993033345086,0.41149879230769226,0.006316749331256964,0,0,0,0,0,0,0,0
0.07981093982351066,0.005524780330297926,0.937,-0.008133234314293579,0.11101736450195313,-0.05218811798095703,0,0,1.5,0,-0.07981093982351066,-0.005524780330297926,0.563,0.008133234314293579,-0.07987595964355146,0.01616433815178353,0.411527523076923,0.01465808059482612,0,0,0,0,0,0,0,0
0.08967311756881378,0.0014860548345478237,0.959,-0.006597344572538575,0.14842048645019532,-0.0593757209777832,0,0,1.5,0,-0.08967311756881378,-0.0014860548345478237,0.541,0.006597344572538575,-0.0974400564704905,0.020598643732415895,0.377754533333334,-0.0003839724354387118,0,0,0,0,0,0,0,0
0.09342739557904113,-0.0038908418826294443,0.98,-0.005009094953223768,0.05684503936767578,-0.0802801742553711,0,0,1.5,0,-0.09342739557904113,0.0038908418826294443,0.52,0.005009094953223768,-0.06760876943999201,0.03127700246228872,0.36610545,-0.0024358251373143933,0,0,0,0,0,0,0,0
0.09740421737143534,-0.00853535698645241,1.006,-0.004066617157146844,0.06000054931640625,-0.06936804962158204,0,0,1.5,0,-0.09740421737143534,0.00853535698645241,0.494,0.004066617157146844,-0.07021946572604126,0.028829993766203196,0.325530812121212,-0.00021737282502099116,0,0,0,0,0,0,0,0
0.09883017419239361,-0.014888297961654046,1.032,-0.0024434609527920186,0.02177669906616211,-0.09520634460449219,0,0,1.5,0,-0.09883017419239361,0.014888297961654046,0.46799999999999997,0.0024434609527920186,-0.057585706310856785,0.041594281021648166,0.3056515999999999,-0.005048029221153329,0,0,0,0,0,0,0,0
0.09897443518879954,-0.020219324330841743,1.054,-0.0012740903539558684,0.0023593006134033203,-0.07995986938476562,0,0,1.5,0,-0.09897443518879954,0.020219324330841743,0.44599999999999995,0.0012740903539558684,-0.050820731136650706,0.038770319657751226,0.31248906153846145,-0.004123004717595594,0,0,0,0,0,0,0,0
0.09672575202255451,-0.02617306966824611,1.079,0.00024434609527912605,-0.03361643600463867,-0.08934908294677735,0,0,1.5,0,-0.09672575202255451,0.02617306966824611,0.42100000000000004,-0.00024434609527912605,-0.03705860359670418,0.044631831889896834,0.28115344242424295,-0.007146329955438191,0,0,0,0,0,0,0,0
0.092744063764396,-0.032949831151286475,1.097,0.0007330382858374857,-0.05975016021728516,-0.10163682556152344,0,0,1.5,0,-0.092744063764396,0.032949831151286475,0.403,-0.0007330382858374857,-0.0256130182299606,0.05295899222033272,0.30502562307692305,-0.0029885407037991453,0,0,0,0,0,0,0,0
0.08643719690758074,-0.03863153715108874,1.117,0.0010122909661567387,-0.09466545104980469,-0.08515621948242187,0,0,1.5,0,-0.08643719690758074,0.03863153715108874,0.383,-0.0010122909661567387,-0.00946408633598806,0.05040614495098107,0.2790248999999999,-0.002321287905153237,0,0,0,0,0,0,0,0
0.08035565793140019,-0.044688066820113795,1.133,0.003246312408709541,-0.09131500244140625,-0.09075555419921875,0,0,1.5,0,-0.08035565793140019,0.044688066820113795,0.367,-0.003246312408709541,-0.00871644422559565,0.0545100345892182,0.29317361515151513,-0.013400955329404095,0,0,0,0,0,0,0,0
0.07007079837234885,-0.051956045944810875,1.147,0.0023561944901923106,-0.15462599182128905,-0.10851829528808593,0,0,1.5,0,-0.07007079837234885,0.051956045944810875,0.353,-0.0023561944901923106,0.018670075251319064,0.06460266831590863,0.29490947575757565,0.0016897960485223727,0,0,0,0,0,0,0,0
0.061174278269801936,-0.05783937668653151,1.159,0.0005410520681182763,-0.13365536499023437,-0.08793528747558593,0,0,1.5,0,-0.061174278269801936,0.05783937668653151,0.34099999999999997,-0.0005410520681182763,0.017191106171243142,0.06121350234157277,0.2961092999999999,0.007967428035353758,0,0,0,0,0,0,0,0
0.05375270577291409,-0.06340823416545846,1.174,-0.0018849555921539572,-0.11136876678466796,-0.08347261810302735,0,0,1.5,0,-0.05375270577291409,0.06340823416545846,0.32600000000000007,0.0018849555921539572,0.012176422294911938,0.061850837095219574,0.2710840692307699,0.01308191402417965,0,0,0,0,0,0,0,0
0.043834700914167433,-0.06885467438253404,1.191,-0.0028623399732706765,-0.14861581420898437,-0.08197688293457031,0,0,1.5,0,-0.043834700914167433,0.06885467438253404,0.30899999999999994,0.0028623399732706765,0.029739660688436517,0.06351598314788406,0.2501411848484842,0.007304996251073946,0,0,0,0,0,0,0,0
0.035523625242766685,-0.07302906396148864,1.207,-0.0028623399732706765,-0.12448639678955079,-0.0629724235534668,0,0,1.5,0,-0.035523625242766685,0.07302906396148864,0.2929999999999999,0.0028623399732706765,0.0260285737791209,0.05924549166235873,0.24324335384615373,0.0028623399732706765,0,0,0,0,0,0,0,0
0.023441726324668198,-0.07632008982660697,1.223,-0.0033161255787893516,-0.18108644104003907,-0.0498839225769043,0,0,1.5,0,-0.023441726324668198,0.07632008982660697,0.2769999999999999,0.0033161255787893516,0.05137278185669407,0.05591630339676534,0.23357691515151507,0.005378787422056056,0,0,0,0,0,0,0,0
0.01737705402914283,-0.08064561146086033,1.239,-0.0025132741228719433,-0.09075442504882812,-0.06518413543701172,0,0,1.5,0,-0.01737705402914283,0.08064561146086033,0.2609999999999999,0.0025132741228719433,0.023489497225207146,0.064333463951771,0.21979579999999982,-0.0012500920767409079,0,0,0,0,0,0,0,0
0.008529149377498902,-0.08163754563795833,1.254,-0.00312413936106981,-0.13268075561523437,-0.015212523460388183,0,0,1.5,0,-0.008529149377498902,0.08163754563795833,0.246,0.00312413936106981,0.04238429249663129,0.04656848303818934,0.21612556923076978,0.005943517383521503,0,0,0,0,0,0,0,0
0.003102904414120658,-0.0803702079543945,1.272,-0.0027401669256311703,-0.08145266723632813,0.018755687713623046,0,0,1.5,0,-0.003102904414120658,0.0803702079543945,0.22799999999999998,0.0027401669256311703,0.026671076692097558,0.03382174481262949,0.18705372307692303,0.0009679864543759098,0,0,0,0,0,0,0,0
-0.0008160294325404591,-0.07886883472937413,1.283,-0.0017976891295541355,-0.05884549713134766,0.02235943603515625,0,0,1.5,0,0.0008160294325404591,0.07886883472937413,0.21700000000000008,0.0017976891295541355,0.020195065028770373,0.03198540991101989,0.2182756666666673,-0.0024863008526142044,0,0,0,0,0,0,0,0
-0.0026616265772631195,-0.07732430641262303,1.295,0.000052359877559916314,-0.027725561141967774,0.023118120193481445,0,0,1.5,0,0.0026616265772631195,0.07732430641262303,0.20500000000000007,-0.000052359877559916314,0.009836845631214687,0.03127777588852153,0.20663829411764706,-0.008214340791298378,0,0,0,0,0,0,0,0
-0.004554284324013431,-0.0747448614410322,1.305,-0.0002443460952792345,-0.028387840270996095,0.03869316101074219,0,0,1.5,0,0.004554284324013431,0.0747448614410322,0.19500000000000006,0.0002443460952792345,0.011970959340229289,0.023422790413602602,0.20516038709677423,0.0016800201574041576,0,0,0,0,0,0,0,0
-0.00676053413205534,-0.07173383947453928,1.317,0.001448623279155293,-0.033104782104492185,0.045157241821289065,0,0,1.5,0,0.00676053413205534,0.07173383947453928,0.18300000000000005,-0.001448623279155293,0.014273927002339263,0.02031209412596363,0.18858611538461542,-0.009262328084237728,0,0,0,0,0,0,0,0
-0.005761159180178132,-0.07060784427043162,1.325,0.004345869837465877,0.01501507568359375,0.016868194580078124,0,0,1.5,0,0.005761159180178132,0.07060784427043162,0.17500000000000004,-0.004345869837465877,-0.003483072119696699,0.029945135727837083,0.2048620769230769,-0.01771777702966857,0,0,0,0,0,0,0,0
-0.005198046620052006,-0.0681262939387074,1.335,0.004206243497306361,0.008608375549316406,0.03718619537353516,0,0,1.5,0,0.005198046620052006,0.0681262939387074,0.16500000000000004,-0.004206243497306361,-0.001412144483104749,0.021449499658176628,0.18716534615384617,-0.0035618142350316746,0,0,0,0,0,0,0,0
-0.004036278992769759,-0.06521039540707092,1.348,0.0027925268031908645,0.017610334396362306,0.04366479110717773,0,0,1.5,0,0.004036278992769759,0.06521039540707092,0.1519999999999999,-0.0027925268031908645,-0.004937825389399412,0.01838978628935895,0.16473333529411696,0.0034444586120245613,0,0,0,0,0,0,0,0
-0.0023737944972029245,-0.06365611964339317,1.362,0.001553343034274901,0.025002275466918945,0.023244407653808592,0,0,1.5,0,0.0023737944972029245,0.06365611964339317,0.1379999999999999,-0.001553343034274901,-0.009023910805126973,0.024026187674906063,0.14353672222222208,0.004347532055801116,0,0,0,0,0,0,0,0
-0.0010383807695660192,-0.062444200381687145,1.373,-0.0001570796326795243,0.02005941963195801,0.01814765167236328,0,0,1.5,0,0.0010383807695660192,0.062444200381687145,0.127,0.0001570796326795243,-0.007536646827007377,0.02566946200041711,0.1550193666666672,0.007931728118836003,0,0,0,0,0,0,0,0
0.0009362502334986723,-0.06065365995814363,1.381,-0.0016231562043547143,0.029615245819091796,0.02686275863647461,0,0,1.5,0,-0.0009362502334986723,0.06065365995814363,0.119,0.0016231562043547143,-0.012075459904490979,0.021599089725883154,0.1646492769230769,0.008389663458240205,0,0,0,0,0,0,0,0
0.004024875318538485,-0.059576807946409086,1.389,-0.0021467549799530916,0.04630309677124023,0.01622795867919922,0,0,1.5,0,-0.004024875318538485,0.059576807946409086,0.11099999999999999,0.0021467549799530916,-0.019620818288141665,0.024942326247229325,0.15897077692307687,0.004563364713484064,0,0,0,0,0,0,0,0
0.007829641610554503,-0.05871304506353943,1.398,-0.003665191429188086,0.057043548583984374,0.01307893180847168,0,0,1.5,0,-0.007829641610554503,0.05871304506353943,0.10200000000000009,0.003665191429188086,-0.025074101789907446,0.0257670685823857,0.14779362727272788,0.010567175289347152,0,0,0,0,0,0,0,0
0.010721928906139249,-0.05671631671551391,1.407,-0.006230825429619725,0.04327424240112305,0.030109735488891603,0,0,1.5,0,-0.010721928906139249,0.05671631671551391,0.09299999999999997,0.006230825429619725,-0.021688418141824158,0.018797986983396804,0.14120742727272662,0.017892798158854445,1426002735206,0,0,0,0,0,0,0
0.014295277010824973,-0.05601274855253741,1.417,-0.005689773361501561,0.05353342437744141,0.01088728904724121,0,0,1.5,0,-0.014295277010824973,0.05601274855253741,0.08299999999999996,0.005689773361501561,-0.027998144960049057,0.025161489853459548,0.12590204444444436,0.0031133349418912557,1426002735206,0,0,0,0,0,0,0
0.017262997086949863,-0.05667263910599625,1.424,-0.0031415926535898206,0.0445713996887207,-0.009644914627075195,0,0,1.5,0,-0.017262997086949863,0.05667263910599625,0.07600000000000007,0.0031415926535898206,-0.02562132321043135,0.032990241188460764,0.13865929230769292,-0.008619241382925903,1426002735206,0,0,0,0,0,0,0
0.021823148391193283,-0.05752342381019765,1.435,-0.0009424777960769246,0.06844202423095704,-0.012546815872192384,0,0,1.5,0,-0.021823148391193283,0.05752342381019765,0.06499999999999995,0.0009424777960769246,-0.03649021359887635,0.03448091534695957,0.10874333076923007,-0.009207283084751827,1426002735206,0,0,0,0,0,0,0
0.02664329126349049,-0.058928566600165704,1.438,0.00036651914291885215,0.07232197570800782,-0.021008989334106446,0,0,1.5,0,-0.02664329126349049,0.058928566600165704,0.062000000000000055,-0.00036651914291885215,-0.039543325996601625,0.03798211863087695,0.1503178582089558,-0.0062276994667805384,1426002735206,0,0,0,0,0,0,0
0.029523956787224605,-0.06207313197419737,1.444,0.003385938748868943,0.043192691802978515,-0.0471843147277832,0,0,1.5,0.00036651914291885215,-0.029523956787224605,0.06207313197419737,0.05600000000000005,-0.003019419605950091,-0.014761978393612303,0.031036565987098686,0.04480000000000004,-0.003019419605950091,1426002735206,0,0,0,0,0,0,0
0.031303434202323094,-0.06493014145157235,1.451,0.006318091892219434,0.026546903610229492,-0.04294527435302734,0,0,1.5,0.00036651914291885215,-0.031303434202323094,0.06493014145157235,0.04899999999999993,-0.005951572749300582,-0.02540326841287089,0.04813089659570957,0.0012323499999993062,-0.01969604060875601,1426002735594,0,0,0,0,0,0,0
0.032494461720348464,-0.06642021600437169,1.455,0.007749261878854829,0.017723840713500978,-0.022463546752929688,0,0,1.5,0.00036651914291885215,-0.032494461720348464,0.06642021600437169,0.04499999999999993,-0.0073827427359359765,-0.02270161155524163,0.04131831479434492,0.015067638461538385,-0.01398814267425318,1426002735659,0,0,0,0,0,0,0
0.03387574232543673,-0.068384221114311,1.458,0.007190756518216656,0.02049029541015625,-0.029619749069213868,0,0,1.5,0.00036651914291885215,-0.03387574232543673,0.068384221114311,0.04200000000000004,-0.006824237375297804,-0.024326357656431954,0.04473715118733733,0.018574209090909698,-0.00428557664512429,1426002735725,0,0,0,0,0,0,0
0.03488918354502303,-0.07183625941424152,1.464,0.007295476273336376,0.014828886985778809,-0.05188854598999024,0,0,1.5,0.00036651914291885215,-0.03488918354502303,0.07183625941424152,0.03600000000000003,-0.0069289571304175235,-0.02290544171939989,0.05440166736695419,-0.0018972818181818146,-0.007404956017325341,1426002735791,0,0,0,0,0,0,0
0.03783025797617626,-0.0756864539886318,1.469,0.006771877497737998,0.04369361114501953,-0.05807322692871094,0,0,1.5,0.00036651914291885215,-0.03783025797617626,0.0756864539886318,0.030999999999999917,-0.006405358354819146,-0.035109881597644305,0.0591246918516462,-0.0012244500000006958,-0.0039509890942017525,1426002735855,0,0,0,0,0,0,0
0.04143051404767979,-0.08043869886148075,1.473,0.00596902604182059,0.053519882202148435,-0.07164774322509766,0,0,1.5,0.00036651914291885215,-0.04143051404767979,0.08043869886148075,0.026999999999999913,-0.005602506898901738,-0.03966107511865131,0.06532411642115027,0.002204677611940216,-0.00200764963359991,1426002735922,0,0,0,0,0,0,0
0.043858251650870914,-0.08527255789017055,1.477,0.004677482395344822,0.03598261642456055,-0.07272396087646485,0,0,1.5,0.00036651914291885215,-0.043858251650870914,0.08527255789017055,0.02299999999999991,-0.00431096325242597,-0.035372395382542374,0.06940562715215291,-0.0018276000000000958,0.001743147590429192,1426002735986,0,0,0,0,0,0,0
0.045942250541400026,-0.08924416403111496,1.478,0.003961897402027125,0.030980985641479494,-0.05971965789794922,0,0,1.5,0.00036651914291885215,-0.045942250541400026,0.08924416403111496,0.02200000000000002,-0.003595378259108273,-0.034389099760671844,0.06639984389426024,0.014005784615385222,-0.0002926782899496708,1426002736051,0,0,0,0,0,0,0
0.04609486948333511,-0.0916816481636851,1.477,0.0027925268031908637,0.0021444106101989745,-0.036571044921875,0,0,1.5,0.00036651914291885215,-0.04609486948333511,0.0916816481636851,0.02299999999999991,-0.0024260076602720115,-0.024072023436240413,0.059027567202317666,0.025568380597014273,0.002809980095711247,1426002736118,0,0,0,0,0,0,0
0.046396073219712695,-0.09425377926298945,1.477,0.0010646508437166516,0.004410297393798828,-0.03859443283081055,0,0,1.5,0.00036651914291885215,-0.046396073219712695,0.09425377926298945,0.02299999999999991,-0.0006981317007977994,-0.02512794579203256,0.0619295037855981,0.020489399999999925,0.007529849058603211,1426002736181,0,0,0,0,0,0,0
0.04556416357921163,-0.09635065028553674,1.478,-0.0005934119456780804,-0.012512124061584473,-0.03143976211547852,0,0,1.5,0.00036651914291885215,-0.04556416357921163,0.09635065028553674,0.02200000000000002,0.0009599310885969325,-0.018588740138270037,0.06004179396876224,0.014447784615385224,0.00861252857811108,1426002736246,0,0,0,0,0,0,0
0.04450393325121625,-0.0987153647696131,1.478,-0.0018849555921539593,-0.01588240337371826,-0.035480148315429685,0,0,1.5,0.00036651914291885215,-0.04450393325121625,0.0987153647696131,0.02200000000000002,0.0022514747350728115,-0.01685813344437782,0.06273055022151865,0.01997540000000001,0.008212445411115328,1426002736311,0,0,0,0,0,0,0
0.04333481189797276,-0.09959840633155766,1.478,-0.0030717794835100074,-0.01751182174682617,-0.013278656005859375,0,0,1.5,0.00036651914291885215,-0.04333481189797276,0.09959840633155766,0.02200000000000002,0.0034382986264288595,-0.01571540410569221,0.05525857115512757,0.020118400000000012,0.008915947355764465,1426002736376,0,0,0,0,0,0,0
0.04040137669641033,-0.0993276938265878,1.479,-0.005235987755982997,-0.0440137939453125,0.003925505638122558,0,0,1.5,0.00036651914291885215,-0.04040137669641033,0.0993276938265878,0.020999999999999908,0.005602506898901849,-0.005247109020412305,0.04902075547572367,0.014235219402984414,0.01529299170101971,1426002736443,0,0,0,0,0,0,0
0.038480872256807644,-0.09808408226932508,1.479,-0.005829399701661076,-0.028904844284057617,0.018503082275390624,0,0,1.5,0.00036651914291885215,-0.038480872256807644,0.09808408226932508,0.020999999999999908,0.0061959188445799285,-0.009132641136820692,0.04307489260804544,0.019593499999999923,0.008977537339945926,1426002736507,0,0,0,0,0,0,0
0.03544646748170352,-0.09582940792474279,1.478,-0.005637413483941645,-0.04571244812011719,0.033554210662841796,0,0,1.5,0.00036651914291885215,-0.03544646748170352,0.09582940792474279,0.02200000000000002,0.0060039326268604976,-0.0020500515978467138,0.03685519717598028,0.025841730303030906,0.005131268000863084,1426002736573,0,0,0,0,0,0,0
0.030208473504477192,-0.09311552556043862,1.48,-0.005393067388662521,-0.07879814910888672,0.040264659881591794,0,0,1.5,0.00036651914291885215,-0.030208473504477192,0.09311552556043862,0.020000000000000018,0.005759586531581373,0.012234708112537903,0.033124518196718425,0.008464639393939396,0.004648922462130808,1426002736639,0,0,0,0,0,0,0
0.02584867328193163,-0.09021783652018626,1.479,-0.004014257279587042,-0.06563046264648438,0.043112014770507814,0,0,1.5,0.00036651914291885215,-0.02584867328193163,0.09021783652018626,0.020999999999999908,0.004380776422505894,0.010463481751634866,0.030278476569849663,0.02547384999999932,-0.0020823959637854134,1426002736703,0,0,0,0,0,0,0
0.02110145812439017,-0.08877752373873468,1.48,-0.0029845130209102963,-0.07129438018798828,0.021318670272827148,0,0,1.5,0.00036651914291885215,-0.02110145812439017,0.08877752373873468,0.020000000000000018,0.0033510321638291485,0.013779179037752203,0.037940516066251345,0.014115219402985662,-0.0012597630242756836,1426002736770,0,0,0,0,0,0,0
0.01596091250217804,-0.08616255384853606,1.478,-0.003211405823669634,-0.07722490692138671,0.03899424362182617,0,0,1.5,0.00036651914291885215,-0.01596091250217804,0.08616255384853606,0.02200000000000002,0.003577924966588486,0.019652710584993457,0.029911580561248936,0.03201740000000002,0.004641484979522881,1426002736834,0,0,0,0,0,0,0
0.012193409372046651,-0.08175129070209777,1.481,-0.003298672286269234,-0.05672475051879883,0.06598712158203125,0,0,1.5,0.00036651914291885215,-0.012193409372046651,0.08175129070209777,0.018999999999999906,0.003665191429188086,0.014019832239494495,0.01793479106901842,0.0023952499999993007,0.004074252972623711,1426002736898,0,0,0,0,0,0,0
0.008257589379392851,-0.07948295965997265,1.481,-0.002181661564992888,-0.059149215698242184,0.03383003616333008,0,0,1.5,0.00036651914291885215,-0.008257589379392851,0.07948295965997265,0.018999999999999906,0.0025481807079117402,0.01657171894333922,0.02876229457699167,0.01892499999999992,-0.002607253390286779,1426002736963,0,0,0,0,0,0,0
0.004987477619565164,-0.07678300305527834,1.483,-0.0019373154697137638,-0.049139915466308595,0.04039223861694336,0,0,1.5,0.00036651914291885215,-0.004987477619565164,0.07678300305527834,0.016999999999999904,0.002303834612632616,0.014352107961165669,0.025359131591927826,0.0068311393939393065,0.001193170543182051,1426002737029,0,0,0,0,0,0,0
0.0017854615045644145,-0.07393443040486075,1.483,-0.0012915436464758798,-0.04811293029785156,0.04263545989990234,0,0,1.5,0.00036651914291885215,-0.0017854615045644145,0.07393443040486075,0.016999999999999904,0.001658062789394732,0.015590824346051389,0.02319552659679917,0.017549399999999916,-0.0012772636798683767,1426002737095,0,0,0,0,0,0,0
0.0011970973141671867,-0.07202265728025675,1.48,-0.0011344640137963555,-0.008862492561340331,0.02866517448425293,0,0,1.5,0.00036651914291885215,-0.0011970973141671867,0.07202265728025675,0.020000000000000018,0.0015009831567152077,0.002121468476563439,0.02693679234552623,0.03648365000000063,0.0007646723785299375,1426002737159,0,0,0,0,0,0,0
-0.0018153545485008829,-0.07131990421226715,1.481,-0.001640609496874613,-0.045198707580566405,0.010490026473999024,0,0,1.5,0.00036651914291885215,0.0018153545485008829,0.07131990421226715,0.018999999999999906,0.002007128639793465,0.016632152367254918,0.03330272804296505,0.014016284615383932,0.004343184715539268,1426002737224,0,0,0,0,0,0,0
-0.002655679975882171,-0.07137781426191946,1.479,-0.00017453292519953399,-0.012603439331054688,-0.0008893292546272277,0,0,1.5,0.00036651914291885215,0.002655679975882171,0.07137781426191946,0.020999999999999908,0.0005410520681183861,0.005357975852154908,0.037473956972825566,0.0319066307692307,-0.0062254551857665935,1426002737289,0,0,0,0,0,0,0
-0.0015116344791504745,-0.07277172377527814,1.48,0.0016057029118348156,0.017164331436157226,-0.02090564727783203,0,0,1.5,0.00036651914291885215,0.0015116344791504745,0.07277172377527814,0.020000000000000018,-0.0012391837689159635,-0.0057142203979497,0.04518946230098166,0.015247519402985658,-0.009210389009368275,1426002737356,0,0,0,0,0,0,0
-0.0005086927133565031,-0.07445312460108433,1.481,0.0034557519189487565,0.015003609657287597,-0.025245136260986328,0,0,1.5,0.00036651914291885215,0.0005086927133565031,0.07445312460108433,0.018999999999999906,-0.0030892327760299043,-0.005723846426716908,0.047991356618928074,0.014324249999999306,-0.011761337496876502,1426002737420,0,0,0,0,0,0,0
-0.0010558975501430117,-0.07486769275826081,1.484,0.004223696789826259,-0.008229513168334961,-0.006190120220184326,2,0,1.5,0,2.001055897550143,0.07486769275826081,0.016000000000000014,-0.004223696789826259,1.0005279487750716,0.03743384637913041,0.012800000000000013,-0.004223696789826259,0,0,0,0,0,0,0,0
-0.0010164352214909176,-0.0751153288634218,1.482,0.004782202150464321,0.000576240599155426,-0.003717008590698242,2,0,1.5,0,2.0010164352214908,0.0751153288634218,0.018000000000000016,-0.004782202150464321,1.001596388831665,0.03893991457710821,0.02528623076923079,-0.007359919199563068,0,0,0,0,0,0,0,0
0.0012831538265174862,-0.07694989073193315,1.48,0.005131268000863276,0.03436184310913086,-0.027683069229125976,2,0,1.5,0,1.9987168461734826,0.07694989073193315,0.020000000000000018,-0.005131268000863276,0.9895758471534499,0.04845219781991849,0.027016230769230792,-0.006742341156550762,0,0,0,0,0,0,0,0
0.006004508830712639,-0.07727248200350094,1.475,0.004398229715025681,0.07079456329345703,-0.005202201843261719,2,0,1.5,0,1.9939954911692874,0.07727248200350094,0.02499999999999991,-0.004398229715025681,0.9754709884949906,0.0405223404316163,0.047332576923076276,-0.0010149760880829354,0,0,0,0,0,0,0,0
0.012250327813389498,-0.07457231671754934,1.472,0.0027227136331111623,0.09386451721191406,0.04009003067016602,2,0,1.5,0,1.9877496721866106,0.07457231671754934,0.028000000000000025,-0.0027227136331111623,0.9659609072467381,0.023165387259255696,0.038903390909091534,0.0048932685574093766,0,0,0,0,0,0,0,0
0.02305125191781229,-0.07473113264278895,1.469,0.0021467549799529806,0.16200677490234375,-0.0028233468532562257,2,0,1.5,0,1.9769487480821877,0.07473113264278895,0.030999999999999917,-0.0021467549799529806,0.9368084071124184,0.03846759146705228,0.0417496461538455,0.0005115157269309349,0,0,0,0,0,0,0,0
0.04245117026802563,-0.07607583749923053,1.469,0.0013089969389956657,0.29095480346679686,-0.020795228958129883,2,0,1.5,0,1.9575488297319743,0.07607583749923053,0.030999999999999917,-0.0013089969389956657,0.8820785779685351,0.04557494897304273,0.025797299999999933,0.0025575786346534795,0,0,0,0,0,0,0,0
0.06773899704003256,-0.07642393649622074,1.47,0.0006283185307178751,0.37931024169921873,-0.005718005657196045,2,0,1.5,0,1.9322610029599674,0.07642393649622074,0.030000000000000027,-0.0006283185307178751,0.8389865119632596,0.04043233478706078,0.01980768461538523,0.0025132741228719277,0,0,0,0,0,0,0,0
0.1026157667715563,-0.07628947665614878,1.475,0.00146607657167519,0.5231527099609375,0.0016881914138793944,2,0,1.5,0,1.8973842332284436,0.07628947665614878,0.02499999999999991,-0.00146607657167519,0.7711486570670825,0.037816299288824184,-0.005568276923077615,-0.005332652145324335,0,0,0,0,0,0,0,0
0.14189007954569902,-0.07509252360570731,1.471,0.0007853981633973994,0.589140380859375,0.01709058952331543,2,0,1.5,0,1.858109920454301,0.07509252360570731,0.028999999999999915,-0.0007853981633973994,0.7413740588226841,0.03192215014785557,0.045044755072463714,0.0021740731769408204,0,0,0,0,0,0,0,0
0.18887061533847344,-0.07352229505288314,1.47,0.0013613568165555812,0.704726318359375,0.022999944686889647,2,0,1.5,0,1.8111293846615266,0.07352229505288314,0.030000000000000027,-0.0013613568165555812,0.653011517653294,0.028389927231514248,0.03138606129032323,-0.004148253525385493,0,0,0,0,0,0,0,0
0.24387633061040903,-0.07126283288927494,1.466,0.0024434609527921314,0.825131103515625,0.032768665313720705,2,0,1.5,0,1.756123669389591,0.07126283288927494,0.03400000000000003,-0.0024434609527921314,0.5956782217633758,0.024004375707329335,0.05070036153846158,-0.007437787735422363,0,0,0,0,0,0,0,0
0.304297644809091,-0.06675303899840433,1.465,0.0012391837689159635,0.9064822998046875,0.0654321517944336,2,0,1.5,0,1.695702355190909,0.06675303899840433,0.03499999999999992,-0.0012391837689159635,0.5323083728423528,0.009295600093275437,0.03565464999999933,0.0044058655305035735,0,0,0,0,0,0,0,0
0.3705871695478255,-0.06179178620149982,1.461,0.0023038346126325045,0.994434326171875,0.07318656158447266,2,0,1.5,0,1.6294128304521744,0.06179178620149982,0.038999999999999924,-0.0023038346126325045,0.47913272650214034,0.0052090176914363455,0.05485542121212117,-0.007143156629525872,0,0,0,0,0,0,0,0
0.44257337016382065,-0.055454183997421386,1.462,0.0004886921905584703,1.0800091552734374,0.09257611846923829,2,0,1.5,0,1.5574266298361794,0.055454183997421386,0.038000000000000034,-0.0004886921905584703,0.4196711438483987,-0.004719832369830462,0.02787401940298568,0.007638811191862577,0,0,0,0,0,0,0,0
0.5187649019608132,-0.04988069526123722,1.464,0.00003490658503979517,1.1429136962890625,0.08304380798339844,2,0,1.5,0,1.4812350980391868,0.04988069526123722,0.03600000000000003,-0.00003490658503979517,0.34189824554856474,-0.004847792433478153,0.02079080000000002,0.0020922134408289943,0,0,0,0,0,0,0,0
0.6012433002667823,-0.04348753047186194,1.463,-0.0008203047484373065,1.2371793212890625,0.09585428619384766,2,0,1.5,0,1.3987566997332177,0.04348753047186194,0.03699999999999992,0.0008203047484373065,0.26717294946244374,-0.01249914622455272,0.038233849999999334,0.00482910787411122,0,0,0,0,0,0,0,0
0.6905430698027347,-0.038180052536264115,1.463,-0.001413716694115386,1.3394307861328125,0.0807109375,2,0,1.5,0,1.3094569301972654,0.038180052536264115,0.03699999999999992,0.001413716694115386,0.19358303954896755,-0.008744175561833756,0.033005599999999934,0.004152541058783445,0,0,0,0,0,0,0,0
0.7876936564401239,-0.032888951786876564,1.464,-0.002321287905152403,1.4571451416015626,0.08142658233642579,2,0,1.5,0,1.212306343559876,0.032888951786876564,0.03600000000000003,0.002321287905152403,0.10352211480738704,-0.011280163269041507,0.027054984615385236,0.006510078109938635,0,0,0,0,0,0,0,0
0.8912027390187999,-0.027034928157608797,1.461,-0.002007128639793465,1.55242822265625,0.09141423034667968,2,0,1.5,0,1.1087972609812002,0.027034928157608797,0.038999999999999924,0.002007128639793465,0.034909923017443556,-0.01627923963650637,0.050772541791044144,0.0006004453620668771,0,0,0,0,0,0,0,0
1.0096253851448505,-0.023396183965049267,1.46,-0.0012566370614358613,1.7762265625,0.05814639282226562,2,0,1.5,0,0.9903746148551495,0.023396183965049267,0.040000000000000036,0.0012566370614358613,-0.12059897066556202,-0.007095921721746003,0.04154551538461601,-0.0022071702232915407,0,0,0,0,0,0,0,0
1.1299436359907307,-0.0209547816809223,1.436,-0.002129301687433083,1.804726318359375,0.03888895034790039,2,0,1.5,0,0.8700563640092693,0.0209547816809223,0.06400000000000006,0.002129301687433083,-0.1903996617894398,-0.0018557765949261656,0.18500766923076936,0.006156984576651028,0,0,0,0,0,0,0,0
1.2576568639784855,-0.02169669798490134,1.409,-0.00022689280275933754,1.9157177734375,-0.007049622535705566,2,0,1.5,0,0.7423431360215145,0.02169669798490134,0.09099999999999997,0.00022689280275933754,-0.30434538717955834,0.015732434530304266,0.2256155499999995,-0.008690648844148843,0,0,0,0,0,0,0,0
1.3840386578081727,-0.02247049616069525,1.397,-0.0009075712110370171,1.8957294921875,-0.01117684555053711,2,0,1.5,0,0.6159613421918273,0.02247049616069525,0.10299999999999998,0.0009075712110370171,-0.34922154505456604,0.016243190215287508,0.15284418461538463,0.004049163864626308,0,0,0,0,0,0,0,0
1.4996379476537653,-0.02414831194255046,1.397,0.0001570796326795243,1.734011474609375,-0.023593507766723632,2,0,1.5,0,0.5003620523462347,0.02414831194255046,0.10299999999999998,-0.0001570796326795243,-0.330045483264763,0.021696381221448284,0.08891889999999998,-0.00492417296275359,0,0,0,0,0,0,0,0
