0,0,0.749,0,-0.042499530792236326,0.011415471076965332,0,0,2,0,0,0,1.251,0,0,0,1.0008,0,0,0,0,0,0,0,0,0
-0.0013113773345947266,0.0005312327702840169,0.749,0.000733038285837706,-0.0196706600189209,0.007968491554260253,0,0,2,0,0.0013113773345947266,-0.0005312327702840169,1.251,-0.000733038285837706,0.007828122747356414,-0.003171135586605707,1.0088063999999999,-0.004169155250701953,0,0,0,0,0,0,0,0
-0.0049261949158820005,0.0013022095054928593,0.753,0.0006981317007977994,-0.05421377182006836,0.011604394912719727,0,0,2,0,0.0049261949158820005,-0.0013022095054928593,1.2469999999999999,-0.0006981317007977994,0.022235623151846084,-0.004868557176476283,0.9917121999999999,-0.0005345070834232371,0,0,0,0,0,0,0,0
-0.00621636528928706,0.002393618887324409,0.761,0.00040142572795887066,-0.019341121673583983,0.016384647369384765,0,0,2,0,0.00621636528928706,-0.002393618887324409,1.2389999999999999,-0.00040142572795887066,0.009856035636101849,-0.006900978864523095,0.9736974552238806,0.0009271084787826013,0,0,0,0,0,0,0,0
-0.005376182586477088,0.003309347009637747,0.777,-0.000820304748437195,0.012608253479003906,0.01373086166381836,0,0,2,0,0.005376182586477088,-0.003309347009637747,1.2229999999999999,0.000820304748437195,-0.001895060094914016,-0.006667456783517113,0.9230156999999999,0.006547166356543753,0,0,0,0,0,0,0,0
-0.0021194575928542886,0.005547538784483253,0.804,-0.0004886921905582486,0.04882331848144531,0.033612937927246095,0,0,2,0,0.0021194575928542886,-0.005547538784483253,1.196,0.0004886921905582486,-0.015210814783532381,-0.013973506653415464,0.8622877000000004,-0.0009325044860658072,0,0,0,0,0,0,0,0
0.002126028633768062,0.00810951159573794,0.837,-0.0002268928027591155,0.06366350555419922,0.038460708618164065,0,0,2,0,-0.002126028633768062,-0.00810951159573794,1.163,0.0002268928027591155,-0.024268796388896154,-0.01807951308378562,0.7978621500000006,-0.0010002918275493211,0,0,0,0,0,0,0,0
0.009409435430452452,0.011647067609976382,0.862,-0.00017453292519931107,0.10923905944824219,0.05308812713623047,0,0,2,0,-0.009409435430452452,-0.011647067609976382,1.138,0.00017453292519931107,-0.04581483694567935,-0.02581479773520065,0.8242574677419346,-0.0000788213210578071,0,0,0,0,0,0,0,0
0.019550281014141066,0.01643040468464474,0.892,0.001553343034275012,0.15210015869140625,0.07177660369873047,0,0,2,0,-0.019550281014141066,-0.01643040468464474,1.108,-0.001553343034275012,-0.06438651445280642,-0.034003502163713534,0.7870500384615395,-0.009528155154925734,0,0,0,0,0,0,0,0
0.031375193644418535,0.02128693582720461,0.93,0.0013264502315157856,0.17748663330078124,0.07257235717773437,0,0,2,0,-0.031375193644418535,-0.02128693582720461,1.0699999999999998,-0.0013264502315157856,-0.07842299526185897,-0.03644371852718442,0.723735348484847,-0.0002951193098829378,0,0,0,0,0,0,0,0
0.04742222052137611,0.027106605022594318,0.968,0.0015009831567152077,0.24082098388671874,0.08697567749023437,0,0,2,0,-0.04742222052137611,-0.027106605022594318,1.032,-0.0015009831567152077,-0.10886780715888243,-0.04447899376435241,0.7001465484848496,-0.0022943146348943988,0,0,0,0,0,0,0,0
0.06355225977947423,0.032538613696090506,1.007,0.000541052068118386,0.24207261657714843,0.08111687469482422,0,0,2,0,-0.06355225977947423,-0.032538613696090506,0.9930000000000001,-0.000541052068118386,-0.12008678262486673,-0.04606023815028468,0.6635356500000006,0.003958624909679215,0,0,0,0,0,0,0,0
0.08345433956731177,0.037156889248557486,1.048,0.0010471975511967546,0.2985686340332031,0.06911260223388672,0,0,2,0,-0.08345433956731177,-0.037156889248557486,0.952,-0.0010471975511967546,-0.14904596065821302,-0.04355486806155427,0.6294356692307685,-0.003383253626943071,0,0,0,0,0,0,0,0
0.10776160728917315,0.04137535143926403,1.09,0.00022689280275933754,0.36467507934570315,0.06289508056640625,0,0,2,0,-0.10776160728917315,-0.04137535143926403,0.9099999999999999,-0.00022689280275933754,-0.18498988228554852,-0.04353815195663305,0.5963660538461536,0.003559129113105664,0,0,0,0,0,0,0,0
0.13068758813575737,0.044040147720111354,1.132,0.0005061454830783685,0.3438987731933594,0.03989391708374023,0,0,2,0,-0.13068758813575737,-0.044040147720111354,0.8680000000000001,-0.0005061454830783685,-0.18910012108194413,-0.03653328283229433,0.568408053846155,-0.001795004007627742,0,0,0,0,0,0,0,0
0.1518775826488012,0.045480095358198046,1.17,0.0007853981633976215,0.3178608093261719,0.02143833351135254,0,0,2,0,-0.1518775826488012,-0.045480095358198046,0.8300000000000001,-0.0007853981633976215,-0.179363798795799,-0.02993684473220065,0.5854156777777778,-0.0019489509980611757,0,0,0,0,0,0,0,0
0.17100631402869967,0.04572580122166297,1.206,0.00034906585039906624,0.2869337768554687,0.003460231781005859,0,0,2,0,-0.17100631402869967,-0.04572580122166297,0.794,-0.00034906585039906624,-0.20145243008242802,-0.02456918096249135,0.528701720689655,0.0019078254237313917,0,0,0,0,0,0,0,0
0.18795203052185136,0.04618004984249849,1.244,0.00019198621771954194,0.2541881103515625,0.006725001335144043,0,0,2,0,-0.18795203052185136,-0.04618004984249849,0.756,-0.00019198621771954194,-0.18448098503260812,-0.025752970510434552,0.5190175484848484,0.0005220121126419321,0,0,0,0,0,0,0,0
0.19976859900769803,0.046576010738986595,1.28,0.0003839724354388619,0.17724966430664063,0.005905384063720703,0,0,2,0,-0.19976859900769803,-0.046576010738986595,0.72,-0.0003839724354388619,-0.16428314725739396,-0.02570442829919442,0.502566546153846,-0.0012700626710664925,0,0,0,0,0,0,0,0
0.20841352687354447,0.04665744244325725,1.315,0.00020943951023943982,0.12967437744140625,0.0011716842651367187,0,0,2,0,-0.20841352687354447,-0.04665744244325725,0.685,-0.00020943951023943982,-0.15166301510586072,-0.02408185276159313,0.48440366153846204,0.0005960970676040466,0,0,0,0,0,0,0,0
0.21654195645048413,0.04732899363225225,1.35,0.0005934119456780796,0.12192855072021484,0.010047731399536132,0,0,2,0,-0.21654195645048413,-0.04732899363225225,0.6499999999999999,-0.0005934119456780796,-0.15242584436281964,-0.027571643389553206,0.4635491393939386,-0.0023387411976718967,0,0,0,0,0,0,0,0
0.22272157831759545,0.04802770107426518,1.385,0.0017104226669545364,0.09270053100585937,0.010425603866577149,0,0,2,0,-0.22272157831759545,-0.04802770107426518,0.615,-0.0017104226669545364,-0.1463476958297048,-0.028211534857478918,0.4336849500000004,-0.006946410422937928,0,0,0,0,0,0,0,0
0.22540809296288797,0.04914209481034774,1.415,0.0015882496193150297,0.04032625198364258,0.016646955490112306,0,0,2,0,-0.22540809296288797,-0.04914209481034774,0.585,-0.0015882496193150297,-0.12850850941704853,-0.030889772936539737,0.44586129090909077,-0.0010329175845899996,0,0,0,0,0,0,0,0
0.22461622749945584,0.04884951615178912,1.442,0.002024581932313474,-0.011884937286376953,-0.004369809150695801,0,0,2,0,-0.22461622749945584,-0.04884951615178912,0.558,-0.002024581932313474,-0.10959568875694178,-0.02329014849472128,0.44159458461538514,-0.004038423376921678,0,0,0,0,0,0,0,0
0.22260683335476641,0.048715246992369295,1.468,0.0019896753472735673,-0.030144927978515625,-0.0019530105590820314,0,0,2,0,-0.22260683335476641,-0.048715246992369295,0.532,-0.0019896753472735673,-0.10211515804953063,-0.02410711459014992,0.42963719999999994,-0.0018285680317047675,0,0,0,0,0,0,0,0
0.22075693809731,0.04813499044821603,1.496,0.0024609142453120287,-0.027765691757202147,-0.00864862060546875,0,0,2,0,-0.22075693809731,-0.04813499044821603,0.504,-0.0024609142453120287,-0.10249430025264192,-0.021541033640871773,0.404345343283582,-0.0045709391619021544,0,0,0,0,0,0,0,0
0.2185557294831586,0.04681752202894295,1.519,0.0022340214425528022,-0.0330666618347168,-0.019680711746215822,0,0,2,0,-0.2185557294831586,-0.04681752202894295,0.4810000000000001,-0.0022340214425528022,-0.09915934394573139,-0.016738548129727297,0.4095111500000006,-0.001170461429618928,0,0,0,0,0,0,0,0
0.21423219119964387,0.04547628492773735,1.542,0.001797689129554247,-0.06489785766601562,-0.019973623275756837,0,0,2,0,-0.21423219119964387,-0.04547628492773735,0.45799999999999996,-0.001797689129554247,-0.08589409457950731,-0.016080348652658543,0.3960232461538455,0.00021615231505446933,0,0,0,0,0,0,0,0
0.20988794933607122,0.04311187768367909,1.567,0.002530727415391953,-0.06522727966308593,-0.03534890747070313,0,0,2,0,-0.20988794933607122,-0.04311187768367909,0.43300000000000005,-0.002530727415391953,-0.08374691999909287,-0.009416790058840266,0.36806851538461594,-0.005913981042335211,0,0,0,0,0,0,0,0
0.20455562126536553,0.04060846488686383,1.59,0.0016755160819146293,-0.08007969665527344,-0.03734865188598633,0,0,2,0,-0.20455562126536553,-0.04060846488686383,0.4099999999999999,-0.0016755160819146293,-0.07589325292530774,-0.007442987724686764,0.36310274615384547,0.0022716131495191722,0,0,0,0,0,0,0,0
0.19866329899555568,0.03882584750069667,1.612,0.001972222054753669,-0.08842951202392578,-0.026591133117675782,0,0,2,0,-0.19866329899555568,-0.03882584750069667,0.3879999999999999,-0.001972222054753669,-0.07101194398944956,-0.010745427033703051,0.35702312686567156,-0.003300756261495638,0,0,0,0,0,0,0,0
0.1911604205811325,0.036938700382715094,1.633,0.002443460952792131,-0.11259878540039063,-0.02808519172668457,0,0,2,0,-0.1911604205811325,-0.036938700382715094,0.367,-0.002443460952792131,-0.05713226909915172,-0.008817338816995557,0.3426535500000006,-0.004652393287347421,0,0,0,0,0,0,0,0
0.18304061296372634,0.033624549488062254,1.652,0.003124139361069922,-0.12191822052001954,-0.04941450881958008,0,0,2,0,-0.18304061296372634,-0.033624549488062254,0.3480000000000001,-0.003124139361069922,-0.05116495257400032,0.00007225124936599894,0.34383652424242483,-0.006218132125968973,0,0,0,0,0,0,0,0
0.17658236857790352,0.03074503385839178,1.671,0.004206243497306472,-0.09700813293457031,-0.04288987731933594,0,0,2,0,-0.17658236857790352,-0.03074503385839178,0.32899999999999996,-0.004206243497306472,-0.05578990496189137,-0.0003353592808667226,0.32759344999999934,-0.009278606635915301,0,0,0,0,0,0,0,0
0.16949977885388365,0.027977709976552235,1.696,0.004625122517785019,-0.10641250610351563,-0.041062625885009765,0,0,2,0,-0.16949977885388365,-0.027977709976552235,0.30400000000000005,-0.004625122517785019,-0.05011981600848513,-0.000042311324597329655,0.28093034242424303,-0.006529118065414775,0,0,0,0,0,0,0,0
0.16409997183952305,0.025483466268238556,1.714,0.006492624817418968,-0.08116928100585938,-0.03703863525390625,0,0,2,0,-0.16409997183952305,-0.025483466268238556,0.28600000000000003,-0.006492624817418968,-0.057297564073943374,-0.0006497015442888075,0.3084038411764706,-0.014731605551098157,0,0,0,0,0,0,0,0
0.15915914985100577,0.021406323069314736,1.73,0.007696902001295136,-0.07450783538818359,-0.06067467880249024,0,0,2,0,-0.15915914985100577,-0.021406323069314736,0.27,-0.007696902001295136,-0.05436838587707446,0.011931237695181314,0.29809462131147535,-0.013619576676095962,0,0,0,0,0,0,0,0
0.1537238826405458,0.01701867754277333,1.75,0.006911503837897738,-0.08203315734863281,-0.06518521881103516,0,0,2,0,-0.1537238826405458,-0.01701867754277333,0.25,-0.006911503837897738,-0.051277801934891135,0.013988200733489083,0.2694872939393939,-0.0033415121860913806,0,0,0,0,0,0,0,0
0.15080236335409972,0.012863420342400886,1.76,0.005969026041820703,-0.04425252532958984,-0.06202449035644531,0,0,2,0,-0.15080236335409972,-0.012863420342400886,0.24,-0.005969026041820703,-0.0630071928537364,0.015164112772407626,0.31526174615384617,-0.0016191285214651584,0,0,0,0,0,0,0,0
0.14817716732386904,0.008918084848836223,1.765,0.004677482395344935,-0.03973048400878906,-0.058943931579589846,0,0,2,0,-0.14817716732386904,-0.008918084848836223,0.2350000000000001,-0.004677482395344935,-0.06360215536559478,0.015678666413024837,0.3401437484848492,0.0011931705431812824,0,0,0,0,0,0,0,0
0.14664459674308905,0.004310283010731522,1.781,0.0019722220547536704,-0.023311599731445313,-0.06900874328613281,0,0,2,0,-0.14664459674308905,-0.004310283010731522,0.21900000000000008,-0.0019722220547536704,-0.06860038003551905,0.02186877263684341,0.26912855384615386,0.010513594901821396,0,0,0,0,0,0,0,0
0.14619367671892802,-0.0011345962829314863,1.794,0.0007330382858377069,-0.006924864768981934,-0.0816596908569336,0,0,2,0,-0.14619367671892802,0.0011345962829314863,0.20599999999999996,-0.0007330382858377069,-0.07433246842498081,0.028655080341141195,0.27730260606060536,0.004899615209234854,0,0,0,0,0,0,0,0
0.14633146518888734,-0.006063361654210208,1.805,-0.0010821041362363273,0.002012631893157959,-0.07393297576904297,0,0,2,0,-0.14633146518888734,0.006063361654210208,0.19500000000000006,0.0010821041362363273,-0.07763978804514049,0.029203169311782594,0.2785337500000006,0.009590584239708363,0,0,0,0,0,0,0,0
0.14629545544019623,-0.011542792652172507,1.826,-0.0007679448708773896,-0.00045120620727539065,-0.08219200134277344,0,0,2,0,-0.14629545544019623,0.011542792652172507,0.17399999999999993,0.0007679448708773896,-0.07677815980335893,0.033620326130597566,0.2133543074626859,-0.0006387384068491968,0,0,0,0,0,0,0,0
0.14771020483727848,-0.016114516435999492,1.836,-0.0012740903539558692,0.021273897171020507,-0.06855953979492188,0,0,2,0,-0.14771020483727848,0.016114516435999492,0.16399999999999992,0.0012740903539558692,-0.0856264214311176,0.03269091236063384,0.2605334444444444,0.0036843069400438674,0,0,0,0,0,0,0,0
0.14703185131294594,-0.020113363955356914,1.853,-0.00185004900711394,-0.010098871231079101,-0.059995628356933596,0,0,2,0,-0.14703185131294594,0.020113363955356914,0.14700000000000002,0.00185004900711394,-0.07392723752243582,0.03051115504716757,0.2133076848484854,0.00446804288510517,0,0,0,0,0,0,0,0
0.14731932357837987,-0.024488810202096437,1.863,-0.0015533430342747892,0.004433498382568359,-0.06562360382080078,0,0,2,0,-0.14731932357837987,0.024488810202096437,0.137,0.0015533430342747892,-0.07933470126953766,0.03543676309857347,0.2416485,0.00016253378659126985,0,0,0,0,0,0,0,0
0.14776091666428673,-0.028011928783202016,1.869,-0.0008726646259969986,0.006705977439880371,-0.05283642578125,0,0,2,0,-0.14776091666428673,0.028011928783202016,0.131,0.0008726646259969986,-0.08035676687345744,0.031422847418061964,0.2615444470588235,-0.002130328351699136,0,0,0,0,0,0,0,0
0.14780930515416432,-0.03170494167494136,1.873,-0.0012566370614358604,0.0007741684913635254,-0.05539453887939453,0,0,2,0,-0.14780930515416432,0.03170494167494136,0.127,0.0012566370614358604,-0.0784700003351813,0.03567236768540777,0.2678046777777778,0.003085077230192345,0,0,0,0,0,0,0,0
0.14762410415411167,-0.03426851762965036,1.88,-0.0017976891295540245,-0.0027296905517578125,-0.038457099914550784,0,0,2,0,-0.14762410415411167,0.03426851762965036,0.1200000000000001,0.0017976891295540245,-0.0772072944049611,0.030263562437136876,0.24751459230769296,0.004294852520868628,0,0,0,0,0,0,0,0
0.1481711232385235,-0.036077865357940185,1.887,-0.0013439035240355715,0.008254062652587891,-0.02712542152404785,0,0,2,0,-0.1481711232385235,0.036077865357940185,0.11299999999999999,0.0013439035240355715,-0.08147669182360585,0.026983202998901883,0.2432314878787873,-0.000718758319230124,0,0,0,0,0,0,0,0
0.14923241107755641,-0.03781218834391176,1.891,-0.0019024088846737442,0.015954264640808104,-0.025993427276611327,0,0,2,0,-0.14923241107755641,0.03781218834391176,0.10899999999999999,0.0019024088846737442,-0.08491810485491284,0.027618578814625837,0.25632273846153847,0.004480125933773002,0,0,0,0,0,0,0,0
0.14974396318170735,-0.03791534464793055,1.899,-0.0014137166941153845,0.0076762113571166996,-0.00153274405002594,0,0,2,0,-0.14974396318170735,0.03791534464793055,0.10099999999999998,0.0014137166941153845,-0.08235264078743815,0.018919896592658084,0.22835759999999997,-0.0008770279491269264,0,0,0,0,0,0,0,0
0.15025701210495201,-0.03768167892081061,1.91,-0.002775073510670855,0.007690771102905274,0.0035158619880676267,0,0,2,0,-0.15025701210495201,0.03768167892081061,0.09000000000000008,0.002775073510670855,-0.08263149829437783,0.0170246611678864,0.20556826666666728,0.008963059040468447,0,0,0,0,0,0,0,0
0.15032749196509265,-0.037402947760927334,1.922,-0.003577924966588263,0.0010455913543701172,0.004183885097503662,0,0,2,0,-0.15032749196509265,0.037402947760927334,0.07800000000000007,0.003577924966588263,-0.08042324404654076,0.016647883844006835,0.1901932153846154,0.007283393224668608,0,0,0,0,0,0,0,0
0.1515414682891787,-0.03650568150804498,1.935,-0.005218534463462987,0.018161373138427736,0.013524060249328613,0,0,2,0,-0.1515414682891787,0.03650568150804498,0.06499999999999995,0.005218534463462987,-0.08709392541774728,0.013037357847066815,0.1769336522388053,0.012564547136036377,0,0,0,0,0,0,0,0
0.15129218456658738,-0.03490282655621037,1.947,-0.00596902604182048,-0.0038646726608276365,0.02402298355102539,0,0,2,0,-0.15129218456658738,0.03490282655621037,0.052999999999999936,0.00596902604182048,-0.07936117283202446,0.00817986693108837,0.1699582999999999,0.009486955315371227,0,0,0,0,0,0,0,0
0.15136561981782776,-0.0340313153006955,1.956,-0.006632251157578373,0.0010234785079956054,0.013079010963439941,0,0,2,0,-0.15136561981782776,0.0340313153006955,0.04400000000000004,0.006632251157578373,-0.08125496905204946,0.011839091761811114,0.18020776153846216,0.009693290153384031,0,0,0,0,0,0,0,0
0.14924004807182073,-0.03218006163037084,1.97,-0.007958701389094047,-0.03206704330444336,0.02755673599243164,0,0,2,0,-0.14924004807182073,0.03218006163037084,0.030000000000000027,0.007958701389094047,-0.0684483823020374,0.005658845886963469,0.1422796846153846,0.014080779380704851,0,0,0,0,0,0,0,0
0.14678392543932223,-0.03083657889392924,1.978,-0.008185594191853385,-0.037001056671142576,0.0198583927154541,0,0,2,0,-0.14678392543932223,0.03083657889392924,0.02200000000000002,0.008185594191853385,-0.0657376919531332,0.007851215991920638,0.16898525757575755,0.009216925113486736,0,0,0,0,0,0,0,0
0.14394322419554523,-0.02928704430110573,1.993,-0.009354964790689535,-0.04279934692382813,0.02289345169067383,0,0,2,0,-0.14394322419554523,0.02928704430110573,0.006999999999999895,0.009354964790689535,-0.062139713554732245,0.005876367129741279,0.11868576923076848,0.014752059862240997,0,0,0,0,0,0,0,0
0.14131182647544419,-0.028169163169223518,2.006,-0.009232791743049917,-0.03962610244750977,0.016398239135742187,0,0,2,0,-0.14131182647544419,0.028169163169223518,-0.005999999999999783,0.009232791743049917,-0.06204288635553052,0.007660024386467166,0.11901600000000193,0.008668916138559375,0,0,0,0,0,0,0,0
0.1392183645685064,-0.02721922925975283,2.01,-0.01029744258676657,-0.03153214645385742,0.013958477973937988,0,0,2,0,-0.1392183645685064,0.02721922925975283,-0.009999999999999787,0.01029744258676657,-0.06398322479452556,0.00810708112835118,0.1642125384615386,0.015211215711612658,0,0,0,0,0,0,0,0
0.13679899969044723,-0.025934888212988977,2.009,-0.010803588069844827,-0.0364869270324707,0.018890401840209962,0,0,2,0,-0.13679899969044723,0.025934888212988977,-0.008999999999999897,0.010803588069844827,-0.061107599553102805,0.005681114466113714,0.19187711538461488,0.01313964414559063,0,0,0,0,0,0,0,0
0.1339139779875941,-0.024591567178216218,2.018,-0.011292280260403187,-0.04349048614501953,0.019681119918823244,0,0,2,0,-0.1339139779875941,0.024591567178216218,-0.017999999999999794,0.011292280260403187,-0.05724474988463145,0.004707853916575995,0.1307139615384623,0.013547782678364846,0,0,0,0,0,0,0,0
0.1315291902579124,-0.02374786953554995,2.016,-0.01106538745764396,-0.03591244125366211,0.012250720977783203,0,0,2,0,-0.1315291902579124,0.02374786953554995,-0.016000000000000014,0.01106538745764396,-0.05902729593469612,0.007060791633796727,0.19127596060605945,0.010034056536011113,0,0,0,0,0,0,0,0
0.12822954598197,-0.02273380148063937,2.019,-0.01165879940332204,-0.04965994644165039,0.014662423133850098,0,0,2,0,-0.12822954598197,0.02273380148063937,-0.019000000000000128,0.01165879940332204,-0.0520612126688903,0.00549677672965127,0.1617420499999993,0.014440417898688038,0,0,0,0,0,0,0,0
0.1256682985381675,-0.02193176972663949,2.022,-0.011588986233242338,-0.03855635833740234,0.01158175277709961,0,0,2,0,-0.1256682985381675,0.02193176972663949,-0.021999999999999797,0.011588986233242338,-0.05532608685004061,0.006402721800509224,0.15969400909091103,0.011271653641970964,0,0,0,0,0,0,0,0
0.12348459282204188,-0.02191207770973355,2.025,-0.012897983172238002,-0.03275680923461914,-0.00008423511683940887,0,0,2,0,-0.12348459282204188,0.02191207770973355,-0.02499999999999991,0.012897983172238002,-0.05613845639083323,0.010554283400835687,0.1568867538461533,0.018939507506064143,0,0,0,0,0,0,0,0
0.11924339442579675,-0.022178258974318577,2.027,-0.013857914260834825,-0.06356118774414063,-0.004812907695770263,0,0,2,0,-0.11924339442579675,0.022178258974318577,-0.027000000000000135,0.013857914260834825,-0.04301655865998229,0.012241107571028222,0.16049586923076792,0.01828836543897401,0,0,0,0,0,0,0,0
0.1161529743693014,-0.022336569352964786,2.035,-0.014765485471871953,-0.04631894302368164,-0.0030168087482452394,0,0,2,0,-0.1161529743693014,0.022336569352964786,-0.03500000000000014,0.014765485471871953,-0.04799664051975857,0.011741245898988433,0.12220985757575747,0.018890809158404354,0,0,0,0,0,0,0,0
0.11362054155405629,-0.022805625472565257,2.039,-0.01500983156715119,-0.03787846755981445,-0.007595943450927734,0,0,2,0,-0.11362054155405629,0.022805625472565257,-0.039000000000000146,0.01500983156715119,-0.04934249050904636,0.013715995477911132,0.13930949999999986,0.016155203888772614,0,0,0,0,0,0,0,0
0.10990634075378791,-0.024007642452225156,2.037,-0.01520181778487051,-0.05543611526489258,-0.018864435195922853,0,0,2,0,-0.10990634075378791,0.024007642452225156,-0.03699999999999992,0.01520181778487051,-0.04171065085681874,0.018142030825587876,0.17314636060606187,0.016074482410867418,0,0,0,0,0,0,0,0
0.10625606601387527,-0.026310325675413044,2.04,-0.015358897417550034,-0.05422274017333984,-0.035368587493896486,0,0,2,0,-0.10625606601387527,0.026310325675413044,-0.040000000000000036,0.015358897417550034,-0.03999577380252754,0.025335205190450683,0.1437264538461532,0.016083880337609376,0,0,0,0,0,0,0,0
0.10220322910563848,-0.028368148836287955,2.044,-0.01576032314550868,-0.06031131362915039,-0.03179737663269043,0,0,2,0,-0.10220322910563848,0.028368148836287955,-0.04400000000000004,0.01576032314550868,-0.03586814500250543,0.025064078809023387,0.1348558384615384,0.01761305727454859,0,0,0,0,0,0,0,0
0.09845061959479491,-0.03122315542395035,2.049,-0.01652826801638629,-0.055607242584228514,-0.04370687866210937,0,0,2,0,-0.09845061959479491,0.03122315542395035,-0.04899999999999993,0.01652826801638629,-0.036277586117771696,0.030346128883763097,0.125946597014926,0.019966827139718868,1427289862126,0,0,0,0,0,0,0
0.09432822322120188,-0.03377828710561237,2.058,-0.01651081472386628,-0.06119404983520508,-0.03934373474121094,0,0,2,0,-0.09432822322120188,0.03377828710561237,-0.05799999999999983,0.01651081472386628,-0.03133558683761922,0.0307044756947915,0.09527605000000074,0.01642900241517874,1427289862126,0,0,0,0,0,0,0
0.09092411703747055,-0.0379218920145412,2.066,-0.017278759594743787,-0.050028465270996095,-0.06298863220214844,0,0,2,0,-0.09092411703747055,0.0379218920145412,-0.06599999999999984,0.017278759594743787,-0.03471858254422058,0.04015606685945855,0.0964695294117648,0.020666751672144545,1427289862126,0,0,0,0,0,0,0
0.08634526295306802,-0.042343610995939654,2.067,-0.01829105056090052,-0.0675265884399414,-0.06750257873535156,0,0,2,0,-0.08634526295306802,0.042343610995939654,-0.06700000000000017,0.01829105056090052,-0.02415545450295094,0.046027118011728485,0.1307854387096754,0.023189232655207295,1427289862126,0,0,0,0,0,0,0
0.08274300759875974,-0.046293481112989365,2.067,-0.01816887751326079,-0.05294114303588867,-0.060226421356201175,0,0,2,0,-0.08274300759875974,0.046293481112989365,-0.06700000000000017,0.01816887751326079,-0.029717941696270105,0.04340242964469089,0.13597499999999987,0.01762987877367375,1427289862126,0,0,0,0,0,0,0
0.07947045700346583,-0.05038883026839059,2.077,-0.019058995431778022,-0.047964099884033204,-0.06231192779541016,0,0,2,-0.01816887751326079,-0.07947045700346583,0.05038883026839059,-0.07699999999999996,0.0008901179185172303,-0.03973522850173292,0.025194415134195295,-0.06159999999999997,0.0008901179185172303,1427289862126,0,0,0,0,0,0,0
0.07550451919910099,-0.05358101836178233,2.082,-0.019582594207376288,-0.05856571960449219,-0.04900785827636719,0,0,2,-0.01816887751326079,-0.07550451919910099,0.05358101836178233,-0.08199999999999985,0.0014137166941154966,-0.0161118601242177,0.044282079668378764,-0.0934685499999993,0.00386808595473237,1427289862515,0,0,0,0,0,0,0
0.0748154717860933,-0.05587533501638304,2.083,-0.019826940302655523,-0.009659842491149902,-0.034610538482666015,0,0,2,-0.01816887751326079,-0.0748154717860933,0.05587533501638304,-0.08300000000000018,0.001658062789394732,-0.033735712647391336,0.04055476377920118,-0.07292475000000198,0.0028034351110161476,1427289862580,0,0,0,0,0,0,0
0.07415730042288211,-0.05875328346782751,2.087,-0.02015855286053436,-0.009014772415161134,-0.043356472015380856,0,0,2,-0.01816887751326079,-0.07415730042288211,0.05875328346782751,-0.08700000000000019,0.0019896753472735673,-0.03373349614025502,0.044747318815733704,-0.09244232121212137,0.003497005155813728,1427289862646,0,0,0,0,0,0,0
0.07463877742171718,-0.06349089981085107,2.087,-0.02005383310541475,0.008653142929077148,-0.07090422821044921,0,0,2,-0.01816887751326079,-0.07463877742171718,0.06349089981085107,-0.08700000000000019,0.0018849555921539585,-0.040067086031500984,0.05701990616373704,-0.07180440000000016,0.0014089567052466456,1427289862712,0,0,0,0,0,0,0
0.0746778025080716,-0.06827457730668927,2.086,-0.018936822384138404,0.002024128198623657,-0.07172899627685547,0,0,2,-0.01816887751326079,-0.0746778025080716,0.06827457730668927,-0.08599999999999985,0.0007679448708776127,-0.037791987111643964,0.06009066379484873,-0.06617878461538271,-0.0043874892273209065,1427289862777,0,0,0,0,0,0,0
0.07512372207652944,-0.07228509337249117,2.085,-0.018360863730980222,0.007826722621917725,-0.06002029800415039,0,0,2,-0.01816887751326079,-0.07512372207652944,0.07228509337249117,-0.08499999999999996,0.00019198621771943092,-0.040291513637635716,0.05831643058323341,-0.06583865000000058,-0.002507819968959546,1427289862841,0,0,0,0,0,0,0
0.0764504770206468,-0.07638461643255905,2.085,-0.01799434458806148,0.021026968002319336,-0.06111709594726562,0,0,2,-0.01816887751326079,-0.0764504770206468,0.07638461643255905,-0.08499999999999996,-0.00017453292519931107,-0.045710026363462906,0.060557687317921396,-0.07185989999999998,-0.001866159738670428,1427289862906,0,0,0,0,0,0,0
0.07800386893608481,-0.07922218973632829,2.083,-0.01661553447898589,0.02406296920776367,-0.04213744735717773,0,0,2,-0.01816887751326079,-0.07800386893608481,0.07922218973632829,-0.08300000000000018,-0.001553343034274901,-0.04763182419102085,0.055002142893163075,-0.060201639393940715,-0.00782066171189122,1427289862972,0,0,0,0,0,0,0
0.08052114805363646,-0.08145247824382555,2.078,-0.01680752069670532,0.038309810638427734,-0.032822349548339846,0,0,2,-0.01816887751326079,-0.08052114805363646,0.08145247824382555,-0.07799999999999985,-0.0013613568165554701,-0.054259697959721145,0.053131739850412744,-0.04039162307692114,-0.0004752665809273275,1427289863037,0,0,0,0,0,0,0
0.08176747329599136,-0.08363913342328294,2.081,-0.016074482410867726,0.01924349594116211,-0.03248099517822266,0,0,2,-0.01816887751326079,-0.08176747329599136,0.08363913342328294,-0.08099999999999996,-0.002094395102393065,-0.047798791934650496,0.05352753907671107,-0.08570667647058879,-0.0053283875399118665,1427289863105,0,0,0,0,0,0,0
0.08355848663151844,-0.08373632303652177,2.079,-0.015865042900628287,0.026885162353515624,-0.0010258302688598633,0,0,2,-0.01816887751326079,-0.08355848663151844,0.08373632303652177,-0.07900000000000018,-0.002303834612632505,-0.05244175468064428,0.04292185861064796,-0.05786497741935623,-0.003317251597662052,1427289863167,0,0,0,0,0,0,0
0.08579660957801466,-0.08437558562805493,2.075,-0.015323990832510122,0.03371974182128906,-0.00905513572692871,0,0,2,-0.01816887751326079,-0.08579660957801466,0.08437558562805493,-0.07500000000000018,-0.002844886680750669,-0.05555745604831342,0.04618986617977404,-0.044904338461538594,-0.005342050072065272,1427289863232,0,0,0,0,0,0,0
0.08806457983233855,-0.08394760011814961,2.07,-0.014870205226991558,0.033917186737060546,0.006940323829650879,0,0,2,-0.01816887751326079,-0.08806457983233855,0.08394760011814961,-0.06999999999999984,-0.003298672286269233,-0.05672524753285136,0.04031947552743504,-0.03638964848484657,-0.005361334129535433,1427289863298,0,0,0,0,0,0,0
0.08873810056810193,-0.0826927360318081,2.065,-0.01474803217935194,0.009821803092956542,0.018971105575561524,0,0,2,-0.01816887751326079,-0.08873810056810193,0.0826927360318081,-0.06499999999999995,-0.0034208453339088507,-0.048719222796700344,0.0352584534260549,-0.032404223076923616,-0.0039847209383993935,1427289863363,0,0,0,0,0,0,0
0.0907229627583034,-0.08040914347404035,2.058,-0.01436405974391319,0.029264535903930664,0.03468923950195312,0,0,2,-0.01816887751326079,-0.0907229627583034,0.08040914347404035,-0.05799999999999983,-0.0038048177693476015,-0.05667066527355008,0.02881672711316288,-0.016988887878787134,-0.005550147021341923,1427289863429,0,0,0,0,0,0,0
0.09070698079182887,-0.0779175692862785,2.058,-0.01436405974391319,-0.0007765231132507325,0.03736631393432617,0,0,2,-0.01816887751326079,-0.09070698079182887,0.0779175692862785,-0.05799999999999983,-0.0038048177693476015,-0.046109792743294895,0.026315378269601883,-0.054487099999999865,-0.0038048177693476015,1427289863494,0,0,0,0,0,0,0
0.09079377827064501,-0.07494122421450466,2.055,-0.014905111812031465,0.0006605639457702637,0.044659271240234374,0,0,2,-0.01816887751326079,-0.09079377827064501,0.07494122421450466,-0.05500000000000016,-0.0032637657012293264,-0.046765635220913225,0.022265612769389785,-0.03629075384615576,-0.0007666023099142105,1427289863559,0,0,0,0,0,0,0
0.09182661427942435,-0.07165072238085186,2.048,-0.014329153158873285,0.01475516700744629,0.04958295440673828,0,0,2,-0.01816887751326079,-0.09182661427942435,0.07165072238085186,-0.04800000000000004,-0.0038397243543875064,-0.05243579414746326,0.01897532148891655,-0.009464292307691725,-0.0064979950612714145,1427289863624,0,0,0,0,0,0,0
0.09330876401945344,-0.06824705217828193,2.042,-0.013840460968314925,0.0214984130859375,0.05136837005615234,0,0,2,-0.01816887751326079,-0.09330876401945344,0.06824705217828193,-0.041999999999999815,-0.004328416544945866,-0.05565690134389686,0.016708478831224456,-0.010321907692306322,-0.006583918962907526,1427289863689,0,0,0,0,0,0,0
0.09447186292188314,-0.06480263994478011,2.035,-0.01300270292735761,0.016729751586914064,0.051902694702148436,0,0,2,-0.01816887751326079,-0.09447186292188314,0.06480263994478011,-0.03500000000000014,-0.005166174585903181,-0.05439683043961689,0.015363947185440544,-0.0006969358208973528,-0.008917329993174739,1427289863756,0,0,0,0,0,0,0
0.09410673529412578,-0.06123376907628569,2.031,-0.01253146402931926,-0.006172506332397461,0.05345732498168945,0,0,2,-0.01816887751326079,-0.09410673529412578,0.06123376907628569,-0.03100000000000014,-0.005637413483941532,-0.04623347437309707,0.01239551495160323,-0.012727138461538563,-0.007812362244118536,1427289863821,0,0,0,0,0,0,0
0.09532236984123334,-0.05782415654853135,2.028,-0.012461650859239446,0.017592191696166992,0.051368671417236327,0,0,2,-0.01816887751326079,-0.09532236984123334,0.05782415654853135,-0.028000000000000025,-0.005707226654021345,-0.05562094184312994,0.011001843069694858,-0.015375333333332727,-0.0060396703210680745,1427289863884,0,0,0,0,0,0,0
0.09580318223084537,-0.05399013992604865,2.026,-0.01300270292735761,0.006494971752166748,0.05759565734863281,0,0,2,-0.01816887751326079,-0.09580318223084537,0.05399013992604865,-0.0259999999999998,-0.005166174585903181,-0.05172081554868467,0.007730853740314531,-0.02000753939393805,-0.00270684700354789,1427289863950,0,0,0,0,0,0,0
0.09600080331476742,-0.05080854692405728,2.025,-0.01281071670963829,0.002343543529510498,0.04775840377807617,0,0,2,-0.01816887751326079,-0.09600080331476742,0.05080854692405728,-0.02499999999999991,-0.005358160803622501,-0.05039637746942628,0.009373334500059761,-0.02459148461538514,-0.006244251039250131,1427289864015,0,0,0,0,0,0,0
0.09645694054068446,-0.04771257875216923,2.021,-0.012217304763960211,0.006246589660644532,0.046523361206054686,0,0,2,-0.01816887751326079,-0.09645694054068446,0.04771257875216923,-0.020999999999999908,-0.00595157274930058,-0.051973688406538,0.009054319297291974,-0.006330664705882262,-0.008569566627292108,1427289864083,0,0,0,0,0,0,0
0.09649450449392247,-0.045940926437924766,2.019,-0.012147491593880398,0.000238753080368042,0.02657968521118164,0,0,2,-0.01816887751326079,-0.09649450449392247,0.045940926437924766,-0.019000000000000128,-0.006021385919380394,-0.04991658641727737,0.014130843746760609,-0.014146377419356187,-0.006359191581056909,1427289864145,0,0,0,0,0,0,0
0.09702648491857897,-0.04378054337380126,2.017,-0.011484266478122616,0.007585478782653809,0.03250028610229492,0,0,2,-0.01816887751326079,-0.09702648491857897,0.04378054337380126,-0.016999999999999904,-0.006684611035138175,-0.052855667847493584,0.011624233582408406,-0.013342839393938134,-0.009699270652219,1427289864211,0,0,0,0,0,0,0
0.09689880770429328,-0.04164157874582173,2.016,-0.010646508437165301,-0.0022834904193878174,0.032060359954833986,0,0,2,-0.01816887751326079,-0.09689880770429328,0.04164157874582173,-0.016000000000000014,-0.00752236907609549,-0.04934621246047857,0.010520893306837142,-0.017868284615385224,-0.011388944649744635,1427289864276,0,0,0,0,0,0,0
0.09618029338472434,-0.040063953413647116,2.013,-0.010786134777324928,-0.01102904224395752,0.023548295974731445,0,0,2,-0.01816887751326079,-0.09618029338472434,0.040063953413647116,-0.0129999999999999,-0.007382742735935864,-0.045927623776800285,0.01290982974961932,-0.00502960909090841,-0.006748077553392107,1427289864342,0,0,0,0,0,0,0
0.09512608821241471,-0.03916259332020372,2.01,-0.011239920382843379,-0.015957987785339356,0.013349056243896484,2.5,0,2,0,2.4048739117875853,0.03916259332020372,-0.009999999999999787,0.011239920382843379,1.2024369558937926,0.01958129666010186,-0.00799999999999983,0.011239920382843379,0,0,0,0,0,0,0,0
0.0944021063191412,-0.03836889032577481,2.004,-0.011746065865921747,-0.010992856979370117,0.011782732963562012,2.5,0,2,0,2.405597893680859,0.03836889032577481,-0.0040000000000000036,0.011746065865921747,1.2082978054712252,0.014868438001912815,0.029586899999998813,0.0141186228178516,0,0,0,0,0,0,0,0
0.09217412788655012,-0.03753170178788262,2,-0.010279989294246557,-0.03356487274169922,0.012164421081542968,2.5,0,2,0,2.40782587211345,0.03753170178788262,0,0.010279989294246557,1.2184152584359,0.014569695332443343,0.020264255072463783,0.003905743330441384,0,0,0,0,0,0,0,0
0.09195457689011843,-0.0351056477314148,1.999,-0.008796459430051248,-0.0036671814918518065,0.03635503387451172,2.5,0,2,0,2.408045423109882,0.0351056477314148,0.0009999999999998899,0.008796459430051248,1.2099560830072926,0.003929575883540801,0.006425761290321869,0.0016180891194287807,0,0,0,0,0,0,0,0
0.09631965284837839,-0.030190247102109217,2,-0.007574728953655293,0.06482504272460937,0.07430410766601563,2.5,0,2,0,2.4036803471516217,0.030190247102109217,0,0.007574728953655293,1.1849724431892907,-0.01087925090896412,-0.005322430303029719,0.0020214086064009535,0,0,0,0,0,0,0,0
0.10358507422679049,-0.025225703647708035,1.996,-0.007103490055616831,0.10841412353515625,0.07529151153564453,2.5,0,2,0,2.3964149257732097,0.025225703647708035,0.0040000000000000036,0.007103490055616831,1.1662887949710712,-0.014428706713344905,0.025081200000000022,0.004894557721061541,0,0,0,0,0,0,0,0
0.11868692727051161,-0.02120261333356637,1.991,-0.0059690260418204764,0.22609341430664062,0.06195395660400391,2.5,0,2,0,2.3813130727294882,0.02120261333356637,0.008999999999999897,0.0059690260418204764,1.118700824874252,-0.0109394171547168,0.034187776923076264,0.0007330382858373018,0,0,0,0,0,0,0,0
0.1372826266203052,-0.01775280546354054,1.991,-0.003909537524467206,0.27862164306640624,0.05341115951538086,2.5,0,2,0,2.3627173733796947,0.01775280546354054,0.008999999999999897,0.003909537524467206,1.0921257229208947,-0.009565876297862397,0.007323199999999916,-0.005595794094086348,0,0,0,0,0,0,0,0
0.16417487378899948,-0.016189891450653165,1.997,-0.0009250245035567995,0.4032889709472656,0.025020570755004884,2.5,0,2,0,2.3358251262110006,0.016189891450653165,0.0029999999999998916,0.0009250245035567995,1.0398934027830191,0.00007492626714909224,-0.028799983582089666,-0.012438466634848006,0,0,0,0,0,0,0,0
0.20120690846425798,-0.015574285894753325,2.003,0.004433136300065703,0.5554717407226563,0.009747912406921386,2.5,0,2,0,2.298793091535742,0.015574285894753325,-0.0030000000000001137,-0.004433136300065703,0.9608115615883227,0.004574974335069649,-0.035088400000000124,-0.029549515067046183,0,0,0,0,0,0,0,0
0.245462128799595,-0.016064496685645135,1.997,0.0053058009260629245,0.6637891845703126,-0.010295921325683594,2.5,0,2,0,2.254537871200405,0.016064496685645135,0.0029999999999998916,-0.0053058009260629245,0.904371000400057,0.01083671110352899,0.03485129230769224,-0.00933348381528087,0,0,0,0,0,0,0,0
0.29584483481291474,-0.01772218871217256,1.993,0.007906341511534468,0.7555980224609375,-0.028874820709228515,2.5,0,2,0,2.2041551651870854,0.01772218871217256,0.006999999999999895,-0.007906341511534468,0.8476181946000914,0.01796351396210892,0.027327561538461467,-0.019908836521403128,0,0,0,0,0,0,0,0
0.3515070506863464,-0.018730205627365343,1.995,0.010035643198967551,0.83478759765625,-0.02172097969055176,2.5,0,2,0,2.1484929493136535,0.018730205627365343,0.004999999999999893,-0.010035643198967551,0.7927554770644407,0.014981446453868879,-0.006547630769230868,-0.019863189448658704,0,0,0,0,0,0,0,0
0.41366426410677803,-0.020059934392151802,1.983,0.012409290981679758,0.932111083984375,-0.029301584243774412,2.5,0,2,0,2.086335735893222,0.020059934392151802,0.016999999999999904,-0.012409290981679758,0.7428883688068635,0.017076360373844177,0.07570190588235291,-0.02288126649364538,0,0,0,0,0,0,0,0
0.48405719570337685,-0.01998218276439549,1.976,0.01534144412503025,1.0558271484375,-0.01193637466430664,2.5,0,2,0,2.015942804296623,0.01998218276439549,0.02400000000000002,-0.01534144412503025,0.6378169385535761,0.009773927675877508,0.05857728888888955,-0.02930407814098497,0,0,0,0,0,0,0,0
0.563052540181957,-0.01783725764326181,1.966,0.015481070465189765,1.1852843017578125,0.013992263793945312,2.5,0,2,0,1.936947459818043,0.01783725764326181,0.03400000000000003,-0.015481070465189765,0.5652905771741414,-0.0024045839857905586,0.0817555538461539,-0.01612549972746445,0,0,0,0,0,0,0,0
0.6508537553734586,-0.014251208899110065,1.967,0.015097098029751125,1.317693115234375,0.03339624786376953,2.5,0,2,0,1.8491462446265414,0.014251208899110065,0.03299999999999992,-0.015097098029751125,0.49608891684906825,-0.011095924559903417,0.022186741176469946,-0.013403101991051243,0,0,0,0,0,0,0,0
0.7410555564761089,-0.008290864543209925,1.969,0.014032447186034473,1.3542225341796874,0.0689689712524414,2.5,0,2,0,1.758944443523891,0.008290864543209925,0.030999999999999917,-0.014032447186034473,0.3947928653186916,-0.029260457806564038,0.014635677419354755,-0.008880910845470026,0,0,0,0,0,0,0,0
0.8356414932451807,-0.0008648070827548,1.971,0.013543754995476113,1.42021240234375,0.09147146606445312,2.5,0,2,0,1.6643585067548194,0.0008648070827548,0.028999999999999915,-0.013543754995476113,0.3637130931973068,-0.03811863936111547,0.014072538805970067,-0.011355581007901369,0,0,0,0,0,0,0,0
0.936600735039703,0.0074647976008114245,1.974,0.01200786525372111,1.51594189453125,0.1044227294921875,2.5,0,2,0,1.563399264960297,-0.0074647976008114245,0.026000000000000023,-0.01200786525372111,0.2562188341042593,-0.049047907306626434,0.005880450000000606,-0.004808382089244532,0,0,0,0,0,0,0,0
1.042870364154067,0.016167257644498483,1.977,0.011920598791121288,1.5954969482421875,0.11138687896728515,2.5,0,2,0,1.457129635845933,-0.016167257644498483,0.02299999999999991,-0.011920598791121288,0.18393092752759566,-0.0547165206679241,0.003882353846153156,-0.011517830502199032,0,0,0,0,0,0,0,0
1.1551546272706965,0.024240241913824928,1.978,0.011257373675363504,1.6855877685546874,0.10100920104980468,2.5,0,2,0,1.3448453727293035,-0.024240241913824928,0.02200000000000002,-0.011257373675363504,0.10545062390094462,-0.054720891343137526,0.014078369696970289,-0.00824271405828267,0,0,0,0,0,0,0,0
1.272611744028396,0.03168996341888893,1.98,0.011222467090323597,1.7630030517578126,0.09190528106689454,2.5,0,2,0,1.227388255971604,-0.03168996341888893,0.020000000000000018,-0.011222467090323597,0.0006108365981616348,-0.056395417936951305,0.006971899999999996,-0.011058842472949035,0,0,0,0,0,0,0,0
1.3911597386557066,0.03858323188338787,1.979,0.010367255756846496,1.779268310546875,0.08343692016601563,2.5,0,2,0,1.1088402613442934,-0.03858323188338787,0.020999999999999908,-0.010367255756846496,-0.044251326746439945,-0.05568206417558608,0.024151030303029633,-0.0064799315137687614,0,0,0,0,0,0,0,0
1.5169991205741553,0.045679308630836454,1.982,0.007958701389094271,1.8885927734375,0.08686664581298828,2.5,0,2,0,0.9830008794258447,-0.045679308630836454,0.018000000000000016,-0.007958701389094271,-0.145188684881278,-0.06033574936319422,0.000657709090909675,0.0029892730097794765,0,0,0,0,0,0,0,0
1.6476752975510232,0.05445365854198099,1.983,0.0037175513067480032,1.9611280517578125,0.11601105499267578,2.5,0,2,0,0.8523247024489768,-0.05445365854198099,0.016999999999999904,-0.0037175513067480032,-0.24628365963734838,-0.07437410869401774,0.01049268461538393,0.015856987534850153,0,0,0,0,0,0,0,0
1.7864922078286836,0.06271950744568121,1.986,-0.0009599310885967088,2.0827001953125,0.11624600982666015,2.5,0,2,0,0.7135077921713164,-0.06271950744568121,0.014000000000000012,0.0009599310885967088,-0.3260647794248596,-0.07384799342313453,-0.0018686764705876727,0.02159588283276455,0,0,0,0,0,0,0,0
1.927767596195462,0.06936369783128292,1.989,-0.003595378259108271,2.1190341796875,0.10169702911376953,2.5,0,2,0,0.5722324038045381,-0.06936369783128292,0.010999999999999899,0.003595378259108271,-0.4793712403015932,-0.0721758099451719,-0.0056947838709684746,0.016347541987390024,0,0,0,0,0,0,0,0
2.0689096809551946,0.07459973722741914,1.995,-0.00644026493985894,2.116835205078125,0.08615195465087891,2.5,0,2,0,0.43109031904480544,-0.07459973722741914,0.004999999999999893,0.00644026493985894,-0.5240148072236328,-0.06596863755235327,-0.02633980000000012,0.019775671255877703,0,0,0,0,0,0,0,0
2.2024823216261344,0.07816530329386474,2.001,-0.008674286382411743,2.00320361328125,0.06638594055175781,2.5,0,2,0,0.29751767837386556,-0.07816530329386474,-0.0009999999999998899,0.008674286382411743,-0.49626744454614924,-0.0572569688820979,-0.02876898260869447,0.01838742308916306,0,0,0,0,0,0,0,0
2.329514720655084,0.08051071335000039,2.01,-0.009826203688727995,1.905109130859375,0.051708351135253905,2.5,0,2,0,0.17048527934491586,-0.08051071335000039,-0.009999999999999787,0.009826203688727995,-0.5992539445875564,-0.053633603926403955,-0.05640265161290248,0.01539999710638728,0,0,0,0,0,0,0,0
2.4418127817256554,0.08018072542137726,2.024,-0.010698868314725106,1.684438232421875,0.011602108001708984,2.5,0,2,0,0.05818721827434459,-0.08018072542137726,-0.02400000000000002,0.010698868314725106,-0.5248772703805141,-0.038558295451710974,-0.0900913283582102,0.014606321863965897,1427289866429,0,0,0,0,0,0,0
2.545183739268588,0.07926815290263352,2.036,-0.010786134777324928,1.5506220703125,0.002901163101196289,2.5,0,2,0,-0.045183739268587875,-0.07926815290263352,-0.03600000000000003,0.010786134777324928,-0.564242650059501,-0.03480591833989713,-0.09345046666666676,0.011201689361133605,1427289866429,0,0,0,0,0,0,0
2.6327444603929586,0.07846123848696875,2.054,-0.01155407964820243,1.3134649658203126,0.0020633392333984377,2.5,0,2,0,-0.13274446039295862,-0.07846123848696875,-0.053999999999999826,0.01155407964820243,-0.49816468198253344,-0.035245001277598,-0.1369947454545442,0.015044738152191072,0,0,0,0,0,0,0,0
2.700061729765418,0.07800617262070482,2.067,-0.012112585008840602,1.0097705078125,0.004841044425964356,2.5,0,2,0,-0.20006172976541814,-0.07800617262070482,-0.06700000000000017,0.012112585008840602,-0.4300938036286307,-0.0368969092903937,-0.12237570000000199,0.014690302057939862,0,0,0,0,0,0,0,0
2.7503611301910684,0.07870722933158192,2.072,-0.012950343049797806,0.7543082885742187,0.019653692245483398,2.5,0,2,0,-0.2503611301910684,-0.07870722933158192,-0.07200000000000006,0.012950343049797806,-0.3596703825556172,-0.04346746406361317,-0.08336605151515102,0.016758334145057823,0,0,0,0,0,0,0,0
2.7896639586965786,0.07951511836194262,2.074,-0.013770647798235223,0.5893360595703125,0.019751882553100585,2.5,0,2,0,-0.28966395869657857,-0.07951511836194262,-0.07399999999999984,0.013770647798235223,-0.3277052804499679,-0.04462271640740627,-0.06986199999999868,0.017615826306535617,0,0,0,0,0,0,0,0
2.8122053546699712,0.08128563567456155,2.071,-0.014835298641951765,0.33772317504882815,0.031211238861083984,2.5,0,2,0,-0.31220535466997124,-0.08128563567456155,-0.07100000000000017,0.014835298641951765,-0.2402728257278523,-0.050258062917316174,-0.04156612352941362,0.01953228765834827,0,0,0,0,0,0,0,0
2.823899740853955,0.0823867934832574,2.066,-0.01555088363526935,0.17515145874023438,0.019117799758911133,2.5,0,2,0,-0.323899740853955,-0.0823867934832574,-0.06599999999999984,0.01555088363526935,-0.1952709967503043,-0.04786513212707533,-0.025645322222220233,0.01895843122249595,0,0,0,0,0,0,0,0
2.827242555229929,0.08402597647426809,2.068,-0.015515977050229555,0.049753807067871095,0.0253644962310791,2.5,0,2,0,-0.3272425552299292,-0.08402597647426809,-0.06800000000000006,0.015515977050229555,-0.14915569397382292,-0.050939854495917876,-0.06563722753623308,0.015364209289186966,0,0,0,0,0,0,0,0
2.822702802796824,0.08624178276886531,2.055,-0.014625859131712436,-0.06860377502441406,0.03217655563354492,2.5,0,2,0,-0.3227028027968242,-0.08624178276886531,-0.05500000000000016,0.014625859131712436,-0.1040786017992325,-0.05649931147341039,0.029162363934425527,0.010248230024251194,0,0,0,0,0,0,0,0
2.8093057552161422,0.0896282994208769,2.047,-0.014259339988793581,-0.20167715454101562,0.047853271484375,2.5,0,2,0,-0.30930575521614223,-0.0896282994208769,-0.04700000000000015,0.014259339988793581,-0.051490938100495626,-0.06377227518479905,0.0037436230769229764,0.012567713175321944,0,0,0,0,0,0,0,0
2.790598134685838,0.09435657217700903,2.039,-0.014643312424232332,-0.2815970764160156,0.06691564178466797,2.5,0,2,0,-0.29059813468583817,-0.09435657217700903,-0.039000000000000146,0.014643312424232332,-0.013730623817231849,-0.07342258389542927,0.009890123076922983,0.016415492895488104,0,0,0,0,0,0,0,0
2.7633635833127985,0.09853005308663686,2.039,-0.013159782560037131,-0.4093911437988281,0.05661365509033203,2.5,0,2,0,-0.2633635833127985,-0.09853005308663686,-0.039000000000000146,0.013159782560037131,0.045629708539480146,-0.07258602817280321,-0.03344030000000013,0.006312721648366976,0,0,0,0,0,0,0,0
2.735338138707154,0.10292766444684666,2.03,-0.012077678423800694,-0.42121331787109373,0.06042648696899414,2.5,0,2,0,-0.2353381387071538,-0.10292766444684666,-0.029999999999999805,0.012077678423800694,0.05923874627114539,-0.0753538025325193,0.02057362537313625,0.007232436022742019,0,0,0,0,0,0,0,0
2.7052061702490127,0.10778088439287568,2.019,-0.009704030641088376,-0.45282577514648437,0.06733425903320313,2.5,0,2,0,-0.20520617024901266,-0.10778088439287568,-0.019000000000000128,0.009704030641088376,0.09255602475857197,-0.08141784219357909,0.04239334999999811,-0.0014224433403756155,0,0,0,0,0,0,0,0
2.6726588029329834,0.11095894705220148,2.006,-0.0067020643276581825,-0.48865011596679686,0.042931159973144534,2.3429749247635643,0.03207010653645453,2,0,-0.32968387816941913,-0.07888884051574696,-0.005999999999999783,0.0067020643276581825,-0.7661031769474081,0.10606863877842712,0.058537728985509144,-0.006349963122038308,0,1,0,0,0,0,0,0
2.636757352999159,0.11366482777494472,1.995,-0.005724679946541352,-0.5387816772460937,0.03697811889648438,2.3429749247635643,0.03207010653645453,2,0,-0.29378242823559475,-0.08159472123849018,0.004999999999999893,0.005724679946541352,0.08906892995247292,-0.05741346524694534,0.06454095409835871,0.0009178715148192356,0,0,0,0,0,0,0,0
2.610804077007279,0.11224709489589468,1.986,-0.002722713633111048,-0.3891710205078125,-0.023494245529174805,2.3429749247635643,0.03207010653645453,2,0,-0.26782915224371484,-0.08017698835944015,0.014000000000000012,0.002722713633111048,0.03350788390596804,-0.03371369007003895,0.056445872727273354,-0.010922587791572153,0,1,0,0,0,0,0,0
2.5833296547901003,0.10998076488153065,1.988,-0.0008028514559172938,-0.41202224731445314,-0.03511689758300781,2.3429749247635643,0.03207010653645453,2,0,-0.24035473002653607,-0.07791065834507613,0.01200000000000001,0.0008028514559172938,0.05086311204459386,-0.028486850832274438,-0.0030939176470588326,-0.007667128737584562,0,1,0,0,0,0,0,0
2.5555656705285807,0.11005388343263749,1.994,-0.002897246558310359,-0.41646051025390624,0.0007624226212501526,2.3429749247635643,0.03207010653645453,2,0,-0.21259074576501646,-0.07798377689618297,0.006000000000000005,0.002897246558310359,0.07993299983693267,-0.04064945996127816,-0.031433567741935516,0.013031416408599382,0,1,0,0,0,0,0,0
2.525870818997463,0.11072228109031154,1.994,-0.005253441048502779,-0.445449951171875,0.008735424995422363,2.3429749247635643,0.03207010653645453,2,0,-0.18289589423389874,-0.07865217455385701,0.006000000000000005,0.005253441048502779,0.09540024260754443,-0.044167336244127844,0.002476999999999995,0.01596341600392287,0,1,0,0,0,0,0,0
2.500552956350327,0.1128402266956735,1.999,-0.005410520681182414,-0.3799295959472656,0.02977366638183594,2.3429749247635643,0.03207010653645453,2,0,-0.15757803158676253,-0.08077012015921897,0.0009999999999998899,0.005410520681182414,0.08894268782892004,-0.05331598391991406,-0.028860350000000725,0.0061468314593682,0,1,0,0,0,0,0,0
2.479897106028442,0.11552020894407486,2,-0.005218534463462984,-0.31005072021484376,0.03852276992797852,2.3429749247635643,0.03207010653645453,2,0,-0.13692218126487754,-0.08345010240762032,0,0.005218534463462984,0.07026178319051596,-0.057340564157236165,-0.0076196303030297285,0.004345869837465575,0,1,0,0,0,0,0,0
2.458087602789207,0.11947027708069712,2,-0.004258603374866051,-0.3274472961425781,0.057543018341064456,2.3429749247635643,0.03207010653645453,2,0,-0.11511267802564262,-0.0874001705442426,0,0.004258603374866051,0.08548104992601532,-0.06579681356074427,-0.0023166000000000102,-0.000039595529299317825,0,1,0,0,0,0,0,0
2.4405317694330457,0.12385739381033121,2.003,-0.0024085543677521103,-0.2636153564453125,0.06468470764160156,2.3429749247635643,0.03207010653645453,2,0,-0.09755684466948145,-0.0917872872738767,-0.0030000000000001137,0.0024085543677521103,0.07779967252420944,-0.07178638434094534,-0.021402166666667395,-0.006401202808980941,1427289867992,1,0,0,0,0,0,0
2.4269426066851882,0.12680083735709435,2.015,-0.00003490658503979213,-0.2039431915283203,0.04366057205200195,2.3429749247635643,0.03207010653645453,2,0,-0.08396768192162396,-0.09473073082063982,-0.015000000000000124,0.00003490658503979213,0.06017968216681607,-0.06479612177481846,-0.07904838461538477,-0.010920390873632444,1427289867992,1,0,0,0,0,0,0
2.415648883131158,0.1291323312847641,2.018,0.0005585053606381764,-0.16940707397460938,0.034966495513916014,2.3429749247635643,0.03207010653645453,2,0,-0.07267395836759372,-0.09706222474830956,-0.017999999999999794,-0.0005585053606381764,0.052497122576222355,-0.06254060135110337,-0.032860890909089,-0.003255832386447124,1427289867992,1,0,0,0,0,0,0
2.407592281772934,0.13078189301393234,2.021,0.00047123889803857635,-0.12083518218994141,0.024810916900634767,2.3429749247635643,0.03207010653645453,2,0,-0.06461735700936977,-0.0987117864774778,-0.020999999999999908,-0.00047123889803857635,0.03997416335341464,-0.059947817391886205,-0.0356421461538467,-0.00006847060911734548,1427289867992,1,0,0,0,0,0,0
2.4001444798702587,0.13135797805976515,2.021,-0.00012217304763950318,-0.11171294403076172,0.008693920135498048,2.3429749247635643,0.03207010653645453,2,0,-0.057169555106694414,-0.09928787152331062,-0.020999999999999908,0.00012217304763950318,0.03977455195803019,-0.05447413090042991,-0.019626899999999937,0.0028195000734489556,1427289867992,1,0,0,0,0,0,0
2.3946158966468083,0.13109227317568883,2.023,-0.0007330382858374805,-0.08292826080322266,-0.003995704889297486,2.3429749247635643,0.03207010653645453,2,-0.00012217304763950318,-0.05164097188324401,-0.0990221666392343,-0.02300000000000013,0.0006108652381979773,-0.025820485941622007,-0.04951108331961715,-0.018400000000000107,0.0006108652381979773,1427289867992,1,0,0,0,0,0,0
2.390848364588399,0.12882096280775915,2.023,-0.0008203047484371916,-0.05648799133300781,-0.034111072540283206,2.3429749247635643,0.03207010653645453,2,-0.00012217304763950318,-0.04787343982483483,-0.09675085627130461,-0.02300000000000013,0.0006981317007976884,-0.0036811265645618,-0.036208183441838036,-0.018549500000000108,0.0011008999897194316,1427289868383,1,0,0,0,0,0,0
2.3870050354154575,0.12469265075087194,2.022,-0.0018500490071139374,-0.05759912109375,-0.06197195053100586,2.3429749247635643,0.03207010653645453,2,-0.00012217304763950318,-0.04403011065189322,-0.0926225442144174,-0.021999999999999797,0.0017278759594744342,-0.0013799432409939555,-0.024204992203516358,-0.012507884615382657,0.006480541768751722,1427289868448,1,0,0,0,0,0,0
2.382586687435848,0.11912987219008074,2.025,-0.0013089969389956622,-0.06612073516845703,-0.08356414794921875,2.3429749247635643,0.03207010653645453,2,-0.00012217304763950318,-0.039611762672283835,-0.08705976565362622,-0.02499999999999991,0.001186823891356159,0.003538870817885769,-0.014210851705537295,-0.036366590909091445,-0.0012725036909996368,1427289868514,1,0,0,0,0,0,0
2.379569687902261,0.11324126928833149,2.026,-0.0017104226669543109,-0.04513933181762695,-0.08838820648193359,2.3429749247635643,0.03207010653645453,2,-0.00012217304763950318,-0.036594763138696695,-0.08117116275187697,-0.0259999999999998,0.0015882496193148077,-0.0024081752333525823,-0.009592266868513388,-0.02673213030302956,0.0034129120191268465,1427289868580,1,0,0,0,0,0,0
2.376543166027096,0.10805041985108566,2.024,-0.0014835298641950843,-0.045264583587646484,-0.07794027709960938,2.3429749247635643,0.03207010653645453,2,-0.00012217304763950318,-0.03356824126353164,-0.07598031331463112,-0.02400000000000002,0.0013613568165555812,-0.0006193173525434748,-0.010322941245017318,-0.009215869230770434,0.00031415926535915116,1427289868645,1,0,0,0,0,0,0
2.373387566795714,0.10165724572908341,2.039,-0.0013788101090754757,-0.04719166946411133,-0.09596772766113282,2.3429749247635643,0.03207010653645453,2,-0.00012217304763950318,-0.030412642032149773,-0.06958713919262888,-0.039000000000000146,0.0012566370614359725,0.0018995452179777078,-0.00015894671241581393,-0.1142659500000008,0.0007657632093128071,1427289868709,1,0,0,0,0,0,0
2.369131197779874,0.095060407375506,2.038,-0.0015533430342747868,-0.06370903778076172,-0.09904051208496094,2.3429749247635643,0.03207010653645453,2,-0.00012217304763950318,-0.02615627301630985,-0.06299030083905147,-0.03799999999999981,0.0014311699866352836,0.009324937160965694,0.00311846157933289,-0.026382469696967774,0.00222450146481397,1427289868775,1,0,0,0,0,0,0
2.36434382178126,0.08794878971807484,2.04,-0.0017278759594742087,-0.07164485168457031,-0.10678568267822265,2.3429749247635643,0.03207010653645453,2,-0.00012217304763950318,-0.02136889701769551,-0.05587868318162031,-0.040000000000000036,0.0016057029118347055,0.015314257686725338,0.009948041418473108,-0.044314730769232,0.002411239489678191,1427289868839,1,0,0,0,0,0,0
2.358912530623318,0.08032826944143386,2.028,-0.002635447170511337,-0.08127173614501954,-0.11444840240478515,2.3429749247635643,0.03207010653645453,2,-0.00012217304763950318,-0.015937605859753567,-0.04825816290497933,-0.028000000000000025,0.0025132741228718336,0.020210679074059733,0.015844975273454052,0.039506063636363664,0.006638597809404234,1427289868906,1,0,0,0,0,0,0
2.351742925183025,0.07240933491112099,2.012,-0.002809980095710759,-0.10723065948486328,-0.11906703186035156,2.3429749247635643,0.03207010653645453,2,-0.00012217304763950318,-0.008768000419460797,-0.04033922837466646,-0.01200000000000001,0.0026878070480712557,0.03462623352882711,0.022673448693215203,0.07609290000000007,0.0035059301349435468,1427289868970,1,0,0,0,0,0,0
2.3449223811743307,0.06465222575386978,1.993,-0.003525565089028456,-0.10198079681396484,-0.11664366149902344,2.3429749247635643,0.03207010653645453,2,-0.00012217304763950318,-0.001947456410766435,-0.03258211921741525,0.006999999999999895,0.003403392041388953,0.035552466135568166,0.02499320098997675,0.1061460923076917,0.0067060920105475545,1427289869035,1,0,0,0,0,0,0
2.337386679405399,0.05753150834977757,1.982,-0.003612831551628167,-0.11265825653076172,-0.10720861053466797,2.3429749247635643,0.03207010653645453,2,-0.00012217304763950318,0.005588245358165267,-0.025461401813323042,0.018000000000000016,0.003490658503988664,0.043174798857717876,0.025110284956141884,0.07198616923076989,0.003893426792910407,1427289869100,1,0,0,0,0,0,0
2.3321044550815286,0.05026653690999588,1.979,-0.0050440015382635615,-0.07883914184570312,-0.10926011657714843,2.3429749247635643,0.03207010653645453,2,-0.00012217304763950318,0.010870469682035644,-0.01819643037354135,0.020999999999999908,0.004921828490624058,0.033258025507668564,0.028914800244224763,0.031203090909090257,0.011427146611694033,1427289869166,1,0,0,0,0,0,0
2.324507038843572,0.042473743980323844,1.979,-0.00514872129338317,-0.11337019348144531,-0.11746522521972656,2.3429749247635643,0.03207010653645453,2,-0.00012217304763950318,0.018467885919992266,-0.010403637443869317,0.020999999999999908,0.005026548245743667,0.04874530672623264,0.034986482358030216,0.015434699999999926,0.005495442671652364,1427289869233,1,0,0,0,0,0,0
2.3194057427917856,0.03536360292459308,1.974,-0.004328416544945754,-0.07596930694580079,-0.107044677734375,2.3429749247635643,0.03207010653645453,2,-0.00012217304763950318,0.023569181971778708,-0.003293496388138549,0.026000000000000023,0.004206243497306251,0.038675842686671846,0.03553605287377073,0.04612145151515215,0.00047758554986345033,1427289869299,1,0,0,0,0,0,0
2.315488712072724,0.028952768578107482,1.972,-0.004712388980384616,-0.058338680267333985,-0.09641593170166016,2.3429749247635643,0.03207010653645453,2,-0.00012217304763950318,0.027486212690840173,0.0031173379583470454,0.028000000000000025,0.004590215932745113,0.03571134213896876,0.037228303210638504,0.03267022258064519,0.006448147071965412,1427289869361,1,0,0,0,0,0,0
2.3120209364697977,0.023506292186478418,1.97,-0.002862339973270675,-0.05163106918334961,-0.08194136047363282,2.3429749247635643,0.03207010653645453,2,-0.00012217304763950318,0.03095398829376661,0.00856381434997611,0.030000000000000027,0.002740166925631172,0.03374310849088374,0.03264982898202116,0.033783960606060634,-0.005669146743068559,1427289869427,1,0,0,0,0,0,0
2.3091957460417336,0.018131133850210132,1.974,-0.003420845333908737,-0.042146900177001956,-0.08074834442138672,2.3429749247635643,0.03207010653645453,2,-0.00012217304763950318,0.03377917872183067,0.013938972686244396,0.026000000000000023,0.003298672286269234,0.03200050490807875,0.035406799405067135,-0.0013915615384615353,0.005876389335367981,1427289869492,1,0,0,0,0,0,0
2.3072878894315156,0.01378905398136537,1.981,-0.0019198621771936404,-0.02839487838745117,-0.06522871398925781,2.3429749247635643,0.03207010653645453,2,-0.00012217304763950318,0.035687035332048644,0.018281052555089158,0.018999999999999906,0.0017976891295541373,0.02773219481144268,0.03132943415003485,-0.02189296417910516,-0.004923130975140324,1427289869559,1,0,0,0,0,0,0
2.305910086451015,0.010268974890511396,1.982,-0.0010122909661566233,-0.020565635681152345,-0.05284076690673828,2.3429749247635643,0.03207010653645453,2,-0.00012217304763950318,0.03706483831254914,0.021801131645943134,0.018000000000000016,0.0008901179185171202,0.02613249302460604,0.029976696580040266,0.00843204444444507,-0.0034316497530877234,1427289869622,1,0,0,0,0,0,0
2.3058624274294073,0.007517085893618844,1.988,0.00026179938779924677,-0.0006730992794036865,-0.041279037475585936,2.5054631061450987,0.13627932243639476,2,-0.00012217304763950318,0.19960067871569143,0.1287622365427759,0.01200000000000001,-0.00038397243543874995,0.9618101756577095,0.6312042176688931,-0.022551381818181834,-0.00617529222614725,0,1,0,0,0,0,0,0
2.307685410159883,0.006076465713328864,1.991,0.002059488517353494,0.027339082717895508,-0.0216164608001709,2.5064098641135355,0.14789378644282755,2,-0.00012217304763950318,0.19872445395365235,0.14181732072949868,0.008999999999999897,-0.0021816615649929974,0.09492408796458011,0.13983888573123154,-0.008982890909091594,-0.010352975790239576,0,1,0,0,0,0,0,0
2.307805692760915,0.0062932424045650135,1.988,0.0024783675378320406,0.001810931921005249,0.0032479276657104493,2.5064549327991834,0.1420982403996807,2,-0.00012217304763950318,0.19864924003826845,0.13580499799511567,0.01200000000000001,-0.002600540585471544,0.09924893688611572,0.03480824255829725,0.02580925000000063,-0.00456403599396473,0,1,0,0,0,0,0,0
2.3095502892534925,0.010010051626394432,1.988,0.0013264502315157882,0.02630704116821289,0.055687110900878904,2.53833093412951,0.13994868361785134,2,-0.00012217304763950318,0.22878064487601746,0.12993863199145692,0.01200000000000001,-0.0014486232791552913,0.2722821095295315,0.03419681285205832,0.00948340000000001,0.0037092154058428533,0,1,0,0,0,0,0,0
2.3127561097838316,0.015159935856746402,1.987,0.00003490658504002025,0.04818973159790039,0.07718441009521484,2.5886871350938736,0.16723559794679066,2,-0.00012217304763950318,0.275931025310042,0.15207566209004425,0.0129999999999999,-0.00015707963267952343,0.3964846775085952,0.19706973521824003,0.015835349999999318,0.005897031210175639,0,1,0,0,0,0,0,0
2.317619618613738,0.022074863421598694,1.983,-0.0023561944901921957,0.07295625305175782,0.10372136688232422,2.628857998311571,0.18939190897223995,2,-0.00012217304763950318,0.3112383796978331,0.16731704555064125,0.016999999999999904,0.0022340214425526925,0.34660354027729007,0.16580628754125004,0.035215561538461476,0.013269872559009074,0,1,0,0,0,0,0,0
2.3264340755079203,0.03113771173842253,1.979,-0.003508111796508448,0.13189617919921875,0.13625387573242187,2.628857998311571,0.18939190897223995,2,-0.00012217304763950318,0.30242392280365094,0.15825419723381742,0.020999999999999908,0.003385938748868945,0.10481390355401166,0.030508788271081798,0.03855206153846148,0.008702480162636264,0,1,0,0,0,0,0,0
2.339945672842316,0.04436563514470866,1.978,-0.0056723200689815486,0.2019766387939453,0.19912863159179686,2.628857998311571,0.18939190897223995,2,-0.00012217304763950318,0.2889123254692554,0.1450262738275313,0.02200000000000002,0.005550147021342045,0.0729536032202967,0.0015617662411297195,0.023341215384616,0.015538800586602508,0,1,0,0,0,0,0,0
2.3554127447401907,0.05831318339142821,1.971,-0.006003932626860495,0.23081562805175782,0.21052586364746093,2.628857998311571,0.18939190897223995,2,-0.00012217304763950318,0.2734452535713805,0.13107872558081174,0.028999999999999915,0.005881759579220992,0.05613294504265197,-0.008062487048675585,0.06086921212121149,0.007389089387761658,0,0,0,0,0,0,0,0
2.3759441834970083,0.07330415691205386,1.971,-0.0045727626402249895,0.306615966796875,0.22670957946777343,2.628857998311571,0.18939190897223995,2,-0.00012217304763950318,0.2529138148145629,0.1160877520601861,0.028999999999999915,0.004450589592585486,0.015770135777957037,-0.023501293083260363,0.02393359999999993,-0.0022580197197684454,0,0,0,0,0,0,0,0
2.4036956675733347,0.0879268182617629,1.97,-0.0033859387488689415,0.4152649230957031,0.2212411346435547,2.628857998311571,0.18939190897223995,2,-0.00012217304763950318,0.22516233073823644,0.10146509071047705,0.030000000000000027,0.0032637657012294383,-0.03510901314717618,-0.027502192275895683,0.030313215384616007,-0.0022138830281061674,0,0,0,0,0,0,0,0
2.43255831260871,0.10262167533193628,1.973,-0.0019373154697136493,0.43219085693359377,0.2218874969482422,2.628857998311571,0.18939190897223995,2,-0.00012217304763950318,0.19629968570286138,0.08677023364030367,0.026999999999999913,0.001815142422074146,-0.05539591526403401,-0.035181966346231774,0.006550253846153164,-0.004870811174027202,0,0,0,0,0,0,0,0
2.4651134892816935,0.11757439611330354,1.972,-0.0005934119456779659,0.4878922119140625,0.22523643493652343,2.628857998311571,0.18939190897223995,2,-0.00012217304763950318,0.1637445090298777,0.07181751285893641,0.028000000000000025,0.00047123889803846273,-0.08879227814373049,-0.04277950513999037,0.028991930303030912,-0.005637413483941916,0,1,0,0,0,0,0,0
2.4974137378515495,0.13191363887854637,1.977,0.00026179938779924677,0.4843760070800781,0.21537611389160155,2.7028969448259104,0.23823200577733303,2,-0.00012217304763950318,0.20548320697436084,0.10631836689878665,0.02299999999999991,-0.00038397243543874995,0.32289380733137385,0.23406522860131618,-0.006276402985075303,-0.0042132769136949254,0,1,0,0,0,0,0,0
2.5354400923617613,0.14755614270514672,1.989,0.0012217304763961793,0.5704567260742187,0.23448822021484375,2.6137954383731206,0.22674834589135517,2,-0.00012217304763950318,0.0783553460113593,0.07919220318620845,0.010999999999999899,-0.0013439035240356825,-0.6538884397069465,-0.10802172004731345,-0.05531160000000014,-0.005843580501833804,1427289870601,1,0,0,0,0,0,0
2.5721890415912796,0.16300973277215955,2.001,0.0025830872929517605,0.5515170288085938,0.23113021850585938,2.5751018770516687,0.19166079612700332,2,-0.00012217304763950318,0.0029128354603891182,0.02865106335484377,-0.0009999999999998899,-0.0027052603405912637,-0.40260621496473015,-0.2570720580606168,-0.06390848461538338,-0.00898844564777087,1427289870601,1,0,0,0,0,0,0
2.608502571441752,0.18143810444285646,1.993,0.00198967534727357,0.5454151611328125,0.27501763916015626,2.5651578469601355,0.1955332616981851,2,-0.00012217304763950318,-0.043344724481616304,0.014095157255328644,0.006999999999999895,-0.002111848394913073,-0.26861343495837414,-0.07057420608666079,0.05022932307692183,0.0006269759697554987,1427289870601,1,0,0,0,0,0,0
2.645311450474788,0.19848124686132976,1.991,0.0014660765716754147,0.5526407470703125,0.2545480651855469,2.4972326910173277,0.23537257691910654,2,-0.00012217304763950318,-0.1480787594574604,0.03689133005777678,0.008999999999999897,-0.0015882496193149178,-0.6359500307452287,0.14197443838197996,0.01958013076923069,0.0008283601142150296,0,1,0,0,0,0,0,0
2.6792390512509705,0.2120734071035592,1.993,0.0005235987755983798,0.5092123718261719,0.20313607788085938,2.4972326910173277,0.23537257691910654,2,-0.00012217304763950318,-0.1820063602336428,0.023299169815547333,0.006999999999999895,-0.000645771823237883,-0.26371245637073587,-0.057514069391666,-0.003035617647058921,0.003512218453572564,0,1,0,0,0,0,0,0
2.707132991175305,0.22410921963331246,1.995,-0.0002617993877990196,0.4185035705566406,0.18031808471679686,2.4972326910173277,0.23537257691910654,2,-0.00012217304763950318,-0.20990030015797734,0.011263357285794084,0.004999999999999893,0.00013962634015951645,-0.26062799747820503,-0.061509447059975214,-0.005600822580645261,0.003939940034017901,0,1,0,0,0,0,0,0
2.7263281563310553,0.23611775575687557,1.998,0.0014486232791554058,0.28788031005859377,0.18020341491699218,2.4972326910173277,0.23537257691910654,2,-0.00012217304763950318,-0.2290954653137276,-0.0007451788377690338,0.0020000000000000018,-0.001570796326794909,-0.21470353566036532,-0.06325173490753642,-0.012606390909090336,-0.009345444812951388,0,1,0,0,0,0,0,0
2.736056977106161,0.24930760558211051,1.997,0.0030368728984702135,0.14621876525878907,0.1976361389160156,2.4972326910173277,0.23537257691910654,2,-0.00012217304763950318,-0.23882428608883322,-0.013935028663003973,0.0029999999999998916,-0.0031590459461097167,-0.17031659736106036,-0.07719635492022218,0.009506815384614698,-0.010489428804485751,0,1,0,0,0,0,0,0
2.738110179525781,0.26282064453292564,1.999,0.005654866776461656,0.03141345405578613,0.20260111999511718,2.4972326910173277,0.23537257691910654,2,-0.00012217304763950318,-0.24087748850845347,-0.0274480676138191,0.0009999999999998899,-0.005777039824101159,-0.1301695162550183,-0.0857109647773182,-0.008240530769230873,-0.01786008849175397,0,1,0,0,0,0,0,0
2.731448838699445,0.27687906538302975,1.999,0.005811946409141181,-0.09872604370117187,0.21143797302246095,2.4972326910173277,0.23537257691910654,2,-0.00012217304763950318,-0.23421614768211718,-0.04150648846392321,0.0009999999999998899,-0.005934119456780684,-0.08114201623157886,-0.09344497902570398,0.0025353999999999034,-0.006637461095644229,0,1,0,0,0,0,0,0
2.7201219493570656,0.2893870195424066,2.009,0.006073745796940425,-0.16881004333496094,0.18860360717773436,2.4972326910173277,0.23537257691910654,2,-0.00012217304763950318,-0.22288925833973794,-0.054014442623300046,-0.008999999999999897,-0.0061959188445799285,-0.04748987787272681,-0.0957821075194763,-0.06107685555555429,-0.0074425825960049005,0,1,0,0,0,0,0,0
2.702472753082388,0.30149747645496117,2.021,0.005358160803622728,-0.2636297302246094,0.18326144409179687,2.4972326910173277,0.23537257691910654,2,-0.00012217304763950318,-0.2052400620650605,-0.06612489953585463,-0.020999999999999908,-0.005480333851262231,-0.0066917150022237915,-0.09760183554775483,-0.07987318461538459,-0.0021776338821036293,0,1,0,0,0,0,0,0
2.6820921526536607,0.3116662992405191,2.032,0.006038839211900408,-0.3048873291015625,0.15416818237304689,2.4972326910173277,0.23537257691910654,2,-0.00012217304763950318,-0.18485946163633304,-0.07629372232141254,-0.03200000000000003,-0.006161012259539911,0.01642138584822951,-0.09145202356916146,-0.082602333333334,-0.009255005024438455,0,1,0,0,0,0,0,0
2.6579239109843513,0.3201558247910202,2.037,0.006475171524899074,-0.3617480163574219,0.12952976989746093,2.4972326910173277,0.23537257691910654,2,-0.00012217304763950318,-0.16069121996702362,-0.08478324787191369,-0.03699999999999992,-0.006597344572538577,0.05045880163407762,-0.08753914996488396,-0.05543257692307629,-0.008611186017147806,0,1,0,0,0,0,0,0
2.6322462349694558,0.3269723771770383,2.039,0.006440264939859167,-0.3844949951171875,0.10474013519287109,2.4972326910173277,0.23537257691910654,2,-0.00012217304763950318,-0.13501354395212806,-0.09159980025793177,-0.039000000000000146,-0.0065624379874986705,0.07133760423726652,-0.08199864898853648,-0.0411322307692321,-0.0064013306719298705,0,1,0,0,0,0,0,0
2.606327304257637,0.33107840603274363,2.038,0.005899212871740891,-0.3883792419433594,0.06409300994873048,2.4743486709448383,0.14254705020013705,2,-0.00012217304763950318,-0.1319786333127988,-0.18853135583260658,-0.03799999999999981,-0.0060213859193803945,-0.04940223256467929,-0.6079153211553,-0.024510769696967784,-0.003562058337024595,0,1,0,0,0,0,0,0
2.5794245315792677,0.33334244904099153,2.042,0.004694935687864834,-0.403334228515625,0.03634061813354492,2.573626713865342,0.11797611005245204,2,-0.00012217304763950318,-0.005797817713925735,-0.2153663389885395,-0.041999999999999815,-0.004817108735504337,0.6770253444828999,-0.2519378874685738,-0.054825261538461414,0.0007410936516159287,0,1,0,0,0,0,0,0
2.551776606641397,0.3326626624183673,2.043,0.0039618974020271275,-0.41476217651367187,-0.008249615669250488,2.6412031640206486,0.14130322507653695,2,-0.00012217304763950318,0.08942655737925165,-0.19135943734183034,-0.04300000000000015,-0.004084070449666631,0.5502391393465937,0.03174465618783294,-0.0396736303030322,-0.0007520782413134217,0,1,0,0,0,0,0,0
2.5306143503883636,0.3292906681291596,2.049,0.003822271061867612,-0.3176317443847656,-0.04932188034057617,2.6973770814990776,0.18698935490241483,2,-0.00012217304763950318,0.16676273111071405,-0.14230131322674475,-0.04899999999999993,-0.003944444109507115,0.5069684077479271,0.19715993474491816,-0.07229669999999877,-0.0032899456400093865,0,1,0,0,0,0,0,0
2.5124123185308704,0.32126463398191124,2.056,0.007853981633974662,-0.2734886474609375,-0.11934603881835938,2.6973770814990776,0.18698935490241483,2,-0.00012217304763950318,0.18496476296820719,-0.1342752790794964,-0.05600000000000005,-0.007976154681614165,0.1912683914497849,-0.023983836420511773,-0.08314050769230837,-0.02658404962980055,0,1,0,0,0,0,0,0
2.4949186821662774,0.3121027556478562,2.055,0.012077678423800923,-0.2634757995605469,-0.135363037109375,2.6973770814990776,0.18698935490241483,2,-0.00012217304763950318,0.2024583993328002,-0.1251134007454414,-0.05500000000000016,-0.012199851471440426,0.19633237032218548,-0.013368136881163617,-0.03962108461538534,-0.03169383665525394,0,1,0,0,0,0,0,0
2.480452258727791,0.3026152163812868,2.059,0.013875367553355061,-0.2186992950439453,-0.13968196105957031,2.6973770814990776,0.18698935490241483,2,-0.00012217304763950318,0.21692482277128677,-0.11562586147887197,-0.05900000000000016,-0.013997540600994564,0.18740620588181095,-0.006945965190454914,-0.0701276615384617,-0.022294567352782894,0,1,0,0,0,0,0,0
2.4731300255251396,0.2913666661745561,2.061,0.011693705988362063,-0.11216401672363281,-0.16718807983398437,2.6973770814990776,0.18698935490241483,2,-0.00012217304763950318,0.22424705597393801,-0.10437731127214125,-0.06099999999999994,-0.011815879036001566,0.1515719137575519,0.00628271038693462,-0.061045661194028655,-0.00204724516289859,0,0,0,0,0,0,0,0
2.4703324782594427,0.2774682528192663,2.055,0.009250245035570042,-0.04439814376831055,-0.20797125244140624,2.6973770814990776,0.18698935490241483,2,-0.00012217304763950318,0.22704460323963493,-0.09047889791685146,-0.05500000000000016,-0.009372418083209546,0.1301646105916055,0.030419875437165005,-0.013337400000001325,0.00208130513300305,0,0,0,0,0,0,0,0
2.4720073014292656,0.25955317112250054,2.045,0.007435102613495897,0.02263552474975586,-0.2689471130371094,2.6973770814990776,0.18698935490241483,2,-0.00012217304763950318,0.225369780069812,-0.0725638162200857,-0.04499999999999993,-0.0075572756611354,0.10515632414772055,0.05978912628931013,0.015403753846155138,0.0008203047484375767,0,0,0,0,0,0,0,0
2.480977131385487,0.24001093980061144,2.036,0.006928957130417529,0.13236427307128906,-0.294125732421875,2.6973770814990776,0.18698935490241483,2,-0.00012217304763950318,0.21639995011359048,-0.05302158489819661,-0.03600000000000003,-0.007051130178057032,0.061531263364268056,0.07828735282458113,0.01698513846153786,-0.004715074102310716,0,0,0,0,0,0,0,0
2.493463778806755,0.2197937343041059,2.028,0.007260569688296364,0.1851939697265625,-0.304548583984375,2.6973770814990776,0.18698935490241483,2,-0.00012217304763950318,0.20391330269232277,-0.032804379401691064,-0.028000000000000025,-0.007382742735935867,0.037504537154827725,0.09035935864743186,0.017163042424242426,-0.008890072544476027,0,0,0,0,0,0,0,0
2.509142332011883,0.2006899548093229,2.02,0.006981317007977444,0.233091552734375,-0.2882566528320312,2.6973770814990776,0.18698935490241483,2,-0.00012217304763950318,0.18823474948719454,-0.013700599906908056,-0.020000000000000018,-0.007103490055616947,0.01286272239069508,0.09399767417156829,0.023431042424242432,-0.005834159690530948,0,0,0,0,0,0,0,0
2.52806085118127,0.1837879774832117,2.013,0.007330382858376288,0.28200091552734374,-0.2555046081542969,2.6973770814990776,0.18698935490241483,2,-0.00012217304763950318,0.16931623031780774,0.003201377419203122,-0.0129999999999999,-0.0074525559060157915,-0.016804983759711123,0.09357547865509948,0.02480485000000071,-0.009088802079760374,0,0,0,0,0,0,0,0
2.5485538091017412,0.17143130714944604,2.005,0.007784168463894741,0.30602743530273435,-0.18759837341308594,2.6973770814990776,0.18698935490241483,2,-0.00012217304763950318,0.1488232723973364,0.01555804775296879,-0.004999999999999893,-0.007906341511534245,-0.03216736450356486,0.07285919085584365,0.03531484242424253,-0.00996900335479994,0,1,0,0,0,0,0,0
2.57087543805555,0.16216593011230754,2.003,0.008918632477691096,0.33373245239257815,-0.14158274841308593,2.6973770814990776,0.18698935490241483,2,-0.00012217304763950318,0.12650164344352754,0.024823424790107296,-0.0030000000000001137,-0.0090408055253306,-0.05664384941882315,0.06264999981361488,0.005408899999998695,-0.014358605590001012,0,1,0,0,0,0,0,0
2.595281813733202,0.15434348862626504,2,0.012304571226560151,0.36503460693359374,-0.12059698486328126,2.781024522565007,0.1905159273205498,2,-0.00012217304763950318,0.1857427088318051,0.03617243869428477,0,-0.012426744274199654,0.40932784674212225,0.07786251454675604,0.012780490909091502,-0.027817374950877174,0,1,0,0,0,0,0,0
2.62070993613101,0.14984439305976657,2.003,0.012444197566719667,0.38056259155273436,-0.0721744384765625,2.728488759441462,0.22618623377003624,2,-0.00012217304763950318,0.10777882331045197,0.07634184071026967,-0.0030000000000001137,-0.01256637061435917,-0.35101307798766135,0.24765435972965472,-0.02122034179104547,-0.013191563182237596,0,1,0,0,0,0,0,0
2.645081592609962,0.14991026988263895,2.001,0.010698868314725335,0.365558837890625,-0.0035610923767089844,2.69896141776648,0.23964715131340247,2,-0.00012217304763950318,0.05387982515651801,0.08973688143076353,-0.0009999999999998899,-0.010821041362364838,-0.27009348256485655,0.11898514743183981,0.007156111111112433,-0.002509949686201352,1427289872752,1,0,0,0,0,0,0
2.669651487573261,0.15303740947269218,2.005,0.010105456369047255,0.3690291748046875,0.04296143341064453,2.710592391036958,0.24045605745902324,2,-0.00012217304763950318,0.040940903463697165,0.08741864798633106,-0.004999999999999893,-0.010227629416686758,-0.04676856999854609,0.030983164469161197,-0.028725961538461478,-0.0074888050520186995,1427289872752,1,0,0,0,0,0,0
2.696230718898454,0.158597416664984,2.003,0.009808750396208104,0.39951089477539065,0.0793669891357422,2.6302182778929555,0.24537730608501862,2,-0.00012217304763950318,-0.06601244100549852,0.08677988942003462,-0.0030000000000001137,-0.009930923443847607,-0.6065196575772004,0.039763518381022274,0.0051622307692294825,-0.008561511261513065,1427289872752,1,0,0,0,0,0,0
2.7209274957667033,0.16647819660550184,1.999,0.008621926504852055,0.3715933227539063,0.11457240295410157,2.5351529852980774,0.28911900184757994,2,-0.00012217304763950318,-0.18577451046862592,0.1226408052420781,0.0009999999999998899,-0.008744099552491558,-0.7257225629373583,0.2513859117253539,0.01881172121212113,-0.0033494455008731506,0,1,0,0,0,0,0,0
2.7434138364059115,0.17668200205996915,2.005,0.007644542123735225,0.3386022033691406,0.15014329528808593,2.5351529852980774,0.28911900184757994,2,-0.00012217304763950318,-0.2082608511078341,0.11243699978761079,-0.004999999999999893,-0.007766715171374728,-0.22124704771609166,0.0020756045879986237,-0.03905158181818059,-0.003324058893570958,0,1,0,0,0,0,0,0
2.7590565534928024,0.1882676078814797,2.017,0.006597344572538581,0.23596238708496095,0.1719853057861328,2.5351529852980774,0.28911900184757994,2,-0.00012217304763950318,-0.223903568194725,0.10085139396610024,-0.016999999999999904,-0.006719517620178085,-0.19551206779813363,-0.012900345735738158,-0.0825672,-0.0018107790989438178,0,1,0,0,0,0,0,0
2.7713583706502254,0.2026307533902303,2.018,0.005777039824101386,0.18594461059570314,0.21422511291503907,2.5351529852980774,0.28911900184757994,2,-0.00012217304763950318,-0.23620538535214797,0.08648824845734965,-0.017999999999999794,-0.00589921287174089,-0.1825109547329745,-0.03400693357011812,-0.023243815384614633,-0.002113190955876913,0,1,0,0,0,0,0,0
2.7759267061322483,0.22510958075849194,2.014,0.004049163864626841,0.07047179412841797,0.33678091430664064,2.5351529852980774,0.28911900184757994,2,-0.00012217304763950318,-0.24077372083417092,0.064009421089088,-0.01399999999999979,-0.004171336912266344,-0.14330980098652818,-0.08890456652790826,0.0067882615384617165,0.0038034752083854024,0,1,0,0,0,0,0,0
2.774244655730938,0.2550887028996898,2.011,-0.0004712388980384575,-0.023409698486328127,0.44978530883789064,2.5351529852980774,0.28911900184757994,2,-0.00012217304763950318,-0.2390916704328605,0.034030298947890114,-0.01100000000000012,0.00034906585039895435,-0.10896826138447462,-0.1442582105276939,0.003732146153844271,0.021212463216546486,0,1,0,0,0,0,0,0
2.771819094941573,0.28639488886366327,1.986,-0.00455530934770509,-0.03660469818115234,0.4695755920410156,2.5351529852980774,0.28911900184757994,2,-0.00012217304763950318,-0.23666610964349566,0.002724112983916671,0.014000000000000012,0.004433136300065587,-0.10430040180740469,-0.16202321347896542,0.13826911492537383,0.022720018910513194,0,1,0,0,0,0,0,0
2.769423062735389,0.315041586554718,1.96,-0.005375614096142396,-0.03789752197265625,0.42953228759765627,2.5351529852980774,0.28911900184757994,2,-0.00012217304763950318,-0.23427007743731165,-0.02592258470713804,0.040000000000000036,0.005253441048502893,-0.10281985737074699,-0.16948500335291894,0.17091560000000014,0.009098619556802766,0,1,0,0,0,0,0,0
2.7663245164314527,0.3462127665223584,1.922,-0.004118977034706535,-0.04899097442626953,0.46731109619140626,2.5351529852980774,0.28911900184757994,2,-0.00012217304763950318,-0.2311715311333753,-0.05709376467477845,0.07800000000000007,0.003996803987067032,-0.09783966674346546,-0.1962908914961937,0.2642504846153848,-0.0018030593734061741,0,1,0,0,0,0,0,0
2.759759964361766,0.3756331928717603,1.904,-0.0005934119456779642,-0.10028517150878906,0.4408970642089844,2.5351529852980774,0.28911900184757994,2,-0.00012217304763950318,-0.22460697906368843,-0.08651419102418034,0.09600000000000009,0.000471238898038461,-0.07604027727558758,-0.20163020402762225,0.1715821769230771,-0.015800599974401093,0,1,0,0,0,0,0,0
2.750671407779646,0.402160960184968,1.873,0.0023736477827124335,-0.136564453125,0.39783554077148436,2.4369300603622097,0.33845619081735356,2,-0.00012217304763950318,-0.3137413474174364,-0.06370476936761443,0.127,-0.0024958208303519367,-0.6288443752306925,0.08910919623517602,0.2646912393939389,-0.0159824559593992,0,1,0,0,0,0,0,0
2.735793672265066,0.4262794978382473,1.825,0.004642575810304921,-0.22230667114257813,0.3623067626953125,2.4754493772691064,0.31681188502970475,2,-0.00012217304763950318,-0.26034429499595957,-0.10946761280854256,0.17500000000000004,-0.004764748857944424,0.14519714309726434,-0.29034976482378666,0.38694612352941204,-0.01477472545026422,0,1,0,0,0,0,0,0
2.7184322450204124,0.44474505689124166,1.776,0.005794493116621284,-0.2591326904296875,0.27818942260742185,2.4752363039307053,0.2580542350602688,2,-0.00012217304763950318,-0.2431959410897071,-0.18669082183097285,0.22399999999999998,-0.005916666164260787,-0.024412007585181528,-0.5294705408100258,0.45708900322580603,-0.01149045958192061,0,1,0,0,0,0,0,0
2.692251060904636,0.46099929205712065,1.726,0.007068583470577155,-0.39129840087890627,0.24608502197265625,2.4791046660430225,0.2650360377279503,2,-0.00012217304763950318,-0.21314639486161369,-0.19596325432917033,0.274,-0.007190756518216658,0.05547424562837967,-0.14822514556912736,0.4914878692307695,-0.013071173536474523,0,1,0,0,0,0,0,0
2.6633919200799725,0.4736413377733892,1.68,0.011449359893082827,-0.431535888671875,0.19268582153320313,2.5270939476867635,0.29543936985026353,2,-0.00012217304763950318,-0.13629797239320895,-0.17820196792312565,0.32000000000000006,-0.01157153294072233,0.33344887134448087,0.00324742443255005,0.5014996074626868,-0.031186949757911905,0,1,0,0,0,0,0,0
2.6292809718429515,0.48326065169339316,1.633,0.01672025423410573,-0.5099786987304687,0.1501383514404297,2.610329846206168,0.2636042604269381,2,-0.00012217304763950318,-0.018951125636783583,-0.2196563912664551,0.367,-0.016842427281745235,0.632403751157582,-0.3371070844229198,0.5581811499999996,-0.0415497445052901,0,1,0,0,0,0,0,0
2.5916278129065,0.4899849181917244,1.585,0.022287854547967785,-0.5630320434570313,0.11029301452636718,2.610329846206168,0.2636042604269381,2,-0.00012217304763950318,0.01870203329966813,-0.22638065776478633,0.41500000000000004,-0.022410027595607288,0.2122496976368375,-0.15012007627796792,0.6007089384615387,-0.048106644428816764,0,1,0,0,0,0,0,0
2.5556559699754993,0.49241406711366253,1.533,0.028920105705546047,-0.538631591796875,0.04845321655273437,2.610329846206168,0.2636042604269381,2,-0.00012217304763950318,0.05467387623066866,-0.22880980668672446,0.4670000000000001,-0.02904227875318555,0.21543708403694836,-0.12796994839282116,0.6586180910447764,-0.05873892572741657,0,1,0,0,0,0,0,0
2.5216378218946653,0.4834260117783067,1.482,0.033178709080412434,-0.5139573364257812,-0.12000938415527344,2.610329846206168,0.2636042604269381,2,-0.00012217304763950318,0.08869202431150258,-0.2198217513513686,0.518,-0.033300882128051934,0.230627055963863,-0.06177359511020852,0.7099977499999996,-0.05326308544773811,0,0,0,0,0,0,0,0
2.4997293182857963,0.46224522561286147,1.431,0.03310889591033252,-0.33898602294921876,-0.306635498046875,2.610329846206168,0.2636042604269381,2,-0.00012217304763950318,0.11060052792037167,-0.1986409651859234,0.569,-0.033231068957972024,0.17542747390010893,0.015368664481846345,0.7544393499999996,-0.03290381972322244,0,0,0,0,0,0,0,0
2.4897974523862456,0.4357350332150618,1.379,0.030805061297700012,-0.16205978393554688,-0.39250335693359373,2.610329846206168,0.2636042604269381,2,-0.00012217304763950318,0.12053239381992231,-0.17213077278812372,0.621,-0.030927234345339515,0.11332981494975294,0.05326208365312268,0.7969892757575759,-0.02045525883337357,0,0,0,0,0,0,0,0
2.487531498192975,0.40780961579783603,1.328,0.028152160834668663,-0.04687480926513672,-0.4176356506347656,2.610329846206168,0.2636042604269381,2,-0.00012217304763950318,0.12279834801319289,-0.14420535537089796,0.6719999999999999,-0.028274333882308166,0.0742643341526148,0.07926527381005637,0.8452387499999996,-0.015838862961848717,0,0,0,0,0,0,0,0
2.4909647531920016,0.3779390901009862,1.285,0.026581364507873864,0.038866287231445314,-0.4493299560546875,2.610329846206168,0.2636042604269381,2,-0.00012217304763950318,0.11936509301416631,-0.11433482967404812,0.7150000000000001,-0.026703537555513367,0.04230083009695306,0.09744686543255585,0.8301498656716426,-0.01967012116687994,0,0,0,0,0,0,0,0
2.4989717704896606,0.3456251021969343,1.236,0.025778513051956234,0.10718009948730468,-0.48773077392578124,2.610329846206168,0.2636042604269381,2,-0.00012217304763950318,0.11135807571650735,-0.08202084176999624,0.764,-0.025900686099595737,0.012515128944029168,0.13422842778572314,0.9175813499999996,-0.022137319899981845,0,0,0,0,0,0,0,0
2.5135022445927744,0.31347515904606027,1.184,0.024801128670839515,0.20545440673828125,-0.4877069091796875,2.610329846206168,0.2636042604269381,2,-0.00012217304763950318,0.09682760161339354,-0.049870898619122195,0.8160000000000001,-0.024923301718479018,-0.029139808721288657,0.14666894043148043,0.9765166000000003,-0.0204122968825557,0,0,0,0,0,0,0,0
2.5364915288525727,0.28063555421696973,1.134,0.025865779514556056,0.332517578125,-0.5009941101074219,2.610329846206168,0.2636042604269381,2,-0.00012217304763950318,0.07383831735359525,-0.017031293790031654,0.8660000000000001,-0.02598795256219556,-0.0861338952501321,0.16679123538776636,1.0113763692307696,-0.030901725687041134,0,0,0,0,0,0,0,0
2.5596150488578244,0.2468321147849311,1.082,0.0276809219366302,0.3336229553222656,-0.5158526000976562,2.610329846206168,0.2636042604269381,2,-0.00012217304763950318,0.0507147973483435,0.016772145642006964,0.9179999999999999,-0.027803094984269704,-0.09649845708047934,0.18613604698724903,1.0655619757575747,-0.036053742357334,0,0,0,0,0,0,0,0
2.579550985632914,0.21124183709497574,1.033,0.029565877528784163,0.2841488037109375,-0.54192626953125,2.610329846206168,0.2636042604269381,2,-0.00012217304763950318,0.03077886057325374,0.05236242333196234,0.9670000000000001,-0.029688050576423666,-0.08954226095706559,0.21344140245997228,1.0952350848484858,-0.03825603054075986,0,0,0,0,0,0,0,0
2.600418748342891,0.17310108514620426,0.988,0.03089232776029973,0.2959671325683594,-0.581114501953125,2.610329846206168,0.2636042604269381,2,-0.00012217304763950318,0.009911097863276819,0.09050317528073382,1.012,-0.031014500807939233,-0.10836949969201067,0.25241561660328504,1.1239571499999996,-0.037232236268168455,0,0,0,0,0,0,0,0
2.623291690273634,0.13274071882498656,0.94,0.03323106895797214,0.32423101806640625,-0.6157139282226562,2.610329846206168,0.2636042604269381,2,-0.00012217304763950318,-0.012961844067465922,0.13086354160195152,1.06,-0.03335324200561164,-0.12885581354753128,0.2814236732680326,1.1816149384615389,-0.04414743214871506,0,0,0,0,0,0,0,0
2.6476631150684695,0.0929787416394662,0.897,0.03310889591033253,0.34555319213867186,-0.6082464599609375,2.610329846206168,0.2636042604269381,2,-0.00012217304763950318,-0.037333268862301594,0.17062551878747187,1.103,-0.03323106895797204,-0.14913454645328691,0.298193473101942,1.1962613615384612,-0.03266719335348156,0,0,0,0,0,0,0,0
2.6696018767645935,0.05755703643951862,0.853,0.032183871406775616,0.3113126831054687,-0.5419279174804688,2.610329846206168,0.2636042604269381,2,-0.00012217304763950318,-0.05927203055842556,0.20604722398741945,1.147,-0.03230604445441512,-0.14525421603175434,0.2897797388541967,1.2408264333333334,-0.02810138762006551,0,0,0,0,0,0,0,0
2.6873173984975534,0.027951286939813316,0.804,0.031014500807939355,0.2513052673339844,-0.4524071044921875,2.610329846206168,0.2636042604269381,2,-0.00012217304763950318,-0.07698755229138543,0.23565297348712477,1.196,-0.031136673855578858,-0.13176681918111882,0.2738959552470843,1.3144351848484845,-0.025821352951777655,0,0,0,0,0,0,0,0
2.7039161355077743,0.0035353675844880597,0.76,0.02953097094374416,0.23750442504882813,-0.373783447265625,2.610329846206168,0.2636042604269381,2,-0.00012217304763950318,-0.0935862893016064,0.26006889284245,1.24,-0.029653143991383663,-0.13695447735215016,0.2627947312497394,1.3383477000000001,-0.022699097752968685,0,0,0,0,0,0,0,0
2.719541187880911,-0.007617992567793058,0.714,0.028187067419708587,0.22933377075195313,-0.17414779663085939,2.610329846206168,0.2636042604269381,2,-0.00012217304763950318,-0.10921134167474289,0.27122225299473113,1.286,-0.02830924046734809,-0.13692486622075617,0.19417246590657922,1.3869496939393944,-0.022200588085368216,0,0,0,0,0,0,0,0
2.7311034043480316,-0.007942201548672074,0.667,0.027349309378751272,0.173227294921875,-0.009749130249023437,2.610329846206168,0.2636042604269381,2,-0.00012217304763950318,-0.12077355814186364,0.27154646197561016,1.333,-0.027471482426390775,-0.12315401461491556,0.1371347711287078,1.4461727499999997,-0.023544491609403362,0,0,0,0,0,0,0,0
2.741678694635949,-0.002284893676166984,0.618,0.02668608426299338,0.16089059448242188,0.08049002075195312,2.610329846206168,0.2636042604269381,2,-0.00012217304763950318,-0.13134884842978112,0.26588915410310504,1.3820000000000001,-0.026808257310632883,-0.12137856355443985,0.10270771108851451,1.497311184848486,-0.023793597693551553,0,0,0,0,0,0,0,0
2.749957858336807,0.0039505199862557554,0.567,0.027925268031909454,0.12663892364501952,0.09018421936035156,2.610329846206168,0.2636042604269381,2,-0.00012217304763950318,-0.13962801213063925,0.25965374044068235,1.433,-0.028047441079548957,-0.11277997392925103,0.0971917908993733,1.554281710447761,-0.03359602511947168,0,0,0,0,0,0,0,0
2.7560082684841647,0.020597609179171007,0.514,0.028274333882308187,0.09769297790527344,0.24707492065429687,2.610329846206168,0.2636042604269381,2,-0.00012217304763950318,-0.14567842227799677,0.24300665124776707,1.486,-0.02839650692994769,-0.10626098350008366,0.02911056808916415,1.6340700444444443,-0.030058725265179755,0,0,0,0,0,0,0,0
2.7583423869207566,0.04146664140575263,0.458,0.029688050576423684,0.04384747314453125,0.31192056274414065,2.610329846206168,0.2636042604269381,2,-0.00012217304763950318,-0.1480125407145887,0.22213761902118545,1.542,-0.029810223624063187,-0.08647919120548961,-0.0010674417115192625,1.6959870615384618,-0.03633506990459625,0,0,0,0,0,0,0,0
2.7587814681547114,0.059183323422440565,0.402,0.03195697860401628,0.014471763610839844,0.2654376220703125,2.610329846206168,0.2636042604269381,2,-0.00012217304763950318,-0.14845162194854344,0.2044209370044975,1.5979999999999999,-0.032079151651655785,-0.07655684093891972,0.008628745484197231,1.746765096969696,-0.04239246086798577,0,0,0,0,0,0,0,0
2.7510372516166046,0.08149380218286405,0.342,0.0350985712576061,-0.10541112518310547,0.3381979064941406,2.610329846206168,0.2636042604269381,2,-0.00012217304763950318,-0.1407074054104367,0.182110458244074,1.658,-0.035220744305245605,-0.029381323493474713,-0.02676734433156501,1.8269200181818184,-0.04950071091247206,0,0,0,0,0,0,0,0
2.73695503974522,0.10393578663187383,0.281,0.039130281829712926,-0.199290283203125,0.3438348999023437,2.610329846206168,0.2636042604269381,2,-0.00012217304763950318,-0.1266251935390521,0.15966847379506424,1.7189999999999999,-0.03925245487735243,0.01352302351517852,-0.042302606246723495,1.9021335499999996,-0.05815109818410319,0,0,0,0,0,0,0,0
2.723742610367201,0.12865239582451782,0.225,0.04216715472818302,-0.18353091430664062,0.37821844482421874,2.610329846206168,0.2636042604269381,2,-0.00012217304763950318,-0.11341276416103296,0.13495186460242026,1.775,-0.04228932777582252,0.013108202976490672,-0.06291516769363409,1.9220244969696973,-0.05609329549614109,0,0,0,0,0,0,0,0
2.708669022021867,0.15205083225887675,0.17,0.04523893421169313,-0.2111075439453125,0.36019589233398436,2.610329846206168,0.2636042604269381,2,-0.00012217304763950318,-0.09833917581569906,0.11155342816806132,1.83,-0.045361107259332636,0.03168063902223815,-0.06946052944615018,1.9771036461538474,-0.05953855102937933,0,0,0,0,0,0,0,0
2.7011124144747845,0.18677882236038812,0.12,0.04632103834792957,-0.08967532348632813,0.525512939453125,2.610329846206168,0.2636042604269381,2,-0.00012217304763950318,-0.09078256826861653,0.07682543806654996,1.88,-0.046443211395569076,-0.004439436230448922,-0.15070247128378927,2.0064192999999992,-0.051515574534177384,0,0,0,0,0,0,0,0
2.692826418824017,0.21904109144156225,0.081,0.04604178566761054,-0.10174830627441406,0.4891701354980469,2.610329846206168,0.2636042604269381,2,-0.00012217304763950318,-0.08249657261784904,0.04456316898537582,1.919,-0.046163958715250045,0.0022648023606966702,-0.14797328884718974,1.9836653818181826,-0.04489462835016354,0,0,0,0,0,0,0,0
2.6849007655533548,0.24901065072628964,0.056,0.04672246407588833,-0.09806834411621093,0.45453872680664065,2.610329846206168,0.2636042604269381,2,-0.00012217304763950318,-0.07457091934718685,0.014593609700648436,1.944,-0.046844637123527835,0.004914866405989711,-0.15323534205594994,1.9440985846153842,-0.04998622977711764,0,0,0,0,0,0,0,0
2.6783406778355237,0.2766936834178024,0.005,0.04865977954560198,-0.07889969635009765,0.41938821411132815,2.610329846206168,0.2636042604269381,2,-0.00012217304763950318,-0.06801083162935573,-0.013089422990864352,1.995,-0.04878195259324149,-0.0007627742637479826,-0.14819740689155825,2.126349200000001,-0.05732893260668407,0,0,0,0,0,0,0,0
2.6728764130414886,0.3016164050340588,0.009,0.04761258199440545,-0.06368312072753907,0.3773851013183594,2.610329846206168,0.2636042604269381,2,-0.00012217304763950318,-0.06254656683532067,-0.03801214460712071,1.991,-0.047734755042044955,-0.0028599181854818204,-0.1503636060032189,1.852577678787879,-0.04297476617296981,0,0,0,0,0,0,0,0
2.6657736972007697,0.32191669382189364,0,0.04876449930072159,-0.09192723846435547,0.30923001098632813,2.610329846206168,0.2636042604269381,2,-0.00012217304763950318,-0.05544385099460181,-0.058312433394955565,2,-0.048886672348361096,0.011775879280898568,-0.1429823605883002,1.9441962516129025,-0.054460465766019844,0,0,0,0,0,0,0,0
