0,0,0.734,0,-0.03442107391357422,-0.016359169006347655,0,0,1,0,0,0,0.266,0,0,0,0.21280000000000002,0,0,0,0,0,0,0,0,0
0.0005871139526367188,-0.0012254564921061197,0.732,0.001012290966156737,0.008806709289550782,-0.018381847381591796,0,0,1,0,-0.0005871139526367188,0.0012254564921061197,0.268,-0.001012290966156737,-0.003407427553691517,0.007112169960021818,0.22677486060606064,-0.00561361353959645,0,0,0,0,0,0,0,0
-0.0007660432144138946,-0.0026358961917460335,0.733,0.0006632251157578928,-0.020318763732910156,-0.021136037826538084,0,0,1,0,0.0007660432144138946,0.0026358961917460335,0.267,-0.0006632251157578928,0.007558973162151761,0.00880010105643178,0.2118279696969697,0.0009234378406004899,0,0,0,0,0,0,0,0
-0.003081652934078226,-0.003788194646413984,0.734,0.00129154364647599,-0.03474560165405274,-0.017261436462402344,0,0,1,0,0.003081652934078226,0.003788194646413984,0.266,-0.00129154364647599,0.014206407472644008,0.008200702434517393,0.21256465000000002,-0.0042367867592170705,0,0,0,0,0,0,0,0
-0.0018626199767639874,-0.0063885673683810535,0.735,0.0016755160819146298,0.0182351016998291,-0.0390291748046875,0,0,1,0,0.0018626199767639874,0.0063885673683810535,0.265,-0.0016755160819146298,-0.005529939044272811,0.01699332841976347,0.2136793696969697,-0.003420845333908447,0,0,0,0,0,0,0,0
0.0007481663029904845,-0.009776186083953975,0.739,0.0006632251157578928,0.03907659912109375,-0.05087982559204102,0,0,1,0,-0.0007481663029904845,0.009776186083953975,0.261,-0.0006632251157578928,-0.014429329747125632,0.023144660807824693,0.19594043846153844,0.004008887035734739,0,0,0,0,0,0,0,0
0.00492669955166509,-0.013857499230707082,0.744,0.0011519173063161416,0.06263738250732422,-0.061261253356933595,0,0,1,0,-0.00492669955166509,0.013857499230707082,0.256,-0.0011519173063161416,-0.025315023194956553,0.029272843598929996,0.18777354999999998,-0.003442661949557933,0,0,0,0,0,0,0,0
0.011260196075462746,-0.01854478573874916,0.748,0.0010122909661567372,0.09492139434814453,-0.07041868591308593,0,0,1,0,-0.011260196075462746,0.01854478573874916,0.252,-0.0010122909661567372,-0.03823695385310302,0.03343515541557567,0.19304266470588236,-0.00039629240662995293,0,0,0,0,0,0,0,0
0.018625637780679546,-0.023664863826384348,0.755,0.0015358897417550035,0.11040382385253907,-0.07691297149658204,0,0,1,0,-0.018625637780679546,0.023664863826384348,0.245,-0.0015358897417550035,-0.05025165027544545,0.04032924220861547,0.17068551111111108,-0.004029217244603891,0,0,0,0,0,0,0,0
0.028315385042632986,-0.028679243548064157,0.761,0.0021467549799529806,0.14523051452636718,-0.0754388427734375,0,0,1,0,-0.028315385042632986,0.028679243548064157,0.239,-0.0021467549799529806,-0.0663713705019114,0.0414107015067822,0.1740202076923077,-0.004966133002405183,0,0,0,0,0,0,0,0
0.04167742467440724,-0.033511711648096444,0.771,0.0021467549799529806,0.20027452087402345,-0.07291712951660156,0,0,1,0,-0.04167742467440724,0.033511711648096444,0.22899999999999998,-0.0021467549799529806,-0.0917636363159251,0.04247527186572407,0.14680899696969693,-0.0021467549799529806,0,0,0,0,0,0,0,0
0.055053639859623485,-0.03895123893169086,0.778,0.004380776422505894,0.2004676055908203,-0.08202345275878906,0,0,1,0,-0.055053639859623485,0.03895123893169086,0.22199999999999998,-0.004380776422505894,-0.09965400177109252,0.04888339133620602,0.15798999230769226,-0.014691644618903956,0,0,0,0,0,0,0,0
0.07037230838906092,-0.043251381609111045,0.789,0.0036128315516281706,0.22949525451660155,-0.0655081329345703,0,0,1,0,-0.07037230838906092,0.043251381609111045,0.21099999999999997,-0.0036128315516281706,-0.11656937109879006,0.044576033216213576,0.1299415666666666,-0.00012217304763851742,0,0,0,0,0,0,0,0
0.08336424380840982,-0.04727042765368391,0.799,0.0037873644768275927,0.1946599578857422,-0.060989360809326175,0,0,1,0,-0.08336424380840982,0.04727042765368391,0.20099999999999996,-0.0037873644768275927,-0.11293297533538284,0.045791180442743135,0.12687379999999993,-0.004605487563699884,0,0,0,0,0,0,0,0
0.09445072365964757,-0.050207207326820213,0.81,0.0048171087355044495,0.16612916564941407,-0.04468120574951172,0,0,1,0,-0.09445072365964757,0.050207207326820213,0.18999999999999995,-0.0048171087355044495,-0.1071843913750195,0.04112647591701135,0.11476553076923068,-0.00956977454478225,0,0,0,0,0,0,0,0
0.10331028784041929,-0.053735727003338715,0.82,0.002286381320112385,0.132636962890625,-0.05356734085083008,0,0,1,0,-0.10331028784041929,0.053735727003338715,0.18000000000000005,-0.002286381320112385,-0.09969024077306912,0.046111956303726914,0.11332014615384675,0.009393899058620219,0,0,0,0,0,0,0,0
0.10932959003321896,-0.057105033602832596,0.829,0.0006283185307178751,0.09017374420166016,-0.05074590301513672,0,0,1,0,-0.10932959003321896,0.057105033602832596,0.17100000000000004,-0.0006283185307178751,-0.0869872457416335,0.04670211258786813,0.11336762727272728,0.006908330511984442,0,0,0,0,0,0,0,0
0.11380272578956997,-0.05873862219544484,0.837,-0.00019198621771954194,0.06708162689208984,-0.024545982360839845,0,0,1,0,-0.11380272578956997,0.05873862219544484,0.16300000000000003,0.00019198621771954194,-0.08109955595281451,0.03835310918681456,0.11334645757575759,0.0039206441651623465,0,0,0,0,0,0,0,0
0.11625937082846821,-0.05976233509012329,0.844,-0.001012290966156737,0.03685262298583984,-0.015348618507385253,0,0,1,0,-0.11625937082846821,0.05976233509012329,0.15600000000000003,0.001012290966156737,-0.0721158875605708,0.035838673612076904,0.11288785,0.004857469474456089,0,0,0,0,0,0,0,0
0.11595038923182423,-0.0599305813761359,0.851,-0.0022514747350725894,-0.004632166862487793,-0.0025283846855163575,0,0,1,0,-0.11595038923182423,0.0599305813761359,0.14900000000000002,0.0022514747350725894,-0.05693823989992253,0.03126926328027279,0.1088452923076923,0.007970784437761138,0,0,0,0,0,0,0,0
0.11434188503639196,-0.060742927838364734,0.858,-0.003298672286269344,-0.024100067138671875,-0.01223948860168457,0,0,1,0,-0.11434188503639196,0.060742927838364734,0.14200000000000002,0.003298672286269344,-0.04934325401425396,0.035117483209451635,0.10475358787878787,0.008058661155345502,0,0,0,0,0,0,0,0
0.11097431695913851,-0.06132773356272535,0.861,-0.005009094953223769,-0.05048431015014648,-0.00893866539001465,0,0,1,0,-0.11097431695913851,0.06132773356272535,0.139,0.005009094953223769,-0.03812849089506074,0.034290805093092035,0.12422445384615385,0.012903353416090347,0,0,0,0,0,0,0,0
0.10580707173352866,-0.062037103018516004,0.866,-0.007836528341454763,-0.07745440673828125,-0.011028655052185058,0,0,1,0,-0.10580707173352866,0.062037103018516004,0.134,0.007836528341454763,-0.026755745823754576,0.03524376211582631,0.11115669701492537,0.02049667784099652,0,0,0,0,0,0,0,0
0.09934771883641559,-0.06272338454726188,0.872,-0.006003932626860609,-0.09680664825439453,-0.011053182601928712,0,0,1,0,-0.09934771883641559,0.06272338454726188,0.128,0.006003932626860609,-0.014696436639295929,0.03573343243594349,0.09994916666666664,-0.0027227136331115526,0,0,0,0,0,0,0,0
0.09496513978591511,-0.062161778212965625,0.876,-0.006335545184739555,-0.06578807830810547,0.008029254913330078,0,0,1,0,-0.09496513978591511,0.062161778212965625,0.124,0.006335545184739555,-0.024853665748138954,0.0286563251571854,0.10935003846153846,0.007866064682642384,0,0,0,0,0,0,0,0
0.08846621117300188,-0.061189574728934576,0.882,-0.004834562028024569,-0.09757436370849609,0.013965149879455567,0,0,1,0,-0.08846621117300188,0.061189574728934576,0.118,0.004834562028024569,-0.010797076349164887,0.026079018105711754,0.09504911818181815,-0.0019880886843162745,0,0,0,0,0,0,0,0
0.08384004517347202,-0.060964448720214344,0.887,-0.0034208453339088507,-0.06940800476074219,0.003041369676589966,0,0,1,0,-0.08384004517347202,0.060964448720214344,0.11299999999999999,0.0034208453339088507,-0.01809238013741918,0.02994948955951605,0.09667872307692305,-0.003104000946625235,0,0,0,0,0,0,0,0
0.07935032821005045,-0.060830346896072036,0.891,-0.0020420352248333717,-0.06735224151611328,0.0017811366319656372,0,0,1,0,-0.07935032821005045,0.060830346896072036,0.10899999999999999,0.0020420352248333717,-0.017000912376126363,0.030423657609310026,0.09990907878787877,-0.0042252834527824416,0,0,0,0,0,0,0,0
0.0733935951969973,-0.0597185173112309,0.896,-0.0008028514559172972,-0.0893848648071289,0.016494951248168944,0,0,1,0,-0.0733935951969973,0.0597185173112309,0.10399999999999998,0.0008028514559172972,-0.00530273921444524,0.024536790662986984,0.09044304999999997,-0.005005822460876802,0,0,0,0,0,0,0,0
0.06811573094293737,-0.058753664247333526,0.9,0.000279252680319031,-0.07917955780029297,0.014409231185913087,0,0,1,0,-0.06811573094293737,0.058753664247333526,0.09999999999999998,-0.000279252680319031,-0.006864696917339871,0.024977509403143926,0.09369833846153844,-0.0052735794629482375,1426174475277,0,0,0,0,0,0,0
0.06249791045323364,-0.058310926393570287,0.903,0.00399680398706681,-0.08426544952392578,0.006664599418640137,0,0,1,0,-0.06249791045323364,0.058310926393570287,0.09699999999999998,-0.00399680398706681,-0.0031701058791382165,0.02767776176486328,0.0978150582089552,-0.020642556106832986,1426174475277,0,0,0,0,0,0,0
0.05731099698241628,-0.05725183150158256,0.91,0.00677187749773811,-0.07773958587646485,0.016197261810302736,0,0,1,0,-0.05731099698241628,0.05725183150158256,0.08999999999999997,-0.00677187749773811,-0.0020311906718123544,0.0237954190440186,0.07077939230769226,-0.019579909085451798,1426174475277,0,0,0,0,0,0,0
0.05351692525770245,-0.05569402961116149,0.917,0.0052708943410229026,-0.05675153350830078,0.023751884460449218,0,0,1,0,-0.05351692525770245,0.05569402961116149,0.08299999999999996,-0.0052708943410229026,-0.007978932725729544,0.020495024176495243,0.06629828787878782,0.00155175637131895,1426174475277,0,0,0,0,0,0,0
0.0476010011364115,-0.054766636897936906,0.922,0.004502949470145401,-0.088664306640625,0.01437842845916748,0,0,1,0,-0.0476010011364115,0.054766636897936906,0.07799999999999996,-0.004502949470145401,0.007181197404470617,0.023255770198071544,0.07257494999999994,-0.000903207887907112,1426174475277,0,0,0,0,0,0,0
0.043684266533054635,-0.053996005614316174,0.927,0.0018675022996337276,-0.05869837188720703,0.011823904037475587,0,0,1,0.004502949470145401,-0.043684266533054635,0.053996005614316174,0.07299999999999995,0.0026354471705116733,-0.021842133266527317,0.026998002807158087,0.058399999999999966,0.0026354471705116733,1426174475277,0,0,0,0,0,0,0
0.03739642805322129,-0.05418803851071353,0.932,-0.00006981317007981325,-0.09432279205322265,-0.002704350233078003,0,0,1,0.004502949470145401,-0.03739642805322129,0.05418803851071353,0.06799999999999995,0.004572762640225214,0.014621702329990438,0.02814813962954768,0.028333648484848428,0.013378742048014036,1426174475670,0,0,0,0,0,0,0
0.030917138882614176,-0.053072051195132905,0.936,-0.0006981317007976884,-0.09719050598144531,0.01673302459716797,0,0,1,0.004502949470145401,-0.030917138882614176,0.053072051195132905,0.06399999999999995,0.005201081170943089,0.019930574599050573,0.020502700183666876,0.030183399999999944,0.008146324283683129,1426174475734,0,0,0,0,0,0,0
0.027917296161441466,-0.053151711208551285,0.94,-0.00024434609527923534,-0.04499679565429687,-0.0012263141870498657,0,0,1,0.004502949470145401,-0.027917296161441466,0.053151711208551285,0.06000000000000005,0.004747295565424636,0.0018867147471164861,0.02710310541695271,0.028042278787879404,0.002684633722158941,1426174475800,0,0,0,0,0,0,0
0.024506308095247818,-0.05451247637460294,0.946,0.0009599310885968215,-0.05115983200073242,-0.020423978805541993,0,0,1,0.004502949470145401,-0.024506308095247818,0.05451247637460294,0.05400000000000005,0.0035430183815485794,0.006322108875325092,0.03483762102160582,0.011987500000000012,-0.002102030917870437,1426174475864,0,0,0,0,0,0,0
0.02157877048629255,-0.05486987016375242,0.95,0.0001570796326795243,-0.043918190002441404,-0.0053187508583068845,0,0,1,0.004502949470145401,-0.02157877048629255,0.05486987016375242,0.050000000000000044,0.004345869837465877,0.004642615357835932,0.029506117622618146,0.02071787878787881,0.007995194637089954,1426174475930,0,0,0,0,0,0,0
0.020004375643344365,-0.05530319878346166,0.949,-0.001169370598836039,-0.023616943359375,-0.006496219635009765,0,0,1,0.004502949470145401,-0.020004375643344365,0.05530319878346166,0.051000000000000045,0.00567232006898144,-0.0016305000256109092,0.030196766869988022,0.04844611538461543,0.011794398060591734,1426174475995,0,0,0,0,0,0,0
0.0175168372950718,-0.056210542549181404,0.953,0.0012042771838760569,-0.03729713439941406,-0.013653779983520508,0,0,1,0.004502949470145401,-0.0175168372950718,0.056210542549181404,0.04700000000000004,0.003298672286269344,0.004315688583952072,0.03316590124352726,0.018959578787878812,-0.007490635816967456,1426174476061,0,0,0,0,0,0,0
0.018037708590482204,-0.0567194294363335,0.953,0.0023212879051526247,0.0078038711547851565,-0.007642706871032715,0,0,1,0.004502949470145401,-0.018037708590482204,0.0567194294363335,0.04700000000000004,0.002181661564992776,-0.011829459143399326,0.031266513156937195,0.040491300000000036,-0.002746326911227375,1426174476129,0,0,0,0,0,0,0
0.017787902285382455,-0.05688189271859124,0.957,0.0031415926535898198,-0.00375274133682251,-0.0024282445907592774,0,0,1,0.004502949470145401,-0.017787902285382455,0.05688189271859124,0.04300000000000004,0.0013613568165555812,-0.00762443240967346,0.029680872260957128,0.014977254838709694,-0.002607859708140524,1426174476191,0,0,0,0,0,0,0
0.016397546204157332,-0.05695801945668369,0.961,0.004764748857944535,-0.02085882568359375,-0.0010763765573501586,0,0,1,0.004502949470145401,-0.016397546204157332,0.05695801945668369,0.039000000000000035,-0.000261799387799134,-0.0007464358630592874,0.02925457542929858,0.012732500000000015,-0.00787034409571186,1426174476255,0,0,0,0,0,0,0
0.01722450540807102,-0.05599045358090756,0.96,0.004468042885105384,0.012473400115966798,0.014454219818115234,0,0,1,0.004502949470145401,-0.01722450540807102,0.05599045358090756,0.040000000000000036,0.00003490658504001678,-0.013160183175509441,0.02326039693241196,0.04097453030303034,0.0013835700979452476,1426174476321,0,0,0,0,0,0,0
0.017242893592565096,-0.055184546345809896,0.962,0.006736970912698093,0.00032983225584030154,0.012087255477905274,0,0,1,0.004502949470145401,-0.017242893592565096,0.055184546345809896,0.038000000000000034,-0.0022340214425526925,-0.008894208731989508,0.02368484393272703,0.023549269230769252,-0.01270599695451904,1426174476386,0,0,0,0,0,0,0
0.019745671038472565,-0.05340448525072196,0.964,0.0065449846949785515,0.037720691680908205,0.02644739532470703,0,0,1,0.004502949470145401,-0.019745671038472565,0.05340448525072196,0.03600000000000003,-0.0020420352248331506,-0.023535912779498045,0.017584082439109954,0.022183269230769253,-0.0011559449892044956,1426174476451,0,0,0,0,0,0,0
0.02205834426328481,-0.05130279244838257,0.966,0.007714355293815034,0.03489568710327148,0.03129767227172851,0,0,1,0.004502949470145401,-0.02205834426328481,0.05130279244838257,0.03400000000000003,-0.003211405823669633,-0.023311663329391448,0.015173561016019816,0.02113253880597017,-0.008447393579653881,1426174476518,0,0,0,0,0,0,0
0.023597697453339176,-0.049045636459452736,0.968,0.00863937979737184,0.02335079574584961,0.03367820739746094,0,0,1,0.004502949470145401,-0.023597697453339176,0.049045636459452736,0.03200000000000003,-0.004136430327226439,-0.020433651422565945,0.012711542665455612,0.019247600000000017,-0.008472482687648965,1426174476582,0,0,0,0,0,0,0
0.024548999999101994,-0.046835368045689475,0.967,0.006597344572538468,0.014555432319641114,0.03302951049804687,0,0,1,0.004502949470145401,-0.024548999999101994,0.046835368045689475,0.03300000000000003,-0.002094395102393067,-0.017629320110675212,0.012079227957384593,0.03658421538461542,0.00733038285837634,1426174476647,0,0,0,0,0,0,0
0.025275754749323014,-0.043779382604949076,0.966,0.004729842272904518,0.011203502655029297,0.04576686477661133,0,0,1,0.004502949470145401,-0.025275754749323014,0.043779382604949076,0.03400000000000003,-0.00022689280275911723,-0.016800023211916947,0.006025830921215326,0.03760521538461542,0.008392348580166803,1426174476712,0,0,0,0,0,0,0
0.024132026511527717,-0.041056511405388824,0.968,0.0035081117965085635,-0.01696255111694336,0.04092375564575195,0,0,1,0.004502949470145401,-0.024132026511527717,0.041056511405388824,0.03200000000000003,0.0009948376736368374,-0.006265565918174581,0.006707330355817649,0.020225739393939415,0.006548158020891177,1426174476778,0,0,0,0,0,0,0
0.024908293791273843,-0.039321018277963936,0.969,0.0016406094968746138,0.011735261917114258,0.02599138832092285,0,0,1,0.004502949470145401,-0.024908293791273843,0.039321018277963936,0.031000000000000028,0.002862339973270787,-0.0168519334431544,0.01110163150125014,0.024933369696969722,0.01135098678978874,1426174476844,0,0,0,0,0,0,0
0.023762559395602595,-0.03740610005363413,0.973,0.0017627825445141205,-0.01713886833190918,0.028751930236816405,0,0,1,0.004502949470145401,-0.023762559395602595,0.03740610005363413,0.027000000000000024,0.0027401669256312804,-0.0059119703992602185,0.008899275899250944,0.005334200000000008,0.002167480764821093,1426174476908,0,0,0,0,0,0,0
0.02264406195065969,-0.0355660211065295,0.974,0.0010122909661567387,-0.016728780746459962,0.027630716323852538,0,0,1,0.004502949470145401,-0.02264406195065969,0.0355660211065295,0.026000000000000023,0.0034906585039886622,-0.005610496743691269,0.008566445971235018,0.021193584615384634,0.006954465788715039,1426174476973,0,0,0,0,0,0,0
0.02053695148725358,-0.03428559196608314,0.975,0.001989675347273458,-0.03158719825744629,0.01923842239379883,0,0,1,0.004502949470145401,-0.02053695148725358,0.03428559196608314,0.025000000000000022,0.002513274122871943,0.0007530103381931056,0.01096201599471898,0.020556084615384634,-0.0019977307130513763,1426174477038,0,0,0,0,0,0,0
0.01970356017236373,-0.032415635927422796,0.977,0.0035255650890284613,-0.012445035934448243,0.02807415771484375,0,0,1,0.004502949470145401,-0.01970356017236373,0.032415635927422796,0.02300000000000002,0.0009773843811169396,-0.0057697783752731855,0.007026617205307889,0.013886439393939408,-0.0060039326268603475,1426174477104,0,0,0,0,0,0,0
0.016737527576725534,-0.03182382934211366,0.972,0.004310963252425861,-0.04445891571044922,0.009033897399902343,0,0,1,0.004502949470145401,-0.016737527576725534,0.03182382934211366,0.028000000000000025,0.0001919862177195402,0.006776724508394548,0.013576942478480805,0.054799502985074675,-0.003324721976597173,1426174477170,0,0,0,0,0,0,0
0.012405499289238477,-0.031128541396127946,0.97,0.004223696789826373,-0.06493486022949219,0.010709349632263183,0,0,1,0.004502949470145401,-0.012405499289238477,0.031128541396127946,0.030000000000000027,0.00027925268031902834,0.017507546880490207,0.012477725613717799,0.04158021111111115,0.0006948072641261147,1426174477234,0,0,0,0,0,0,0
0.00955283000489772,-0.0308473551259628,0.971,0.0056025068989018515,-0.04277184295654297,0.00439848804473877,0,0,1,0.004502949470145401,-0.00955283000489772,0.0308473551259628,0.029000000000000026,-0.0010995574287564506,0.009988544494867625,0.01472906323256828,0.02455746969696972,-0.007366876106372264,1426174477300,0,0,0,0,0,0,0
0.004527174112456075,-0.031178136757315626,0.968,0.007120943348136735,-0.07541145324707031,-0.004539304733276367,0,0,1,0.004502949470145401,-0.004527174112456075,0.031178136757315626,0.03200000000000003,-0.002617993877991334,0.02485473905206391,0.01821450941371198,0.04887155000000004,-0.009735664733779851,1426174477364,0,0,0,0,0,0,0
0.0006688813446851996,-0.030549045615011605,0.966,0.005829399701660967,-0.05780572891235351,0.009848244667053222,0,0,1,0.004502949470145401,-0.0006688813446851996,0.030549045615011605,0.03400000000000003,-0.0013264502315155661,0.019760031777923223,0.012775074775198937,0.044895760606060646,0.004544202707010651,1426174477430,0,0,0,0,0,0,0
-0.0042136352750695456,-0.02988975129843417,0.966,0.004398229715025795,-0.0731788558959961,0.010316176414489746,0,0,1,0.004502949470145401,0.0042136352750695456,0.02988975129843417,0.03400000000000003,0.00010471975511960625,0.02763556121123903,0.012304986504347564,0.034514100000000034,0.006610037876188571,1426174477496,0,0,0,0,0,0,0
-0.008360033892117041,-0.0300447667310315,0.966,0.006370451769779353,-0.06220560455322265,-0.0020516576766967773,3,0,1,0,3.0083600338921173,0.0300447667310315,0.03400000000000003,-0.006370451769779353,1.5041800169460586,0.01502238336551575,0.027200000000000026,-0.006370451769779353,0,0,0,0,0,0,0,0
-0.011046170233666606,-0.030471500213370653,0.966,0.007923794804054255,-0.04033200454711914,-0.006144195556640625,3,0,1,0,3.0110461702336666,0.030471500213370653,0.03400000000000003,-0.007923794804054255,1.5219440761973664,0.01755335225595792,0.027421000000000025,-0.015093070346861494,0,0,0,0,0,0,0,0
-0.01275424487299367,-0.029199938790135688,0.968,0.007993607974133846,-0.025469182968139648,0.01927583694458008,3,0,1,0,3.0127542448729936,0.029199938790135688,0.03200000000000003,-0.007993607974133846,1.5193806918209534,0.007895919070228664,0.015426139393939413,-0.008310940565404715,0,0,0,0,0,0,0,0
-0.012443455477987144,-0.027171701644207732,0.968,0.004328416544945761,0.00490488338470459,0.030385320663452148,3,0,1,0,3.012443455477987,0.027171701644207732,0.03200000000000003,-0.004328416544945761,1.510451932439595,0.0027213139233007114,0.026240200000000026,0.012587851589768478,0,0,0,0,0,0,0,0
-0.009511452606871801,-0.025685883203372704,0.971,0.0019198621771936474,0.04407609939575195,0.022096704483032227,3,0,1,0,3.009511452606872,0.025685883203372704,0.029000000000000026,-0.0019198621771936474,1.497097189846389,0.005037294108860103,0.008122509090909103,0.009028112221679596,0,0,0,0,0,0,0,0
-0.0009839221779278171,-0.024077799684051767,0.971,0.003054326190990113,0.1279590301513672,0.023875633239746095,3,0,1,0,3.000983922177928,0.024077799684051767,0.029000000000000026,-0.003054326190990113,1.4636676223829206,0.0033337956112604455,0.024217200000000022,-0.008372126255661045,0,0,0,0,0,0,0,0
0.012843283711770471,-0.024140771900089654,0.966,0.0016406094968746164,0.20740423583984374,-0.001578069806098938,3,0,1,0,2.9871567162882293,0.024140771900089654,0.03400000000000003,-0.0016406094968746164,1.4308764177770292,0.01251426113058175,0.05536127692307697,0.004884236783658444,0,0,0,0,0,0,0,0
0.03461537813254113,-0.024136366762433203,0.97,0.0021816615649927805,0.3265810852050781,-0.0004697153568267822,3,0,1,0,2.9653846218674587,0.024136366762433203,0.030000000000000027,-0.0021816615649927805,1.3809436335032086,0.012165546822054618,0.004224078787878796,-0.004640989147348071,0,0,0,0,0,0,0,0
0.06383342497144008,-0.024670908662383292,0.972,0.003141592653589824,0.4382521667480469,-0.00897426700592041,3,0,1,0,2.93616657502856,0.024670908662383292,0.028000000000000025,-0.003141592653589824,1.3263732503141645,0.015350516979334185,0.013248969230769243,-0.007572043831730025,0,0,0,0,0,0,0,0
0.098586939943125,-0.02565098145697219,0.977,0.004101523742186646,0.5212539672851563,-0.016338737487792968,3,0,1,0,2.901413060056875,0.02565098145697219,0.02300000000000002,-0.004101523742186646,1.2894190123426343,0.018024185830916493,-0.00556069411764706,-0.00833651383893733,0,0,0,0,0,0,0,0
0.1424364977603456,-0.025987975410152294,0.976,0.003717551306748006,0.6577171020507813,-0.007752609252929687,3,0,1,0,2.8575635022396546,0.025987975410152294,0.02400000000000002,-0.003717551306748006,1.2006064823015528,0.01506668824673604,0.026768561290322606,-0.001859620167528781,0,0,0,0,0,0,0,0
0.1942963177240566,-0.02669755095863082,0.98,0.004118977034706543,0.7778523559570313,-0.013535426139831544,3,0,1,0,2.8057036822759436,0.02669755095863082,0.020000000000000018,-0.004118977034706543,1.1490519663602774,0.017299611820913868,-0.0031567212121212107,-0.005943639434518078,0,0,0,0,0,0,0,0
0.2550345521517023,-0.027368184974209942,0.984,0.0035430183815483617,0.9110243530273437,-0.013812105178833007,3,0,1,0,2.7449654478482977,0.027368184974209942,0.016000000000000014,-0.0035430183815483617,1.0684292419313333,0.017500923750799417,-0.00657906153846154,-0.0008847476746644462,0,0,0,0,0,0,0,0
0.31973440547453097,-0.028258417551103688,0.987,0.0037524578917878014,0.9704443969726563,-0.016791889190673828,3,0,1,0,2.680265594525469,0.028258417551103688,0.013000000000000012,-0.0037524578917878014,1.0164896938553776,0.01914686180234864,-0.003509946153846151,-0.004719101785200601,0,0,0,0,0,0,0,0
0.38758563104177746,-0.02867458985057647,0.986,0.0028099800957106557,1.01773779296875,-0.010061664581298828,3,0,1,0,2.6124143689582224,0.02867458985057647,0.014000000000000012,-0.0028099800957106557,0.9728549948588735,0.01678728746734452,0.01883933030303032,0.0014740098864581882,0,0,0,0,0,0,0,0
0.4623665079963634,-0.029160795190561122,0.991,0.0018151424220740385,1.121688232421875,-0.010445038795471191,3,0,1,0,2.5376334920036365,0.029160795190561122,0.009000000000000008,-0.0018151424220740385,0.8879478262519251,0.017501014183913897,-0.01774985000000001,0.0028481591730976042,0,0,0,0,0,0,0,0
0.5395113665396656,-0.030454713450091875,0.995,0.0016231562043547186,1.1571357421875,-0.02150917434692383,3,0,1,0,2.4604886334603346,0.030454713450091875,0.0050000000000000044,-0.0016231562043547186,0.8508557177456337,0.022370825711451083,-0.014785221212121221,-0.00075049157835781,0,0,0,0,0,0,0,0
0.6261842077540035,-0.030939531142419246,1,0.0006283185307178795,1.3000791015625,-0.009382508277893066,3,0,1,0,2.3738157922459964,0.030939531142419246,0,-0.0006283185307178795,0.7514638857504885,0.01838221431776122,-0.02449617692307694,0.003963239962990609,0,0,0,0,0,0,0,0
0.7213061657481011,-0.03128782611668287,1,-0.0010995574287562216,1.4268258056640626,-0.0061209268569946285,3,0,1,0,2.2786938342518988,0.03128782611668287,0,0.0010995574287562216,0.6598888135469991,0.01784157656383331,0.0024269000000000027,0.009074369549405919,0,0,0,0,0,0,0,0
0.8211118724187777,-0.03301361945562477,1.006,-0.0007679448708777192,1.4971131591796876,-0.024240753173828126,3,0,1,0,2.178888127581222,0.03301361945562477,-0.006000000000000005,0.0007679448708777192,0.6022678791385863,0.025866496219291588,-0.03375658358208958,-0.0007168874778319929,0,0,0,0,0,0,0,0
0.9321251665700341,-0.034533642950873016,1.01,-0.00017453292519941765,1.6652164306640624,-0.021521564483642577,3,0,1,0,2.0678748334299657,0.034533642950873016,-0.010000000000000009,0.00017453292519941765,0.4623538141149798,0.025945899650286937,-0.027552300000000023,-0.002607085570167621,0,0,0,0,0,0,0,0
1.050318894189478,-0.03583787406430164,1.018,-0.0006457718232379905,1.7729093017578126,-0.01925403594970703,3,0,1,0,1.949681105810522,0.03583787406430164,-0.018000000000000016,0.0006457718232379905,0.38486277303075644,0.025225416830911777,-0.05462034242424246,0.0027877668143224126,0,0,0,0,0,0,0,0
1.1626784212605734,-0.037453355096295146,1.028,-0.002338741197672518,1.685408203125,-0.023143831253051757,3,0,1,0,1.8373215787394266,0.037453355096295146,-0.028000000000000025,0.002338741197672518,0.34217765082956975,0.027975412271217706,-0.07506280000000007,0.010274535140334367,0,0,0,0,0,0,0,0
1.271628832707729,-0.03996238301912745,1.032,-0.004276056667386058,1.6343397216796876,-0.03381321716308594,3,0,1,0,1.728371167292271,0.03996238301912745,-0.03200000000000003,0.004276056667386058,0.33418267706254157,0.0335289014189945,-0.04468522238805974,0.012950603546700416,0,0,0,0,0,0,0,0
1.37730548740651,-0.042838806396967626,1.033,-0.004031710572106822,1.58531982421875,-0.0363677864074707,3,0,1,0,1.62269451259349,0.042838806396967626,-0.03299999999999992,0.004031710572106822,0.28251490085618136,0.037376529621605876,-0.030188815384614726,0.002903959363125732,0,0,0,0,0,0,0,0
1.4833200094314138,-0.04443627211852082,1.032,-0.0029845130209102894,1.590301513671875,-0.017550510406494142,3,0,1,0,1.5166799905685862,0.04443627211852082,-0.03200000000000003,0.0029845130209102894,0.21973953839974492,0.03145140878829677,-0.018740250000000624,-0.001924225500323457,0,0,0,0,0,0,0,0
1.601271629079813,-0.04365513458972074,1.031,-0.002967059728390391,1.7692314453125,0.016997425079345704,3,0,1,0,1.398728370920187,0.04365513458972074,-0.030999999999999917,0.002967059728390391,0.10631571354126357,0.01814695004155871,-0.018225884615383943,0.0028865060706062453,0,0,0,0,0,0,0,0
1.7397791773540623,-0.04167314923324794,1.028,-0.001710422666954641,2.077515869140625,0.03589404296875,3,0,1,0,1.2602208226459377,0.04167314923324794,-0.028000000000000025,0.001710422666954641,-0.07280468658494943,0.010716941222855391,-0.005238653846154451,-0.004089440693518052,0,0,0,0,0,0,0,0
1.8870701410524628,-0.039869217153927536,1.025,-0.0004537856055186686,2.20931494140625,0.030837886810302733,3,0,1,0,1.1129298589475372,0.039869217153927536,-0.02499999999999991,0.0004537856055186686,-0.1809942032595181,0.01094721122781806,-0.003248409090908417,-0.005258201037372115,0,0,0,0,0,0,0,0
2.0371928030082707,-0.040285244871014834,1.047,0.0010821041362365567,2.251842529296875,-0.0052185626029968265,3,0,1,0,0.9628071969917293,0.040285244871014834,-0.04699999999999993,-0.0010821041362365567,-0.2585448705234582,0.022921801800782616,-0.15199777313432838,-0.007959222382901743,0,0,0,0,0,0,0,0
2.202358742014867,-0.04305809245608833,1.055,0.004363323129985781,2.477442626953125,-0.04427359008789063,3,0,1,0,0.7976412579851329,0.04305809245608833,-0.05499999999999994,-0.004363323129985781,-0.4739910151076977,0.037566781878417825,-0.08826334444444443,-0.019988175481172564,0,0,0,0,0,0,0,0
2.367318249557137,-0.0464252165774945,1.058,0.005759586531581158,2.474148681640625,-0.06130292129516601,3,0,1,0,0.6326817504428628,0.0464252165774945,-0.05800000000000005,-0.005759586531581158,-0.5267144778550827,0.04200647986996562,-0.0627497461538468,-0.01220387915432905,0,0,0,0,0,0,0,0
2.5340551669339875,-0.05094467560198018,1.067,0.007138396640656859,2.500621826171875,-0.08219571685791016,3,0,1,0,0.46594483306601253,0.05094467560198018,-0.06699999999999995,-0.007138396640656859,-0.6193507407420622,0.05050420366870097,-0.10269293846153785,-0.013502135605621631,0,0,0,0,0,0,0,0
2.676921278929002,-0.056659218823788965,1.073,0.01014036295408705,2.1423251953125,-0.10101335906982421,3,0,1,0,0.3230787210709982,0.056659218823788965,-0.07299999999999995,-0.01014036295408705,-0.5620386896686796,0.05983337252665752,-0.09181359230769229,-0.023995592092995628,0,0,0,0,0,0,0,0
2.806734094023331,-0.06121258036284733,1.083,0.012653637076958995,1.9463995361328126,-0.08804180908203126,3,0,1,0,0.19326590597666904,0.06121258036284733,-0.08299999999999996,-0.012653637076958995,-0.5356631904854537,0.05516666537190969,-0.12030080597014926,-0.02390710329877367,0,0,0,0,0,0,0,0
2.921829316008983,-0.06431364458662008,1.093,0.013299408900196544,1.7257015380859375,-0.06835725402832031,3,0,1,0,0.07817068399101679,0.06431364458662008,-0.09299999999999997,-0.013299408900196544,-0.5444611214594088,0.049931086195007676,-0.13134470000000004,-0.016326464321622557,1426174479843,0,0,0,0,0,0,0
3.0217682310352165,-0.06626314615491341,1.097,0.012618730491918976,1.498562255859375,-0.04917627716064453,3,0,1,0,-0.021768231035216523,0.06626314615491341,-0.09699999999999998,-0.012618730491918976,-0.5031503524606883,0.04448727918736196,-0.10202616153846153,-0.009477137838330199,1426174479843,0,0,0,0,0,0,0
3.1055842610380036,-0.0671336675541468,1.104,0.011868238913561594,1.2569755859375,-0.028921138763427733,3,0,1,0,-0.10558426103800356,0.0671336675541468,-0.10400000000000009,-0.011868238913561594,-0.451474380686818,0.03908593333017132,-0.12389531212121281,-0.008456913557391678,0,0,0,0,0,0,0,0
3.167653338488001,-0.06711110007695643,1.101,0.011641346110802035,0.930974609375,-0.01071101188659668,3,0,1,0,-0.1676533384880008,0.06711110007695643,-0.10099999999999998,-0.011641346110802035,-0.3775775378686447,0.0343777834451695,-0.06861424999999936,-0.010577786097866599,0,0,0,0,0,0,0,0
3.21368834507993,-0.06603228918749433,1.091,0.010437068926925978,0.6906666870117187,0.008142606735229492,3,0,1,0,-0.21368834507992984,0.06603228918749433,-0.09099999999999997,-0.010437068926925978,-0.3054208431248891,0.02828440836413045,-0.024590796969696904,-0.0049630817274893555,0,0,0,0,0,0,0,0
3.2455259527643685,-0.06437176227844182,1.079,0.009075712110370619,0.47779806518554685,0.019922267913818358,3,0,1,0,-0.2455259527643685,0.06437176227844182,-0.07899999999999996,-0.009075712110370619,-0.24880747602618314,0.024275654652089803,-0.003919215384615302,-0.002792526803192038,0,0,0,0,0,0,0,0
3.269116597860001,-0.06256051700872053,1.067,0.00855211333477213,0.3540916748046875,0.02395607566833496,3,0,1,0,-0.269116597860001,0.06256051700872053,-0.06699999999999995,-0.00855211333477213,-0.21444904919178173,0.022747532147954594,0.0042595636363637335,-0.0061721189002335464,0,0,0,0,0,0,0,0
3.281886872465091,-0.06054893193426607,1.048,0.007435102613495784,0.19180516052246094,0.028534500122070313,3,0,1,0,-0.2818868724650909,0.06054893193426607,-0.04800000000000004,-0.007435102613495784,-0.16575012752911789,0.020384723602794717,0.05942224999999943,-0.0021991148575129134,0,0,0,0,0,0,0,0
3.2866687072551732,-0.05934929664987029,1.029,0.006649704450098385,0.0718593292236328,0.01746073532104492,3,0,1,0,-0.28666870725517324,0.05934929664987029,-0.028999999999999915,-0.006649704450098385,-0.12423828151465555,0.024364764271057167,0.07283519230769306,-0.0030247898498026956,0,0,0,0,0,0,0,0
3.2845136439250875,-0.057009820675162616,1.011,0.005846852994180866,-0.03209188461303711,0.03530632019042969,3,0,1,0,-0.2845136439250875,0.057009820675162616,-0.010999999999999899,-0.005846852994180866,-0.0861718215328428,0.017285915386547716,0.0803094454545456,-0.0021975281945557784,0,0,0,0,0,0,0,0
3.273411689146692,-0.055269271576137924,0.992,0.003926990816987445,-0.1663738250732422,0.027081457138061524,3,0,1,0,-0.273411689146692,0.055269271576137924,0.008000000000000007,-0.003926990816987445,-0.03244717138693192,0.01948569039435922,0.10241459230769179,0.004933911539289883,0,0,0,0,0,0,0,0
3.256881666062298,-0.052115281402171754,0.976,0.00178023583703402,-0.2477626495361328,0.048283184051513675,3,0,1,0,-0.2568816660622981,0.052115281402171754,0.02400000000000002,-0.00178023583703402,0.0009444052929644675,0.011082548200778773,0.09542304117647069,0.0076907420157016765,0,0,0,0,0,0,0,0
3.2364409948396062,-0.04847102771833333,0.963,0.0022863813201123885,-0.30651226806640625,0.05520955657958984,3,0,1,0,-0.23644099483960623,0.04847102771833333,0.03700000000000003,-0.0022863813201123885,0.041328032252386404,0.004951846522162438,0.09708659677419365,-0.004735472367265785,0,0,0,0,0,0,0,0
3.217707776390545,-0.04340388121951114,0.957,0.003874630939427307,-0.2808237609863281,0.07664946746826172,3,0,1,0,-0.21770777639054506,0.04340388121951114,0.04300000000000004,-0.003874630939427307,0.034502893518606,-0.0038519117706716406,0.06060148181818188,-0.011093947390858755,0,0,0,0,0,0,0,0
3.200793583361494,-0.036775601789403436,0.951,0.008325220532013015,-0.2533257598876953,0.10040648651123046,3,0,1,0,-0.20079358336149422,0.036775601789403436,0.049000000000000044,-0.008325220532013015,0.03456307309787015,-0.015961651304302,0.06620949230769238,-0.02886640326702397,0,0,0,0,0,0,0,0
3.179109852147053,-0.03222076828895346,0.947,0.0119904119612011,-0.3246759033203125,0.0710279312133789,3,0,1,0,-0.17910985214705288,0.03222076828895346,0.05300000000000005,-0.0119904119612011,0.07097064599175945,-0.0070534157031360255,0.058984761538461605,-0.028906680095915342,0,0,0,0,0,0,0,0
3.155606598331728,-0.027403522893778218,0.947,0.016336281798666977,-0.3516570739746094,0.0764805908203125,3,0,1,0,-0.15560659833172785,0.027403522893778218,0.05300000000000005,-0.016336281798666977,0.08863765535798748,-0.010082366250415798,0.03780140000000005,-0.035795400473887316,0,0,0,0,0,0,0,0
3.128082925831914,-0.021647525670345457,0.946,0.019914206765255352,-0.41138958740234377,0.09307265472412109,3,0,1,0,-0.12808292583191383,0.021647525670345457,0.05400000000000005,-0.019914206765255352,0.13005941094612655,-0.01925990551043561,0.04441575000000006,-0.03668573004613836,0,0,0,0,0,0,0,0
3.101215388745726,-0.01687777452871026,0.949,0.02160717613968966,-0.40150845336914065,0.07955723571777344,3,0,1,0,-0.10121538874572611,0.01687777452871026,0.051000000000000045,-0.02160717613968966,0.1353856566851343,-0.015449666776421178,0.020974509090909123,-0.02930249147802743,0,0,0,0,0,0,0,0
3.077430244156709,-0.011171279163176992,0.952,0.02249729405820689,-0.3548445129394531,0.09328579711914063,3,0,1,0,-0.07743024415670918,0.011171279163176992,0.04800000000000004,-0.02249729405820689,0.1348243197587248,-0.02420902652877862,0.01838455000000003,-0.02666972180125641,1426174481082,0,0,0,0,0,0,0
3.055869023766693,-0.008069584458555988,0.956,0.02485348854839931,-0.32228985595703125,0.05378907012939453,3,0,1,0,-0.055869023766693005,0.008069584458555988,0.04400000000000004,-0.02485348854839931,0.13159248464026224,-0.011248665145813328,0.010338338461538484,-0.03572823234928739,1426174481082,0,0,0,0,0,0,0
3.0378418729253602,-0.009361572849970839,0.953,0.028326693759867853,-0.27080535888671875,-0.012653968811035156,3,0,1,0,-0.03784187292536023,0.009361572849970839,0.04700000000000004,-0.028326693759867853,0.07189672198186015,0.009511182417758604,0.042796636842105315,-0.03616099122934577,1426174481082,0,0,0,0,0,0,0
3.0261950868902376,-0.011207725631734685,0.955,0.02720968303859173,-0.17541603088378907,-0.022733119964599608,3,0,1,0,-0.02619508689023764,0.011207725631734685,0.04500000000000004,-0.02720968303859173,0.0949681083213865,0.017297754567829286,0.022474288888888923,-0.021890584365848283,1426174481082,0,0,0,0,0,0,0
3.0172558236212654,-0.014555483810626515,0.955,0.027035150113392307,-0.135405517578125,-0.04654971694946289,3,0,1,0.02720968303859173,-0.01725582362126543,0.014555483810626515,0.04500000000000004,0.0001745329251994221,-0.008627911810632716,0.007277741905313257,0.03600000000000003,0.0001745329251994221,1426174481082,0,0,0,0,0,0,0
3.012628896057349,-0.019484125774470284,0.955,0.028588493147666982,-0.07137700653076172,-0.07202649688720703,3,0,1,0.02720968303859173,-0.01262889605734907,0.019484125774470284,0.04500000000000004,-0.0013788101090752534,0.015560323444604195,0.03306762556389365,0.03633300000000003,-0.007676146734513127,1426174481482,0,0,0,0,0,0,0
3.010071514815646,-0.02515476050549222,0.955,0.029635690698863737,-0.040776435852050784,-0.08392823791503906,3,0,1,0.02720968303859173,-0.010071514815646054,0.02515476050549222,0.04500000000000004,-0.002426007660272008,0.010652374596457608,0.04742582366417887,0.03658950000000003,-0.007937573719202295,1426174481539,0,0,0,0,0,0,0
3.006019709574435,-0.03388928867496366,0.955,0.032498030672134526,-0.06463262939453125,-0.12915948486328124,3,0,1,0.02720968303859173,-0.006019709574434984,0.03388928867496366,0.04500000000000004,-0.005288347633542797,0.018788559092322146,0.06402750360037415,0.03688200000000003,-0.018499147510177207,1426174481604,0,0,0,0,0,0,0
3.0003167668245663,-0.04211687521805235,0.958,0.03558726344816421,-0.08950897216796876,-0.12056910705566407,3,0,1,0.02720968303859173,-0.0003167668245662725,0.04211687521805235,0.04200000000000004,-0.00837758040957248,0.030530565000053984,0.06543898716028776,0.01860115384615387,-0.022635577837401784,1426174481669,0,0,0,0,0,0,0
2.996688540752417,-0.05094463154531788,0.955,0.0368613538021203,-0.059100273132324216,-0.13039613342285156,3,0,1,0.02720968303859173,0.0033114592475831373,0.05094463154531788,0.04500000000000004,-0.009651670763528571,0.021175279143074148,0.07311766278768485,0.0536013461538462,-0.015532087781787458,1426174481734,0,0,0,0,0,0,0
2.9941241376867307,-0.06108931597120104,0.954,0.03879866927183384,-0.04404784774780274,-0.15064930725097656,3,0,1,0.02720968303859173,0.005875862313269309,0.06108931597120104,0.04600000000000004,-0.011588986233242112,0.01593277473149358,0.08215662828647922,0.04363736376811598,-0.02001209697112707,1426174481802,0,0,0,0,0,0,0
2.9898698978445517,-0.0704521490816484,0.952,0.041224676932106075,-0.06921318817138672,-0.13786154174804688,3,0,1,0.02720968303859173,0.010130102155448295,0.0704521490816484,0.04800000000000004,-0.014014993893514346,0.02869310076928571,0.08743962500884726,0.05157841111111116,-0.025567411323382125,1426174481866,0,0,0,0,0,0,0
2.9824449482959765,-0.07803490440263164,0.954,0.04234168765338242,-0.11596723937988282,-0.10905462646484375,3,0,1,0.02720968303859173,0.017555051704023494,0.07803490440263164,0.04600000000000004,-0.015132004614790692,0.049387337830551256,0.0807333986672983,0.028224200000000026,-0.020367992370773563,1426174481930,0,0,0,0,0,0,0
2.975691521487194,-0.08686656854539011,0.956,0.04202752838802337,-0.10681814575195313,-0.1280682373046875,3,0,1,0.02720968303859173,0.02430847851280582,0.08686656854539011,0.04400000000000004,-0.014817845349431643,0.04853926479564841,0.09129261546145828,0.027078469230769255,-0.013367879509312957,1426174481995,0,0,0,0,0,0,0
2.968317646324704,-0.096602864795861,0.956,0.04314453910929994,-0.11664653778076171,-0.1412682647705078,3,0,1,0.02720968303859173,0.03168235367529615,0.096602864795861,0.04400000000000004,-0.01593485607070821,0.05558767165751792,0.10109465141341634,0.038133700000000034,-0.021090290168907753,1426174482060,0,0,0,0,0,0,0
2.9641905408888602,-0.10432022182752196,0.957,0.044889868361294154,-0.06684185028076171,-0.11298252868652343,3,0,1,0.02720968303859173,0.03580945911113975,0.10432022182752196,0.04300000000000004,-0.017680185322702425,0.039529241077003716,0.09291156555634303,0.03239791940298511,-0.02549509242118398,0,0,0,0,0,0,0,0
2.960644997853322,-0.11126664984757637,0.961,0.04654793115068867,-0.057805362701416015,-0.10170487213134766,3,0,1,0.02720968303859173,0.039355002146677975,0.11126664984757637,0.039000000000000035,-0.01933824811209694,0.03885947291400499,0.0935463944157491,0.013136838461538479,-0.026990845601610094,0,0,0,0,0,0,0,0
2.9576001377739543,-0.11630585022615239,0.966,0.0474904089467656,-0.049140625,-0.07338092041015624,3,0,1,0.02720968303859173,0.04239986222604575,0.11630585022615239,0.03400000000000003,-0.020280725908173872,0.037969231848581,0.08629471423461116,0.003549150000000008,-0.024698590577284484,0,0,0,0,0,0,0,0
2.9521229612258275,-0.12167035054647911,0.972,0.04944517770899926,-0.08588501739501953,-0.07647654724121093,3,0,1,0.02720968303859173,0.04787703877417249,0.12167035054647911,0.028000000000000025,-0.022235494670407533,0.0535798507441029,0.09038369400789749,-0.006032792307692304,-0.031257504342255195,0,0,0,0,0,0,0,0
2.9479538506684904,-0.12531731915776836,0.978,0.04867723283812176,-0.06516400146484375,-0.051546794891357425,3,0,1,0.02720968303859173,0.05204614933150964,0.12531731915776836,0.02200000000000002,-0.02146754979953003,0.04865480376173919,0.0830403869069468,-0.01068979230769231,-0.017923188857018487,0,0,0,0,0,0,0,0
2.9433584324840507,-0.12830526170402284,0.981,0.04918337832120036,-0.07103043365478516,-0.04141199111938477,3,0,1,0.02720968303859173,0.05664156751594929,0.12830526170402284,0.019000000000000017,-0.02197369528260863,0.05185263092825622,0.08014159582618022,0.004131608695652182,-0.024174327817732967,0,0,0,0,0,0,0,0
2.9404720891369442,-0.13066276312382205,0.988,0.05363396791378584,-0.04498134231567383,-0.03319121551513672,3,0,1,0.02720968303859173,0.059527910863055755,0.13066276312382205,0.01200000000000001,-0.026424284875194114,0.04631649140029884,0.07955360289905966,-0.02569272903225809,-0.047959395807059366,0,0,0,0,0,0,0,0
2.9392272149636893,-0.13186452281389852,0.996,0.05728170605045403,-0.019612625122070314,-0.016999441146850584,3,0,1,0.02720968303859173,0.06077278503631067,0.13186452281389852,0.0040000000000000036,-0.030072023011862303,0.03738772568875314,0.07340273264279228,-0.0356275230769231,-0.0469077374887924,0,0,0,0,0,0,0,0
2.939100094611345,-0.1309060200677939,1.003,0.05963790054064623,-0.0010805580615997315,0.014463125228881836,3,0,1,0.02720968303859173,0.060899905388655196,0.1309060200677939,-0.0029999999999998916,-0.032428217502054504,0.03147219638314129,0.06137638783411663,-0.03586240769230703,-0.04330296130294159,0,0,0,0,0,0,0,0
2.9404374078128503,-0.12894952606887417,1.006,0.06283185307179597,0.021773216247558593,0.028099626541137696,3,0,1,0.02720968303859173,0.059562592187149654,0.12894952606887417,-0.006000000000000005,-0.03562217003320424,0.02306654445607364,0.05526906919076501,-0.016518790909091512,-0.05014013608388485,0,0,0,0,0,0,0,0
2.941435446887177,-0.1261209639945423,1.012,0.06462954220134988,0.017605148315429687,0.04140469741821289,3,0,1,0.02720968303859173,0.05856455311282316,0.1261209639945423,-0.01200000000000001,-0.037419859162758154,0.02448493864628542,0.04953856562588923,-0.03683338358208958,-0.04546921347419359,0,0,0,0,0,0,0,0
2.9413356864003903,-0.1233629167389703,1.015,0.06691592352146249,0.0011786258220672608,0.0413809814453125,3,0,1,0.02720968303859173,0.05866431359960966,0.1233629167389703,-0.014999999999999902,-0.03970624048287076,0.030339639289275033,0.04769084642002542,-0.02465126666666598,-0.05059377057864508,0,0,0,0,0,0,0,0
2.943359767412775,-0.11994693650175459,1.019,0.06890559886873616,0.033719459533691404,0.04909489440917969,3,0,1,0.02720968303859173,0.05664023258722484,0.11994693650175459,-0.018999999999999906,-0.04169591583014444,0.017911292248677407,0.04298956682446765,-0.03284656153846147,-0.05087903281756141,0,0,0,0,0,0,0,0
2.945053862359931,-0.11636461975890292,1.013,0.06558947328994692,0.029050817489624025,0.05185763168334961,3,0,1,0.02720968303859173,0.05494613764006884,0.11636461975890292,-0.0129999999999999,-0.0383797902513552,0.019015570143958285,0.040671814598541335,0.025224281818181926,-0.023306492165949554,0,0,0,0,0,0,0,0
2.9480843532253367,-0.11537929275688687,0.988,0.06590363255530597,0.04632833099365234,0.01176873779296875,3,0,1,0.02720968303859173,0.051915646774663315,0.11537929275688687,0.01200000000000001,-0.038693949516714246,0.010199878985838878,0.053945674946287936,0.14809948461538416,-0.040143915356832933,0,0,0,0,0,0,0,0
2.9498954690296855,-0.1120337298301261,0.966,0.06532767390214779,0.030412639617919922,0.048285411834716796,3,0,1,0.02720968303859173,0.05010453097031453,0.1120337298301261,0.03400000000000003,-0.038117990863556064,0.016041015818145155,0.03991082109722094,0.14797516666666677,-0.03549999698556433,0,0,0,0,0,0,0,0
2.952851131818561,-0.10975654715498083,0.938,0.06517059426946827,0.04647023010253906,0.03119063949584961,3,0,1,0.02720968303859173,0.04714886818143915,0.10975654715498083,0.062000000000000055,-0.03796091123087654,0.008524735334520722,0.044510321930246656,0.20260254848484865,-0.037246912900515065,0,0,0,0,0,0,0,0
2.9544982575881624,-0.10808620038649418,0.899,0.06578145950766624,0.026286144256591797,0.02339299011230469,3,0,1,0.02720968303859173,0.045501742411837576,0.10808620038649418,0.10099999999999998,-0.03857177646907452,0.014253109162375828,0.04653950731470753,0.3026206666666662,-0.041480658555731555,0,0,0,0,0,0,0,0
2.9594792737097713,-0.10779338882169333,0.863,0.06562437987498672,0.07484236145019531,-0.0005286598205566407,3,0,1,0.02720968303859173,0.04052072629022874,0.10779338882169333,0.137,-0.03841469683639499,-0.005881217745763393,0.05416619384779154,0.30949065384615404,-0.03768971391633565,0,0,0,0,0,0,0,0
2.964884742773796,-0.10912783704582234,0.816,0.06553711341238701,0.07959486389160156,-0.025290777206420898,3,0,1,0.02720968303859173,0.03511525722620412,0.10912783704582234,0.18400000000000005,-0.03832743037379528,-0.010405286417189578,0.06355873935930735,0.4037013242424245,-0.03793076463470569,0,0,0,0,0,0,0,0
2.9694053674049408,-0.109576498663396,0.771,0.06679375047382276,0.06722305297851562,-0.011156326293945312,3,0,1,0.02720968303859173,0.030594632595059235,0.109576498663396,0.22899999999999998,-0.03958406743523103,-0.007953049434220424,0.05915803744063064,0.43060666363636324,-0.045296054078120804,0,0,0,0,0,0,0,0
2.9738406507031065,-0.10981518186477063,0.722,0.0662003385281449,0.06614193725585937,-0.008012699127197266,3,0,1,0.02720968303859173,0.026159349296893453,0.10981518186477063,0.278,-0.038990655489553175,-0.010436395229010902,0.058273693361429194,0.5009182500000002,-0.03620903699418822,0,0,0,0,0,0,0,0
2.9776515067939475,-0.10998245965288667,0.671,0.06529276731710777,0.05687164306640625,-0.006285106658935547,3,0,1,0.02720968303859173,0.022348493206052478,0.10998245965288667,0.32899999999999996,-0.03808308427851605,-0.008280703062288564,0.05801170110074384,0.5463754454545451,-0.033957760591983646,0,0,0,0,0,0,0,0
2.9793566076086586,-0.11064259447242919,0.621,0.06365215782023316,0.02487594223022461,-0.011549697875976563,3,0,1,0.02720968303859173,0.020643392391341386,0.11064259447242919,0.379,-0.036442474781641435,0.0017642735512523582,0.061135612885947405,0.5917840000000003,-0.02875211776504169,0,0,0,0,0,0,0,0
2.981123811967855,-0.10982191094154713,0.57,0.06415830330331154,0.027237428665161132,0.010599166870117187,3,0,1,0.02720968303859173,0.01887618803214508,0.10982191094154713,0.43000000000000005,-0.03694862026471982,0.0008463614677414431,0.05283553165388913,0.6324390454545458,-0.03924928155143974,0,0,0,0,0,0,0,0
2.982739681428535,-0.10849829430836107,0.516,0.06421066318087146,0.025461114883422852,0.018259395599365236,3,0,1,0.02720968303859173,0.01726031857146504,0.10849829430836107,0.484,-0.03700098014227973,0.0008523521003963551,0.04968411157996132,0.6905168522388057,-0.03723542735523458,0,0,0,0,0,0,0,0
2.9845184896041967,-0.10951477921616035,0.461,0.06312855904463491,0.025648771286010744,-0.01692795181274414,3,0,1,0.02720968303859173,0.015481510395803255,0.10951477921616035,0.5389999999999999,-0.03591887600604318,-0.0008909031336583016,0.06265133416110368,0.7520846461538457,-0.03092454922341295,0,0,0,0,0,0,0,0
2.9878360954333325,-0.11376063355289645,0.408,0.06359979794267348,0.04564710998535156,-0.06670040130615235,3,0,1,0.02720968303859173,0.012163904566667494,0.11376063355289645,0.5920000000000001,-0.036390114904081755,-0.010972757239099459,0.08223711805094094,0.7875634153846163,-0.03856506366425978,0,0,0,0,0,0,0,0
2.991956619317417,-0.11855120719601264,0.355,0.06202900161587846,0.05711578369140625,-0.07564163970947266,3,0,1,0.02720968303859173,0.008043380682583035,0.11855120719601264,0.645,-0.034819318577286734,-0.017697955020937624,0.08804443467347098,0.8385505499999997,-0.027456210795435074,0,0,0,0,0,0,0,0
2.996456591903338,-0.12223454024766328,0.303,0.061103977112321434,0.06394486999511718,-0.05932798767089844,3,0,1,0.02720968303859173,0.003543408096661871,0.12223454024766328,0.6970000000000001,-0.03389429407372971,-0.02164214472404706,0.08360043585624596,0.8748373000000004,-0.02962495021115882,0,0,0,0,0,0,0,0
2.9945514716766035,-0.13307898838254034,0.252,0.05976007358828597,-0.03845687103271484,-0.16061807250976562,3,0,1,0.02720968303859173,0.005448528323396484,0.13307898838254034,0.748,-0.03255039054969425,0.013647543327801876,0.1267855973183301,0.9110286454545451,-0.026441738167714876,0,0,0,0,0,0,0,0
2.992359743485309,-0.1440769949987016,0.203,0.055885442648858225,-0.04266999435424805,-0.16271211242675782,3,0,1,0.02720968303859173,0.007640256514691135,0.1440769949987016,0.7969999999999999,-0.028675759610266496,0.016631400440471608,0.13501372150644833,0.9528436499999995,-0.01051342708169891,0,0,0,0,0,0,0,0
2.9909565072496065,-0.15149465122440003,0.163,0.0510334273283142,-0.027230531692504882,-0.10991544342041015,3,0,1,0.02720968303859173,0.009043492750393511,0.15149465122440003,0.837,-0.023823744289722473,0.01279437799763531,0.11801324314931388,0.9345203121212122,-0.0017691291963405492,0,0,0,0,0,0,0,0
2.9906575925904404,-0.15534777526103002,0.122,0.04703662334124717,-0.00742617416381836,-0.05749289321899414,3,0,1,0.02720968303859173,0.009342407409559605,0.15534777526103002,0.878,-0.01982694030265544,0.007118044084227509,0.10145231644567758,0.981675330769231,-0.0013801526700383676,0,0,0,0,0,0,0,0
2.991755969478502,-0.1554852604987327,0.084,0.04293509959906053,0.016360464096069335,-0.0028346710205078124,3,0,1,0.02720968303859173,0.008244030521498136,0.1554852604987327,0.916,-0.0157254165604688,-0.000949663301958825,0.0816148386434753,1.001875484615385,0.0032046930188541593,0,0,0,0,0,0,0,0
2.9941026509428528,-0.15215140119888065,0.032,0.04326671215693925,0.03731421661376953,0.04845094299316406,3,0,1,0.02720968303859173,0.005897349057147228,0.15215140119888065,0.968,-0.016057029118347523,-0.008463499489701511,0.061893862396586244,1.1169874910447757,-0.017541861467058228,0,0,0,0,0,0,0,0
2.998308879768205,-0.14687392262179041,0.055,0.05192354524683143,0.06645840454101562,0.07635910034179688,3,0,1,0.02720968303859173,0.0016911202317948515,0.14687392262179041,0.945,-0.024713862208239703,-0.021309561705077876,0.047903594359731724,0.7072124499999999,-0.0652927673171093,0,0,0,0,0,0,0,0
3.002462060704196,-0.13790937888479315,0,0.06684611035138269,0.06919268035888672,0.13105366516113282,3,0,1,0.02720968303859173,-0.0024620607041958564,0.13790937888479315,1,-0.03963642731279096,-0.022748220586912043,0.02410155443367752,1.1796475461538465,-0.10850980471841215,0,0,0,0,0,0,0,0
3.0062290935344174,-0.1294478246971465,0,0.0714712328691676,0.06485730743408204,0.12286548614501953,3,0,1,0.02720968303859173,-0.006229093534417363,0.1294478246971465,1,-0.04426154983057587,-0.02255652688175523,0.02266332369164134,0.8899937,-0.06560826914342929,0,0,0,0,0,0,0,0
3.0097216125737787,-0.12150421480713448,0,0.07166321908688714,0.06076288604736328,0.11510891723632813,3,0,1,0.02720968303859173,-0.009721612573778682,0.12150421480713448,1,-0.04445353604829541,-0.02283095426805399,0.02155942731967729,0.8964937000000001,-0.045339626283924066,0,0,0,0,0,0,0,0
3.0090414550005673,-0.11886392186887805,0,0.07225663103256498,-0.007340427398681641,0.04023324966430664,3,0,1,0.02720968303859173,-0.0090414550005673,0.11886392186887805,1,-0.045046947993973255,-0.0000284937441148987,0.048872864447678514,0.9029937,-0.047785772358640226,0,0,0,0,0,0,0,0
3.008402700306204,-0.11639059156381351,0,0.07246607054280442,-0.006877933502197266,0.03769485855102539,3,0,1,0.02720968303859173,-0.008402700306203936,0.11639059156381351,1,-0.045256387504212695,0.00006248326945534595,0.048610882743003694,0.9094937000000001,-0.04622303139762549,0,0,0,0,0,0,0,0
3.0094204391797015,-0.11626619873199204,0,0.07272786993060378,0.015361112594604492,0.0007556903362274169,3,0,1,0.02720968303859173,-0.009420439179701479,0.11626619873199204,1,-0.04551818689201205,-0.00920869256989973,0.06129470379156943,0.9161937,-0.046690422956785285,0,0,0,0,0,0,0,0
3.0082627928771624,-0.11504780638644717,0,0.07302457590344293,-0.015990796089172362,0.019489356994628906,3,0,1,0.02720968303859173,-0.008262792877162362,0.11504780638644717,1,-0.0458148928648512,0.0030122669650308794,0.05474586837574575,0.9225937000000001,-0.04720570211253472,0,0,0,0,0,0,0,0
3.0071778343982993,-0.1139065909538918,0,0.07304202919596259,-0.014982063293457032,0.01825998306274414,3,0,1,0.02720968303859173,-0.007177834398299332,0.1139065909538918,1,-0.04583234615737086,0.003061286512047477,0.05476737690798847,0.9290937,-0.04591289981515392,0,0,0,0,0,0,0,0
3.0065116416423434,-0.11404439540280152,0,0.07330382858376172,-0.010117094993591308,-0.0013323029279708862,3,0,1,0.02720968303859173,-0.006511641642343413,0.11404439540280152,1,-0.046094145545169996,0.0010808414620802247,0.06178733577716795,0.9356937000000001,-0.04728414276243878,0,0,0,0,0,0,0,0
3.0060321152868665,-0.11412958936350256,0,0.07360053455660065,-0.007267170429229737,-0.0007476828694343567,3,0,1,0.02720968303859173,-0.006032115286866535,0.11412958936350256,1,-0.046390851518008924,0.00040631347005573755,0.06163809899883431,0.9420937,-0.0477816607656914,0,0,0,0,0,0,0,0
3.005946317923513,-0.11453438893362283,0,0.07380997406684009,-0.0017299748659133911,-0.005960919380187988,3,0,1,0.02720968303859173,-0.005946317923513078,0.11453438893362283,1,-0.046600291028248364,-0.0017221361568277456,0.06359685139500822,0.9486937000000001,-0.047552288802064,0,0,0,0,0,0,0,0
3.006231883680147,-0.11543501007734759,0,0.07405432016211932,0.0032756063938140867,-0.013788412094116211,3,0,1,0.02720968303859173,-0.006231883680146932,0.11543501007734759,1,-0.0468446371235276,-0.0038616175438102368,0.0668250288026297,0.9551937,-0.047972388332508685,0,0,0,0,0,0,0,0
3.0066909230616083,-0.11625107732973432,0,0.07428121296487866,0.005961047649383545,-0.012716900825500489,3,0,1,0.02720968303859173,-0.006690923061608345,0.11625107732973432,1,-0.04707152992628694,-0.0049207279944312975,0.06666296084718754,0.9619937000000001,-0.04807252758551931,0,0,0,0,0,0,0,0
3.0070943298707786,-0.11699871777524282,0,0.07457791893771781,0.005202147006988525,-0.01163275146484375,3,0,1,0.02720968303859173,-0.007094329870778626,0.11699871777524282,1,-0.04736823589912609,-0.004936530525650898,0.06693824032955097,0.9684937,-0.04873764808146063,0,0,0,0,0,0,0,0
3.0072293265095693,-0.11726863189978701,0,0.07483971832551695,0.0017176562547683717,-0.004188334465026856,3,0,1,0.02720968303859173,-0.0072293265095693116,0.11726863189978701,1,-0.04763003528692522,-0.003586374136445289,0.06462084329900855,0.9747937,-0.048876699038349666,0,0,0,0,0,0,0,0
3.007314457769512,-0.11744857489761551,0,0.07508406442079596,0.0010715796947479248,-0.0027870683670043945,3,0,1,0.02720968303859173,-0.007314457769512117,0.11744857489761551,1,-0.047874381382204234,-0.003342111929351678,0.06425655729193303,0.9812937,-0.04900213259118429,0,0,0,0,0,0,0,0
3.0073808437640275,-0.11765301605474125,0,0.0753284105160752,0.0007629464864730835,-0.0031326749324798583,3,0,1,0.02720968303859173,-0.007380843764027478,0.11765301605474125,1,-0.04811872747748347,-0.00327916643044666,0.06456716549637816,0.9877937,-0.049246478686464555,0,0,0,0,0,0,0,0
3.007412539085066,-0.11774498070169001,0,0.07559020990387433,0.00037026655673980715,-0.0014113372564315797,3,0,1,0.02720968303859173,-0.0074125390850658945,0.11774498070169001,1,-0.0483805268652826,-0.0031130363072645354,0.06408403931020179,0.9942937000000001,-0.04958883173204783,0,0,0,0,0,0,0,0
3.0074522604714033,-0.117840587168394,0,0.07585200929167346,0.00048581889271736146,-0.0014749971628189088,3,0,1,0.02720968303859173,-0.007452260471403349,0.117840587168394,1,-0.048642326253081736,-0.003174722681040086,0.06421503825051975,1.0009937,-0.04981456231785397,0,0,0,0,0,0,0,0
3.007406660916509,-0.11793614865377709,0,0.07613126197199273,-0.0007906503081321716,-0.0013774681091308595,3,0,1,0.02720968303859173,-0.0074066609165091,0.11793614865377709,1,-0.048921578933401,-0.0026997908213768403,0.06436146323517433,1.0073937000000002,-0.05023057587239756,0,0,0,0,0,0,0,0
3.00737592260987,-0.11802671015128742,0,0.07639306135979186,-0.0005630576014518738,-0.0013194193840026856,3,0,1,0.02720968303859173,-0.007375922609869967,0.11802671015128742,1,-0.049183378321200136,-0.002773074624755512,0.06444849830508698,1.0138937000000001,-0.050391683187965365,0,0,0,0,0,0,0,0
3.007356292713214,-0.11807202201631795,0,0.07663740745507086,-0.0003454618752002716,-0.0006552237272262573,3,0,1,0.02720968303859173,-0.007356292713213808,0.11807202201631795,1,-0.049427724416479135,-0.0028278557819839574,0.06430424918471393,1.0203937,-0.05055547562545913,0,0,0,0,0,0,0,0
3.0073570165657055,-0.11811484597822877,0,0.0768293936727904,-0.00003835466876626015,-0.0006413052678108215,3,0,1,0.02720968303859173,-0.007357016565705532,0.11811484597822877,1,-0.04961971063419868,-0.0029426113943948878,0.0643867267661749,1.0269937,-0.05049237526019659,0,0,0,0,0,0,0,0
3.0073330282972925,-0.11813180424325488,0,0.07707373976806962,-0.000378286749124527,-0.00022600571811199187,3,0,1,0.02720968303859173,-0.007333028297292543,0.11813180424325488,1,-0.0498640567294779,-0.0028044079328547644,0.06433600631509986,1.0335937,-0.0509747207989289,0,0,0,0,0,0,0,0
3.0073555673167522,-0.1182057298667479,0,0.07731808586334886,0.0002517003417015076,-0.0011316241025924683,3,0,1,0.02720968303859173,-0.007355567316752243,0.1182057298667479,1,-0.050108402824757134,-0.003070855782648873,0.06476297135411828,1.0399937000000001,-0.05125377514637855,0,0,0,0,0,0,0,0
3.0073631738869278,-0.1182483891529285,0,0.07756243195862787,0.00006433194130659103,-0.0006467906832695007,3,0,1,0.02720968303859173,-0.007363173886927754,0.1182483891529285,1,-0.05035274892003615,-0.0029971433228841134,0.06468658554534525,1.0464937,-0.051480500129016206,0,0,0,0,0,0,0,0
3.0074179479614704,-0.11830110536142051,0,0.07784168463894714,0.0007578704953193665,-0.0008520280718803406,3,0,1,0.02720968303859173,-0.007417947961470439,0.11830110536142051,1,-0.050632001600355414,-0.0032833308959998083,0.06484399202667612,1.0529937,-0.05192086012490588,0,0,0,0,0,0,0,0
3.0074230847768524,-0.11839079179462927,0,0.07806857744170626,-0.000027795515954494475,-0.0013472145795822143,3,0,1,0.02720968303859173,-0.0074230847768523844,0.11839079179462927,1,-0.05085889440311453,-0.0030234467594686754,0.06516485969872954,1.0594937,-0.051906091954310445,0,0,0,0,0,0,0,0
3.0074411966549843,-0.11848122434794794,0,0.07834783012202551,0.00016505911946296692,-0.0013735446929931641,3,0,1,0.02720968303859173,-0.007441196654984328,0.11848122434794794,1,-0.05113814708343378,-0.0031044428139088928,0.06527894030827472,1.0661937,-0.05238853221919163,0,0,0,0,0,0,0,0
3.0074696786970443,-0.11850665426086174,0,0.07860962950982464,0.0003960649371147156,-0.0004137169122695923,3,0,1,0.02720968303859173,-0.007469678697044291,0.11850665426086174,1,-0.051399946471232916,-0.003184611308071447,0.06503416049908596,1.0725937,-0.05262713110154135,0,0,0,0,0,0,0,0
3.0074850117603735,-0.1185144959999024,0,0.07885397560510365,0.00022004866600036622,-0.00013532412052154541,3,0,1,0.02720968303859173,-0.007485011760373528,0.1185144959999024,1,-0.05164429256651193,-0.003123944578560778,0.06501827070343937,1.0790937,-0.05277204377549199,0,0,0,0,0,0,0,0
3.0074852187966146,-0.11857814892447287,0,0.0791506815779428,-0.00007211539894342423,-0.0009520716071128846,3,0,1,0.02720968303859173,-0.007485218796614568,0.11857814892447287,1,-0.05194099853935108,-0.0030474656507318825,0.06542769473076299,1.0855937,-0.053310410721685624,0,0,0,0,0,0,0,0
3.007534048901033,-0.1185900919339299,0,0.07939502767322204,0.0007159937620162964,-0.00023649780452251435,3,0,1,0.02720968303859173,-0.007534048901033152,0.1185900919339299,1,-0.052185344634630315,-0.003338594355682856,0.06523231179079157,1.0920937,-0.0533130958436114,0,0,0,0,0,0,0,0
3.0075576251609575,-0.11862718559938636,0,0.07965682706102117,0.0003084004819393158,-0.0005827003121376038,3,0,1,0.02720968303859173,-0.007557625160957482,0.11862718559938636,1,-0.05244714402242945,-0.0032139387359391277,0.06545813987535114,1.0988937,-0.05360214132154327,0,0,0,0,0,0,0,0
3.0075626008244583,-0.11864531371383746,0,0.07988371986378028,0.000052760768681764606,-0.000276998370885849,3,0,1,0.02720968303859173,-0.007562600824458254,0.11864531371383746,1,-0.05267403682518855,-0.0031267858957909982,0.06545101303237348,1.1053937,-0.0537212343763844,0,0,0,0,0,0,0,0
3.007599329875453,-0.11874239732967012,0,0.08014551925157941,0.0004329715073108673,-0.0014955742359161377,3,0,1,0.02720968303859173,-0.007599329875453087,0.11874239732967012,1,-0.05293583621298768,-0.0033271962481796463,0.06601610304793257,1.1116937,-0.05418249996441213,0,0,0,0,0,0,0,0
