0,0,0.724,0,-0.014968730926513673,-0.005283859729766846,0,0,1,0,0,0,0.276,0,0,0,0.22080000000000002,0,0,0,0,0,0,0,0,0
-0.00012680463790893556,-0.0005041113535563151,0.723,-0.00019198621771943092,-0.0019020695686340332,-0.0075616703033447264,0,0,1,0,0.00012680463790893556,0.0005041113535563151,0.277,0.00019198621771943092,0.0007462789460941461,0.0029668290990765888,0.22884155,0.0010919216132792633,0,0,0,0,0,0,0,0
-0.001326249635117279,-0.0017758390061737117,0.723,-0.0002967059728390398,-0.017988012313842772,-0.019079368591308595,0,0,1,0,0.001326249635117279,0.0017758390061737117,0.277,0.0002967059728390398,0.007122619287804109,0.007737165754145122,0.22517330000000002,0.0007800279195449269,0,0,0,0,0,0,0,0
-0.0032284228224755025,-0.003480646678922847,0.725,-0.00034906585039895527,-0.028525009155273437,-0.02558057975769043,0,0,1,0,0.0032284228224755025,0.003480646678922847,0.275,0.00034906585039895527,0.0118597253802018,0.010923801350031893,0.21459156923076925,0.0005907268237524111,0,0,0,0,0,0,0,0
-0.0032919929141381503,-0.006326950600088843,0.728,-0.00010471975511971992,-0.0009386481046676636,-0.04269488906860352,0,0,1,0,0.0032919929141381503,0.006326950600088843,0.272,0.00010471975511971992,0.0019784769735675697,0.017821615726411402,0.20936922352941179,-0.0009732777240533772,0,0,0,0,0,0,0,0
-0.005225529023232874,-0.008013078543724943,0.732,-0.0007155849933176972,-0.02900039291381836,-0.02529495620727539,0,0,1,0,0.005225529023232874,0.008013078543724943,0.268,0.0007155849933176972,0.013536409051407006,0.013538018292988493,0.2006913548387097,0.0036713845329853292,0,0,0,0,0,0,0,0
-0.006883260648734077,-0.007445986516196752,0.736,-0.0011170107212764568,-0.02487205505371094,0.008488584518432617,0,0,1,0,0.006883260648734077,0.007445986516196752,0.264,0.0011170107212764568,0.012380873001314057,0.0006872755165931669,0.20024953846153848,0.0029697448503168858,0,0,0,0,0,0,0,0
-0.009010264624947854,-0.00608762948212213,0.741,-0.00043633231299855524,-0.03192779922485352,0.020339704513549803,0,0,1,0,0.009010264624947854,0.00608762948212213,0.259,0.00043633231299855524,0.015977082780648716,-0.004248603768838465,0.19254842307692308,-0.0027052603405917594,0,0,0,0,0,0,0,0
-0.009508022159539685,-0.004712823260769451,0.747,-0.000366519142918853,-0.00747536039352417,0.020618833541870118,0,0,1,0,0.009508022159539685,0.004712823260769451,0.253,0.000366519142918853,0.007418761798613258,-0.004909305285311809,0.18452311818181816,0.000049186551647479324,0,0,0,0,0,0,0,0
-0.011750844256254068,-0.0017290450905232302,0.752,-0.000366519142918853,-0.03365873336791992,0.04474433898925781,0,0,1,0,0.011750844256254068,0.0017290450905232302,0.248,0.000366519142918853,0.0181735034391991,-0.01542698559748316,0.18658475,0.000366519142918853,0,0,0,0,0,0,0,0
-0.013767783640661203,0.0013407068137161126,0.757,-0.00026179938779924417,-0.030270965576171874,0.046035186767578125,0,0,1,0,0.013767783640661203,-0.0013407068137161126,0.243,0.00026179938779924417,0.017307207537908265,-0.01644542998646346,0.18584560588235294,-0.00020019953184608895,0,0,0,0,0,0,0,0
-0.015258345412759063,0.004252806227767401,0.765,-0.00031415926535904854,-0.022369861602783203,0.04367563629150391,0,0,1,0,0.015258345412759063,-0.004252806227767401,0.235,0.00031415926535904854,0.0159616942604075,-0.01828229541471399,0.16221695555555551,0.0005634920156438312,0,0,0,0,0,0,0,0
-0.016008067760448587,0.008141394918188253,0.771,0.00008726646259971109,-0.011264159202575683,0.05832529449462891,0,0,1,0,0.016008067760448587,-0.008141394918188253,0.22899999999999998,-0.00008726646259971109,0.012103028431978536,-0.02499210607544003,0.17104220769230766,-0.00194000059164014,0,0,0,0,0,0,0,0
-0.017358661650213922,0.01290249025022187,0.78,-0.0003839724354387508,-0.020252676010131837,0.07141819763183593,0,0,1,0,0.017358661650213922,-0.01290249025022187,0.21999999999999997,0.0003839724354387508,0.016025070656572823,-0.032079153045726685,0.1491183615384615,0.002558921195616267,0,0,0,0,0,0,0,0
-0.017069590011649274,0.01385166336955564,0.789,-0.0004886921905584707,0.004330607414245605,0.01423926067352295,0,0,1,0,0.017069590011649274,-0.01385166336955564,0.21099999999999997,0.0004886921905584707,0.007062661841328936,-0.012037008195123064,0.1432898615384615,0.00097201413726487,0,0,0,0,0,0,0,0
-0.016024512705308587,0.014709764239265963,0.797,0.0002967059728390398,0.015669867515563964,0.012879172325134277,0,0,1,0,0.016024512705308587,-0.014709764239265963,0.20299999999999996,-0.0002967059728390398,0.0025651623342813276,-0.011915369808478654,0.14426695757575755,-0.003866697624645905,0,0,0,0,0,0,0,0
-0.014038314552459876,0.013784857032551546,0.806,-0.00017453292519942204,0.029788854598999024,-0.013882447242736816,0,0,1,0,0.014038314552459876,-0.013784857032551546,0.19399999999999995,0.00017453292519942204,-0.003738896744686894,-0.0018531173117723064,0.13151404999999994,0.002383465259754712,0,0,0,0,0,0,0,0
-0.012627089293341444,0.01450310934967001,0.816,-0.001727875959474434,0.021166498184204102,0.010777479171752929,0,0,1,0,0.012627089293341444,-0.01450310934967001,0.18400000000000005,0.001727875959474434,-0.0011731858592209906,-0.011147269254920022,0.12008264615384676,0.00889715150228218,0,0,0,0,0,0,0,0
-0.010122833460091197,0.014535477407884008,0.824,-0.003211405823669522,0.03756294250488281,0.0005504257678985595,0,0,1,0,0.010122833460091197,-0.014535477407884008,0.17600000000000005,0.003211405823669522,-0.008099872034621976,-0.007477183015883573,0.1262661575757576,0.009954723388192649,0,0,0,0,0,0,0,0
-0.004788932522687734,0.012090206692912959,0.833,-0.0047298422729046274,0.08012589263916016,-0.03642193222045898,0,0,1,0,0.004788932522687734,-0.012090206692912959,0.16700000000000004,0.0047298422729046274,-0.026204570174474605,0.007076084812193205,0.11411436153846152,0.011738010500143576,0,0,0,0,0,0,0,0
0.002299839156519925,0.009241398835143197,0.844,-0.007435102613495781,0.10653250122070312,-0.04222871017456055,0,0,1,0,-0.002299839156519925,-0.009241398835143197,0.15600000000000003,0.007435102613495781,-0.03862143988646585,0.010434861503728205,0.09647216666666666,0.01973174052527375,0,0,0,0,0,0,0,0
0.009431674080109342,0.006074757430077692,0.855,-0.011362093430483111,0.10732772827148437,-0.04670292663574219,0,0,1,0,-0.009431674080109342,-0.006074757430077692,0.14500000000000002,0.011362093430483111,-0.04422263340788212,0.01449949296218004,0.08580788888888885,0.030062049701851352,0,0,0,0,0,0,0,0
0.018485373527902103,0.0006788437001201643,0.879,-0.01645845484630659,0.13671633911132813,-0.07939048004150391,0,0,1,0,-0.018485373527902103,-0.0006788437001201643,0.121,0.01645845484630659,-0.057890882827788044,0.028659476412776493,-0.0007252692307693209,0.03998012291933804,0,0,0,0,0,0,0,0
0.028160687731536436,-0.006676389769589148,0.88,-0.02069960492865275,0.14692581176757813,-0.10792505645751953,0,0,1,0,-0.028160687731536436,0.006676389769589148,0.12,0.02069960492865275,-0.06530492106245167,0.04229160545622359,0.1231944696969697,0.039977559848408006,0,0,0,0,0,0,0,0
0.036400804230109676,-0.018158854901045844,0.89,-0.02370157124208305,0.12714025115966796,-0.16964175415039062,0,0,1,0,-0.036400804230109676,0.018158854901045844,0.10999999999999999,0.02370157124208305,-0.06251001349051602,0.07086827370205787,0.06736634615384612,0.03755680038099213,0,0,0,0,0,0,0,0
0.044900015029809746,-0.030432299903237425,0.903,-0.025918139392115843,0.13181544494628905,-0.18102857971191405,0,0,1,0,-0.044900015029809746,0.030432299903237425,0.09699999999999998,0.025918139392115843,-0.06749096725369708,0.08028287389013614,0.04251330606060599,0.035993449164992176,1427107136876,0,0,0,0,0,0,0
0.050261651697962456,-0.04225918618937996,0.916,-0.027558748888990566,0.08499498748779297,-0.17525949096679688,0,0,1,0,-0.050261651697962456,0.04225918618937996,0.08399999999999996,0.027558748888990566,-0.05445383115116839,0.08581519652051281,0.030496549999999914,0.03524910590559083,1427107136876,0,0,0,0,0,0,0
0.05568972755432867,-0.05321456614155782,0.923,-0.02801253449450902,0.08591839599609374,-0.16202471923828124,0,0,1,0,-0.05568972755432867,0.05321456614155782,0.07699999999999996,0.02801253449450902,-0.0571107176383505,0.08563969902205561,0.058798492307692254,0.03010692959690188,1427107136876,0,0,0,0,0,0,0
0.05863348920288743,-0.06339358105495127,0.931,-0.028431413514987677,0.04841564178466797,-0.1513885498046875,0,0,1,0,-0.05863348920288743,0.06339358105495127,0.06899999999999995,0.028431413514987677,-0.045004053027660536,0.0857601633481676,0.04812195757575751,0.03033540906261794,1427107136876,0,0,0,0,0,0,0
0.05865320176099882,-0.07192244795690743,0.937,-0.02878047936538652,0.003932394981384277,-0.12787289428710938,0,0,1,0,-0.05865320176099882,0.07192244795690743,0.06299999999999994,0.02878047936538652,-0.02954629948568786,0.08132128070566008,0.05434381818181812,0.030367142321744905,1427107136876,0,0,0,0,0,0,0
0.05649169989398467,-0.07744151309279448,0.942,-0.028850292535466334,-0.030026809692382812,-0.08368470001220703,0,0,1,-0.02878047936538652,-0.05649169989398467,0.07744151309279448,0.05800000000000005,0.00006981317007981325,-0.028245849946992335,0.03872075654639724,0.046400000000000045,0.00006981317007981325,1427107136876,0,0,0,0,0,0,0
0.05059364158540587,-0.07943281434155272,0.946,-0.03153809958353759,-0.08757243347167969,-0.03240914535522461,0,0,1,-0.02878047936538652,-0.05059364158540587,0.07943281434155272,0.05400000000000005,0.0027576202181510724,0.008513635249906684,0.051190360155809675,0.020578580327868877,0.015976343405386773,1427107137266,0,0,0,0,0,0,0
0.04487309529107511,-0.07722123617640558,0.949,-0.03410373358396923,-0.08681158447265624,0.03045139694213867,0,0,1,-0.02878047936538652,-0.04487309529107511,0.07722123617640558,0.051000000000000045,0.0053232542185827104,0.007839204338926965,0.02698197209353214,0.025556909090909116,0.016985226947817428,1427107137332,0,0,0,0,0,0,0
0.036396439666519766,-0.07657990033205614,0.948,-0.03579670295840376,-0.12740391540527343,0.005279000282287598,0,0,1,-0.02878047936538652,-0.036396439666519766,0.07657990033205614,0.052000000000000046,0.007016223593017238,0.028810903293020686,0.03487463862280957,0.0481491555555556,0.01507798251889594,1427107137395,0,0,0,0,0,0,0
0.027137068008023055,-0.07363639737929202,0.945,-0.03804817769347646,-0.14038177490234374,0.039153495788574216,0,0,1,-0.02878047936538652,-0.027137068008023055,0.07363639737929202,0.05500000000000005,0.009267698328089938,0.03543287590188208,0.02140497872618302,0.06126569090909096,0.019501674396602213,1427107137461,0,0,0,0,0,0,0
0.01740475595551762,-0.07020264601231647,0.942,-0.03925245487735251,-0.14783827209472655,0.045915882110595704,0,0,1,-0.02878047936538652,-0.01740475595551762,0.07020264601231647,0.05800000000000005,0.010471975511965988,0.04358974755053418,0.016853789680609917,0.06428744615384621,0.01603017789908622,1427107137526,0,0,0,0,0,0,0
0.006547023620400442,-0.06436226284683774,0.939,-0.040683624863987904,-0.16617839050292968,0.0811470184326172,0,0,1,-0.02878047936538652,-0.006547023620400442,0.06436226284683774,0.061000000000000054,0.011903145498601383,0.055074313520648906,0.0010166469613961393,0.06708394615384622,0.018508545436918586,1427107137591,0,0,0,0,0,0,0
-0.004002042594348899,-0.0577108722335786,0.938,-0.04187044875534406,-0.16216297912597658,0.0932524642944336,0,0,1,-0.02878047936538652,0.004002042594348899,0.0577108722335786,0.062000000000000055,0.013089969389957542,0.05782879320791689,-0.006095268104078344,0.05744233030303036,0.018484623441576448,1427107137657,0,0,0,0,0,0,0
-0.01173591478936868,-0.04975424745375226,0.939,-0.04276056667386118,-0.12090216064453126,0.11438887786865234,0,0,1,-0.02878047936538652,0.01173591478936868,0.04975424745375226,0.061000000000000054,0.013980087308474661,0.04805583605191747,-0.018282003560891838,0.04626095000000004,0.018152515051523658,1427107137721,0,0,0,0,0,0,0
-0.02146303191076802,-0.04026792189356866,0.932,-0.043790310932537706,-0.15185614013671875,0.1359276580810547,0,0,1,-0.02878047936538652,0.02146303191076802,0.04026792189356866,0.06799999999999995,0.015009831567151185,0.06301551651668733,-0.030566414981912288,0.09546400769230709,0.01976249737642745,1427107137786,0,0,0,0,0,0,0
-0.030230505733389017,-0.03029117907966086,0.926,-0.04511676116405349,-0.1379372100830078,0.1437505645751953,0,0,1,-0.02878047936538652,0.030230505733389017,0.03029117907966086,0.07399999999999995,0.01633628179866697,0.062251593186379586,-0.03817580541174859,0.0953603923076923,0.022458359790278288,1427107137851,0,0,0,0,0,0,0
-0.03721847964291659,-0.021265160244800005,0.922,-0.04511676116405349,-0.11081924438476562,0.13052499389648436,0,0,1,-0.02878047936538652,0.03721847964291659,0.021265160244800005,0.07799999999999996,0.01633628179866697,0.056187849543946664,-0.037555709510920944,0.08829816153846154,0.01633628179866697,1427107137916,0,0,0,0,0,0,0
-0.04208045612655652,-0.012954221852143013,0.92,-0.044802601898694554,-0.07847796630859374,0.12124798583984375,0,0,1,-0.02878047936538652,0.04208045612655652,0.012954221852143013,0.07999999999999996,0.016022122533308033,0.04641786448686785,-0.03651620931097579,0.07934346119402984,0.014615439255581448,1427107137983,0,0,0,0,0,0,0
-0.04369533827727069,-0.00611422208043783,0.923,-0.046547931150688775,-0.028794134140014648,0.10141213989257812,0,0,1,-0.02878047936538652,0.04369533827727069,0.00611422208043783,0.07699999999999996,0.017767451785302254,0.030686272724411046,-0.033923195033822344,0.050582249999999954,0.025948682654025165,1427107138047,0,0,0,0,0,0,0
-0.044164909528922824,-0.0003790145678905076,0.922,-0.04686209041604771,-0.011038924217224121,0.08560718536376953,0,0,1,-0.02878047936538652,0.044164909528922824,0.0003790145678905076,0.07799999999999996,0.01808161105066119,0.024646839365531935,-0.030266190285138207,0.07368011538461536,0.019531576890779365,1427107138112,0,0,0,0,0,0,0
-0.04218903892695307,0.007276954823336488,0.926,-0.046739917368408206,0.02422587013244629,0.11610186004638672,0,0,1,-0.02878047936538652,0.04218903892695307,-0.007276954823336488,0.07399999999999995,0.017959438003021685,0.010518563112654797,-0.044441468963508195,0.04403803846153841,0.017395562398531655,1427107138177,0,0,0,0,0,0,0
-0.040033299238423616,0.01396072910081285,0.936,-0.0467573706609281,0.027616500854492188,0.101657958984375,0,0,1,-0.02878047936538652,0.040033299238423616,-0.01396072910081285,0.06399999999999995,0.017976891295541583,0.008674465593546246,-0.04201237714737916,0.004968596969696898,0.0180562244433593,1427107138243,0,0,0,0,0,0,0
-0.035496581362179425,0.02155133313401233,0.942,-0.04646066468808906,0.06265458297729493,0.11691533660888671,0,0,1,-0.02878047936538652,0.035496581362179425,-0.02155133313401233,0.05800000000000005,0.017680185322702536,-0.006949398524497677,-0.051888330291672724,0.020757600000000626,0.016289376075019506,1427107138307,0,0,0,0,0,0,0
-0.02980421141902906,0.02662029556281666,0.948,-0.04700171675620722,0.08176206970214844,0.07991802978515625,0,0,1,-0.02878047936538652,0.02980421141902906,-0.02662029556281666,0.052000000000000046,0.0182212373908207,-0.015617257643749733,-0.04022341196980821,0.016800407692307714,0.020718400782135302,1427107138372,0,0,0,0,0,0,0
-0.0234514372940973,0.029527489896988442,0.955,-0.04611159883769021,0.09313748168945313,0.0480369758605957,0,0,1,-0.02878047936538652,0.0234514372940973,-0.029527489896988442,0.04500000000000004,0.01733111947230369,-0.022334423789258866,-0.030055912264998045,0.006108292307692317,0.013222882925302114,1427107138437,0,0,0,0,0,0,0
-0.017650665764651477,0.03171307731420638,0.962,-0.04572762640225146,0.08540790557861327,0.03675978469848633,0,0,1,-0.02878047936538652,0.017650665764651477,-0.03171307731420638,0.038000000000000034,0.01694714703686494,-0.022251014953233568,-0.027283743767186713,0.0007552923076923068,0.015174966565609169,1427107138502,0,0,0,0,0,0,0
-0.01071211364390055,0.03155419152811564,0.968,-0.04494222823885406,0.10407843017578125,0.0023767988681793212,0,0,1,-0.02878047936538652,0.01071211364390055,-0.03155419152811564,0.03200000000000003,0.01616174887346754,-0.031273649554008506,-0.01461400287101636,0.0020406181818181865,0.012591757221661181,1427107138568,0,0,0,0,0,0,0
-0.002173435611503682,0.030164622697018178,0.972,-0.045238934211693095,0.1288872833251953,-0.015068215370178223,0,0,1,-0.02878047936538652,0.002173435611503682,-0.030164622697018178,0.028000000000000025,0.016458454846306574,-0.0454421409055886,-0.007181895407289508,0.008963000000000002,0.017849264093989542,1427107138632,0,0,0,0,0,0,0
0.005337380675874503,0.02784815247468081,0.975,-0.04410447019789674,0.11411836242675781,-0.029616521835327148,0,0,1,-0.02878047936538652,-0.005337380675874503,-0.02784815247468081,0.025000000000000022,0.01532399083251022,-0.042947979789083025,-0.0011676649430923825,0.012446653846153857,0.010088003076527045,1427107138697,0,0,0,0,0,0,0
0.012657141001914458,0.024450725582118884,0.972,-0.044156830075456545,0.11193653106689454,-0.04607090377807617,0,0,1,-0.02878047936538652,-0.012657141001914458,-0.024450725582118884,0.028000000000000025,0.015376350710070024,-0.04558732422500993,0.0063356914481539715,0.04733634615384619,0.015618011683422967,1427107138762,0,0,0,0,0,0,0
0.01956045721341553,0.02078823572600397,0.98,-0.04471533543609472,0.10587387847900391,-0.0503128547668457,0,0,1,-0.02878047936538652,-0.01956045721341553,-0.02078823572600397,0.020000000000000018,0.015934856070708197,-0.0468093052419706,0.009580686134428687,-0.018164423076923092,0.018512573119807457,1427107138827,0,0,0,0,0,0,0
0.024546824857240822,0.017170895399196542,0.982,-0.044453536048295585,0.07714620208740235,-0.05086247634887695,0,0,1,-0.02878047936538652,-0.024546824857240822,-0.017170895399196542,0.018000000000000016,0.015673056682909064,-0.038195421943386085,0.010553306518689748,0.012985338805970154,0.014500820618136826,1427107138894,0,0,0,0,0,0,0
0.030338722948894305,0.013152516224231952,0.982,-0.044052110320336936,0.08947122955322266,-0.056355358123779294,0,0,1,-0.02878047936538652,-0.030338722948894305,-0.013152516224231952,0.018000000000000016,0.015271630954950415,-0.04673704127646815,0.015633035662867188,0.023548300000000015,0.01338994785514425,1427107138958,0,0,0,0,0,0,0
0.033909762110238606,0.008765972017450295,0.98,-0.043772857640017794,0.056411231994628906,-0.06337541580200196,0,0,1,-0.02878047936538652,-0.033909762110238606,-0.008765972017450295,0.020000000000000018,0.014992378274631273,-0.03609883192102051,0.019464952192491065,0.0360475307692308,0.013703519750081387,1427107139023,0,0,0,0,0,0,0
0.03635487045254755,0.0015244850101916512,0.98,-0.04392993727269732,0.041394683837890626,-0.106913330078125,0,0,1,-0.02878047936538652,-0.03635487045254755,-0.0015244850101916512,0.020000000000000018,0.015149457907310798,-0.031282312347778764,0.03845747370650908,0.025408300000000016,0.01587444082737014,1427107139088,0,0,0,0,0,0,0
0.03838131297558719,-0.004520037778397126,0.983,-0.04347615166717875,0.034349063873291015,-0.08924547576904297,3,0,1,0,2.961618687024413,0.004520037778397126,0.017000000000000015,0.04347615166717875,1.4808093435122065,0.002260018889198563,0.013600000000000013,0.04347615166717875,0,0,0,0,0,0,0,0
0.03825032076798524,-0.01156544781892951,0.986,-0.041940261925423744,0.002630136013031006,-0.10566668701171875,3,0,1,0,2.961749679232015,0.01156544781892951,0.014000000000000012,0.041940261925423744,1.483524250050674,0.043152380047242436,-0.004616690909090912,0.03495894491744646,0,0,0,0,0,0,0,0
0.038205722560261154,-0.01805296453690944,0.986,-0.03998549316319009,0.0034117410182952883,-0.0972552261352539,3,0,1,0,2.961794277439739,0.01805296453690944,0.014000000000000012,0.03998549316319009,1.4849913382942157,0.04452427641277158,0.01138200000000001,0.03082251459021984,0,0,0,0,0,0,0,0
0.03743463735028551,-0.021320757769523267,0.985,-0.03902556207459327,-0.009597590446472168,-0.04944007873535156,3,0,1,0,2.9625653626497144,0.021320757769523267,0.015000000000000013,0.03902556207459327,1.491210649220917,0.028289234184250382,0.0176641153846154,0.03459511089645409,0,0,0,0,0,0,0,0
0.04097350132515834,-0.02449003885998694,0.986,-0.037768925013157296,0.05489731597900391,-0.04543195343017578,3,0,1,0,2.9590264986748416,0.02449003885998694,0.014000000000000012,0.037768925013157296,1.468157165769975,0.02935934325854809,0.006185884615384623,0.03196906165268358,0,0,0,0,0,0,0,0
0.049603060468083646,-0.02476051823762116,0.988,-0.037873644768276905,0.1295042724609375,0.0008334780931472778,3,0,1,0,2.9503969395319163,0.02476051823762116,0.01200000000000001,0.037873644768276905,1.4383487086889255,0.013901744984368743,-0.0007207307692307669,0.038356966714982794,0,0,0,0,0,0,0,0
0.062111434159628366,-0.02520724402268823,0.99,-0.037960911230876616,0.18774478149414062,0.00040828537940979003,3,0,1,0,2.9378885658403715,0.02520724402268823,0.010000000000000009,0.037960911230876616,1.4141681004921627,0.015054317615282508,-0.0020915606060606055,0.03835757696996621,0,0,0,0,0,0,0,0
0.0839211019643638,-0.025417332125556923,0.993,-0.037000980142279906,0.3270289306640625,0.009266689300537109,3,0,1,0,2.9160788980356362,0.025417332125556923,0.007000000000000006,0.037000980142279906,1.352190221005281,0.013955547696484709,-0.010246950000000008,0.032501303164482825,0,0,0,0,0,0,0,0
0.11334602487563311,-0.023076583376342955,0.995,-0.034644785652087486,0.4397728881835937,0.05141473770141602,3,0,1,0,2.886653975124367,0.023076583376342955,0.0050000000000000044,0.034644785652087486,1.3049711546552858,-0.0005760766533290992,-0.0058549611940298535,0.024094661069136353,0,0,0,0,0,0,0,0
0.14847111723015774,-0.017360740299261032,0.999,-0.03319616237293208,0.5235904541015625,0.10393606567382813,3,0,1,0,2.851528882769842,0.017360740299261032,0.0010000000000000009,0.03319616237293208,1.2508555220140285,-0.022453612172364492,-0.020475800000000016,0.02640574075189113,0,0,0,0,0,0,0,0
0.19292527269396792,-0.009948857447857205,1.003,-0.03152064629101768,0.6627549438476562,0.13324853515625,3,0,1,0,2.807074727306032,0.009948857447857205,-0.0029999999999998916,0.03152064629101768,1.1794066582286942,-0.03542840384512269,-0.023694999999999324,0.02366666465704393,0,0,0,0,0,0,0,0
0.24592196353963477,-0.0038815059416434225,1.004,-0.029443704481144292,0.791687255859375,0.1160182647705078,3,0,1,0,2.754078036460365,0.0038815059416434225,-0.0040000000000000036,0.029443704481144292,1.1210138227683248,-0.029620864454213455,-0.007870680597015511,0.020143965033950013,0,0,0,0,0,0,0,0
0.3041626733167202,0.0048670274884911584,1.005,-0.029740410453983446,0.8693687133789062,0.15688973999023437,3,0,1,0,2.6958373266832796,-0.0048670274884911584,-0.004999999999999893,0.029740410453983446,1.0519633071900993,-0.05014666845434241,-0.008947549999999312,0.031131219701666983,0,0,0,0,0,0,0,0
0.3688049384268662,0.012767060780200228,1.005,-0.027803094984269684,0.9656814575195313,0.14728115844726564,3,0,1,0,2.6311950615731337,-0.012767060780200228,-0.004999999999999893,0.027803094984269684,0.9917825978100075,-0.048800082295165956,-0.0035112999999999126,0.018861638970206165,0,0,0,0,0,0,0,0
0.44119801171899037,0.020915423467817405,1.002,-0.02700024352835228,1.08207861328125,0.15236558532714845,3,0,1,0,2.55880198828101,-0.020915423467817405,-0.0020000000000000018,0.02700024352835228,0.9155141614764473,-0.05422501694988767,0.01502954615384557,0.023294775270271947,0,0,0,0,0,0,0,0
0.5158522080952705,0.030770484623428393,1.001,-0.0271747764535517,1.1154139404296874,0.1780035858154297,3,0,1,0,2.4841477919047295,-0.030770484623428393,-0.0009999999999998899,0.0271747764535517,0.8676264812075871,-0.06836246317035737,0.005053815384616078,0.027980313031395188,0,0,0,0,0,0,0,0
0.5924279443425846,0.03796263263861306,0.995,-0.026337018412594386,1.1452806396484374,0.13905247497558593,3,0,1,0,2.4075720556574156,-0.03796263263861306,0.0050000000000000044,0.026337018412594386,0.8329133179105626,-0.05648918069437178,0.035845983582089,0.022585863005322827,0,0,0,0,0,0,0,0
0.6707916942795177,0.044314814930304675,0.993,-0.025848326222036026,1.1725394287109374,0.1262041244506836,3,0,1,0,2.329208305720482,-0.044314814930304675,0.007000000000000006,0.025848326222036026,0.7598671806428784,-0.05741216932675004,0.017257911111111128,0.023521220552710505,0,0,0,0,0,0,0,0
0.7503767497650212,0.04833567745342655,0.992,-0.025691246589356502,1.1918182373046875,0.0911464614868164,3,0,1,0,2.2496232502349787,-0.04833567745342655,0.008000000000000007,0.025691246589356502,0.7283561601763648,-0.04581491535957222,0.012383415384615399,0.02496626366929716,0,0,0,0,0,0,0,0
0.8513762510746964,0.0508219424265894,0.991,-0.02600540585471555,1.5135345458984375,0.07619943237304687,3,0,1,0,2.1486237489253037,-0.0508219424265894,0.009000000000000008,0.02600540585471555,0.5639444605204826,-0.0388278645320285,0.013241915384615398,0.027455371694834238,0,0,0,0,0,0,0,0
0.9591084251341755,0.05145960586033312,0.987,-0.026057765732275355,1.6151875,0.051581264495849606,3,0,1,0,2.0408915748658245,-0.05145960586033312,0.013000000000000012,0.026057765732275355,0.47515209974622896,-0.029226136703529672,0.03268026153846157,0.0262994267056283,0,0,0,0,0,0,0,0
1.0702288376490021,0.052616149520176556,0.985,-0.026267205242514684,1.665788330078125,0.06077059555053711,3,0,1,0,1.9297711623509979,-0.052616149520176556,0.015000000000000013,0.026267205242514684,0.4116869494633483,-0.03253874893151886,0.02344686060606063,0.027219203016329813,0,0,0,0,0,0,0,0
1.185198233392081,0.05092618420107438,0.984,-0.025621433419276796,1.72461181640625,0.019952926635742187,3,0,1,0,1.814801766607919,-0.05092618420107438,0.016000000000000014,0.025621433419276796,0.33498874606249307,-0.016632254180344072,0.019049430303030322,0.022686106950013673,0,0,0,0,0,0,0,0
1.3007806919081115,0.04755898436814604,0.981,-0.023579398194443425,1.7344617919921874,-0.006075456142425537,3,0,1,0,1.6992193080918885,-0.04755898436814604,0.019000000000000017,0.023579398194443425,0.2558796366987449,-0.0055266552258177865,0.03267425000000003,0.014007358078036995,0,0,0,0,0,0,0,0
1.4229039157029286,0.04407324087215389,0.979,-0.02204350845268831,1.8325718994140625,-0.009081738471984863,3,0,1,0,1.5770960842970714,-0.04407324087215389,0.02100000000000002,0.02204350845268831,0.17034811760127166,-0.0034574171153731216,0.028773730769230798,0.014954786567664706,0,0,0,0,0,0,0,0
1.5641735327787727,0.03314136459178229,0.977,-0.0219387886975687,2.122143798828125,-0.11723091888427735,3,0,1,0,1.4358264672212273,-0.03314136459178229,0.02300000000000002,0.0219387886975687,0.009090483945427219,0.041189330852628554,0.030362360606060637,0.021462789810661388,0,0,0,0,0,0,0,0
1.707509800981703,0.024141626717884435,0.973,-0.021711895894809475,2.152488037109375,-0.08779800415039063,3,0,1,0,1.292490199018297,-0.024141626717884435,0.027000000000000024,0.021711895894809475,-0.09646361291275263,0.036918994462568126,0.04500410000000005,0.0206483358818756,0,0,0,0,0,0,0,0
1.8508918497116997,0.014660037034854873,0.972,-0.02139773662945054,2.1533115234375,-0.09549755096435547,3,0,1,0,1.1491081502883003,-0.014660037034854873,0.028000000000000025,0.02139773662945054,-0.15559468571450252,0.04348765745998285,0.029495715384615415,0.019947770789332384,0,0,0,0,0,0,0,0
1.9933158826654827,0.00530827171596349,0.971,-0.02120575041173111,2.138872802734375,-0.09453457641601562,3,0,1,0,1.0066841173345173,-0.00530827171596349,0.029000000000000026,0.02120575041173111,-0.20936406783843686,0.04669801785515337,0.030405530303030334,0.020333085785733698,0,0,0,0,0,0,0,0
2.132759508836967,-0.0028564378681153867,0.971,-0.022549653935766682,2.093781005859375,-0.07809133148193359,3,0,1,0,0.8672404911630331,0.0028564378681153867,0.029000000000000026,0.022549653935766682,-0.28583421500144157,0.04584026143245091,0.02528810000000003,0.028849201704683428,0,0,0,0,0,0,0,0
2.2742406366505987,-0.011007869708958482,0.973,-0.021083577364091492,2.124434326171875,-0.07438919067382813,3,0,1,0,0.7257593633494013,0.011007869708958482,0.027000000000000024,0.021083577364091492,-0.3437921552057359,0.04849977707402604,0.013260239393939414,0.014419592947386083,0,0,0,0,0,0,0,0
2.40817896444358,-0.01867114270689502,0.977,-0.01747074581246321,2.0110517578125,-0.07256819915771484,3,0,1,0,0.59182103555642,0.01867114270689502,0.02300000000000002,0.01747074581246321,-0.39257907565474387,0.05102459724671514,-0.0010614999999999965,0.0005355979142056405,0,0,0,0,0,0,0,0
2.532533212986674,-0.025303154245729233,0.987,-0.015463617172669746,1.8667669677734375,-0.06687822723388671,3,0,1,0,0.467466787013326,0.025303154245729233,0.013000000000000012,0.015463617172669746,-0.38142679006358454,0.04761853705095345,-0.04013100303030305,0.006340305173608542,0,0,0,0,0,0,0,0
2.6454292010358182,-0.030382164462929132,0.998,-0.015568336927789465,1.6944154052734375,-0.04999038314819336,3,0,1,0,0.35457079896418175,0.030382164462929132,0.0020000000000000018,0.015568336927789465,-0.37687726474141015,0.04194248131882605,-0.05422083333333337,0.01604433581469728,0,0,0,0,0,0,0,0
2.7446961662978926,-0.03369979962398921,1.017,-0.014521139376592933,1.4895987548828125,-0.02657810974121094,3,0,1,0,0.2553038337021074,0.03369979962398921,-0.016999999999999904,0.014521139376592933,-0.3621683824996285,0.03455324800668513,-0.1135056923076917,0.009687919909532014,0,0,0,0,0,0,0,0
2.8290692562156177,-0.0354712463091058,1.04,-0.01268854366199878,1.2658487548828126,-0.008191643714904785,3,0,1,0,0.17093074378438233,0.0354712463091058,-0.040000000000000036,0.01268854366199878,-0.3384722011874664,0.027438499378503088,-0.1576277777777785,0.003961897402026628,0,0,0,0,0,0,0,0
2.923211521268062,-0.033217223242219596,1.056,-0.013002702927357829,1.41159130859375,0.05172506713867187,3,0,1,0,0.07678847873193817,0.033217223242219596,-0.05600000000000005,0.013002702927357829,-0.41599254925494145,0.00453888811210305,-0.12786808484848494,0.014430699588080777,1427107141496,0,0,0,0,0,0,0
3.0010020139544085,-0.029131613113876884,1.072,-0.015411257295109943,1.1659619140625,0.07645084381103516,3,0,1,0,-0.001002013954408465,0.029131613113876884,-0.07200000000000006,0.015411257295109943,-0.3745210462338757,-0.007531267928732039,-0.14244144615384627,0.026527662069350467,1427107141496,0,0,0,0,0,0,0
3.0658812482624134,-0.02526709460798724,1.085,-0.016441001553786572,0.9721796264648438,0.07295835876464844,3,0,1,0,-0.06588124826241337,0.02526709460798724,-0.08499999999999996,0.016441001553786572,-0.3374813257004856,-0.008256610218511299,-0.13724009999999942,0.021193667363063322,1427107141496,0,0,0,0,0,0,0
3.117135242811539,-0.019160130693457494,1.092,-0.017226399717184083,0.7672000122070313,0.10423151397705079,3,0,1,0,-0.11713524281153909,0.019160130693457494,-0.09200000000000008,0.017226399717184083,-0.2776455766284167,-0.02192101998721644,-0.10949511176470655,0.02069139161452604,0,0,0,0,0,0,0,0
3.154895234446386,-0.013113223311316733,1.095,-0.01666789435654591,0.56475341796875,0.10044670104980469,3,0,1,0,-0.1548952344463861,0.013113223311316733,-0.09499999999999997,0.01666789435654591,-0.24597552570593387,-0.027639208458404625,-0.0933901838709671,0.013965449063135396,0,0,0,0,0,0,0,0
3.1813099813756973,-0.006806030118306833,1.091,-0.016824973989225323,0.3945893249511719,0.10119862365722657,3,0,1,0,-0.18130998137569732,0.006806030118306833,-0.09099999999999997,0.016824973989225323,-0.18837276025483216,-0.030614423156328337,-0.05230773846153842,0.017549956909284153,0,0,0,0,0,0,0,0
3.1958440062009275,-0.001535071216493441,1.085,-0.017139133254584372,0.21664932250976562,0.08272103881835938,3,0,1,0,-0.19584400620092746,0.001535071216493441,-0.08499999999999996,0.017139133254584372,-0.13179395224950274,-0.02766918170450158,-0.03729100769230764,0.01858909909470306,0,0,0,0,0,0,0,0
3.2004292803269174,0.0035716327956375263,1.074,-0.016877333866785128,0.06745620727539063,0.07776806640625,3,0,1,0,-0.20042928032691743,-0.0035716327956375263,-0.07400000000000007,0.016877333866785128,-0.08064667227187854,-0.02934040586590194,-0.0020489307692313774,0.015669029000019385,0,0,0,0,0,0,0,0
3.199239975181221,0.007253683563333448,1.06,-0.016632987771506003,-0.018769140243530272,0.054921825408935546,3,0,1,0,-0.19923997518122105,-0.007253683563333448,-0.06000000000000005,0.016632987771506003,-0.04918665925398777,-0.02321460849089165,0.023766724242424264,0.01552232370205544,0,0,0,0,0,0,0,0
3.1900667017748447,0.01081846579495537,1.046,-0.01705186679198466,-0.13846942138671875,0.051175758361816405,3,0,1,0,-0.19006670177484475,-0.01081846579495537,-0.04600000000000004,0.01705186679198466,-0.00086224752599285,-0.024972799455606307,0.03699240000000003,0.019015362200478367,0,0,0,0,0,0,0,0
3.1755862129514103,0.01147828122515345,1.036,-0.016982053621904847,-0.21734451293945312,0.006192181587219238,3,0,1,0,-0.1755862129514103,-0.01147828122515345,-0.03600000000000003,0.016982053621904847,0.03062418708747429,-0.009211718404657947,0.019655688235294136,0.016674054342140966,0,0,0,0,0,0,0,0
3.160681568085103,0.009649431830476092,1.022,-0.016982053621904847,-0.22307159423828124,-0.031225275039672852,3,0,1,0,-0.1606815680851028,-0.009649431830476092,-0.02200000000000002,0.016982053621904847,0.04758408342602223,0.005416982285510217,0.05828095806451619,0.016982053621904847,0,0,0,0,0,0,0,0
3.1372653793597887,0.00587251211372965,1.013,-0.01764527873766274,-0.35023013305664064,-0.06261016464233399,3,0,1,0,-0.13726537935978866,-0.00587251211372965,-0.0129999999999999,0.01764527873766274,0.0955842138774885,0.016417326980825587,0.0326838294117654,0.020571271895418148,0,0,0,0,0,0,0,0
3.1133960163650194,-0.0023278246871772648,1.003,-0.017697638615222545,-0.35581436157226565,-0.12930329895019532,3,0,1,0,-0.11339601636501939,0.0023278246871772648,-0.0029999999999998916,0.017697638615222545,0.11745740000998589,0.04592454911519654,0.04902860000000013,0.017943075541284128,0,0,0,0,0,0,0,0
3.0881829711814817,-0.006466831698016052,0.998,-0.01960004749989629,-0.3770377502441406,-0.06876820373535156,3,0,1,0,-0.08818297118148166,0.006466831698016052,0.0020000000000000018,0.01960004749989629,0.1373557474700261,0.02578779410346759,0.025697649999999423,0.02851758914680447,1427107142407,0,0,0,0,0,0,0
3.061759564598187,-0.014695480448008228,0.997,-0.02160717613968976,-0.3938558959960938,-0.1311740264892578,3,0,1,0,-0.06175956459818721,0.014695480448008228,0.0030000000000000027,0.02160717613968976,0.14864444141252545,0.04963025596901519,0.004321358823529424,0.030462155432896237,1427107142407,0,0,0,0,0,0,0
3.0387788598112087,-0.020875258846441404,0.994,-0.022916173078685532,-0.3426273498535156,-0.1001226806640625,3,0,1,0,-0.038778859811208655,0.020875258846441404,0.006000000000000005,0.022916173078685532,0.15383770799846308,0.04526559447195172,0.018546983870967766,0.029250029235116694,1427107142407,0,0,0,0,0,0,0
3.0190541664662116,-0.031021313307241494,0.991,-0.025167647813758232,-0.2923053894042969,-0.15893048095703124,3,0,1,0,-0.01905416646621161,0.031021313307241494,0.009000000000000008,0.025167647813758232,0.1401677716172682,0.07010554070116456,0.020223846153846176,0.035559069667939924,1427107142407,0,0,0,0,0,0,0
3.003479084040407,-0.037405782612623596,0.992,-0.027122416575991893,-0.23114227294921874,-0.10161591339111328,3,0,1,0,-0.0034790840404070877,0.037405782612623596,0.008000000000000007,0.027122416575991893,0.12190892523766622,0.05155184941508212,-0.001822658823529404,0.035746396409375686,1427107142407,0,0,0,0,0,0,0
2.9924137761971115,-0.041931040383417564,0.989,-0.028169614127188537,-0.1640777587890625,-0.07235511779785156,3,0,1,-0.027122416575991893,0.0075862238028885365,0.041931040383417564,0.01100000000000001,0.0010471975511966436,0.0037931119014442682,0.020965520191708782,0.008800000000000007,0.0010471975511966436,1427107142407,0,0,0,0,0,0,0
2.9894141084784955,-0.04480089907109648,0.995,-0.03181735226385672,-0.04376468276977539,-0.04429812622070312,3,0,1,-0.027122416575991893,0.010585891521504465,0.04480089907109648,0.0050000000000000044,0.004694935687864828,0.02145188353663467,0.03788265536129246,-0.028275192307692324,0.02153065016479491,1427107142797,0,0,0,0,0,0,0
2.9857358466241037,-0.04775873968691992,0.992,-0.0324282175020547,-0.053734580993652345,-0.046100345611572266,3,0,1,-0.027122416575991893,0.01426415337589626,0.04775873968691992,0.008000000000000007,0.005305800926062806,0.026954254586933412,0.03986636769385579,0.022638346153846172,0.008125178948515008,1427107142862,0,0,0,0,0,0,0
2.980389754487366,-0.04713663522091817,0.993,-0.031573006168577375,-0.08045177459716797,0.006726653099060059,3,0,1,-0.027122416575991893,0.019610245512633906,0.04713663522091817,0.007000000000000006,0.004450589592585482,0.03735126095624555,0.02045852600671066,0.0005850411764705896,0.0006775984154796426,1427107142930,0,0,0,0,0,0,0
2.9771157577104423,-0.04345878229805136,0.993,-0.029478611066184195,-0.05082699966430664,0.053590007781982425,3,0,1,-0.027122416575991893,0.022884242289557655,0.04345878229805136,0.007000000000000006,0.0023561944901923024,0.02996803674086109,0.0010864793195259556,0.0057755000000000055,-0.007777975360097276,1427107142992,0,0,0,0,0,0,0
2.9758125097297774,-0.03917048053839983,0.994,-0.02738421596379102,-0.02143614959716797,0.06372039413452149,3,0,1,-0.027122416575991893,0.0241874902702226,0.03917048053839983,0.006000000000000005,0.0002617993877991262,0.01906454813887033,-0.003010740271447248,-0.00028793030303030185,-0.009258178350351675,1427107143058,0,0,0,0,0,0,0
2.973362133349718,-0.03322037998296219,0.995,-0.023719024534602933,-0.039185642242431644,0.0882116470336914,3,0,1,-0.027122416575991893,0.026637866650281783,0.03322037998296219,0.0050000000000000044,-0.00340339204138896,0.02659022176255818,-0.015262206113024972,-0.0011370153846153846,-0.0203196601761032,1427107143123,0,0,0,0,0,0,0
2.97153162494898,-0.022667901553946823,0.991,-0.021537362969610042,-0.031203968048095703,0.15759144592285157,3,0,1,-0.027122416575991893,0.02846837505102018,0.022667901553946823,0.009000000000000008,-0.0055850536063818505,0.023892572737336852,-0.043609142158425374,0.02840342238805972,-0.015353687479484346,1427107143190,0,0,0,0,0,0,0
2.969259085463158,-0.013661285263890207,0.986,-0.019826940302655617,-0.036989643096923826,0.13433380126953126,3,0,1,-0.027122416575991893,0.030740914536842023,0.013661285263890207,0.014000000000000012,-0.007295476273336276,0.027723217834908845,-0.04147584779104663,0.038521976923076955,-0.015189734736202854,1427107143255,0,0,0,0,0,0,0
2.9674867198008563,-0.000581470055296851,0.984,-0.019233528356977538,-0.030469995498657226,0.195631591796875,3,0,1,-0.027122416575991893,0.03251328019914368,0.000581470055296851,0.016000000000000014,-0.007888888219014355,0.02608608280359706,-0.07104845803773642,0.024238800000000022,-0.010670506714380353,1427107143319,0,0,0,0,0,0,0
2.9651358299146677,0.008358400924171656,0.98,-0.01724385300970397,-0.03783584594726563,0.1333950653076172,3,0,1,-0.027122416575991893,0.03486417008533227,-0.008358400924171656,0.020000000000000018,-0.009878563566287923,0.030447645164927636,-0.052883422901035634,0.03850430000000003,-0.01920516675663277,1427107143383,0,0,0,0,0,0,0
2.961917154674271,0.016445208914054314,0.978,-0.01577777643802878,-0.05036456298828125,0.12045159149169922,3,0,1,-0.027122416575991893,0.03808284532572914,-0.016445208914054314,0.02200000000000002,-0.011344640137963113,0.036294420733385166,-0.050932349140027144,0.028980560606060628,-0.01800862455466852,1427107143449,0,0,0,0,0,0,0
2.9601075394573297,0.022601662445318183,0.976,-0.013700834628155502,-0.028597816467285157,0.09190705108642579,3,0,1,-0.027122416575991893,0.03989246054267026,-0.022601662445318183,0.02400000000000002,-0.013421581947836391,0.030052360398811814,-0.04480855839358806,0.03106560000000003,-0.023157246681617383,1427107143513,0,0,0,0,0,0,0
2.9570513170334785,0.03283427702987973,0.972,-0.011414453308042893,-0.04794189834594727,0.15284674072265625,3,0,1,-0.027122416575991893,0.042948682966521545,-0.03283427702987973,0.028000000000000025,-0.015707963267949,0.037919724650332706,-0.07054229628076901,0.04472502121212125,-0.026100605632097228,1427107143579,0,0,0,0,0,0,0
2.954881188883843,0.04238610592501557,0.973,-0.008970992355250873,-0.03418519973754883,0.14289654541015626,3,0,1,-0.027122416575991893,0.0451188111161569,-0.04238610592501557,0.027000000000000024,-0.018151424220741022,0.03451218124700524,-0.07251482129599066,0.017503784615384634,-0.029428936310550345,1427107143644,0,0,0,0,0,0,0
2.9531973069579545,0.050031336651054414,0.971,-0.007504915783575571,-0.026285978317260743,0.11444725799560547,3,0,1,-0.027122416575991893,0.04680269304204554,-0.050031336651054414,0.029000000000000026,-0.019617500792416323,0.03276629506332921,-0.06610365919423405,0.035446130769230796,-0.026384008046302327,1427107143709,0,0,0,0,0,0,0
2.9509238507827695,0.0545622473981396,0.973,-0.005777039824101248,-0.034610939025878903,0.06770581817626953,3,0,1,-0.027122416575991893,0.04907614921723047,-0.0545622473981396,0.027000000000000024,-0.021345376751890646,0.03674511124859377,-0.050907981025675106,0.012810038805970165,-0.029082134779387613,1427107143776,0,0,0,0,0,0,0
2.9483110636478087,0.060050129497541724,0.98,-0.00438077642250576,-0.039666706085205075,0.08209044647216797,3,0,1,-0.027122416575991893,0.051688936352191295,-0.060050129497541724,0.020000000000000018,-0.022741640153486134,0.04072328932737945,-0.06050905080402228,-0.0211050888888889,-0.029390513494417028,1427107143839,0,0,0,0,0,0,0
2.9465277142120234,0.06188054453393675,0.986,-0.0029321531433504676,-0.026870264053344726,0.027338775634765625,3,0,1,-0.027122416575991893,0.05347228578797658,-0.06188054453393675,0.014000000000000012,-0.024190263432641426,0.036736887755993194,-0.04083232775580349,-0.019232892307692318,-0.030876217028742773,1427107143904,0,0,0,0,0,0,0
2.9431475862703844,0.06444256288930482,0.984,-0.0021118483949130505,-0.05081438446044922,0.03828144454956055,3,0,1,-0.027122416575991893,0.05685241372961558,-0.06444256288930482,0.016000000000000014,-0.025010568181078843,0.04706194390418002,-0.04609462708614348,0.025548030769230793,-0.028796590096943846,1427107143969,0,0,0,0,0,0,0
2.9416898614547278,0.0644921853638408,0.983,-0.002076941809873255,-0.021867395401000977,0.0006981580853462219,3,0,1,-0.027122416575991893,0.05831013854527223,-0.0644921853638408,0.017000000000000015,-0.02504547476611864,0.03747730645446548,-0.03263307273172518,0.021073915384615408,-0.025206582081686926,1427107144034,0,0,0,0,0,0,0
2.940008998199805,0.06160900917702904,0.983,-0.0018325957145941306,-0.025123071670532227,-0.043299915313720704,3,0,1,-0.027122416575991893,0.05999100180019479,-0.06160900917702904,0.017000000000000015,-0.025289820861397763,0.0392892735278378,-0.015904196594597353,0.015803200000000017,-0.026383907855184886,1427107144101,0,0,0,0,0,0,0
2.9385885247627264,0.058927104906128625,0.998,-0.0013788101090755668,-0.02123334312438965,-0.04026754379272461,3,0,1,-0.027122416575991893,0.06141147523727364,-0.058927104906128625,0.0020000000000000018,-0.025743606466916327,0.0391490896270339,-0.01476226850363049,-0.07951753333333339,-0.027904490302719014,1427107144164,0,0,0,0,0,0,0
2.939187661691956,0.05263346632965431,0.996,-0.0005585053606382607,0.00911721134185791,-0.09439209747314453,3,0,1,-0.027122416575991893,0.06081233830804411,-0.05263346632965431,0.0040000000000000036,-0.026563911215353633,0.027771408160816333,0.007339693963915903,0.016211030769230785,-0.030349933131218122,1427107144229,0,0,0,0,0,0,0
2.93919277822704,0.046769442782074316,0.991,0.000052359877559827626,0.0001258743405342102,-0.08796029663085937,3,0,1,-0.027122416575991893,0.06080722177296005,-0.046769442782074316,0.009000000000000008,-0.02717477645355172,0.031006945940517706,0.00792799390585119,0.036423376923076956,-0.029994154476004436,1427107144294,0,0,0,0,0,0,0
2.939388751524319,0.04167996430739447,0.986,-0.000523598775598243,0.0029356021881103518,-0.07634233093261719,3,0,1,-0.027122416575991893,0.06061124847568111,-0.04167996430739447,0.014000000000000012,-0.02659881780039365,0.029937260955346753,0.0058593715345497885,0.040107851515151546,-0.02398082392240242,1427107144360,0,0,0,0,0,0,0
2.940278250040856,0.036114183066180625,0.984,-0.0019198621771937307,0.013386189460754394,-0.08347972106933593,3,0,1,-0.027122416575991893,0.05972174995914381,-0.036114183066180625,0.016000000000000014,-0.025202554398798163,0.02585414279840831,0.011144274798680003,0.02590436060606063,-0.018855902573364128,1427107144426,0,0,0,0,0,0,0
2.9412819466376554,0.03193630185511985,0.981,-0.0025656340004317256,0.015175735473632813,-0.06263919830322266,3,0,1,-0.027122416575991893,0.05871805336234459,-0.03193630185511985,0.019000000000000017,-0.024556782575560168,0.02461794587811268,0.006545057461817088,0.03422615000000003,-0.021529727154132067,1427107144490,0,0,0,0,0,0,0
2.942785613343545,0.02646115319445551,0.974,-0.0030543261909900853,0.022765634536743164,-0.082069091796875,3,0,1,-0.027122416575991893,0.05721438665645495,-0.02646115319445551,0.026000000000000023,-0.02406809038500181,0.021418849677116346,0.015452258819151087,0.060712712121212174,-0.021846762246100174,1427107144556,0,0,0,0,0,0,0
2.943465550874524,0.0208060863034329,0.972,-0.004066617157146822,0.010458101272583007,-0.0847944564819336,3,0,1,-0.027122416575991893,0.056534449125476005,-0.0208060863034329,0.028000000000000025,-0.02305579941884507,0.02537064469351657,0.020157744168609312,0.036308200000000034,-0.018310685514985367,1427107144620,0,0,0,0,0,0,0
2.9446030286096527,0.015497072045316787,0.973,-0.004241150082346244,0.017385869979858398,-0.07956517028808593,3,0,1,-0.027122416575991893,0.05539697139034727,-0.015497072045316787,0.027000000000000024,-0.02288126649364565,0.0224314421176654,0.02046303099195246,0.01936158461538464,-0.022075729915802162,1427107144685,0,0,0,0,0,0,0
2.9474147010731597,0.0063919583714827175,0.974,-0.003071779483509983,0.042753948211669925,-0.1363966064453125,0,0,1,0,-2.9474147010731597,-0.0063919583714827175,0.026000000000000023,0.003071779483509983,-1.4737073505365799,-0.0031959791857413588,0.02080000000000002,0.003071779483509983,0,0,0,0,0,0,0,0
2.9494070206981653,0.00028853941653506077,0.976,-0.0003141592653590251,0.030165878295898438,-0.09145905303955078,0,0,1,0,-2.9494070206981653,-0.00028853941653506077,0.02400000000000002,0.0003141592653590251,-1.487779108326947,0.034310335820385826,0.00805847741935485,-0.013029164370855289,0,0,0,0,0,0,0,0
2.9497225462908254,-0.004769096782880312,0.978,0.0013089969389956891,0.004756717205047607,-0.07586305236816407,0,0,1,0,-2.9497225462908254,0.004769096782880312,0.02200000000000002,-0.0013089969389956891,-1.4803062091138122,0.029620895099070472,0.007122569230769239,-0.008800487112940524,0,0,0,0,0,0,0,0
2.9500078043017353,-0.009771527146054544,0.98,0.0027576202181509813,0.004180644035339355,-0.0750419921875,0,0,1,0,-2.9500078043017353,0.009771527146054544,0.020000000000000018,-0.0027576202181509813,-1.4822033639057157,0.03183119957815792,0.005652569230769237,-0.009443573814252329,0,0,0,0,0,0,0,0
2.94653175118677,-0.013963938665645464,0.985,0.003700098014227905,-0.052314014434814454,-0.06274214935302734,0,0,1,0,-2.94653175118677,0.013963938665645464,0.015000000000000013,-0.003700098014227905,-1.4621273692317918,0.02957484197109899,-0.014403776923076931,-0.008049995534582938,0,0,0,0,0,0,0,0
2.938091334559216,-0.01897409882835913,0.991,0.004572762640225127,-0.12688345336914061,-0.07468343353271484,0,0,1,0,-2.938091334559216,0.01897409882835913,0.009000000000000008,-0.004572762640225127,-1.4345011625413504,0.03569058959357985,-0.02356368358208957,-0.008480216189466417,0,0,0,0,0,0,0,0
2.9248222279931837,-0.0212694080573712,0.995,0.004677482395344735,-0.19919195556640626,-0.033519134521484376,0,0,1,0,-2.9248222279931837,0.0212694080573712,0.0050000000000000044,-0.004677482395344735,-1.401264797602663,0.02323185051346531,-0.017263400000000016,-0.005168356247467902,0,0,0,0,0,0,0,0
2.9004342752045105,-0.022786796012018582,0.999,0.00394444410950714,-0.3659217529296875,-0.021049463272094726,0,0,1,0,-2.9004342752045105,0.022786796012018582,0.0010000000000000009,-0.00394444410950714,-1.330120908864389,0.01975087107105479,-0.020457000000000017,-0.0005083271446434138,0,0,0,0,0,0,0,0
2.8693540576625325,-0.021468079669319167,1,0.0027576202181509813,-0.4661216125488281,0.021619499206542967,0,0,1,0,-2.8693540576625325,0.021468079669319167,0,-0.0027576202181509813,-1.2850268551346309,0.0038142737288726783,-0.004685030303030306,0.0026370338334679236,0,0,0,0,0,0,0,0
2.8322249884656485,-0.016852030975883666,1.001,0.0012566370614358847,-0.5567429809570312,0.07077628326416016,0,0,1,0,-2.8322249884656485,0.016852030975883666,-0.0009999999999998899,-0.0012566370614358847,-1.2331968450145843,-0.016345250882080997,-0.005573115384614702,0.0056709775080184075,0,0,0,0,0,0,0,0
2.7868099794751466,-0.013821904944848857,1,-0.00045378560551854064,-0.68116748046875,0.04630790710449219,0,0,1,0,-2.7868099794751466,0.013821904944848857,0,0.00045378560551854064,-1.1785564057741367,-0.008591505115873236,0.005758558823528845,0.007999767959729238,0,0,0,0,0,0,0,0
2.7342728879995777,-0.005808010240647091,0.997,-0.002897246558310672,-0.78811083984375,0.11985079956054688,0,0,1,0,-2.7342728879995777,0.005808010240647091,0.0030000000000000027,0.002897246558310672,-1.091156476868124,-0.042238342746061974,0.01996558387096776,0.014720444716982275,0,0,0,0,0,0,0,0
2.677059538217879,0.00007263032911699208,0.989,-0.003735004599267876,-0.8584522094726562,0.08572282409667968,0,0,1,0,-2.677059538217879,-0.00007263032911699208,0.01100000000000001,0.003735004599267876,-1.0527983623412187,-0.03160396975512207,0.05257852307692312,0.0076015801729165085,0,0,0,0,0,0,0,0
2.6132637917512667,0.0076819685584190965,0.979,-0.002600540585471632,-0.9573558349609375,0.11056512451171875,0,0,1,0,-2.6132637917512667,-0.0076819685584190965,0.02100000000000002,0.002600540585471632,-0.9871554361153232,-0.04472200416223314,0.0714842538461539,-0.0026354471705110328,0,0,0,0,0,0,0,0
2.543025761757133,0.012363676166832187,0.975,-0.0023038346126324806,-1.05374951171875,0.06748552703857422,0,0,1,0,-2.543025761757133,-0.012363676166832187,0.025000000000000022,0.0023038346126324806,-0.919000168869053,-0.03130672947423805,0.04253906153846157,0.0009344224302979367,0,0,0,0,0,0,0,0
2.4587492966849815,0.023615924586230772,0.973,-0.0016580627893945964,-1.264532470703125,0.16587089538574218,0,0,1,0,-2.4587492966849815,-0.023615924586230772,0.027000000000000024,0.0016580627893945964,-0.8097688396503842,-0.07141025972492775,0.033384860606060635,-0.001277263679868513,0,0,0,0,0,0,0,0
2.371127808374979,0.03577006308101776,0.965,-0.0008028514559173837,-1.314622802734375,0.18013259887695313,0,0,1,0,-2.371127808374979,-0.03577006308101776,0.03500000000000003,0.0008028514559173837,-0.7352162512073104,-0.08430715236076392,0.07315280000000007,-0.0032059516697570505,0,0,0,0,0,0,0,0
2.27958257717794,0.04827448473541735,0.966,0.0005235987755982907,-1.37332861328125,0.18646380615234376,0,0,1,0,-2.27958257717794,-0.04827448473541735,0.03400000000000003,-0.0005235987755982907,-0.6771695181875357,-0.09145429792567318,0.02343918461538464,-0.006645676767209095,0,0,0,0,0,0,0,0
2.181888440377309,0.05649465901774016,0.959,0.0021816615649929115,-1.4653472900390625,0.12406988525390625,0,0,1,0,-2.181888440377309,-0.05649465901774016,0.041000000000000036,-0.0021816615649929115,-0.5966311855618154,-0.07253208228401344,0.07238260769230775,-0.009834259054506547,0,0,0,0,0,0,0,0
2.0851962112867133,0.06492801766176623,0.954,0.0023038346126325287,-1.45010400390625,0.12966432189941407,0,0,1,0,-2.0851962112867133,-0.06492801766176623,0.04600000000000004,-0.0023038346126325287,-0.5550353362232738,-0.07793888061129342,0.06591237692307698,-0.00286771021712307,0,0,0,0,0,0,0,0
1.9831044244459983,0.07023180233473073,0.954,0.0026179938779915773,-1.531189453125,0.0830845947265625,0,0,1,0,-1.9831044244459983,-0.07023180233473073,0.04600000000000004,-0.0026179938779915773,-0.5005159858771315,-0.06252702957384333,0.039302100000000034,-0.004003990636928556,0,0,0,0,0,0,0,0
1.8762207393704737,0.07533972769897322,0.951,0.002076941809873191,-1.6030491943359375,0.08081592559814453,0,0,1,0,-1.8762207393704737,-0.07533972769897322,0.049000000000000044,-0.002076941809873191,-0.3799303442539773,-0.0662069277200135,0.05867746666666672,0.0004994966097381713,0,0,0,0,0,0,0,0
1.7605980080532562,0.07828854391206429,0.952,0.0010995574287564719,-1.734245361328125,0.047834270477294924,0,0,1,0,-1.7605980080532562,-0.07828854391206429,0.04800000000000004,-0.0010995574287564719,-0.30392837580592924,-0.05499330486694945,0.03622456969696973,0.003343098849046798,0,0,0,0,0,0,0,0
1.6415157707359185,0.07795901242766015,0.959,0.0024085543677522486,-1.7862379150390626,-0.002978903293609619,0,0,1,0,-1.6415157707359185,-0.07795901242766015,0.041000000000000036,-0.0024085543677522486,-0.20735768980567648,-0.037438645851276986,-0.002091249999999996,-0.008544477519294953,0,0,0,0,0,0,0,0
1.5213911711327617,0.076205360872545,0.952,0.0035953782591082967,-1.8019271240234376,-0.021964801788330077,0,0,1,0,-1.5213911711327617,-0.076205360872545,0.04800000000000004,-0.0035953782591082967,-0.15269051250060373,-0.028970739720693913,0.07979430769230776,-0.009073026988443903,0,0,0,0,0,0,0,0
1.377608220861466,0.06517938683955295,0.951,0.0051138147083434025,-2.157324951171875,-0.1576342468261719,0,0,1,0,-1.377608220861466,-0.06517938683955295,0.049000000000000044,-0.0051138147083434025,-0.019812714817470156,0.021406623908601596,0.04817947746478878,-0.011529743367083286,0,0,0,0,0,0,0,0
1.227272922184947,0.05089184554816255,0.945,0.006649704450098295,-2.256095947265625,-0.202778564453125,0,0,1,0,-1.227272922184947,-0.05089184554816255,0.05500000000000005,-0.006649704450098295,0.2083966891302288,0.056143653342336286,0.08281162950819679,-0.014203260557089568,0,0,0,0,0,0,0,0
1.079156156864223,0.036269233110918106,0.943,0.004415683007545713,-2.223160888671875,-0.20456045532226563,0,0,1,0,-1.079156156864223,-0.036269233110918106,0.05700000000000005,-0.004415683007545713,0.24206653929004252,0.06269114977236054,0.06145561111111117,0.00622251433794277,0,0,0,0,0,0,0,0
0.9348433312953155,0.022382551839079032,0.944,0.0013439035240357068,-2.165591064453125,-0.1987396240234375,0,0,1,0,-0.9348433312953155,-0.022382551839079032,0.05600000000000005,-0.0013439035240357068,0.23350294235365454,0.05985809988032032,0.04477824117647063,0.012208064785567262,0,0,0,0,0,0,0,0
0.802518974516156,0.011460090091587796,0.943,-0.002356194490192397,-1.985083740234375,-0.1611693115234375,0,0,1,0,-0.802518974516156,-0.011460090091587796,0.05700000000000005,0.002356194490192397,0.30337329344267416,0.05549571838041587,0.05672386129032263,0.02025989455903806,0,0,0,0,0,0,0,0
0.6779642726819676,0.0021267333910950197,0.946,-0.005201081170943067,-1.8679854736328125,-0.14440208435058594,0,0,1,0,-0.6779642726819676,-0.0021267333910950197,0.05400000000000005,0.005201081170943067,0.2688629618191215,0.04725825454004702,0.03336885820895526,0.017939379741468454,0,0,0,0,0,0,0,0
0.5632754759906938,-0.005344205711301519,0.951,-0.009843656981248094,-1.719725830078125,-0.12101011657714844,0,0,1,0,-0.5632754759906938,0.005344205711301519,0.049000000000000044,0.009843656981248094,0.30239233058693166,0.04309750162640815,0.01801035000000003,0.03160573109205291,0,0,0,0,0,0,0,0
0.46039947399397274,-0.010290322405570058,0.961,-0.012566370614359145,-1.5423349609375,-0.0893780517578125,0,0,1,0,-0.46039947399397274,0.010290322405570058,0.039000000000000035,0.012566370614359145,0.28893445493610126,0.03176952323543198,-0.017083800000000003,0.0253290907695672,0,0,0,0,0,0,0,0
0.3703957149304857,-0.012422734402193818,0.974,-0.013735741213195296,-1.3495478515625,-0.04894851684570312,0,0,1,0,-0.3703957149304857,0.012422734402193818,0.026000000000000023,0.013735741213195296,0.25572806706004025,0.017276946782682923,-0.042627300000000035,0.019132836284746758,0,0,0,0,0,0,0,0
0.293946290725869,-0.012188146953453546,0.991,-0.013142329267517327,-1.1466815185546875,-0.012232367515563964,0,0,1,0,-0.293946290725869,0.012188146953453546,0.009000000000000008,0.013142329267517327,0.2207768340640749,0.004422193724949284,-0.0777072615384616,0.01040350490284978,0,0,0,0,0,0,0,0
0.2305772562700067,-0.010281193556608573,1.011,-0.013334315485236647,-0.950829345703125,0.01610993957519531,0,0,1,0,-0.2305772562700067,0.010281193556608573,-0.010999999999999899,0.013334315485236647,0.17168838835868752,-0.005222928237455889,-0.10672011194029792,0.014193955266069423,0,0,0,0,0,0,0,0
0.15385426508953912,-0.007024516591740198,1.035,-0.013578661580515882,-1.1513939208984374,0.033500537872314454,0,0,1,0,-0.15385426508953912,0.007024516591740198,-0.03499999999999992,0.013578661580515882,0.29849800569189683,-0.014695026331705125,-0.15291650000000004,0.014724033902137298,0,0,0,0,0,0,0,0
0.08665655705133954,-0.002743495367061,1.059,-0.01340412865531646,-1.00874462890625,0.050522994995117185,0,0,1,0,-0.08665655705133954,0.002743495367061,-0.05899999999999994,0.01340412865531646,0.27995000733020564,-0.02243566377785025,-0.17249410000000007,0.01258600556844417,1427107147157,0,0,0,0,0,0,0
0.027961862737142212,0.002017065424471076,1.079,-0.013089969389957523,-0.8812984619140625,0.059601081848144534,0,0,1,0,-0.027961862737142212,-0.002017065424471076,-0.07899999999999996,0.013089969389957523,0.2530511763992827,-0.0266508387512446,-0.1638261060606061,0.01166197272923508,1427107147157,0,0,0,0,0,0,0
-0.01663002169290891,0.006263813027528558,1.088,-0.013945180723434737,-0.66965478515625,0.054940410614013675,0,0,1,0,0.01663002169290891,-0.006263813027528558,-0.08800000000000008,0.013945180723434737,0.20420833248416426,-0.02639998837233053,-0.11399903846153916,0.017892309954868034,1427107147157,0,0,0,0,0,0,0
-0.050590041706208386,0.008032381758278194,1.093,-0.014067353771074353,-0.509720703125,0.019422502517700196,0,0,1,0,0.050590041706208386,-0.008032381758278194,-0.09299999999999997,0.014067353771074353,0.16397272531233734,-0.013945453704190602,-0.09706507692307631,0.014631229375564887,1427107147157,0,0,0,0,0,0,0
-0.07659892474236903,0.010534305268621133,1.094,-0.01448623279155301,-0.39062255859375,0.03203717803955078,0,0,1,0,0.07659892474236903,-0.010534305268621133,-0.09400000000000008,0.01448623279155301,0.13003414132716648,-0.018750160728443807,-0.07679568059701557,0.01636181049518879,1427107147157,0,0,0,0,0,0,0
-0.09130435399781699,0.01239965031677272,1.094,-0.014643312424232424,-0.22096360778808594,0.024781957626342773,0,0,1,-0.01448623279155301,0.09130435399781699,-0.01239965031677272,-0.09400000000000008,0.00015707963267941327,0.04565217699890849,-0.00619982515838636,-0.07520000000000007,0.00015707963267941327,1427107147157,0,0,0,0,0,0,0
-0.10007111708487008,0.013587967628996245,1.09,-0.013788101090755211,-0.13174835205078125,0.015897300720214842,0,0,1,-0.01448623279155301,0.10007111708487008,-0.013587967628996245,-0.09000000000000008,-0.0006981317007977994,0.09730625216036458,-0.013201447674660562,-0.05104653846153851,-0.004645260932231088,0,0,0,0,0,0,0,0
-0.10505661075792411,0.012939416803379445,1.089,-0.013229595730117038,-0.07464116668701172,-0.01075841236114502,0,0,1,-0.01448623279155301,0.10505661075792411,-0.012939416803379445,-0.08899999999999997,-0.0012566370614359723,0.07910091299193878,-0.003047795914437588,-0.06706936969696908,-0.0037952977916094854,0,0,0,0,0,0,0,0
-0.10437200590456258,0.011988448838306485,1.084,-0.01225221134900021,0.01045688247680664,-0.014127419471740723,0,0,1,-0.01448623279155301,0.10437200590456258,-0.011988448838306485,-0.08400000000000007,-0.002234021442552801,0.04864325183344476,-0.0008186631614660895,-0.04156625000000065,-0.0068155107290379345,0,0,0,0,0,0,0,0
-0.10149240269597112,0.01117785929068595,1.077,-0.01195550537616117,0.04333977508544922,-0.011628721237182617,0,0,1,-0.01448623279155301,0.10149240269597112,-0.01117785929068595,-0.07699999999999996,-0.0025307274153918407,0.03597267960231334,-0.0013870406024153042,-0.02725873582089488,-0.00385926162213381,0,0,0,0,0,0,0,0
-0.09496532651190093,0.01040911963197335,1.062,-0.01106538745764405,0.09803700256347657,-0.010359781265258789,0,0,1,-0.01448623279155301,0.09496532651190093,-0.01040911963197335,-0.062000000000000055,-0.00342084533390896,0.012667777463672758,-0.0011044923177099698,0.028540330769230182,-0.007529081880911049,1427107147810,0,0,0,0,0,0,0
-0.08749929378964143,0.008542741922966534,1.048,-0.010803588069844917,0.11229341125488282,-0.026754758834838868,0,0,1,-0.01448623279155301,0.08749929378964143,-0.008542741922966534,-0.04800000000000004,-0.003682644721708093,0.003306689038012796,0.00589061488502592,0.03522640000000002,-0.00490982935201653,1427107147810,0,0,0,0,0,0,0
-0.08170268310589245,0.005873253362456705,1.037,-0.009948376736367705,0.08737667846679688,-0.03910064697265625,0,0,1,-0.01448623279155301,0.08170268310589245,-0.005873253362456705,-0.03699999999999992,-0.004537856055185306,0.010078837823673106,0.011388957626440216,0.02645416923076993,-0.008484985286618594,1427107147810,0,0,0,0,0,0,0
-0.07181173291461976,0.0015843314016399579,1.028,-0.008447393579652497,0.14899691772460938,-0.06285468673706054,0,0,1,-0.01448623279155301,0.07181173291461976,-0.0015843314016399579,-0.028000000000000025,-0.0060388392119005135,-0.016866403147619453,0.022252414793090165,0.022702938461537876,-0.012966453781355317,1427107147810,0,0,0,0,0,0,0
-0.0634361233206478,-0.005376509390438345,1.022,-0.008970992355250874,0.12651166534423827,-0.10334761810302734,0,0,1,-0.01448623279155301,0.0634361233206478,0.005376509390438345,-0.02200000000000002,-0.005515240436302136,-0.012169489018007053,0.03955573816665905,0.010714381818181826,-0.0031352460017640576,1427107147810,0,0,0,0,0,0,0
-0.05172322118734858,-0.012415282283839833,1.015,-0.009826203688728087,0.17663362121582032,-0.104001220703125,0,0,1,-0.01448623279155301,0.05172322118734858,0.012415282283839833,-0.014999999999999902,-0.0046600291028249235,-0.03763165928139221,0.04466280999985016,0.02268145000000072,-0.0006512259771504891,1427107148134,0,0,0,0,0,0,0
-0.04227680805503353,-0.019057762124206463,1.012,-0.012025318546240985,0.14266839599609374,-0.09824007415771484,0,0,1,-0.01448623279155301,0.04227680805503353,0.019057762124206463,-0.01200000000000001,-0.0024609142453120257,-0.029137753862530282,0.04527034734506051,0.002876046153845558,0.007688846635516734,1427107148199,0,0,0,0,0,0,0
-0.033420130409915046,-0.02712682854834092,1.008,-0.013770647798235206,0.1342960205078125,-0.11942971801757812,0,0,1,-0.01448623279155301,0.033420130409915046,0.02712682854834092,-0.008000000000000007,-0.0007155849933178048,-0.03036887082311083,0.0570041330621263,0.011408661538461548,0.0073397807851170605,1427107148264,0,0,0,0,0,0,0
-0.02432888659540156,-0.033752242257373964,1.006,-0.015638150097869265,0.13772422790527344,-0.09749395751953124,0,0,1,-0.01448623279155301,0.02432888659540156,0.033752242257373964,-0.006000000000000005,0.0011519173063162542,-0.036161727558515176,0.052565264254333284,0.0022004307692307726,0.009771158689242679,1427107148329,0,0,0,0,0,0,0
-0.017509076458197766,-0.04037702046234461,1.001,-0.018203784098300903,0.10383856964111328,-0.09775984954833984,0,0,1,-0.01448623279155301,0.017509076458197766,0.04037702046234461,-0.0009999999999998899,0.003717551306747892,-0.026232924088035892,0.05483645169790088,0.021543902985075317,0.01520546474151642,1427107148396,0,0,0,0,0,0,0
-0.009317749134363422,-0.045926780912236405,0.997,-0.019408061282176963,0.1243648681640625,-0.08099604034423828,0,0,1,-0.01448623279155301,0.009317749134363422,0.045926780912236405,0.0030000000000000027,0.0049218284906239525,-0.040204217738235744,0.05386521796974686,0.020865622222221627,0.010656481747176622,1427107148459,0,0,0,0,0,0,0
-0.0029785276708637486,-0.048951796754827526,0.992,-0.02036799237077378,0.09595100402832031,-0.04352132797241211,0,0,1,-0.01448623279155301,0.0029785276708637486,0.048951796754827526,0.008000000000000007,0.005881759579220771,-0.031998787824542,0.040866088904255596,0.02961847692307695,0.01031221075735993,1427107148524,0,0,0,0,0,0,0
0.001321148501136627,-0.05022327862980015,0.989,-0.020629791758572914,0.06487020111083984,-0.01775472640991211,0,0,1,-0.01448623279155301,-0.001321148501136627,0.05022327862980015,0.01100000000000001,0.006143558967019904,-0.023167317702840938,0.03209236899336708,0.021320746153846173,0.007351863833785133,1427107148589,0,0,0,0,0,0,0
0.00526287965934502,-0.049084527875771736,0.987,-0.021240656996771,0.058761028289794924,0.01829729652404785,0,0,1,-0.01448623279155301,-0.00526287965934502,0.049084527875771736,0.013000000000000012,0.006754424205217989,-0.022580739862713483,0.018760741415987256,0.017301761194029867,0.009489641689687025,1427107148656,0,0,0,0,0,0,0
0.008200276014031694,-0.04731134557271039,0.986,-0.022148228207808016,0.0434860954284668,0.02752754783630371,0,0,1,-0.01448623279155301,-0.008200276014031694,0.04731134557271039,0.014000000000000012,0.007661995416255006,-0.019040819187126266,0.014450834235408364,0.013049430303030317,0.011787319102786901,1427107148722,0,0,0,0,0,0,0
0.010238800848658403,-0.04296624693180551,0.992,-0.02232276113300755,0.0291269474029541,0.06583768463134766,0,0,1,-0.01448623279155301,-0.010238800848658403,0.04296624693180551,0.008000000000000007,0.007836528341454539,-0.015814568138208487,-0.0024308437574616856,-0.030336533333333353,0.008667637509071364,1427107148785,0,0,0,0,0,0,0
0.011836369643200955,-0.03712832792478062,0.989,-0.023561944901923513,0.022002946853637694,0.08808185577392579,0,0,1,-0.01448623279155301,-0.011836369643200955,0.03712832792478062,0.01100000000000001,0.009075712110370502,-0.013898201714674737,-0.012621181453271763,0.021622146153846174,0.014795021813059564,1427107148850,0,0,0,0,0,0,0
0.01274665470278899,-0.03119218608653808,0.989,-0.023369958684204082,0.011552674293518066,0.08933910369873047,0,0,1,-0.01448623279155301,-0.01274665470278899,0.03119218608653808,0.01100000000000001,0.008883725892651071,-0.01066087099719355,-0.016097869619531868,0.005539800000000008,0.007997635657022929,1427107148915,0,0,0,0,0,0,0
0.012352021220394752,-0.022869532979648957,0.988,-0.023544491609403504,-0.008835121154785157,0.1246673812866211,0,0,1,-0.01448623279155301,-0.012352021220394752,0.022869532979648957,0.01200000000000001,0.009058258817850494,-0.00344509861296207,-0.03309477626925201,0.011802415384615399,0.009863795395693981,1427107148980,0,0,0,0,0,0,0
0.010828219267303776,-0.014980847632158815,0.986,-0.022671826983406394,-0.025636463165283202,0.11775937652587891,0,0,1,-0.01448623279155301,-0.010828219267303776,0.014980847632158815,0.014000000000000012,0.008185594191853383,0.003389901940195953,-0.034692631918349356,0.018878030769230787,0.00415791130263595,1427107149045,0,0,0,0,0,0,0
0.009262096721295585,-0.006644003900816075,0.985,-0.022427480888127158,-0.026320730209350586,0.12448796081542969,0,0,1,-0.01448623279155301,-0.009262096721295585,0.006644003900816075,0.015000000000000013,0.007941248096574148,0.004266958109383763,-0.04058966719389957,0.01431083030303032,0.006830584027123078,1427107149111,0,0,0,0,0,0,0
0.007398626802089823,0.0009182089446588687,0.987,-0.021293016874330804,-0.030488826751708983,0.11277782440185546,0,0,1,-0.01448623279155301,-0.007398626802089823,-0.0009182089446588687,0.013000000000000012,0.006806784082777793,0.00707961374874941,-0.04151667783011396,-0.003446499999999998,0.0014889840181073807,1427107149175,0,0,0,0,0,0,0
0.007473979942733951,0.007819889779269028,0.988,-0.020193459445574467,-0.001074156641960144,0.10352581024169921,0,0,1,-0.01448623279155301,-0.007473979942733951,-0.007819889779269028,0.01200000000000001,0.005707226654021456,-0.0035534467572556874,-0.040216650483763404,0.0014671696969697041,0.0007092383414926519,1427107149241,0,0,0,0,0,0,0
0.005990950131142422,0.014347687136132652,0.99,-0.01886700921405868,-0.02421805953979492,0.09744781494140625,0,0,1,-0.01448623279155301,-0.005990950131142422,-0.014347687136132652,0.010000000000000009,0.0043807764225056705,0.005569319158558156,-0.042039730626472066,-0.005534030769230769,-0.0017413015691056478,1427107149306,0,0,0,0,0,0,0
0.005309004950653057,0.020151309771477582,0.989,-0.018151424220740984,-0.011869714736938477,0.08684586334228515,0,0,1,-0.01448623279155301,-0.005309004950653057,-0.020151309771477582,0.01100000000000001,0.0036651914291879733,0.0015376186233369725,-0.040581950435760954,0.011410830303030316,0.0004125323686529859,1427107149372,0,0,0,0,0,0,0
0.004839643414091438,0.02361553896989271,0.991,-0.016563174601426176,-0.007982421875,0.051827091217041016,0,0,1,-0.01448623279155301,-0.004839643414091438,-0.02361553896989271,0.009000000000000008,0.0020769418098731656,0.0006045694972191275,-0.029649820436704943,-0.00587966119402985,-0.005034623649745376,1427107149439,0,0,0,0,0,0,0
0.003888887276088255,0.0277391568105265,0.989,-0.015114551322270884,-0.015283842086791993,0.061609580993652345,0,0,1,-0.01448623279155301,-0.003888887276088255,-0.0277391568105265,0.01100000000000001,0.0006283185307178734,0.003992819579072349,-0.03691059575106048,0.017526622580645176,-0.006381148949065799,1427107149501,0,0,0,0,0,0,0
0.004748071109810239,0.027560707545983637,0.977,-0.01054178868204578,0.012926741600036621,-0.0024816479682922363,0,0,1,-0.01448623279155301,-0.004748071109810239,-0.027560707545983637,0.02300000000000002,-0.00394444410950723,-0.006433404820074399,-0.012599917113433667,0.08060118461538468,-0.025049502449007707,1427107149566,0,0,0,0,0,0,0
0.004974043700724075,0.030006039229104085,0.947,-0.008220500776893378,0.003002735137939453,0.03671366882324219,0,0,1,-0.01448623279155301,-0.004974043700724075,-0.030006039229104085,0.05300000000000005,-0.0062657320146596324,-0.0031400252442006114,-0.027970138137141408,0.20186876153846173,-0.016979368499978414,1427107149631,0,0,0,0,0,0,0
0.005022144566433273,0.03043924448278542,0.921,-0.00858701991981212,0.0006680717468261719,0.006503790378570557,0,0,1,-0.01448623279155301,-0.005022144566433273,-0.03043924448278542,0.07899999999999996,-0.0058992128717408904,-0.002209569242998413,-0.01737199934514682,0.20164379999999948,-0.004207586058269774,1427107149696,0,0,0,0,0,0,0
0.00474395511758833,0.0292854475448406,0.894,-0.009320058205649717,-0.004024074554443359,-0.01734214782714844,0,0,1,-0.01448623279155301,-0.00474395511758833,-0.0292854475448406,0.10599999999999998,-0.005166174585903294,-0.00036141984287828884,-0.008454781015335543,0.22499877611940305,-0.0018839136045409204,0,0,0,0,0,0,0,0
0.0041721922982462575,0.02657868901498123,0.849,-0.010332349171806454,-0.008197668075561524,-0.04067954635620117,0,0,1,-0.01448623279155301,-0.0041721922982462575,-0.02657868901498123,0.15100000000000002,-0.004153883619746557,0.0015953908178834553,0.00165687616176779,0.3670141500000002,0.0005912302841131478,0,0,0,0,0,0,0,0
0.0038176574582664924,0.023162221693279552,0.808,-0.012409290981679732,-0.004788246154785156,-0.05129922103881836,0,0,1,-0.01448623279155301,-0.0038176574582664924,-0.023162221693279552,0.19199999999999995,-0.0020769418098732784,0.0005822494249624291,0.007231505956122564,0.3791679499999995,0.007658722923907714,0,0,0,0,0,0,0,0
0.001728639341231759,0.01967152011027644,0.761,-0.015376350710070019,-0.03068311882019043,-0.05274533081054687,0,0,1,-0.01448623279155301,-0.001728639341231759,-0.01967152011027644,0.239,0.0008901179185170083,0.010764881553589735,0.008791364152296642,0.4433690242424244,0.014376753047563764,0,0,0,0,0,0,0,0
-0.0013180561469463114,0.016753520710643743,0.709,-0.017610372152622823,-0.04502203369140625,-0.04446749496459961,0,0,1,-0.01448623279155301,0.0013180561469463114,-0.016753520710643743,0.29100000000000004,0.0031241393610698127,0.01761624305384171,0.007440482249710386,0.5176181000000003,0.013435007557467371,0,0,0,0,0,0,0,0
-0.008019722148490433,0.01562869036786981,0.657,-0.017383479349863486,-0.10021228790283203,-0.018640029907226564,0,0,1,-0.01448623279155301,0.008019722148490433,-0.01562869036786981,0.34299999999999997,0.002897246558310475,0.03906111519338756,-0.0019304666071652968,0.5491975588235289,0.0018962488990781038,0,0,0,0,0,0,0,0
-0.014925576797430447,0.014748433294307488,0.606,-0.01616174887346753,-0.1033426513671875,-0.015002487182617187,0,0,1,-0.01448623279155301,0.014925576797430447,-0.014748433294307488,0.394,0.0016755160819145205,0.04701409059066764,-0.0023198568825681153,0.6126965258064518,-0.004236082997420744,0,0,0,0,0,0,0,0
-0.015023746579905609,0.010678062354432274,0.556,-0.01576032314550877,-0.00048563268780708315,-0.061071388244628905,0,0,1,-0.01448623279155301,0.015023746579905609,-0.010678062354432274,0.44399999999999995,0.0012740903539557608,0.00861688409741186,0.016656576673575903,0.6369100692307688,-0.0005786437750846681,0,0,0,0,0,0,0,0
-0.013821392467284038,0.00651472045928509,0.5,-0.013212142437597142,0.019017265319824218,-0.06215814208984375,0,0,1,-0.01448623279155301,0.013821392467284038,-0.00651472045928509,0.5,-0.0012740903539558684,0.0011201023449040823,0.018894894153544034,0.7127489969696972,-0.012856729935372364,0,0,0,0,0,0,0,0
-0.012049737194905779,0.0005938136697461833,0.446,-0.010559241974565682,0.027745893478393555,-0.08845475006103516,0,0,1,-0.01448623279155301,0.012049737194905779,-0.0005938136697461833,0.554,-0.0039269908169873285,-0.0030706329360936126,0.032156598281014616,0.7578374000000003,-0.0163624617374473,0,0,0,0,0,0,0,0
-0.008912462785622875,-0.005301842046043515,0.391,-0.009285151620609812,0.047990280151367186,-0.0879330062866211,0,0,1,-0.01448623279155301,0.008912462785622875,0.005301842046043515,0.609,-0.005201081170943199,-0.011581709405826673,0.03399280726643554,0.8022109666666664,-0.010992400961651699,0,0,0,0,0,0,0,0
-0.003346344507679997,-0.011852503849722355,0.34,-0.008779006137531443,0.08440052032470703,-0.09748046875,0,0,1,-0.01448623279155301,0.003346344507679997,0.011852503849722355,0.6599999999999999,-0.005707226654021567,-0.028165274955464586,0.04183481459254086,0.8344745499999995,-0.00807978360595142,0,0,0,0,0,0,0,0
0.00535211676745913,-0.018906167438587775,0.289,-0.007487462491055675,0.13140074157714843,-0.10465543365478516,0,0,1,-0.01448623279155301,-0.00535211676745913,0.018906167438587775,0.7110000000000001,-0.006998770300497336,-0.048916143541028176,0.0475312691354461,0.8756051846153856,-0.012959740976539345,0,0,0,0,0,0,0,0
0.017441502957239587,-0.026146926530531717,0.25,-0.0074176493209759725,0.18214892578125,-0.10725057220458985,0,0,1,-0.01448623279155301,-0.017441502957239587,0.026146926530531717,0.75,-0.007068583470577038,-0.0722448609327167,0.05158560505594302,0.8439579818181815,-0.007385916061848412,0,0,0,0,0,0,0,0
0.03317696101519024,-0.032723766078185286,0.209,-0.005916666164260765,0.23675714111328125,-0.09689909362792969,0,0,1,-0.01448623279155301,-0.03317696101519024,0.032723766078185286,0.791,-0.008569566627292247,-0.10207672816171759,0.0524640944347694,0.8992209500000001,-0.015605425174394786,0,0,0,0,0,0,0,0
0.04948132129593344,-0.037693984823925095,0.161,-0.003333578871309229,0.24500222778320313,-0.07310497283935546,0,0,1,-0.01448623279155301,-0.04948132129593344,0.037693984823925095,0.839,-0.011152653920243782,-0.109380805850255,0.04497119677003092,0.9697697686567162,-0.022718716425996925,0,0,0,0,0,0,0,0
0.06537817997982977,-0.04088219281296741,0.114,-0.002949606435870478,0.23861097717285157,-0.0470279541015625,0,0,1,-0.01448623279155301,-0.06537817997982977,0.04088219281296741,0.886,-0.011536626355682533,-0.11913499183763311,0.038063148539237514,1.0193251500000002,-0.013336497146801678,0,0,0,0,0,0,0,0
0.079342077536701,-0.04316868489123729,0.061,-0.0022689280275926876,0.2095587158203125,-0.033679412841796874,0,0,1,-0.01448623279155301,-0.079342077536701,0.04316868489123729,0.9390000000000001,-0.012217304763960324,-0.11442278465283155,0.03411082220492977,1.0961820153846156,-0.015358897417550126,0,0,0,0,0,0,0,0
0.08915615831633811,-0.04371739310810721,0,0.0025656340004316597,0.14722950744628907,-0.007896590709686279,0,0,1,-0.01448623279155301,-0.08915615831633811,0.04371739310810721,1,-0.01705186679198467,-0.09624281826401972,0.025011965672945797,1.1896822484848482,-0.03902714873754988,0,0,0,0,0,0,0,0
