0,0,0.731,0,-0.011261128425598144,-0.04322738265991211,0,0,1,0,0,0,0.269,0,0,0,0.21520000000000003,0,0,0,0,0,0,0,0,0
-0.0005980744043986003,-0.002414959462483724,0.731,0.0003490658503988997,-0.008971116065979005,-0.03622439193725586,0,0,1,0,0.0005980744043986003,0.002414959462483724,0.269,-0.0003490658503988997,0.0036756344847737386,0.014841812681419946,0.21686780000000003,-0.0020380941587806725,0,0,0,0,0,0,0,0
-0.0009555632179826017,-0.005705651721013061,0.73,0.000541052068118275,-0.005379561901092529,-0.049358509063720704,0,0,1,0,0.0009555632179826017,0.005705651721013061,0.27,-0.000541052068118275,0.0023462715194094265,0.020048329362104975,0.22470068059701495,-0.0014006918489512987,0,0,0,0,0,0,0,0
-0.0006203548542861536,-0.0089020518376937,0.727,0.0005585053606382283,0.005002183437347412,-0.04794871520996094,0,0,1,0,0.0006203548542861536,0.0089020518376937,0.273,-0.0005585053606382283,-0.001550689403014437,0.022219732699027966,0.24026336666666673,-0.0006416162773999108,0,0,0,0,0,0,0,0
0.0011066547733350547,-0.012016672089273768,0.727,0.00020943951023938415,0.02587904739379883,-0.0467337646484375,0,0,1,0,-0.0011066547733350547,0.012016672089273768,0.273,-0.00020943951023938415,-0.009441698197036403,0.02205856938367374,0.22545310000000005,0.001330556888579046,0,0,0,0,0,0,0,0
0.002022153844605155,-0.01525205577663088,0.73,0.0009075712110370725,0.013722321510314942,-0.04853363037109375,0,0,1,0,-0.002022153844605155,0.01525205577663088,0.27,-0.0009075712110370725,-0.006179821244347368,0.025918846605304725,0.20779161612903227,-0.00428562782780008,0,0,0,0,0,0,0,0
0.004335616122153467,-0.017487057285353866,0.735,-0.00019198621771937552,0.03467149353027344,-0.03355650329589844,0,0,1,0,-0.004335616122153467,0.017487057285353866,0.265,0.00019198621771937552,-0.014256568031073705,0.020459181952554993,0.19638319701492538,0.005115377689763172,0,0,0,0,0,0,0,0
0.007617903758435723,-0.019271464963475857,0.743,0.0005061454830783684,0.049239452362060544,-0.026756662368774414,0,0,1,0,-0.007617903758435723,0.019271464963475857,0.257,-0.0005061454830783684,-0.022052191737651265,0.0196015217883925,0.17327725555555554,-0.0038305821535438156,0,0,0,0,0,0,0,0
0.012006021009971939,-0.01988089829752412,0.747,-0.00019198621771937552,0.06581712341308593,-0.009174814224243164,0,0,1,0,-0.012006021009971939,0.01988089829752412,0.253,0.00019198621771937552,-0.027960309523128234,0.013053945764899608,0.19629270000000001,0.0031839792211382774,0,0,0,0,0,0,0,0
0.018015181080645964,-0.02050821197085185,0.753,-0.0007155849933176418,0.09013920593261719,-0.009392399787902832,0,0,1,0,-0.018015181080645964,0.02050821197085185,0.247,0.0007155849933176418,-0.04408854615503103,0.013992070619583073,0.17797469999999996,0.003333578871308973,0,0,0,0,0,0,0,0
0.023959767436662296,-0.019709041677555293,0.763,-0.00146607657167519,0.08916019439697266,0.012051359176635742,0,0,1,0,-0.023959767436662296,0.019709041677555293,0.237,0.00146607657167519,-0.041747109204728045,0.005951100574547897,0.1566337,0.004682469050350396,0,0,0,0,0,0,0,0
0.03000201623077279,-0.01932750767817307,0.771,-0.00006981317007975774,0.090625244140625,0.005855879783630371,0,0,1,0,-0.03000201623077279,0.01932750767817307,0.22899999999999998,0.00006981317007975774,-0.05030975433041797,0.007542166549550165,0.15494103333333328,-0.0069115038378974045,0,0,0,0,0,0,0,0
0.03663511136742641,-0.017559639859336354,0.781,-0.0005410520681182195,0.09949457550048828,0.02652496337890625,0,0,1,0,-0.03663511136742641,0.017559639859336354,0.21899999999999997,0.0005410520681182195,-0.05157097086099218,0.00005680029024606251,0.14514069999999996,0.0025606473454259124,0,0,0,0,0,0,0,0
0.04478552718677728,-0.015340899461876039,0.791,0.0008901179185171194,0.12223821258544922,0.03334724807739258,0,0,1,0,-0.04478552718677728,0.015340899461876039,0.20899999999999996,-0.0008901179185171194,-0.07005166668325837,-0.005146678593141893,0.13006136666666662,-0.008045967851693814,0,0,0,0,0,0,0,0
0.050387694232615944,-0.01255595164629578,0.799,0.0012566370614359168,0.08406965637207031,0.04169940185546875,0,0,1,0,-0.050387694232615944,0.01255595164629578,0.20099999999999996,-0.0012566370614359168,-0.053760214798601186,-0.007714383466402074,0.14280188985507242,-0.0028501985523872097,0,0,0,0,0,0,0,0
0.057170755594972256,-0.009949248660737993,0.808,0.0018675022996339496,0.10179497528076172,0.03897265625,0,0,1,0,-0.057170755594972256,0.009949248660737993,0.19199999999999995,-0.0018675022996339496,-0.06706187741795508,-0.009600278323825932,0.12656554838709672,-0.0048233018393018506,0,0,0,0,0,0,0,0
0.06318813706521068,-0.007363149353620988,0.818,0.0017802358370342386,0.0903330078125,0.038622859954833985,0,0,1,0,-0.06318813706521068,0.007363149353620988,0.18200000000000005,-0.0017802358370342386,-0.0614871043904586,-0.008921218217973986,0.12136842535211323,-0.0014115043049227835,0,0,0,0,0,0,0,0
0.06781058607643144,-0.004826396340471384,0.825,0.0016755160819145742,0.06940436553955077,0.037927799224853516,0,0,1,0,-0.06781058607643144,0.004826396340471384,0.17500000000000004,-0.0016755160819145742,-0.061596496742811944,-0.012486905108407002,0.12457127627118644,-0.0011430427507976367,0,0,0,0,0,0,0,0
0.07148946403244878,-0.0021595003804402474,0.835,0.0019373154697137074,0.05525011825561523,0.03991092300415039,0,0,1,0,-0.07148946403244878,0.0021595003804402474,0.16500000000000004,-0.0019373154697137074,-0.05420069941429232,-0.011916955244889225,0.10997242535211266,-0.0030435100660480725,0,0,0,0,0,0,0,0
0.07275300403464596,0.0009895420464906745,0.844,0.0018151424220741175,0.01904457473754883,0.047198829650878904,0,0,1,0,-0.07275300403464596,-0.0009895420464906745,0.15600000000000003,-0.0018151424220741175,-0.04411145736293744,-0.018714814115174023,0.10050419999999999,-0.0012042771838761679,0,0,0,0,0,0,0,0
0.07585173508238827,0.0034797667820325655,0.85,0.001989675347273512,0.046548690795898434,0.03726893997192383,0,0,1,0,-0.07585173508238827,-0.0034797667820325655,0.15000000000000002,-0.001989675347273512,-0.05383692432726089,-0.0140440718403048,0.1192542,-0.0027376735981280587,0,0,0,0,0,0,0,0
0.07767517250012729,0.006295693899693044,0.858,0.001919862177193754,0.027435548782348634,0.042184402465820316,0,0,1,0,-0.07767517250012729,-0.006295693899693044,0.14200000000000002,-0.001919862177193754,-0.05011781777984917,-0.019709278573727545,0.0962343728813559,-0.0015648799564492231,0,0,0,0,0,0,0,0
0.07806065469062337,0.0075882503951509965,0.865,0.0027925268031909756,0.005819445133209229,0.01937721061706543,0,0,1,0,-0.07806065469062337,-0.0075882503951509965,0.135,-0.0027925268031909756,-0.041530737999537944,-0.01030892875368119,0.10298058823529412,-0.006642517800237541,0,0,0,0,0,0,0,0
0.07751544453767605,0.008410328106451887,0.872,0.004188790204786408,-0.008143685340881347,0.012353955268859863,0,0,1,0,-0.07751544453767605,-0.008410328106451887,0.128,-0.004188790204786408,-0.036244293738262226,-0.008713078971373297,0.09468747096774191,-0.010944903438312694,0,0,0,0,0,0,0,0
0.07666039782726611,0.010971351543813233,0.879,0.0020245819323134184,-0.012664674758911133,0.038468738555908204,0,0,1,0,-0.07666039782726611,-0.010971351543813233,0.121,-0.0020245819323134184,-0.03461027184946604,-0.018351098244457607,0.0939312536231884,0.007385019252351752,0,0,0,0,0,0,0,0
0.07527767007755282,0.010606020039065347,0.885,-0.0016755160819145187,-0.020751968383789062,-0.00543796968460083,0,0,1,0,-0.07527767007755282,-0.010606020039065347,0.11499999999999999,0.0016755160819145187,-0.030497052420922283,-0.003121954360458644,0.09148053225806449,0.019579216150759377,0,0,0,0,0,0,0,0
0.07159108189390799,0.009405842292476537,0.89,-0.00401425727958693,-0.05526858139038086,-0.01809529495239258,0,0,1,0,-0.07159108189390799,-0.009405842292476537,0.10999999999999999,0.00401425727958693,-0.017533075193175682,0.0015867687317223924,0.09636420588235292,0.014332233151671097,0,0,0,0,0,0,0,0
0.06824782447686156,0.008198013621643796,0.895,-0.006597344572538577,-0.050075729370117186,-0.018318593978881834,0,0,1,0,-0.06824782447686156,-0.008198013621643796,0.10499999999999998,0.006597344572538577,-0.016005619020882145,0.002826602496236527,0.09052469354838709,0.019096154054562674,0,0,0,0,0,0,0,0
0.06421289735107746,0.006922235270548869,0.902,-0.008220500776893291,-0.06039633941650391,-0.019535552978515624,0,0,1,0,-0.06421289735107746,-0.006922235270548869,0.09799999999999998,0.008220500776893291,-0.012137040317417958,0.0032079031127442022,0.07778748823529409,0.015381484031399384,1427107194579,0,0,0,0,0,0,0
0.05871970693027324,0.0049765634683759195,0.908,-0.010471975511965936,-0.08215515899658203,-0.029861434936523438,0,0,1,0,-0.05871970693027324,-0.0049765634683759195,0.09199999999999997,0.010471975511965936,0.0008150873335169943,0.00859477846690824,0.07571633225806448,0.021366208101027122,1427107194579,0,0,0,0,0,0,0
0.053301925975107765,0.0015936948035596868,0.913,-0.012479104151759457,-0.08073088836669921,-0.05159125518798828,0,0,1,0,-0.053301925975107765,-0.0015936948035596868,0.08699999999999997,0.012479104151759457,-0.0000412488430524896,0.016460960743178085,0.08082528115942027,0.021205750411731283,1427107194579,0,0,0,0,0,0,0
0.047564797016697066,-0.0021294726823834834,0.919,-0.013299408900196761,-0.08535332489013672,-0.05691704940795898,0,0,1,0,-0.047564797016697066,0.0021294726823834834,0.08099999999999996,0.013299408900196761,0.0077033461769458605,0.022182266993671682,0.06801883225806446,0.017268625424893394,1427107194579,0,0,0,0,0,0,0
0.04305136263323987,-0.0063447403516017215,0.926,-0.015812683023068597,-0.06685464477539063,-0.06412378692626954,0,0,1,0,-0.04305136263323987,0.0063447403516017215,0.07399999999999995,0.015812683023068597,0.0001100810185083699,0.024352799523584084,0.06180779999999995,0.02658385783537646,1427107194579,0,0,0,0,0,0,0
0.037384388898645655,-0.012213806912686935,0.931,-0.017924531417981785,-0.0836019515991211,-0.08936908721923828,0,0,1,-0.015812683023068597,-0.037384388898645655,0.012213806912686935,0.06899999999999995,0.0021118483949131885,-0.018692194449322828,0.006106903456343468,0.055199999999999964,0.0021118483949131885,1427107194579,0,0,0,0,0,0,0
0.03173681763316017,-0.01729670770172201,0.936,-0.02200860186764853,-0.08333340454101562,-0.0777496337890625,0,0,1,-0.015812683023068597,-0.03173681763316017,0.01729670770172201,0.06399999999999995,0.006195918844579932,0.012756793401280851,0.03444311866848353,0.026279281159420232,0.02395274688660925,1427107194969,0,0,0,0,0,0,0
0.02538236990436813,-0.022641034811818506,0.938,-0.026790804018112905,-0.09352945709228516,-0.08224311065673828,0,0,1,-0.015812683023068597,-0.02538236990436813,0.022641034811818506,0.062000000000000055,0.010978120995044308,0.023731379382879746,0.04201043510863527,0.038944390163935104,0.034497147964541244,1427107195031,0,0,0,0,0,0,0
0.02182098201414488,-0.028065564392837063,0.94,-0.029513517651224067,-0.05122199630737305,-0.08276976013183594,0,0,1,-0.015812683023068597,-0.02182098201414488,0.028065564392837063,0.06000000000000005,0.01370083462815547,0.007367962039733781,0.04199798538323292,0.038933682352941215,0.02571280653894001,1427107195099,0,0,0,0,0,0,0
0.017898996172414677,-0.03444423954159925,0.943,-0.03150319299849763,-0.05598072052001953,-0.09737448120117187,0,0,1,-0.015812683023068597,-0.017898996172414677,0.03444423954159925,0.05700000000000005,0.015690509975429034,0.013127427273516162,0.05329695557598689,0.030245716129032287,0.02531797133320434,1427107195161,0,0,0,0,0,0,0
0.014888131865952368,-0.03963362399441653,0.95,-0.03248057737961446,-0.04268872833251953,-0.07922468566894532,0,0,1,-0.015812683023068597,-0.014888131865952368,0.03963362399441653,0.050000000000000044,0.016667894356545865,0.007979588537176497,0.04662001566993629,0.005891788235294126,0.020979884273237763,1427107195229,0,0,0,0,0,0,0
0.011710510288152341,-0.04433906741064009,0.952,-0.03562217003320429,-0.04534705352783203,-0.07209231567382812,0,0,1,-0.015812683023068597,-0.011710510288152341,0.04433906741064009,0.04800000000000004,0.01980948701013569,0.011717379219568533,0.048431956266310375,0.029512488888888917,0.0347694520272301,1427107195292,0,0,0,0,0,0,0
0.01020090338888961,-0.04910190925885793,0.953,-0.0376118453804778,-0.02008533477783203,-0.07220376586914062,0,0,1,-0.015812683023068597,-0.01020090338888961,0.04910190925885793,0.04700000000000004,0.021799162357409203,0.002581828355806417,0.049220041336306974,0.034996141176470624,0.030577141830674698,1427107195360,0,0,0,0,0,0,0
0.009220143923775691,-0.053089152014826294,0.954,-0.03895574890451343,-0.012452004432678222,-0.060319534301757814,0,0,1,-0.015812683023068597,-0.009220143923775691,0.053089152014826294,0.04600000000000004,0.02314306588144483,0.0006598000101827924,0.04853824643333789,0.03416885000000003,0.029442613650361837,1427107195424,0,0,0,0,0,0,0
0.008844858760503137,-0.05394136788079539,0.956,-0.04118977034706612,-0.0051271519660949704,-0.01299277687072754,0,0,1,-0.015812683023068597,-0.008844858760503137,0.05394136788079539,0.04400000000000004,0.025377087323997523,-0.0025317747466925737,0.0317140484093791,0.027721939393939417,0.03553173024469158,1427107195490,0,0,0,0,0,0,0
0.008069485631834475,-0.05501102447420102,0.957,-0.04235914094590239,-0.01096003532409668,-0.01651016616821289,0,0,1,-0.015812683023068597,-0.008069485631834475,0.05501102447420102,0.04300000000000004,0.02654645792283379,0.00023786651495462646,0.03380204097433033,0.03214943870967746,0.03220470275591251,1427107195552,0,0,0,0,0,0,0
0.008021713019478825,-0.05464338951280514,0.96,-0.04316199240181973,-0.0009494670629501343,0.005479232788085937,0,0,1,-0.015812683023068597,-0.008021713019478825,0.05464338951280514,0.040000000000000036,0.027349309378751137,-0.003882105687719571,0.02577991506428021,0.020674600000000015,0.030790101332682618,1427107195622,0,0,0,0,0,0,0
0.010466157239995109,-0.05309020243919886,0.962,-0.04345869837465883,0.03562724685668945,0.024858222961425782,0,0,1,-0.015812683023068597,-0.010466157239995109,0.05309020243919886,0.038000000000000034,0.027646015351590232,-0.01960872850711162,0.01781309252655002,0.02263593333333335,0.02912954521578571,1427107195682,0,0,0,0,0,0,0
0.012870012280065214,-0.05006163878936251,0.964,-0.04502949470145374,0.03405014038085938,0.04695209503173828,0,0,1,-0.015812683023068597,-0.012870012280065214,0.05006163878936251,0.03600000000000003,0.029216811678385142,-0.01893293297696394,0.009804915288867953,0.022653282352941197,0.036146795473068566,1427107195750,0,0,0,0,0,0,0
0.01653891278249666,-0.04571230250244747,0.967,-0.04530874738177277,0.05204098892211914,0.06765120697021484,0,0,1,-0.015812683023068597,-0.01653891278249666,0.04571230250244747,0.03300000000000003,0.029496064358704173,-0.029116389153997398,-0.0013059208160155766,0.013816516129032275,0.03084728700540916,1427107195812,0,0,0,0,0,0,0
0.01928983406232811,-0.040907310748648784,0.969,-0.04527384079673292,0.03795696640014649,0.07386988067626953,0,0,1,-0.015812683023068597,-0.01928983406232811,0.040907310748648784,0.031000000000000028,0.029461157773664322,-0.023952585432895718,-0.0038594700794932733,0.019068682352941197,0.029307158133782627,1427107195880,0,0,0,0,0,0,0
0.021766749407983156,-0.03625078902512495,0.97,-0.045221480919173114,0.03395446014404297,0.07145777130126953,0,0,1,-0.015812683023068597,-0.021766749407983156,0.03625078902512495,0.030000000000000027,0.029408797896104517,-0.02480624332085369,-0.0073028828714817515,0.023196244444444465,0.029159465145819734,1427107195943,0,0,0,0,0,0,0
0.024799368342613832,-0.03041041654867721,0.974,-0.04504694799397358,0.04148247528076172,0.08957241821289062,0,0,1,-0.015812683023068597,-0.024799368342613832,0.03041041654867721,0.026000000000000023,0.029234264970904984,-0.028187843595340486,-0.014393565583363202,0.005140364705882361,0.02846426677149528,1427107196011,0,0,0,0,0,0,0
0.026452121008086485,-0.024201469021072553,0.974,-0.04536110725933263,0.020572147369384765,0.0941561279296875,0,0,1,-0.015812683023068597,-0.026452121008086485,0.024201469021072553,0.026000000000000023,0.029548424236264033,-0.022603775971044578,-0.02191620466522058,0.025892400000000024,0.03104442073797379,1427107196074,0,0,0,0,0,0,0
0.02924759223289317,-0.017631368783528466,0.973,-0.044872415068774214,0.03742006301879883,0.1003515625,0,0,1,-0.015812683023068597,-0.02924759223289317,0.017631368783528466,0.027000000000000024,0.029059732045705618,-0.029442356108399292,-0.025016707987120385,0.032097180597014954,0.026871558058130626,1427107196141,0,0,0,0,0,0,0
0.031311951302939935,-0.01155196147286473,0.975,-0.04455825580341522,0.026843624114990236,0.09248834228515625,0,0,1,-0.015812683023068597,-0.031311951302939935,0.01155196147286473,0.025000000000000022,0.028745572780346625,-0.027180831065793616,-0.026974357965952222,0.014495800000000014,0.027272951223976345,1427107196205,0,0,0,0,0,0,0
0.031844714979854714,-0.0053320551527802715,0.975,-0.04464552226601493,0.0038276760578155517,0.09356195831298827,0,0,1,-0.015812683023068597,-0.031844714979854714,0.0053320551527802715,0.025000000000000022,0.028832839242946336,-0.01900402867485239,-0.02981838493681889,0.025598300000000025,0.02922950498203593,1427107196271,0,0,0,0,0,0,0
0.03217474227623782,-0.0003984077956790391,0.975,-0.04420918995301638,0.0016425951719284057,0.07415190887451172,0,0,1,-0.015812683023068597,-0.03217474227623782,0.0003984077956790391,0.025000000000000022,0.02839650692994778,-0.01822678605851399,-0.02715184498552879,0.025753300000000024,0.0262852215444709,1427107196333,0,0,0,0,0,0,0
0.032299451912784494,0.0036806152802010463,0.975,-0.04386012410261748,-0.0008352567553520202,0.061208236694335935,0,0,1,-0.015812683023068597,-0.032299451912784494,-0.0036806152802010463,0.025000000000000022,0.02804744107954888,-0.017089935020963037,-0.022337595975537857,0.025923300000000024,0.026507444680730206,1427107196401,0,0,0,0,0,0,0
0.03307678849597424,0.00705993878895366,0.976,-0.042917646306540554,0.009426284790039062,0.05115235137939453,0,0,1,-0.015812683023068597,-0.03307678849597424,-0.00705993878895366,0.02400000000000002,0.027104963283471957,-0.02124541347523305,-0.022113489436961977,0.019626938709677442,0.02254458685084168,1427107196463,0,0,0,0,0,0,0
0.03111452426944208,0.008928821687994236,0.977,-0.04195771521794368,-0.03060961151123047,0.02674458122253418,0,0,1,-0.015812683023068597,-0.03111452426944208,-0.008928821687994236,0.02300000000000002,0.02614503219487508,-0.005797359448227386,-0.013596426441792792,0.01948144117647061,0.021910042098124152,1427107196531,0,0,0,0,0,0,0
0.02924353660971595,0.010146524269407993,0.975,-0.04131194339470579,-0.028806270599365233,0.017072273254394532,0,0,1,-0.015812683023068597,-0.02924353660971595,-0.010146524269407993,0.025000000000000022,0.025499260371637196,-0.004417858900973593,-0.0114664458376195,0.037673822580645194,0.022374558001131306,1427107196593,0,0,0,0,0,0,0
0.027095357040880216,0.009325729882221582,0.974,-0.040386918891148774,-0.031686716079711914,-0.013632214546203614,0,0,1,-0.015812683023068597,-0.027095357040880216,-0.009325729882221582,0.026000000000000023,0.024574235868080177,-0.0028674144663991645,0.000036414328247847544,0.03250735882352944,0.020493245411210975,1427107196661,0,0,0,0,0,0,0
0.024992780903975782,0.007583399483235236,0.976,-0.0394269878025519,-0.030457700729370117,-0.027387046813964845,0,0,1,-0.015812683023068597,-0.024992780903975782,-0.007583399483235236,0.02400000000000002,0.0236143047794833,-0.0010190471084000723,0.006513936950500199,0.014618777419354856,0.018969476931433894,1427107196723,0,0,0,0,0,0,0
0.023603749555334813,0.005704671279949503,0.978,-0.03928736146239238,-0.01970847702026367,-0.028980289459228516,0,0,1,-0.015812683023068597,-0.023603749555334813,-0.005704671279949503,0.02200000000000002,0.023474678439323785,-0.00516438825052313,0.007143409446954321,0.01431597246376813,0.02286760739515198,1427107196792,0,0,0,0,0,0,0
0.021497583147523824,0.0031548149219675727,0.98,-0.03932226804743223,-0.030065847396850587,-0.039459197998046876,0,0,1,-0.015812683023068597,-0.021497583147523824,-0.0031548149219675727,0.020000000000000018,0.023509585024363636,0.0007192043394247203,0.013280951307351737,0.011694577419354854,0.023678487855201626,1427107196854,0,0,0,0,0,0,0
0.01936133883255645,-0.000368140004400554,0.984,-0.03932226804743223,-0.029941471099853515,-0.05406317901611328,3,0,1,0,2.9806386611674434,0.000368140004400554,0.016000000000000014,0.03932226804743223,1.4903193305837217,0.000184070002200277,0.012800000000000013,0.03932226804743223,0,0,0,0,0,0,0,0
0.015423734366373787,-0.004120836647272317,0.982,-0.03930481475491228,-0.056805511474609376,-0.05856887054443359,3,0,1,0,2.9845762656336263,0.004120836647272317,0.018000000000000016,0.03930481475491228,1.5163669824106034,0.023247551065020643,0.025801922580645183,0.03922036333949315,0,0,0,0,0,0,0,0
0.012814734413356944,-0.007483413060620333,0.984,-0.03853686988403483,-0.037122802734375,-0.051937488555908205,3,0,1,0,2.987185265586643,0.007483413060620333,0.016000000000000014,0.03853686988403483,1.510579099529009,0.020562381904913985,0.0030236000000000065,0.03524567758027435,0,0,0,0,0,0,0,0
0.00870997976761261,-0.00995039782667962,0.986,-0.03829252378875554,-0.060099910736083985,-0.0393494758605957,3,0,1,0,2.9912900202323875,0.00995039782667962,0.014000000000000012,0.03829252378875554,1.5236333406154954,0.018273224104725518,0.0007453692307692328,0.0371647725797742,0,0,0,0,0,0,0,0
0.008576518203923179,-0.011688193991574681,0.986,-0.038327430373795504,-0.001002530813217163,-0.026124473571777343,3,0,1,0,2.991423481796077,0.011688193991574681,0.014000000000000012,0.038327430373795504,1.5042989873876007,0.01494422881957504,0.01160840000000001,0.03848372851576548,0,0,0,0,0,0,0,0
0.013147211459405563,-0.014020269296933008,0.988,-0.03837979025135531,0.06985045623779297,-0.032328338623046876,3,0,1,0,2.9868527885405944,0.014020269296933008,0.01200000000000001,0.03837979025135531,1.4759644146080453,0.02087484379556382,-0.0017852067796610173,0.038646026916913635,0,0,0,0,0,0,0,0
0.02490123446484589,-0.012022641020776636,0.991,-0.0383448836663154,0.17503076171875,0.03670745086669922,3,0,1,0,2.975098765535154,0.012022641020776636,0.009000000000000008,0.0383448836663154,1.4377933885872947,-0.004385631796678773,-0.007932141791044782,0.03818858552434567,0,0,0,0,0,0,0,0
0.04061300641209717,-0.010383465747063657,0.991,-0.03766420525803761,0.2345607604980469,0.03360433197021485,3,0,1,0,2.959386993587903,0.010383465747063657,0.009000000000000008,0.03766420525803761,1.4059159072054448,-0.003869835556658409,0.0077962000000000075,0.03442287950433385,0,0,0,0,0,0,0,0
0.06535751460291726,-0.008762902380185233,0.994,-0.037524578917878096,0.3699890441894531,0.03826763916015625,3,0,1,0,2.9346424853970827,0.008762902380185233,0.006000000000000005,0.037524578917878096,1.3554653927118203,-0.003908764144653777,-0.010004176470588242,0.036908580358350825,0,0,0,0,0,0,0,0
0.09714247105958455,-0.005516774124349889,0.995,-0.03623303527140227,0.47461199951171873,0.06654420471191407,3,0,1,0,2.9028575289404155,0.005516774124349889,0.0050000000000000044,0.03623303527140227,1.28930291956512,-0.015512190469298272,-0.000977161290322581,0.029983630530390222,0,0,0,0,0,0,0,0
0.13697059992657754,-0.0018169293108847087,0.995,-0.03520329101272564,0.5950194091796875,0.07710292053222656,3,0,1,0,2.8630294000734224,0.0018169293108847087,0.0050000000000000044,0.03520329101272564,1.2516835371804762,-0.017535147519575103,0.004703000000000004,0.030790101332682916,0,0,0,0,0,0,0,0
0.1830147632515616,0.0009234450801932559,0.995,-0.03337069529813153,0.6887877807617188,0.06538871765136718,3,0,1,0,2.8169852367484385,-0.0009234450801932559,0.0050000000000000044,0.03337069529813153,1.1609013382659255,-0.016392181996124428,0.0047330000000000046,0.024207716725161005,0,0,0,0,0,0,0,0
0.23682369679548443,0.004830192362383215,0.997,-0.032096604944175655,0.8047294311523437,0.08549820709228516,3,0,1,0,2.7631763032045153,-0.004830192362383215,0.0030000000000000027,0.032096604944175655,1.1315505500697396,-0.022180205228755318,-0.006991227536231889,0.026557081666106624,0,0,0,0,0,0,0,0
0.29387691235820707,0.00971873565308481,0.997,-0.030787608005179934,0.8530042724609375,0.10075388336181641,3,0,1,0,2.7061230876417928,-0.00971873565308481,0.0030000000000000027,0.030787608005179934,1.0502640276505304,-0.032862590143835226,0.003172000000000003,0.024349918141266552,0,0,0,0,0,0,0,0
0.35838948701869655,0.014206783590996964,0.997,-0.02930407814098479,0.96515771484375,0.09707692718505859,3,0,1,0,2.6416105129813037,-0.014206783590996964,0.0030000000000000027,0.02930407814098479,1.0151085343580608,-0.030167502583812192,0.0031924000000000032,0.02275909344600622,0,0,0,0,0,0,0,0
0.42761023428172923,0.019780260261047546,0.997,-0.02832669375986796,1.0354158935546875,0.11398865509033203,3,0,1,0,2.572389765718271,-0.019780260261047546,0.0030000000000000027,0.02832669375986796,0.9233807760796844,-0.04132943269123114,0.0032110000000000033,0.023597414496399426,0,0,0,0,0,0,0,0
0.502677174879902,0.02446895206674524,0.992,-0.028256880589788147,1.1235604248046875,0.10219387054443359,3,0,1,0,2.497322825120098,-0.02446895206674524,0.008000000000000007,0.028256880589788147,0.8975584050988636,-0.036010706724984166,0.03262851884057974,0.027953345067702,0,0,0,0,0,0,0,0
0.5910884498218351,0.02659945943285392,0.991,-0.027628562059070216,1.32473681640625,0.06941326904296875,3,0,1,0,2.408911550178165,-0.02659945943285392,0.009000000000000008,0.027628562059070216,0.7283187329971708,-0.025533189366455725,0.0138588049180328,0.02453847092439187,0,0,0,0,0,0,0,0
0.6828342772398668,0.028733964459117974,0.989,-0.026616271092913535,1.3747777099609375,0.07002259826660157,3,0,1,0,2.317165722760133,-0.028733964459117974,0.01100000000000001,0.026616271092913535,0.7190781284895222,-0.025382181312293393,0.02009001764705884,0.02215028153633994,0,0,0,0,0,0,0,0
0.7846627023899431,0.030587659219323153,0.988,-0.026546457922833777,1.5261453857421876,0.06844516754150391,3,0,1,0,2.215337297610057,-0.030587659219323153,0.01200000000000001,0.026546457922833777,0.5760672758899864,-0.02564018021176598,0.01622705555555557,0.026214014255787312,0,0,0,0,0,0,0,0
0.8906289982784772,0.03321259678898619,0.985,-0.02700024352835229,1.5878892822265624,0.0815506820678711,3,0,1,0,2.109371001721523,-0.03321259678898619,0.015000000000000013,0.02700024352835229,0.5366556025431964,-0.030388957651622278,0.028843641791044802,0.02903211937395757,0,0,0,0,0,0,0,0
1.0044433647597888,0.03577903032707204,0.983,-0.027803094984269642,1.705553955078125,0.08457210540771484,3,0,1,0,1.9955566352402112,-0.03577903032707204,0.017000000000000015,0.027803094984269642,0.402258861005111,-0.032240318871709917,0.025990211111111133,0.03162619715530465,0,0,0,0,0,0,0,0
1.1147531220272218,0.03870006716448891,0.981,-0.02925171826342499,1.652788818359375,0.08979698181152344,3,0,1,0,1.8852468779727782,-0.03870006716448891,0.019000000000000017,0.02925171826342499,0.4129171767909743,-0.034503937663494244,0.02690241764705885,0.03564270331852211,0,0,0,0,0,0,0,0
1.2419473158344987,0.03935093160609715,0.985,-0.030944687637859406,1.9068111572265625,0.06556056213378907,3,0,1,0,1.7580526841655013,-0.03935093160609715,0.015000000000000013,0.030944687637859406,0.2001491427816191,-0.02349325378502742,-0.009079345161290327,0.03913647493350981,0,0,0,0,0,0,0,0
1.3776430693802544,0.038748176608248856,0.986,-0.03101450080793922,2.0347415771484374,0.05393889236450195,3,0,1,0,1.6223569306197456,-0.038748176608248856,0.014000000000000012,0.03101450080793922,0.1631406381774606,-0.016486924889312454,0.007725436231884065,0.03131803633002536,0,0,0,0,0,0,0,0
1.516184622503316,0.039750951435942664,0.982,-0.03270747018237369,2.076657470703125,0.07947601318359375,3,0,1,0,1.483815377496684,-0.039750951435942664,0.018000000000000016,0.03270747018237369,-0.011823768361852283,-0.02582363933170979,0.039058519672131184,0.04103354907303501,0,0,0,0,0,0,0,0
1.653951102139619,0.03846456660719316,0.982,-0.033510321638291096,2.06602294921875,0.04829239273071289,3,0,1,0,1.346048897860381,-0.03846456660719316,0.018000000000000016,0.033510321638291096,0.006026681178014304,-0.012831878378820202,0.016230100000000015,0.03705231335557378,0,0,0,0,0,0,0,0
1.7871533263069164,0.03645340032824337,0.979,-0.03373721444105038,1.99792236328125,0.03679165267944336,3,0,1,0,1.2128466736930836,-0.03645340032824337,0.02100000000000002,0.03373721444105038,-0.10267833102342494,-0.007116636704488814,0.03569578387096777,0.03483508284149852,0,0,0,0,0,0,0,0
1.9300706896036148,0.03481478505529458,0.978,-0.03359758810089087,2.14336962890625,0.04774554443359375,3,0,1,0,1.0699293103963852,-0.03481478505529458,0.02200000000000002,0.03359758810089087,-0.13602683898389056,-0.009481981079138698,0.024714300000000022,0.03299918950020726,0,0,0,0,0,0,0,0
2.078234024384216,0.03126556968692995,0.98,-0.03480186528476693,2.222984130859375,0.021446727752685548,3,0,1,0,0.9217659756157839,-0.03126556968692995,0.020000000000000018,0.03480186528476693,-0.3450769072883676,0.0044448287170139635,0.006760890163934434,0.04072453995956721,0,0,0,0,0,0,0,0
2.22699195560788,0.026854013045912384,0.984,-0.035465090400524764,2.2323203125,0.011506847381591797,3,0,1,0,0.7730080443921201,-0.026854013045912384,0.016000000000000014,0.035465090400524764,-0.3233742190586921,0.008645188516850639,-0.005143155072463768,0.03834867786034145,0,0,0,0,0,0,0,0
2.3783097720848057,0.02187793483005877,0.989,-0.03356268151585096,2.270986572265625,0.00588638973236084,3,0,1,0,0.6216902279151943,-0.02187793483005877,0.01100000000000001,0.03356268151585096,-0.5123016596918489,0.01729368931359734,-0.01747472459016395,0.024206572246963418,0,0,0,0,0,0,0,0
2.518773545776308,0.016058967474287592,0.998,-0.032847096522533314,2.108698974609375,-0.016533515930175782,3,0,1,0,0.4812264542236919,-0.016058967474287592,0.0020000000000000018,0.032847096522533314,-0.4369646385281744,0.021591551714332958,-0.042296129411764735,0.029690103904955453,0,0,0,0,0,0,0,0
2.618062820227048,0.008158829787927514,1.011,-0.03174753909377681,1.492427490234375,-0.06952647399902344,3,0,1,0,0.38193717977295183,-0.008158829787927514,-0.010999999999999899,0.03174753909377681,-0.32390113761053196,0.040183546265951345,-0.0798278967741929,0.026427099922374374,0,0,0,0,0,0,0,0
2.705460814662176,0.006569750303877149,1.024,-0.032253684576855186,1.31106591796875,0.017788896560668944,3,0,1,0,0.2945391853378241,-0.006569750303877149,-0.02400000000000002,0.032253684576855186,-0.25673849792463205,0.004555152702182382,-0.083915764705883,0.03448667935514214,0,0,0,0,0,0,0,0
2.8134587747845323,-0.003831094967522377,1.043,-0.03333578871309168,1.624157958984375,-0.10369061279296875,3,0,1,0,0.18654122521546768,0.003831094967522377,-0.04299999999999993,0.03333578871309168,-0.4607660059442503,0.05936137707803805,-0.13803045555555496,0.03848866555231308,0,0,0,0,0,0,0,0
2.901367580841931,-0.010929172230264371,1.059,-0.03481931857728688,1.3214481201171875,-0.06246250534057617,3,0,1,0,0.09863241915806897,0.010929172230264371,-0.05899999999999994,0.03481931857728688,-0.3571364674651675,0.04166959502181794,-0.12802904117647063,0.0413643032722657,1427107199266,0,0,0,0,0,0,0
2.9731307322350937,-0.015658774441540804,1.068,-0.03752457891787809,1.0782645263671875,-0.03342744445800781,3,0,1,0,0.02686926776490628,0.015658774441540804,-0.06800000000000006,0.03752457891787809,-0.34564415264830584,0.034209250684042035,-0.10410415161290396,0.05061454830783555,1427107199266,0,0,0,0,0,0,0
3.029547421411699,-0.01898006734577256,1.079,-0.04007275962578977,0.8475236206054687,-0.01803658676147461,3,0,1,0,-0.02954742141169886,0.01898006734577256,-0.07899999999999996,0.04007275962578977,-0.26347177763020274,0.0265332840189774,-0.1200896865671636,0.0514825239895734,1427107199266,0,0,0,0,0,0,0
3.0764078779981516,-0.018917160387157093,1.082,-0.041765729000224294,0.7023047485351562,0.029102725982666014,3,0,1,0,-0.07640787799815163,0.018917160387157093,-0.08200000000000007,0.041765729000224294,-0.2567701664389834,0.008808401692022133,-0.08247088387096844,0.049957516295875234,1427107199266,0,0,0,0,0,0,0
3.109044774254193,-0.015573846136145524,1.085,-0.04319689898685969,0.4870325927734375,0.07054659271240235,3,0,1,0,-0.10904477425419312,0.015573846136145524,-0.08499999999999996,0.04319689898685969,-0.17417849365508392,-0.009456229955663626,-0.08373929130434724,0.04941937718962227,0,0,0,0,0,0,0,0
3.1323481186166706,-0.01074329681985327,1.086,-0.04436626958569584,0.3460950927734375,0.08748543548583984,3,0,1,0,-0.13234811861667062,0.01074329681985327,-0.08600000000000008,0.04436626958569584,-0.1519138854374506,-0.022175233377426815,-0.07550026129032328,0.05002451441877399,0,0,0,0,0,0,0,0
3.1419834074089095,-0.005831389300869719,1.08,-0.04577998627981128,0.14111933898925783,0.0800162353515625,3,0,1,0,-0.14198340740890947,0.005831389300869719,-0.08000000000000007,0.04577998627981128,-0.0748703392158402,-0.0226398687168115,-0.03471674705882355,0.05201697169502646,0,0,0,0,0,0,0,0
3.143190018575066,0.00046598278627698643,1.071,-0.04646066468808901,0.01375731086730957,0.09518990325927734,3,0,1,0,-0.14319001857506608,-0.00046598278627698643,-0.07099999999999995,0.04646066468808901,-0.03278053906274633,-0.036056647870886104,-0.008032848387096059,0.04975426988943285,0,0,0,0,0,0,0,0
3.138703230838807,0.009159615467521249,1.058,-0.04705407663376714,-0.07328569030761718,0.12713800811767578,3,0,1,0,-0.1387032308388072,-0.009159615467521249,-0.05800000000000005,0.04705407663376714,-0.00038011831325331785,-0.05027441909787972,0.019082547761193454,0.04971114504725133,0,0,0,0,0,0,0,0
3.13073549828169,0.017702649480902548,1.045,-0.04843288674284262,-0.12541124725341796,0.12238203430175781,3,0,1,0,-0.13073549828169018,-0.017702649480902548,-0.04499999999999993,0.04843288674284262,0.0223321463349047,-0.05444708902488063,0.03021449393939464,0.054700205420458434,0,0,0,0,0,0,0,0
3.113433804120364,0.0281471837599767,1.032,-0.04913101844364036,-0.2668059997558594,0.14391964721679687,3,0,1,0,-0.11343380412036419,-0.0281471837599767,-0.03200000000000003,0.04913101844364036,0.08040640833928972,-0.06977164683588864,0.04040329393939339,0.05230434435635734,0,0,0,0,0,0,0,0
3.0928332953317392,0.03622808876441129,1.021,-0.04904375198104059,-0.31458770751953125,0.10589155578613281,3,0,1,0,-0.09283329533173923,-0.03622808876441129,-0.020999999999999908,0.04904375198104059,0.11519089243371808,-0.06406489109197908,0.04223047419354914,0.04862149490394495,1427107199979,0,0,0,0,0,0,0
3.068930179686155,0.046273334081642865,1.011,-0.049183378321200164,-0.36550250244140625,0.13292007446289061,3,0,1,0,-0.06893017968615478,-0.046273334081642865,-0.010999999999999899,0.049183378321200164,0.13567009429079735,-0.07597566686756246,0.04029880597014938,0.04980857088907884,1427107199979,0,0,0,0,0,0,0
3.047262035356822,0.0549390420784865,1.001,-0.048939032225920984,-0.3310196838378906,0.11384918975830079,3,0,1,0,-0.04726203535682183,-0.0549390420784865,-0.0009999999999998899,0.048939032225920984,0.14392801156544321,-0.0767867403041524,0.05250541290322594,0.047756712410053984,1427107199979,0,0,0,0,0,0,0
3.023639106069714,0.06304556079283302,0.992,-0.050666908185395314,-0.3598681945800781,0.10411786651611328,3,0,1,0,-0.02363910606971409,-0.06304556079283302,0.008000000000000007,0.050666908185395314,0.1549918386406158,-0.07368827998242782,0.04963172941176418,0.05828989035954677,1427107199979,0,0,0,0,0,0,0
3.0030586877715426,0.07038847355468923,0.987,-0.05265658353266888,-0.31388836669921877,0.09436784362792969,3,0,1,0,-0.003058687771542612,-0.07038847355468923,0.013000000000000012,0.05265658353266888,0.15802717140364997,-0.07647331221300188,0.035167877777777815,0.06213122804349539,1427107199979,0,0,0,0,0,0,0
2.985102188977315,0.07603091460164657,0.983,-0.053249995478347016,-0.27342877197265625,0.07034294128417969,3,0,1,-0.05265658353266888,0.014897811022684948,-0.07603091460164657,0.017000000000000015,0.000593411945678135,0.007448905511342474,-0.038015457300823285,0.013600000000000013,0.000593411945678135,1427107199979,0,0,0,0,0,0,0
2.969846900556947,0.07997347281418896,0.983,-0.058468529941810066,-0.23165260314941405,0.046875144958496096,3,0,1,-0.05265658353266888,0.030153099443053222,-0.07997347281418896,0.017000000000000015,0.005811946409141185,0.10121380830655059,-0.062292696966526936,0.013705400000000013,0.031062919619446263,1427107200369,0,0,0,0,0,0,0
2.9606940318934107,0.08304637220713815,0.983,-0.06274458660919607,-0.13975190734863283,0.03799197769165039,3,0,1,-0.05265658353266888,0.03930596810658926,-0.08304637220713815,0.017000000000000015,0.010088003076527192,0.06680876044852083,-0.05744563512411203,0.013821000000000014,0.028952958962053698,1427107200437,0,0,0,0,0,0,0
2.9544656280136246,0.08648105419732408,0.982,-0.06616543194310498,-0.09647270965576171,0.04556071472167969,3,0,1,-0.05265658353266888,0.045534371986375444,-0.08648105419732408,0.018000000000000016,0.013508848410436099,0.0574435394040962,-0.06248263186119605,0.020289955555555572,0.029798588095716602,1427107200500,0,0,0,0,0,0,0
2.9516452767412775,0.0898339010694557,0.984,-0.06923721142661504,-0.04553791046142578,0.04738555145263672,3,0,1,-0.05265658353266888,0.048354723258722476,-0.0898339010694557,0.016000000000000014,0.01658062789394616,0.03901704721664319,-0.06265254911892491,0.002793838805970155,0.030334864387274795,1427107200567,0,0,0,0,0,0,0
2.9521126597820873,0.09266064161265074,0.987,-0.07360053455660082,0.004060558795928955,0.042784534454345706,3,0,1,-0.05265658353266888,0.047887340217912744,-0.09266064161265074,0.013000000000000012,0.020943951023931935,0.02144141490906105,-0.06256590356046177,-0.006013283870967744,0.04205680487870181,1427107200629,0,0,0,0,0,0,0
2.9514101886118462,0.09470987133879716,0.99,-0.07775441817634737,-0.012768864631652832,0.029880393981933595,3,0,1,-0.05265658353266888,0.04858981138815377,-0.09470987133879716,0.010000000000000009,0.025097834643678492,0.028079804650721973,-0.058245020787215995,-0.00685097647058824,0.04342379178961918,1427107200697,0,0,0,0,0,0,0
2.9531480319687837,0.09580609140177415,0.991,-0.08068657131969786,0.024711639404296874,0.018418453216552735,3,0,1,-0.05265658353266888,0.04685196803121627,-0.09580609140177415,0.009000000000000008,0.028029987787028983,0.013813864710140676,-0.05449336371716561,0.002200838709677423,0.04221782557743459,1427107200759,0,0,0,0,0,0,0
2.956775841249811,0.09673799423867643,0.994,-0.08314748556500984,0.05311344146728516,0.018319034576416017,3,0,1,-0.05265658353266888,0.043224158750188924,-0.09673799423867643,0.006000000000000005,0.030490902032340957,0.0034382596507464523,-0.05356476866204002,-0.009729991304347832,0.04119052918587128,1427107200828,0,0,0,0,0,0,0
2.9632513206351376,0.09809130961282381,0.992,-0.08606218541584038,0.09511069488525391,0.028296594619750978,3,0,1,-0.05265658353266888,0.03674867936486237,-0.09809130961282381,0.008000000000000007,0.033405601883171494,-0.01852952212766638,-0.057339142950281,0.018611609836065593,0.047740191313485614,1427107200889,0,0,0,0,0,0,0
2.9671087344278373,0.09805802069204023,0.992,-0.08929104453202985,0.05768997955322266,0.0044760313034057616,3,0,1,-0.05265658353266888,0.03289126557216271,-0.09805802069204023,0.008000000000000007,0.03663446099936097,-0.003135808745337875,-0.04945291363262014,0.007190600000000007,0.050879427688432184,1427107200957,0,0,0,0,0,0,0
2.972819134787792,0.09843354758697766,0.993,-0.09176941206986183,0.08481246948242188,0.013248618125915528,3,0,1,-0.05265658353266888,0.027180865212208083,-0.09843354758697766,0.007000000000000006,0.03911282853719295,-0.018355952155424772,-0.051992955803813495,0.000788838709677421,0.05110492952670254,1427107201019,0,0,0,0,0,0,0
2.9767920060155664,0.09519147313954185,0.992,-0.09517280411125073,0.06379889678955078,-0.042965335845947264,3,0,1,-0.05265658353266888,0.023207993984433628,-0.09519147313954185,0.008000000000000007,0.04251622057858185,-0.007954367248135178,-0.03210827048333842,0.012290000000000011,0.05710218647024855,1427107201089,0,0,0,0,0,0,0
2.9809927808721923,0.09279993476815654,0.99,-0.09721483933608416,0.06613545227050781,-0.029722787857055663,3,0,1,-0.05265658353266888,0.019007219127807673,-0.09279993476815654,0.010000000000000009,0.04455825580341528,-0.014683514203083937,-0.03322791299593805,0.020616666666666686,0.05476843192758241,1427107201149,0,0,0,0,0,0,0
2.982359550573967,0.08816922502270479,0.987,-0.1002168056495144,0.027146718978881837,-0.06714276123046875,3,0,1,-0.05265658353266888,0.017640449426032934,-0.08816922502270479,0.013000000000000012,0.047560222116845526,0.002506302682972969,-0.022416285869030148,0.026026933333333356,0.06006841508947156,1427107201221,0,0,0,0,0,0,0
2.983989120385584,0.08216196214187249,0.99,-0.10218902770426797,0.03333622360229492,-0.08721126556396484,3,0,1,-0.05265658353266888,0.01601087961441605,-0.08216196214187249,0.010000000000000009,0.049532444171599084,-0.0013219559806748934,-0.006335219356947384,-0.008694010169491532,0.059560691907634127,1427107201280,0,0,0,0,0,0,0
2.9838374113630315,0.07526194416611931,0.994,-0.10414379646650163,0.008294429779052735,-0.10319247436523438,3,0,1,-0.05265658353266888,0.01616258863696851,-0.07526194416611931,0.006000000000000005,0.051487212933832745,0.009169949570044654,-0.00503395014534655,-0.013498644444444456,0.059632082776473,1427107201352,0,0,0,0,0,0,0
2.9839925655917425,0.06688730334719105,0.994,-0.104964101214939,0.015373571395874024,-0.12469705963134765,3,0,1,-0.05265658353266888,0.01600743440825747,-0.06688730334719105,0.006000000000000005,0.05230751768227012,0.007427906834376487,0.016109447210839664,0.005980600000000006,0.056550473277635856,1427107201410,0,0,0,0,0,0,0
2.983100571634019,0.05816816993901246,0.992,-0.106482537664174,0.0003964753746986389,-0.13146902465820312,3,0,1,-0.05265658353266888,0.016899428365980906,-0.05816816993901246,0.008000000000000007,0.053825954131505115,0.013481171876733287,0.015441127443374943,0.018081961194029866,0.06062492330718419,1427107201477,0,0,0,0,0,0,0
2.9823119656530284,0.048417343455038626,0.99,-0.10749482863033066,0.0037828853130340576,-0.14669119262695313,3,0,1,-0.05265658353266888,0.017688034346971637,-0.048417343455038626,0.010000000000000009,0.05483824509766178,0.013409480455836429,0.026445801729016415,0.01990626060606062,0.05943956767110118,1427107201543,0,0,0,0,0,0,0
2.9808126752615447,0.04028271959313169,0.986,-0.10786134777324952,-0.009268342971801758,-0.12372789764404298,3,0,1,-0.05265658353266888,0.019187324738455303,-0.04028271959313169,0.014000000000000012,0.055204764240580635,0.017595459679988268,0.020038975066121283,0.0328866550724638,0.05679832573153217,1427107201612,0,0,0,0,0,0,0
2.9781420383854638,0.031985451249716995,0.989,-0.10770426814057005,-0.026428447723388673,-0.12804824829101563,3,0,1,-0.05265658353266888,0.021857961614536237,-0.031985451249716995,0.01100000000000001,0.055047684607901166,0.02691751181678432,0.031306565163556885,-0.007237200000000006,0.05426228644450382,1427107201672,0,0,0,0,0,0,0
2.9749794275044485,0.025440785988642863,0.989,-0.10810569386852875,-0.03661138153076172,-0.10270066070556641,3,0,1,-0.05265658353266888,0.025020572495551452,-0.025440785988642863,0.01100000000000001,0.05544911033585987,0.029708037063383923,0.020867933074754905,0.010335400000000008,0.05727377273567216,1427107201738,0,0,0,0,0,0,0
2.9723454503220537,0.017471757406417016,0.989,-0.10766936155553018,-0.026381706237792967,-0.12310051727294923,3,0,1,-0.05265658353266888,0.02765454967794634,-0.017471757406417016,0.01100000000000001,0.0550127780228613,0.029139976166313197,0.035121508347465594,0.01040360000000001,0.052901492637384355,1427107201800,0,0,0,0,0,0,0
2.97019224949739,0.010744358021813415,0.993,-0.10861183935160705,-0.02126694107055664,-0.10379743194580078,3,0,1,-0.05265658353266888,0.029807750502610197,-0.010744358021813415,0.007000000000000006,0.05595525581893817,0.026289951065428165,0.027615832390924,-0.013037955072463777,0.060052985367098466,1427107201869,0,0,0,0,0,0,0
2.9669191332486125,0.003919056342822434,0.99,-0.10941469080752451,-0.03770966339111328,-0.1070982666015625,3,0,1,-0.05265658353266888,0.03308086675138755,-0.003919056342822434,0.010000000000000009,0.05675810727485563,0.03580483054785323,0.0360631699846071,0.026926014754098386,0.060706557058056276,1427107201930,0,0,0,0,0,0,0
2.964058866027274,-0.00028355194543595516,0.99,-0.1089259986169661,-0.03576379776000976,-0.06734712982177735,3,0,1,-0.05265658353266888,0.035941133972726025,0.00028355194543595516,0.010000000000000009,0.05626941508429722,0.03320119257096323,0.02063417200537339,0.009780900000000009,0.05411342012595127,1427107201998,0,0,0,0,0,0,0
2.961126552622309,-0.004248714862192559,0.988,-0.10822786691616836,-0.03725818634033203,-0.06390655517578125,3,0,1,-0.05265658353266888,0.03887344737769105,0.004248714862192559,0.01200000000000001,0.055571283383499474,0.036522869296380336,0.023372299802545033,0.02274562258064518,0.0521932267667362,1427107202060,0,0,0,0,0,0,0
2.9603113598209867,-0.005405024059089142,0.989,-0.10690141668465268,-0.0102828369140625,-0.018563972473144532,3,0,1,-0.05265658353266888,0.0396886401790133,0.005405024059089142,0.01100000000000001,0.0542448331519838,0.024480829626975457,0.00735179969482064,0.005732300000000005,0.04856004644548805,1427107202130,0,0,0,0,0,0,0
2.9596895407591233,-0.006043198493191731,0.989,-0.10672688375945326,-0.008252662658691406,-0.01051317310333252,3,0,1,-0.05265658353266888,0.04031045924087673,0.006043198493191731,0.01100000000000001,0.05407030022678438,0.02430817882081317,0.005554683867583084,0.01079940000000001,0.05321194157826263,1427107202191,0,0,0,0,0,0,0
2.9589102722297724,-0.004801466854364824,0.989,-0.105557513160617,-0.01360663890838623,0.01727482795715332,0,0,1,0,-2.9589102722297724,0.004801466854364824,0.01100000000000001,0.105557513160617,-1.4794551361148862,0.002400733427182412,0.008800000000000007,0.105557513160617,0,0,0,0,0,0,0,0
2.958576298738946,-0.0031209438024940228,0.99,-0.1043706892692609,-0.007637657642364502,0.024539718627929686,0,0,1,0,-2.958576298738946,0.0031209438024940228,0.010000000000000009,0.1043706892692609,-1.4792371324522833,-0.007924416793511253,0.002416838709677422,0.09862799302076362,0,0,0,0,0,0,0,0
2.9586636555507817,-0.0000780968464786794,0.993,-0.09983283321407559,-0.003451894760131836,0.04553084564208985,0,0,1,0,-2.9586636555507817,0.0000780968464786794,0.007000000000000006,0.09983283321407559,-1.4836276670155384,-0.015620675759355893,-0.009731576470588242,0.07981288002943453,0,0,0,0,0,0,0,0
2.9601025213207706,0.0007790252610350658,0.996,-0.09541715020652995,0.02019411849975586,0.014943928718566894,0,0,1,0,-2.9601025213207706,-0.0007790252610350658,0.0040000000000000036,0.09541715020652995,-1.4938553621613082,-0.005226600077582526,-0.013601083870967751,0.0740509421055027,0,0,0,0,0,0,0,0
2.96245560941819,0.0014832747128778628,1,-0.09423032631517386,0.03412933349609375,0.013878456115722656,0,0,1,0,-2.96245560941819,-0.0014832747128778628,0,0.09423032631517386,-1.5006123504036948,-0.004212837613527834,-0.01958390985915495,0.08921557747845799,0,0,0,0,0,0,0,0
2.9593521221391383,-0.00048461058079223344,1.001,-0.09391616704981487,-0.043568382263183596,-0.03376747512817383,0,0,1,0,-2.9593521221391383,0.00048461058079223344,-0.0009999999999998899,0.09391616704981487,-1.4711328121852831,0.011722378906791986,-0.006504933333332602,0.0923453707230199,0,0,0,0,0,0,0,0
2.948175898710453,-0.0040269023435316725,1.008,-0.09227555755294015,-0.16192172241210936,-0.06862150573730469,0,0,1,0,-2.948175898710453,0.0040269023435316725,-0.008000000000000007,0.09227555755294015,-1.4281284564641814,0.020249316274936657,-0.04235541176470649,0.08503757447849283,0,0,0,0,0,0,0,0
2.9287566863582373,-0.008450007142226445,1.014,-0.08902924514423072,-0.2839354553222656,-0.09290496063232422,0,0,1,0,-2.9287566863582373,0.008450007142226445,-0.014000000000000012,0.08902924514423072,-1.3663083610614701,0.029612109262162636,-0.04563762950819676,0.07306377428172534,0,0,0,0,0,0,0,0
2.899293094024726,-0.013794569356555915,1.014,-0.08620181175599989,-0.4330756225585938,-0.11914579010009765,0,0,1,0,-2.899293094024726,0.013794569356555915,-0.014000000000000012,0.08620181175599989,-1.3155457827569486,0.03402553665436572,-0.011308000000000009,0.07390862311151804,0,0,0,0,0,0,0,0
2.8641675384085077,-0.023205511197850765,1.014,-0.08374089751068792,-0.5127734375,-0.18600204467773437,0,0,1,0,-2.8641675384085077,0.023205511197850765,-0.014000000000000012,0.08374089751068792,-1.2509223665471798,0.06476158139128288,-0.01139480000000001,0.07183324793659772,0,0,0,0,0,0,0,0
2.8184222598791617,-0.034467070526500665,1.015,-0.07970918693858103,-0.6696453857421875,-0.22572557067871094,0,0,1,0,-2.8184222598791617,0.034467070526500665,-0.014999999999999902,0.07970918693858103,-1.1928020417956922,0.07525342238483845,-0.017443858823528766,0.06192222853222713,0,0,0,0,0,0,0,0
2.7653292699877685,-0.04499501845565757,1.011,-0.07707373976806957,-0.7812919311523437,-0.22083059692382812,0,0,1,0,-2.7653292699877685,0.04499501845565757,-0.010999999999999899,0.07707373976806957,-1.1037051991642874,0.08201334906784036,0.01341564516129042,0.06432157603978829,0,0,0,0,0,0,0,0
2.7044781542629996,-0.05612237612243287,1.005,-0.07422885308731884,-0.897205322265625,-0.23669557189941406,0,0,1,0,-2.7044781542629996,0.05612237612243287,-0.004999999999999893,0.07422885308731884,-1.0706356887084238,0.08382113778218184,0.02560000000000011,0.06203648159838717,0,0,0,0,0,0,0,0
2.636426035612952,-0.0687397279524723,1,-0.07152359274672758,-1.0039351806640624,-0.26444100952148436,0,0,1,0,-2.636426035612952,0.0687397279524723,0,0.07152359274672758,-0.9454763715033332,0.10813548820865987,0.02876666666666605,0.05799729104377126,0,0,0,0,0,0,0,0
2.564261833230231,-0.08495827350481405,0.991,-0.06972590361717344,-1.0623101806640625,-0.3200118408203125,0,0,1,0,-2.564261833230231,0.08495827350481405,0.009000000000000008,0.06972590361717344,-0.9366752658669033,0.12617912159224504,0.053184729411764754,0.06179492216325814,0,0,0,0,0,0,0,0
2.4859826500011883,-0.09830187515886996,0.987,-0.06824237375297824,-1.1573900146484375,-0.28147265625,0,0,1,0,-2.4859826500011883,0.09830187515886996,0.013000000000000012,0.06824237375297824,-0.8356508866663674,0.1235661649109393,0.032365322222222256,0.061177945828239204,0,0,0,0,0,0,0,0
2.3997545375643905,-0.11025728988117144,0.98,-0.06735225583446118,-1.2781826171875,-0.26711148071289065,0,0,1,0,-2.3997545375643905,0.11025728988117144,0.020000000000000018,0.06735225583446118,-0.7852318478518658,0.11702294976427394,0.05190851176470593,0.06342526501747414,0,0,0,0,0,0,0,0
2.3084104448377056,-0.11984787686538428,0.978,-0.06618288523562497,-1.3573729248046875,-0.235746337890625,0,0,1,0,-2.3084104448377056,0.11984787686538428,0.02200000000000002,0.06618288523562497,-0.6691600465581115,0.11449773649941158,0.028905822580645186,0.06052464040254656,0,0,0,0,0,0,0,0
2.2103805236499334,-0.1274978909609885,0.98,-0.06525786073206795,-1.459640625,-0.2117465057373047,0,0,1,0,-2.2103805236499334,0.1274978909609885,0.020000000000000018,0.06525786073206795,-0.6400691614696258,0.10307472602275554,0.0060085724637681266,0.0612360150644287,0,0,0,0,0,0,0,0
2.1083989760370474,-0.13419806489160807,0.977,-0.06480407512654944,-1.5199132080078126,-0.2000443115234375,0,0,1,0,-2.1083989760370474,0.13419806489160807,0.02300000000000002,0.06480407512654944,-0.5024777071677503,0.1061458753955114,0.03590691475409839,0.06257234264039284,0,0,0,0,0,0,0,0
1.9975704824397718,-0.13859780586179257,0.974,-0.06332054526235426,-1.6546640625,-0.17351426696777345,0,0,1,0,-1.9975704824397718,0.13859780586179257,0.026000000000000023,0.06332054526235426,-0.4714082930419966,0.09231528411361355,0.03649059130434786,0.05687041541802736,0,0,0,0,0,0,0,0
1.8908072096375497,-0.14382379350712826,0.971,-0.06169738905799954,-1.593279296875,-0.17956959533691405,0,0,1,0,-1.8908072096375497,0.14382379350712826,0.029000000000000026,0.06169738905799954,-0.368777411863229,0.10268365880418576,0.0410632147540984,0.05371465362674685,0,0,0,0,0,0,0,0
1.7763247227723957,-0.1435487119420045,0.965,-0.05939355444536699,-1.714224365234375,-0.10176348114013672,0,0,1,0,-1.7763247227723957,0.1435487119420045,0.03500000000000003,0.05939355444536699,-0.3360721305058425,0.07124269513456272,0.05977045294117653,0.049229578213164545,0,0,0,0,0,0,0,0
1.659743468060047,-0.13880819555691856,0.961,-0.057019906662654725,-1.749856201171875,-0.032819210052490236,0,0,1,0,-1.659743468060047,0.13880819555691856,0.039000000000000035,0.057019906662654725,-0.22040159840259965,0.04403954496281485,0.05455602222222227,0.045716821983072524,0,0,0,0,0,0,0,0
1.5388563066257581,-0.13227863954911284,0.957,-0.05546656362837976,-1.815942138671875,-0.005554438591003418,0,0,1,0,-1.5388563066257581,0.13227863954911284,0.04300000000000004,0.05546656362837976,-0.16757901980530543,0.032571839625653416,0.05702972121212127,0.04840591347258447,0,0,0,0,0,0,0,0
1.388676006783653,-0.11450019944119814,0.955,-0.053913220594104805,-2.264024169921875,0.14138076782226563,0,0,1,0,-1.388676006783653,0.11450019944119814,0.04500000000000004,0.053913220594104805,0.09990298302093015,-0.040387923638565894,0.048812211111111156,0.046516349002319296,0,0,0,0,0,0,0,0
1.2330070618154392,-0.10055151985286889,0.952,-0.0526740368251889,-2.342916259765625,0.08309795379638672,0,0,1,0,-1.2330070618154392,0.10055151985286889,0.04800000000000004,0.0526740368251889,0.12088407628002895,-0.018266163599842546,0.05543710000000006,0.04736324924412072,0,0,0,0,0,0,0,0
1.0794893043949627,-0.0869002937849615,0.951,-0.05400048705670457,-2.310353515625,0.08324446868896485,0,0,1,0,-1.0794893043949627,0.0869002937849615,0.049000000000000044,0.05400048705670457,0.3141707881860071,-0.034928390578672135,0.04736443333333338,0.060632738214282944,0,0,0,0,0,0,0,0
0.942590070723073,-0.07381272841012779,0.949,-0.05471607205002221,-2.061091064453125,0.08519182586669923,0,0,1,0,-0.942590070723073,0.07381272841012779,0.051000000000000045,0.05471607205002221,0.18086616893720564,-0.02817529159738564,0.05362792753623193,0.057827311151403264,0,0,0,0,0,0,0,0
0.8075896616076759,-0.06180634360473309,0.95,-0.05379104754646519,-2.0318248291015624,0.06908114624023437,0,0,1,0,-0.8075896616076759,0.06180634360473309,0.050000000000000044,0.05379104754646519,0.3155483489371604,-0.03553194163048665,0.037347838709677464,0.04931512252925377,0,0,0,0,0,0,0,0
0.6783308506230782,-0.04971962848091707,0.95,-0.05324999547834702,-1.945825439453125,0.07679428100585937,0,0,1,0,-0.6783308506230782,0.04971962848091707,0.050000000000000044,0.05324999547834702,0.28292010933227785,-0.0359745448304199,0.04333300000000004,0.05086300106017865,0,0,0,0,0,0,0,0
0.5587578755395864,-0.03857550691816388,0.951,-0.053983033764184625,-1.799949462890625,0.07146110534667968,0,0,1,0,-0.5587578755395864,0.03857550691816388,0.049000000000000044,0.053983033764184625,0.35206619370402936,-0.04222201873268711,0.03719163870967747,0.057529993211785924,0,0,0,0,0,0,0,0
0.4508486064375715,-0.02809302513062431,0.959,-0.05276130328778856,-1.62476513671875,0.06967156219482422,0,0,1,0,-0.4508486064375715,0.02809302513062431,0.041000000000000036,0.05276130328778856,0.2861208765647608,-0.03848774308570648,-0.0044608705882352925,0.04737131589192357,0,0,0,0,0,0,0,0
0.35588445368557925,-0.0182419041002295,0.971,-0.04913101844364037,-1.4302728271484375,0.07243956756591798,0,0,1,0,-0.35588445368557925,0.0182419041002295,0.029000000000000026,0.04913101844364037,0.31405490799116376,-0.045059210350387305,-0.040446535483870984,0.03156512403647173,0,0,0,0,0,0,0,0
0.27436386352820247,-0.009388481649640986,0.985,-0.047961647844804174,-1.2278553466796875,0.07258740997314453,0,0,1,0,-0.27436386352820247,0.009388481649640986,0.015000000000000013,0.047961647844804174,0.23813194942767668,-0.03943745644382735,-0.0558614235294118,0.04280265990876212,0,0,0,0,0,0,0,0
0.20603651966054826,-0.0009780766716656984,0.999,-0.04584979944989099,-1.0297799072265625,0.07687346649169922,0,0,1,0,-0.20603651966054826,0.0009780766716656984,0.0010000000000000009,0.04584979944989099,0.23829548252270466,-0.045551059000145985,-0.0740286580645162,0.03563117818418203,0,0,0,0,0,0,0,0
0.1507036673388473,0.006722159854879563,1.017,-0.043179445694339694,-0.8344144897460938,0.07734049224853516,0,0,1,0,-0.1507036673388473,-0.006722159854879563,-0.016999999999999904,0.043179445694339694,0.16081293506918803,-0.04098689372293984,-0.10081804782608637,0.03156921197455145,0,0,0,0,0,0,0,0
0.1073840949652542,0.013402200472313556,1.037,-0.040229839258469305,-0.65351318359375,0.07205820465087891,0,0,1,0,-0.1073840949652542,-0.013402200472313556,-0.03699999999999992,0.040229839258469305,0.15028825182475997,-0.04360402049043095,-0.14049349836065578,0.025723578098451,0,0,0,0,0,0,0,0
0.05767038587323194,0.019934763339832958,1.062,-0.03740240587023848,-0.7490432739257813,0.06791763305664063,0,0,1,0,-0.05767038587323194,-0.019934763339832958,-0.062000000000000055,0.03740240587023848,0.17872137849741512,-0.0416921434660171,-0.17297879420289924,0.025109217225756625,1427107204733,0,0,0,0,0,0,0
0.013774264132380474,0.024279335291847517,1.072,-0.03703588672731968,-0.660418212890625,0.04050143432617188,0,0,1,0,-0.013774264132380474,-0.024279335291847517,-0.07200000000000006,0.03703588672731968,0.20035304251383063,-0.0356709232339419,-0.11198344918032796,0.035233333565423956,1427107204733,0,0,0,0,0,0,0
-0.021114348441358455,0.02478949150059703,1.077,-0.03637266161156179,-0.523253662109375,-0.01173043441772461,0,0,1,0,0.021114348441358455,-0.02478949150059703,-0.07699999999999996,0.03637266161156179,0.14292014730620017,-0.013602983116592117,-0.08450001884057913,0.03348907415174486,1427107204733,0,0,0,0,0,0,0
-0.0493113752563541,0.024611196244769814,1.081,-0.035325464060365255,-0.42257839965820315,-0.01805328178405762,0,0,1,0,0.0493113752563541,-0.024611196244769814,-0.08099999999999996,0.035325464060365255,0.1392547748444332,-0.009934840068945017,-0.0854205451612903,0.030258379135220743,1427107204733,0,0,0,0,0,0,0
-0.07418793827431859,0.0226029728168623,1.086,-0.03520329101272564,-0.37185174560546874,-0.043283458709716796,0,0,1,0,0.07418793827431859,-0.0226029728168623,-0.08600000000000008,0.03520329101272564,0.1225181928638217,0.0005383415762943537,-0.09353550298507529,0.03465624751583183,1427107204733,0,0,0,0,0,0,0
-0.08936765457862746,0.018354743361915817,1.088,-0.03494149162492645,-0.22531185913085938,-0.07169794464111329,0,0,1,-0.03520329101272564,0.08936765457862746,-0.018354743361915817,-0.08800000000000008,-0.00026179938779918865,0.04468382728931373,-0.009177371680957908,-0.07040000000000006,-0.00026179938779918865,1427107204733,0,0,0,0,0,0,0
-0.09907448280135625,0.010157818409907619,1.083,-0.03771656513559747,-0.14121823120117188,-0.1279653549194336,0,0,1,-0.03520329101272564,0.09907448280135625,-0.010157818409907619,-0.08299999999999996,0.0025132741228718336,0.0995662279012636,0.037104238378569646,-0.04122910588235233,0.014756245493479283,1427107205123,0,0,0,0,0,0,0
-0.10516594670195316,0.00013885429070145845,1.076,-0.040090212918309734,-0.08564010620117188,-0.1536230010986328,0,0,1,-0.03520329101272564,0.10516594670195316,-0.00013885429070145845,-0.07600000000000007,0.004886921905584096,0.08710284309928376,0.05648224786334378,-0.02231947096774258,0.016372314402578914,0,0,0,0,0,0,0,0
-0.1075935279017747,-0.010946182722257879,1.071,-0.04255112716362171,-0.02972022247314453,-0.1676013946533203,0,0,1,-0.03520329101272564,0.1075935279017747,0.010946182722257879,-0.07099999999999995,0.00734783615089607,0.06631739470065393,0.06170209943748872,-0.032963181159419666,0.01804746330442639,0,0,0,0,0,0,0,0
-0.10737927317933438,-0.023057199539392902,1.069,-0.043755404347497875,0.010938640594482421,-0.18136410522460938,0,0,1,-0.03520329101272564,0.10737927317933438,0.023057199539392902,-0.06899999999999995,0.008552113334772238,0.052732620641161326,0.08103266487536827,-0.04567099016393438,0.014474788009573063,0,0,0,0,0,0,0,0
-0.1030912099092464,-0.03720833124050367,1.061,-0.04485496177625427,0.07354425048828125,-0.2092503204345703,0,0,1,-0.03520329101272564,0.1030912099092464,0.03720833124050367,-0.06099999999999994,0.00965167076352863,0.03013800674270232,0.09042556655214748,-0.01058758985507239,0.014432355236382512,0,0,0,0,0,0,0,0
-0.0977497232612306,-0.050216854786943696,1.056,-0.045971972497530614,0.08879122924804687,-0.19133891296386718,0,0,1,-0.03520329101272564,0.0977497232612306,0.050216854786943696,-0.05600000000000005,0.010768681484804976,0.018630062112867066,0.0998184273038205,-0.018820375409836717,0.01626217683534438,1427107205445,0,0,0,0,0,0,0
-0.09178705577163898,-0.06251914250036922,1.042,-0.047542768824325524,0.09782593536376953,-0.18022906494140625,0,0,1,-0.03520329101272564,0.09178705577163898,0.06251914250036922,-0.04200000000000004,0.012339477811599886,0.01566881746184817,0.09469361317366357,0.035464323529411784,0.01926946160628331,1427107205445,0,0,0,0,0,0,0
-0.08399475138373956,-0.0747342820217322,1.033,-0.049619710634198747,0.12546033477783203,-0.17746513366699218,0,0,1,-0.03520329101272564,0.08399475138373956,0.0747342820217322,-0.03299999999999992,0.014416419621473109,-0.0014738727651497086,0.10648335244610202,0.02120735161290396,0.02446613805634354,1427107205445,0,0,0,0,0,0,0
-0.0746993405725987,-0.08601375425456738,1.024,-0.051120693790913954,0.1476513671875,-0.16206814575195314,0,0,1,-0.03520329101272564,0.0746993405725987,0.08601375425456738,-0.02400000000000002,0.015917402778188317,-0.009231855082009702,0.10044071949559374,0.02308747391304293,0.022443416503037043,1427107205445,0,0,0,0,0,0,0
-0.06414245326028964,-0.09687312753878588,1.016,-0.05157447939643246,0.1664698944091797,-0.15458619689941405,0,0,1,-0.03520329101272564,0.06414245326028964,0.09687312753878588,-0.016000000000000014,0.016371188383706825,-0.02691522746962225,0.11001866695348424,0.028897390322580666,0.018566925184602835,1427107205445,0,0,0,0,0,0,0
-0.05312190171637921,-0.10440656250969695,1.011,-0.053180182308267224,0.17091387939453126,-0.10432936096191406,0,0,1,-0.03520329101272564,0.05312190171637921,0.10440656250969695,-0.010999999999999899,0.017976891295541586,-0.029517475810910507,0.09132850013872572,0.013396594117647733,0.025060874730106708,0,0,0,0,0,0,0,0
-0.039338649011864464,-0.10948409925638285,1.008,-0.05394812717914478,0.21050495910644532,-0.06506562042236329,0,0,1,-0.03520329101272564,0.039338649011864464,0.10948409925638285,-0.008000000000000007,0.018744836166419143,-0.05746996975879636,0.08336974803767569,0.0066775666666660585,0.02240171650393132,0,0,0,0,0,0,0,0
-0.028794515680815556,-0.11325270387649682,1.003,-0.05445427266222309,0.1609800567626953,-0.04791842269897461,0,0,1,-0.03520329101272564,0.028794515680815556,0.11325270387649682,-0.0029999999999998916,0.01925098164949745,-0.03839821787416962,0.07651975436713167,0.01972579411764774,0.021483976427784095,0,0,0,0,0,0,0,0
-0.017100875064286897,-0.11640489420255803,1.004,-0.0556410965535792,0.17771809387207033,-0.03766595840454102,0,0,1,-0.03520329101272564,0.017100875064286897,0.11640489420255803,-0.0040000000000000036,0.02043780554085356,-0.05784453163587992,0.07685596478969137,-0.01257160491803343,0.026274644350801644,0,0,0,0,0,0,0,0
-0.006255893936897914,-0.1181417300899385,1.005,-0.05604252228153796,0.16387181091308595,-0.016965490341186523,0,0,1,-0.03520329101272564,0.006255893936897914,0.1181417300899385,-0.004999999999999893,0.02083923126881232,-0.05282105796183262,0.06879022304841104,-0.012891280597014262,0.02263665990146348,0,0,0,0,0,0,0,0
0.0036263683781818123,-0.11843952583249104,1.003,-0.056740653982335645,0.14825141906738282,0.003843132495880127,0,0,1,-0.03520329101272564,-0.0036263683781818123,0.11843952583249104,-0.0029999999999998916,0.021537362969610008,-0.05601304455108885,0.0615951353206343,0.005024811111111209,0.02486179964007519,0,0,0,0,0,0,0,0
0.012534278994862756,-0.1162704429755261,1.003,-0.05827654372409059,0.13155848693847655,0.04006142425537109,0,0,1,-0.03520329101272564,-0.012534278994862756,0.1162704429755261,-0.0029999999999998916,0.023073252711364955,-0.05011386963213196,0.048092148125451505,-0.00610729999999991,0.02965563731888616,0,0,0,0,0,0,0,0
0.020351366927494504,-0.11437319399391678,1.005,-0.05796238445873171,0.11539972686767579,0.035239849090576175,0,0,1,-0.03520329101272564,-0.020351366927494504,0.11437319399391678,-0.004999999999999893,0.022759093446006073,-0.05434741872462483,0.047172850755295266,-0.019213209836065497,0.02121404787866731,0,0,0,0,0,0,0,0
0.026903369152884955,-0.10986689360860669,1.009,-0.0586605161595294,0.09419924163818359,0.07317434692382813,0,0,1,-0.03520329101272564,-0.026903369152884955,0.10986689360860669,-0.008999999999999897,0.023457225146803762,-0.046513111118568345,0.032686071703122294,-0.031587235294117576,0.02653721794444062,0,0,0,0,0,0,0,0
0.03139886371789651,-0.10540148069923243,1.008,-0.06019640590128446,0.06338953399658204,0.0708193359375,0,0,1,-0.03520329101272564,-0.03139886371789651,0.10540148069923243,-0.008000000000000007,0.02499311488855882,-0.04043457672985776,0.028504931224846694,-0.004603438709678043,0.032424839445438135,0,0,0,0,0,0,0,0
0.03491661646005995,-0.09863569778336874,1.008,-0.06077236455444253,0.046565269470214846,0.10447734832763672,0,0,1,-0.03520329101272564,-0.03491661646005995,0.09863569778336874,-0.008000000000000007,0.02556907354171689,-0.034945484791420636,0.015573205487533097,-0.010303000000000003,0.028110067599767204,1427107206425,0,0,0,0,0,0,0
0.03718840059758871,-0.09310040562863502,1.009,-0.06181956210563917,0.02897106742858887,0.08494575500488281,0,0,1,-0.03520329101272564,-0.03718840059758871,0.09310040562863502,-0.008999999999999897,0.026616271092913535,-0.03082294125115462,0.016439547314307648,-0.01680396129032187,0.031683356018058585,1427107206425,0,0,0,0,0,0,0
0.03774160332466821,-0.08758609943320057,1.005,-0.06284930636431575,0.0031720662117004396,0.08306924438476562,0,0,1,-0.03520329101272564,-0.03774160332466821,0.08758609943320057,-0.004999999999999893,0.027646015351590114,-0.021147986009423986,0.016607111407880338,0.012595435294117753,0.03218900472810443,1427107206425,0,0,0,0,0,0,0
0.03880659562057641,-0.08135652040957297,1.002,-0.06332054526235428,0.010074338912963866,0.09426254272460938,0,0,1,-0.03520329101272564,-0.03880659562057641,0.08135652040957297,-0.0020000000000000018,0.028117254249628645,-0.024869228552400535,0.006758242938386165,0.011330283870967132,0.03039744246594412,1427107206425,0,0,0,0,0,0,0
0.039287095894089116,-0.07529616998893353,0.996,-0.0641757565958315,0.0014407351016998292,0.09117915344238281,0,0,1,-0.03520329101272564,-0.039287095894089116,0.07529616998893353,0.0040000000000000036,0.028972465583105858,-0.02163382381571658,0.007286947547657442,0.030564883582089586,0.032801770061362034,1427107206425,0,0,0,0,0,0,0
0.03870203905723221,-0.06852180959566985,0.993,-0.06480407512654948,-0.01527455711364746,0.10084341430664062,0,0,1,-0.03520329101272564,-0.03870203905723221,0.06852180959566985,0.007000000000000006,0.029600784113823844,-0.015605285865914654,-0.0020338524535710237,0.01833236666666669,0.03259277711724282,1427107206747,0,0,0,0,0,0,0
0.03876296376726699,-0.06318442971176781,0.991,-0.06522295414702814,-0.0042726764678955075,0.07995182800292969,0,0,1,-0.03520329101272564,-0.03876296376726699,0.06318442971176781,0.009000000000000008,0.0300196631343025,-0.01922600586296539,0.005503950308847132,0.013621017647058843,0.031867658812884815,1427107206815,0,0,0,0,0,0,0
0.03840981267436262,-0.058217131318458515,0.989,-0.06482152841906938,-0.01014228630065918,0.07400579071044922,0,0,1,-0.03520329101272564,-0.03840981267436262,0.058217131318458515,0.01100000000000001,0.029618237406343742,-0.016766066454716986,0.0024870033521851055,0.016285422580645182,0.02767585485170458,1427107206877,0,0,0,0,0,0,0
0.03773018445055961,-0.05250312633058265,0.987,-0.06544984694978737,-0.015724981307983398,0.08486971282958984,0,0,1,-0.03520329101272564,-0.03773018445055961,0.05250312633058265,0.013000000000000012,0.030246555937061728,-0.014947417301495795,-0.0017034161989943862,0.016977617647058848,0.033018549454935195,1427107206945,0,0,0,0,0,0,0
0.037583405274096204,-0.049009265442410466,0.989,-0.06574655292262635,-0.00562461519241333,0.05215170669555664,0,0,1,-0.03520329101272564,-0.037583405274096204,0.049009265442410466,0.01100000000000001,0.030543261909900712,-0.017580351835390542,0.006580510717062546,-0.005958311111111107,0.03195614749484826,1427107207008,0,0,0,0,0,0,0
0.03739105381983577,-0.04588678895756945,0.984,-0.06496115475922895,-0.005956201076507568,0.04654639434814453,0,0,1,-0.03520329101272564,-0.03739105381983577,0.04588678895756945,0.016000000000000014,0.029757863746503313,-0.017334997644229074,0.008389243616192386,0.0349968941176471,0.026292871849161844,1427107207076,0,0,0,0,0,0,0
0.039140184282121016,-0.04440038787692974,0.961,-0.06241297405131721,0.02473426055908203,0.023952173233032226,0,0,1,-0.03520329101272564,-0.039140184282121016,0.04440038787692974,0.039000000000000035,0.027209683038591573,-0.02909799761691321,0.01535416761659929,0.15774210967741953,0.014879776387405733,1427107207138,0,0,0,0,0,0,0
0.0409832108369513,-0.044951880181088325,0.938,-0.06143558967020038,0.028107540130615234,-0.006531966209411621,0,0,1,-0.03520329101272564,-0.0409832108369513,0.044951880181088325,0.062000000000000055,0.026232298657474742,-0.02980059672773358,0.026931935317817988,0.16686805373134342,0.021855950682324758,1427107207205,0,0,0,0,0,0,0
0.04325266148042503,-0.04615558850550084,0.901,-0.06115633698988134,0.03508609771728516,-0.015931501388549804,0,0,1,-0.03520329101272564,-0.04325266148042503,0.04615558850550084,0.09899999999999998,0.025953045977155705,-0.03394287969705155,0.03136920602264403,0.2824980555555551,0.02462327130896981,1427107207268,0,0,0,0,0,0,0
0.044305873324449685,-0.04774568369611324,0.872,-0.061138883697361326,0.01722640037536621,-0.02284128189086914,0,0,1,-0.03520329101272564,-0.044305873324449685,0.04774568369611324,0.128,0.02593559268463569,-0.027312497797347658,0.03369376569499841,0.25027760588235304,0.025858592864694444,0,0,0,0,0,0,0,0
0.046602227595972996,-0.045683628789968185,0.836,-0.05989969992844542,0.03249105834960937,0.03297766876220703,0,0,1,-0.03520329101272564,-0.046602227595972996,0.045683628789968185,0.16400000000000003,0.02469640891571978,-0.036031915241856345,0.012866116075992595,0.3340555064516131,0.018700358420965388,0,0,0,0,0,0,0,0
0.04868275684532677,-0.04152304424844141,0.79,-0.059917153220965316,0.027415937423706054,0.06416506958007813,0,0,1,-0.03520329101272564,-0.04868275684532677,0.04152304424844141,0.20999999999999996,0.02471386220823968,-0.0348506003292151,0.0010399186345025069,0.4058224058823525,0.024790862028180403,0,0,0,0,0,0,0,0
0.05024557910482981,-0.035042950742229524,0.745,-0.05913175505756792,0.01757971954345703,0.09843073272705079,0,0,1,-0.03520329101272564,-0.05024557910482981,0.035042950742229524,0.255,0.02392846404484228,-0.033776941010515316,-0.01734480113257584,0.46067095806451636,0.020128150350983896,0,0,0,0,0,0,0,0
0.052465223274474435,-0.027323600462066746,0.695,-0.058817595792208924,0.026393579483032226,0.11755550384521485,0,0,1,-0.03520329101272564,-0.052465223274474435,0.027323600462066746,0.30500000000000005,0.023614304779483286,-0.0375246948326282,-0.024336673176831032,0.5060656411764708,0.022228308020546553,0,0,0,0,0,0,0,0
0.05234181429832808,-0.021768592004721234,0.641,-0.05921902152016758,-0.006746091842651367,0.0830722198486328,0,0,1,-0.03520329101272564,-0.05234181429832808,0.021768592004721234,0.359,0.02401573050744194,-0.025374139585935252,-0.01872764961785624,0.5989772096774191,0.0259581130620806,0,0,0,0,0,0,0,0
0.0505584160816689,-0.01790951022925883,0.589,-0.05822418384653085,-0.030130043029785156,0.056201515197753904,0,0,1,-0.03520329101272564,-0.0505584160816689,0.01790951022925883,0.41100000000000003,0.023020892833805214,-0.016034228248638732,-0.009149014230925411,0.6061803588235297,0.018631903097172588,0,0,0,0,0,0,0,0
0.0478983071413239,-0.014175018446463315,0.538,-0.057089719832734497,-0.04309374237060547,0.05360052490234375,0,0,1,-0.03520329101272564,-0.0478983071413239,0.014175018446463315,0.46199999999999997,0.02188642882000886,-0.009135222236970797,-0.011891585528672784,0.665577233333333,0.01648421923050241,0,0,0,0,0,0,0,0
0.04470211319264816,-0.012229379168894394,0.485,-0.05841617006425022,-0.04953003692626953,0.026401481628417968,0,0,1,-0.03520329101272564,-0.04470211319264816,0.012229379168894394,0.515,0.023212879051524582,-0.005894907436277866,-0.0021232324295527103,0.700940017647059,0.029064865367035123,0,0,0,0,0,0,0,0
0.03995342341187559,-0.011494066288038096,0.432,-0.0593761011528471,-0.07175279235839843,0.006852241516113281,0,0,1,-0.03520329101272564,-0.03995342341187559,0.011494066288038096,0.5680000000000001,0.02417281014012146,0.006810787796518048,0.003379597450848681,0.7732610483870972,0.028817637988170865,0,0,0,0,0,0,0,0
0.038152971138069834,-0.009624124412031303,0.381,-0.0594459143229268,-0.028623661041259765,0.026397083282470705,0,0,1,-0.03520329101272564,-0.038152971138069834,0.009624124412031303,0.619,0.02424262331020116,-0.009855016054885195,-0.0030225701036568882,0.7815766999999997,0.024550622589964554,0,0,0,0,0,0,0,0
0.03508834429726471,-0.00652878147932029,0.333,-0.05963790054064623,-0.04864665985107422,0.04361704635620117,0,0,1,-0.03520329101272564,-0.03508834429726471,0.00652878147932029,0.667,0.024434609527920592,-0.0003111783591858014,-0.01241520299712109,0.8325798419354842,0.025363575097530743,0,0,0,0,0,0,0,0
0.032695409290242776,0.0005923422065374608,0.29,-0.06092944418712205,-0.042196769714355466,0.10448757934570313,0,0,1,-0.03520329101272564,-0.032695409290242776,-0.0005923422065374608,0.71,0.025726153174396416,-0.0041206793029641715,-0.035155300029475055,0.8221636294117642,0.03142413985002505,0,0,0,0,0,0,0,0
0.02873208817707316,0.009672852450010688,0.246,-0.062465333928877056,-0.0676334228515625,0.13233489990234376,0,0,1,-0.03520329101272564,-0.02873208817707316,-0.009672852450010688,0.754,0.02726204291615142,0.007900177046109487,-0.05430965474182498,0.8891019967741938,0.03469376747303047,0,0,0,0,0,0,0,0
0.022312189131784215,0.023400764132291325,0.219,-0.06103416394224171,-0.108965087890625,0.19950566101074219,0,0,1,-0.03520329101272564,-0.022312189131784215,-0.023400764132291325,0.781,0.025830872929516073,0.02176496537818355,-0.08058694713265757,0.8065962882352942,0.019516887694360135,0,0,0,0,0,0,0,0
0.015292736707985002,0.03685859640946781,0.187,-0.05962044724812627,-0.11740889739990235,0.19506919860839844,0,0,1,-0.03520329101272564,-0.015292736707985002,-0.03685859640946781,0.813,0.024417156235400632,0.03184755316819403,-0.0926519804708751,0.8789114612903222,0.01757659158645495,0,0,0,0,0,0,0,0
0.00797309682973668,0.049385235464550536,0.183,-0.05768313177841256,-0.12079553985595703,0.1810236053466797,0,0,1,-0.03520329101272564,-0.00797309682973668,-0.049385235464550536,0.817,0.022479840765686925,0.0335506273197774,-0.08745259621339359,0.7276101352941177,0.013932860752244099,0,0,0,0,0,0,0,0
0.0009778205229853398,0.060391007816906025,0.132,-0.06195918844579868,-0.11427205657958985,0.15876272583007814,0,0,1,-0.03520329101272564,-0.0009778205229853398,-0.060391007816906025,0.868,0.026755897433073043,0.03886250522601642,-0.09064693679040582,1.041106725806452,0.047446494210747814,0,0,0,0,0,0,0,0
-0.006176806025374849,0.06955396661110054,0,-0.04483750848373431,-0.11562396240234375,0.1305354766845703,0,0,1,-0.03520329101272564,0.006176806025374849,-0.06955396661110054,1,0.00963421747100867,0.03773423738863567,-0.0776912957949556,1.5076701666666668,-0.06170611570425955,0,0,0,0,0,0,0,0
