0,0,0.733,0,-0.022662147521972657,-0.03335613632202149,0,0,1,0,0,0,0.267,0,0,0,0.2136,0,0,0,0,0,0,0,0,0
0.0003536974906921387,0.0005078304608662923,0.732,-0.0023387411976723838,0.0053054623603820805,0.007617456912994385,0,0,1,0,-0.0003536974906921387,-0.0005078304608662923,0.268,0.0023387411976723838,-0.0020527506969361163,-0.002988717032589667,0.2215266153846154,0.013132931340775693,0,0,0,0,0,0,0,0
0.0026861679445376267,-0.000262377801745393,0.728,-0.005061454830783518,0.035013980865478515,-0.011471266746520997,0,0,1,0,-0.0026861679445376267,0.000262377801745393,0.272,0.005061454830783518,-0.014100734354564685,0.004343103169023904,0.24295780000000006,0.01782417498599196,0,0,0,0,0,0,0,0
0.0052674892325497635,-0.0003577784731831063,0.728,-0.003473205211468683,0.038726566314697265,-0.0012350139617919923,0,0,1,0,-0.0052674892325497635,0.0003577784731831063,0.272,0.003473205211468683,-0.015925491608608552,0.0006700032256409842,0.22293240000000003,-0.00353377840315559,0,0,0,0,0,0,0,0
0.004499252726469079,0.00009276216426881126,0.733,-0.00012217304763956216,-0.011546950340270996,0.006718045234680176,0,0,1,0,-0.004499252726469079,-0.00009276216426881126,0.267,0.00012217304763956216,0.0021500089912472884,-0.0026314257769807854,0.19187257540983604,-0.016358313003979063,0,0,0,0,0,0,0,0
0.006534515903813629,0.0008023643351657548,0.736,0.003525565089028543,0.030527647018432618,0.010647762298583984,0,0,1,0,-0.006534515903813629,-0.0008023643351657548,0.264,-0.003525565089028543,-0.014072912061172858,-0.004164729006971552,0.2039944090909091,-0.02010619298297447,0,0,0,0,0,0,0,0
0.009730103714290107,0.0013002002339679976,0.742,0.0051836278784231915,0.04795984649658203,0.0072984986305236815,0,0,1,0,-0.009730103714290107,-0.0013002002339679976,0.258,-0.0051836278784231915,-0.022090979516906528,-0.003332105110866557,0.18447280769230773,-0.012836225367936955,0,0,0,0,0,0,0,0
0.014345392702466164,0.0019184221529502032,0.749,0.008203047484373368,0.06927647399902344,0.00891434669494629,0,0,1,0,-0.014345392702466164,-0.0019184221529502032,0.251,-0.008203047484373368,-0.03205249331924889,-0.004290695461110723,0.17511969230769228,-0.022138830281066488,0,0,0,0,0,0,0,0
0.0145748066054303,0.003339789509372893,0.758,0.008534660042252286,0.0036159839630126953,0.02129156494140625,0,0,1,0,-0.0145748066054303,-0.003339789509372893,0.242,-0.008534660042252286,-0.008523840137357658,-0.009099782896682205,0.16021847462686561,-0.010019492390963862,0,0,0,0,0,0,0,0
0.01663542260076051,0.004005040155248356,0.767,0.007470009198535744,0.03099327850341797,0.009714599609375,0,0,1,0,-0.01663542260076051,-0.004005040155248356,0.23299999999999998,-0.007470009198535744,-0.019814064255604814,-0.0057057149620012085,0.15150129999999998,-0.0024002432760760195,0,0,0,0,0,0,0,0
0.017505122684844568,0.004411528489737339,0.784,0.00818559419185344,0.013090683937072753,0.005999705791473389,0,0,1,0,-0.017505122684844568,-0.004411528489737339,0.21599999999999997,-0.00818559419185344,-0.013495426439428904,-0.004404773040789736,0.09776683846153837,-0.011488294161012038,0,0,0,0,0,0,0,0
0.018365282777422387,0.003751526296426874,0.799,0.0067020643276582414,0.012820932388305664,-0.010005313873291016,0,0,1,0,-0.018365282777422387,-0.003751526296426874,0.20099999999999996,-0.0067020643276582414,-0.013886074734489552,0.0016654308673083027,0.09784256923076912,0.00014499658401190708,0,0,0,0,0,0,0,0
0.01786793673773697,0.004256709162401691,0.815,0.006632251157578456,-0.0074092369079589845,0.007627571105957031,0,0,1,0,-0.01786793673773697,-0.004256709162401691,0.18500000000000005,-0.006632251157578456,-0.0063393674690320236,-0.0048640008227861815,0.08086045384615444,-0.006310036526440984,0,0,0,0,0,0,0,0
0.016600827332490783,0.003464740298864896,0.828,0.006318091892219491,-0.019085010528564452,-0.011753215789794921,0,0,1,0,-0.016600827332490783,-0.003464740298864896,0.17200000000000004,-0.006318091892219491,-0.0017757242211286564,0.002387028444823892,0.08985625223880596,-0.00491140861449278,0,0,0,0,0,0,0,0
0.016052235522363432,0.002170068643867771,0.84,0.006370451769779323,-0.008351409912109375,-0.01936769676208496,0,0,1,0,-0.016052235522363432,-0.002170068643867771,0.16000000000000003,-0.006370451769779323,-0.005130818521526012,0.00597606026198608,0.08356569999999998,-0.006615888695841036,0,0,0,0,0,0,0,0
0.015050681554651077,0.0005599459984265353,0.853,0.006073745796940283,-0.015176861763000489,-0.02405564498901367,0,0,1,0,-0.015050681554651077,-0.0005599459984265353,0.14700000000000002,-0.006073745796940283,-0.002246953039247785,0.008370413174302694,0.06974619999999998,-0.004704333614606254,0,0,0,0,0,0,0,0
0.01460857588419199,-0.0011792331956378107,0.864,0.00575958653158129,-0.00678991174697876,-0.02604692840576172,0,0,1,0,-0.01460857588419199,0.0011792331956378107,0.136,-0.00575958653158129,-0.005047809686629802,0.009935689150113393,0.07259943076923073,-0.00430962069146286,0,0,0,0,0,0,0,0
0.01248978934483813,-0.0009742660828148693,0.874,0.004712388980384702,-0.03176356315612793,0.00325750470161438,0,0,1,0,-0.01248978934483813,0.0009742660828148693,0.126,-0.004712388980384702,0.00469093432155343,-0.0006016764166863849,0.07243559402985071,-0.00002344472129550256,0,0,0,0,0,0,0,0
0.010666376775655491,-0.0006011720146492389,0.884,0.002460914245312001,-0.027324512481689454,0.0057252378463745115,0,0,1,0,-0.010666376775655491,0.0006011720146492389,0.11599999999999999,-0.002460914245312001,0.004657702725421487,-0.00178986581184043,0.06184964444444441,0.008260394016938954,0,0,0,0,0,0,0,0
0.009945747176933853,0.0017809991198910993,0.895,0.0010995574287564476,-0.010721476554870605,0.035759059906005856,0,0,1,0,-0.009945747176933853,-0.0017809991198910993,0.10499999999999998,-0.0010995574287564476,-0.0013542329762220562,-0.013353577393872837,0.05184601343283577,0.0049960701080594624,0,0,0,0,0,0,0,0
0.006875504617821123,0.005787739668701915,0.906,0.00008726646259973836,-0.045987525939941404,0.060151710510253906,0,0,1,0,-0.006875504617821123,-0.005787739668701915,0.09399999999999997,-0.00008726646259973836,0.013468976863210289,-0.02517608609139087,0.03998978888888883,0.0047331667095750676,1427107329474,0,0,0,0,0,0,0
0.005200408756001133,0.011034545820187997,0.914,-0.0003839724354387513,-0.02511956977844238,0.07870428466796875,0,0,1,0,-0.005200408756001133,-0.011034545820187997,0.08599999999999997,0.0003839724354387513,0.00586790234582256,-0.032552942840030824,0.054109229411764645,0.0024629675738438526,1427107329474,0,0,0,0,0,0,0
0.0034379457722152618,0.014991627725790456,0.923,-0.0013439035240356283,-0.026459733963012697,0.05934607315063477,0,0,1,0,-0.0034379457722152618,-0.014991627725790456,0.07699999999999996,0.0013439035240356283,0.007916612017073436,-0.029519096985402574,0.03857079999999993,0.005915003945925519,1427107329474,0,0,0,0,0,0,0
0.00002270840185145359,0.022118273877028,0.933,-0.002076941809873251,-0.051372177124023435,0.10683074951171875,0,0,1,0,-0.00002270840185145359,-0.022118273877028,0.06699999999999995,0.002076941809873251,0.018222494607335864,-0.04948725708124701,0.027160146153846078,0.005460195436816125,1427107329474,0,0,0,0,0,0,0
-0.001880010554556801,0.028869002355961335,0.944,-0.0032637657012293824,-0.028751035690307618,0.10120143127441407,0,0,1,0,0.001880010554556801,-0.028869002355961335,0.05600000000000005,0.0032637657012293824,0.011030746171101322,-0.050857214090607006,0.013339530769231354,0.008741414430565373,1427107329474,0,0,0,0,0,0,0
-0.004062391358455547,0.035694992350271536,0.953,-0.004485496177625392,-0.0330697135925293,0.10228246307373047,0,0,1,-0.0032637657012293824,0.004062391358455547,-0.035694992350271536,0.04700000000000004,0.0012217304763960097,0.0020311956792277734,-0.017847496175135768,0.037600000000000036,0.0012217304763960097,1427107329474,0,0,0,0,0,0,0
-0.0045512449610669945,0.04290596735180001,0.956,-0.004502949470145345,-0.007817900657653809,0.10813064575195312,0,0,1,-0.0032637657012293824,0.0045512449610669945,-0.04290596735180001,0.04400000000000004,0.001239183768915963,0.004910869419204447,-0.060309199485985836,0.019332153846153867,0.001319737426700363,1427107329865,0,0,0,0,0,0,0
-0.004819316065358168,0.04936936512837914,0.961,-0.004031710572106883,-0.004457589626312256,0.09693187713623047,0,0,1,-0.0032637657012293824,0.004819316065358168,-0.04936936512837914,0.039000000000000035,0.0007679448708775003,0.0037956712195033795,-0.058013631167177525,0.00601590588235295,-0.0013110502675274822,1427107329933,0,0,0,0,0,0,0
-0.005213093826965507,0.055653474498223804,0.962,-0.004136430327226547,-0.006286653041839599,0.094237060546875,0,0,1,-0.0032637657012293824,0.005213093826965507,-0.055653474498223804,0.038000000000000034,0.0008726646259971647,0.0048389534526202295,-0.0633975134091673,0.025541638709677444,0.0013793731185116696,1427107329995,0,0,0,0,0,0,0
-0.005515688076365376,0.06311899748084716,0.963,-0.003438298626428803,-0.0050020828247070315,0.1119631118774414,0,0,1,-0.0032637657012293824,0.005515688076365376,-0.06311899748084716,0.03700000000000003,0.0001745329251994208,0.004375618428725162,-0.07128701708483665,0.025327969696969724,-0.002998792987517597,1427107330061,0,0,0,0,0,0,0
-0.005326036533680892,0.06945938019558656,0.969,-0.0028448866807507514,0.0025177550315856933,0.09511495971679687,0,0,1,-0.0032637657012293824,0.005326036533680892,-0.06945938019558656,0.031000000000000028,-0.000418879020478631,0.0016583874925846817,-0.06905298474464786,-0.0062751923076923045,-0.0031577033851465618,1427107330126,0,0,0,0,0,0,0
-0.005126787502923863,0.07616327367084753,0.968,-0.0014311699866353103,0.002702646493911743,0.10056649780273437,0,0,1,-0.0032637657012293824,0.005126787502923863,-0.07616327367084753,0.03200000000000003,-0.001832595714594072,0.0015104166071539787,-0.0744118032437421,0.03242511538461541,-0.008357441995126877,1427107330191,0,0,0,0,0,0,0
-0.006012071032205463,0.08167821818461656,0.973,-0.0005759586531580976,-0.013397631645202636,0.082705078125,0,0,1,-0.0032637657012293824,0.006012071032205463,-0.08167821818461656,0.027000000000000024,-0.0026878070480712848,0.007724591117613977,-0.07037121305696337,-0.0032964515151515106,-0.006517111526327461,1427107330257,0,0,0,0,0,0,0
-0.00616333678043928,0.0847788368275693,0.97,0.0008726646259971946,-0.0022957732677459717,0.046507965087890624,0,0,1,-0.0032637657012293824,0.00616333678043928,-0.0847788368275693,0.030000000000000027,-0.004136430327226577,0.003936717705370114,-0.05968637116160938,0.04221695000000004,-0.011034636418442257,1427107330321,0,0,0,0,0,0,0
-0.006535697326213272,0.08688386457637633,0.967,0.0007330382858376236,-0.005557851314544678,0.031580278396606445,0,0,1,-0.0032637657012293824,0.006535697326213272,-0.08688386457637633,0.03300000000000003,-0.003996803987067006,0.005304929944263877,-0.055173616145608305,0.04457904615384619,-0.0033523747247920636,1427107330386,0,0,0,0,0,0,0
-0.0056714253233765615,0.0868346401652985,0.962,0.0009599310885968779,0.012963535308837891,-0.0007478691339492798,0,0,1,-0.0032637657012293824,0.0056714253233765615,-0.0868346401652985,0.038000000000000034,-0.004223696789826261,-0.0017823102770595993,-0.04360562713371995,0.05959527692307698,-0.005270894341022819,1427107330451,0,0,0,0,0,0,0
-0.004925298741151975,0.08502054169126955,0.96,0.0001570796326794974,0.011165772438049316,-0.02722220802307129,0,0,1,-0.0032637657012293824,0.004925298741151975,-0.08502054169126955,0.040000000000000036,-0.0034208453339088798,-0.0015160044745402492,-0.03325067321752948,0.04530143076923081,0.0002846229241713397,1427107330516,0,0,0,0,0,0,0
-0.0031482577523524956,0.08022033197911767,0.961,0.0002094395102393296,0.026644304275512697,-0.07200733184814453,0,0,1,-0.0032637657012293824,0.0031482577523524956,-0.08022033197911767,0.039000000000000035,-0.003473205211468712,-0.007808544658637,-0.015216078768581585,0.02868656969696973,-0.0037112046549224948,1427107330582,0,0,0,0,0,0,0
-0.0017625613798330994,0.07423134441840616,0.959,0.0010471975511966167,0.02076663017272949,-0.08983916473388671,0,0,1,-0.0032637657012293824,0.0017625613798330994,-0.07423134441840616,0.041000000000000036,-0.0043109632524259995,-0.0066545896294984835,-0.00497247489045434,0.046789500000000046,-0.008237954069413285,1427107330646,0,0,0,0,0,0,0
-0.0001266230925058038,0.06650501632457866,0.96,-0.00027925268031908564,0.02441769599914551,-0.1159205551147461,0,0,1,-0.0032637657012293824,0.0001266230925058038,-0.06650501632457866,0.040000000000000036,-0.0029845130209102968,-0.008703347901160454,0.0076984902938170285,0.02992738461538464,0.003137564970700638,1427107330711,0,0,0,0,0,0,0
0.002512406342957306,0.05856340076299474,0.952,0.0000872664625997396,0.03961870574951172,-0.11911317443847656,0,0,1,-0.0032637657012293824,-0.002512406342957306,-0.05856340076299474,0.04800000000000004,-0.003351032163829122,-0.015425755711438545,0.012790472075109097,0.08510092307692316,-0.0050426589773006235,1427107330776,0,0,0,0,0,0,0
0.003192831143651395,0.04990913475023416,0.946,-0.001343903524035627,0.010195043563842774,-0.12981488037109376,0,0,1,-0.0032637657012293824,-0.003192831143651395,-0.04990913475023416,0.05400000000000005,-0.0019198621771937554,-0.005221710803272699,0.020922512727160687,0.07948269230769238,0.004685537761123321,1427107330841,0,0,0,0,0,0,0
0.005601775618685254,0.03966444930881377,0.938,-0.0016057029118347601,0.036340652465820314,-0.15362158203125,0,0,1,-0.0032637657012293824,-0.005601775618685254,-0.03966444930881377,0.062000000000000055,-0.0016580627893946222,-0.015350148682978576,0.03293539985192658,0.09578144477611948,-0.0004858267246223844,1427107330908,0,0,0,0,0,0,0
0.006536907890423065,0.027949893519257127,0.932,-0.002984513020910267,0.014309117317199707,-0.17569558715820313,0,0,1,-0.0032637657012293824,-0.006536907890423065,-0.027949893519257127,0.06799999999999995,-0.0002792526803191155,-0.008351864748547828,0.04932175328903321,0.09203809999999939,0.006183919705972322,1427107330972,0,0,0,0,0,0,0
0.007987893770443398,0.016213537503143687,0.928,-0.0035430183815484675,0.02229010009765625,-0.17597959899902343,0,0,1,-0.0032637657012293824,-0.007987893770443398,-0.016213537503143687,0.07199999999999995,0.00027925268031908515,-0.011663247178397248,0.05335350498880154,0.08411292121212119,0.002817913410492724,1427107331038,0,0,0,0,0,0,0
0.008856851178220099,0.0046703269191985825,0.924,-0.004345869837465875,0.01364774513244629,-0.17310089111328125,0,0,1,-0.0032637657012293824,-0.008856851178220099,-0.0046703269191985825,0.07599999999999996,0.0010821041362364925,-0.009087862171024457,0.05903957226584098,0.08813326153846152,0.004787572394316835,1427107331103,0,0,0,0,0,0,0
0.008256478648592408,-0.007863791198020458,0.924,-0.004939281783143927,-0.008188430786132812,-0.18804913330078124,0,0,1,-0.0032637657012293824,-0.008256478648592408,0.007863791198020458,0.07599999999999996,0.0016755160819145443,-0.0009303300379061514,0.06962488032584895,0.06709639999999997,0.00437284310772387,1427107331169,0,0,0,0,0,0,0
0.009920623004158061,-0.020315179288235168,0.924,-0.005532693728822006,0.025884370803833007,-0.18664524841308594,0,0,1,-0.0032637657012293824,-0.009920623004158061,0.020315179288235168,0.07599999999999996,0.002268928027592624,-0.01419769234571338,0.0785689430155048,0.06757519999999997,0.0050946991974882404,1427107331232,0,0,0,0,0,0,0
0.010522413486051204,-0.03166530828403901,0.921,-0.004974188368183833,0.009968666076660157,-0.17019938659667969,0,0,1,-0.0032637657012293824,-0.010522413486051204,0.03166530828403901,0.07899999999999996,0.001710422666954451,-0.00845159912130611,0.07528060634595425,0.0864056909090909,-0.0008282380632190622,1427107331298,0,0,0,0,0,0,0
0.010706472275728433,-0.04073905946566543,0.917,-0.0054628805587422485,0.0034378631114959715,-0.13609085083007813,0,0,1,-0.0032637657012293824,-0.010706472275728433,0.04073905946566543,0.08299999999999996,0.002199114857512866,-0.006350360352139097,0.06851254452612712,0.09577456153846153,0.004454617275474782,1427107331363,0,0,0,0,0,0,0
0.011428076295300876,-0.049308759441625445,0.917,-0.006300638599699536,0.011526124000549316,-0.1284844512939453,0,0,1,-0.0032637657012293824,-0.011428076295300876,0.049308759441625445,0.08299999999999996,0.0030368728984701532,-0.009673662522221415,0.07083583865492345,0.07476729999999998,0.006963863715457437,1427107331427,0,0,0,0,0,0,0
0.008831134367574052,-0.055869598000816326,0.921,-0.007400196028455928,-0.038333297729492184,-0.09865605926513672,0,0,1,-0.0032637657012293824,-0.008831134367574052,0.055869598000816326,0.07899999999999996,0.004136430327226546,0.008931688115608676,0.06105772451346353,0.051516264705882296,0.00898741898350475,1427107331495,0,0,0,0,0,0,0
0.006610243072799107,-0.06057292793030846,0.924,-0.009372418083209514,-0.03279037857055664,-0.07079454040527344,0,0,1,-0.0032637657012293824,-0.006610243072799107,0.06057292793030846,0.07599999999999996,0.006108652381980132,0.00900964141753237,0.05580813914637103,0.0535166333333333,0.015500185976044828,1427107331558,0,0,0,0,0,0,0
0.00271867936657819,-0.06247265037121073,0.935,-0.00986111027376793,-0.05810382080078125,-0.029041677474975585,0,0,1,-0.0032637657012293824,-0.00271867936657819,0.06247265037121073,0.06499999999999995,0.006597344572538548,0.019569944960810652,0.04089827155194417,0.002575030769230685,0.008852846990500464,1427107331623,0,0,0,0,0,0,0
-0.001357904915669157,-0.06401920183190286,0.94,-0.010454522219446009,-0.06091703414916992,-0.023800128936767577,0,0,1,-0.0032637657012293824,0.001357904915669157,0.06401920183190286,0.06000000000000005,0.007190756518216627,0.02227280949806537,0.03968593453496397,0.0316866484848491,0.00988808354402608,1427107331689,0,0,0,0,0,0,0
-0.004913646535591547,-0.06353895331738826,0.948,-0.011344640137963127,-0.05340851974487305,0.006645740509033203,3,0,1,0,3.0049136465355915,0.06353895331738826,0.052000000000000046,0.011344640137963127,1.5024568232677957,0.03176947665869413,0.04160000000000004,0.011344640137963127,0,0,0,0,0,0,0,0
-0.010455586818276333,-0.059965637900923865,0.953,-0.012374384396639761,-0.0837318115234375,0.05265323257446289,3,0,1,0,3.0104555868182765,0.059965637900923865,0.04700000000000004,0.012374384396639761,1.5370258064473359,0.010780867449520004,0.010982423076923094,0.01712705020591654,0,0,0,0,0,0,0,0
-0.01608047412375303,-0.05596766739205975,0.959,-0.01623156204354725,-0.08510891723632813,0.05892092514038086,3,0,1,0,3.0160804741237532,0.05596766739205975,0.041000000000000036,0.01623156204354725,1.5431465378113216,0.005847123719655175,0.00003046666666667308,0.03459907464786863,0,0,0,0,0,0,0,0
-0.020283031608280502,-0.05064785883403089,0.965,-0.02015855286053447,-0.06432523345947265,0.0787634506225586,3,0,1,0,3.0202830316082805,0.05064785883403089,0.03500000000000003,0.02015855286053447,1.5385907822907314,-0.003214035184420625,-0.0035163923076923023,0.03828312586201394,0,0,0,0,0,0,0,0
-0.025284069016500127,-0.04363896188364521,0.97,-0.023998277214922006,-0.07711951446533204,0.10359999084472657,3,0,1,0,3.0252840690165,0.04363896188364521,0.030000000000000027,0.023998277214922006,1.5473572429211226,-0.015785209677848893,-0.0019367769230769181,0.04172008192747986,0,0,0,0,0,0,0,0
-0.024612124276165045,-0.035769759246124654,0.973,-0.027506389011430623,0.007243831157684327,0.11824591064453124,3,0,1,0,3.024612124276165,0.035769759246124654,0.027000000000000024,0.027506389011430623,1.5186089386155817,-0.02306340588180598,0.007095558208955233,0.043214352279379656,0,0,0,0,0,0,0,0
-0.021124143581344165,-0.028769049097965745,0.974,-0.03082251459021984,0.049411819458007815,0.10640987396240234,3,0,1,0,3.021124143581344,0.028769049097965745,0.026000000000000023,0.03082251459021984,1.5032337323865619,-0.02372270741508447,0.016664850000000016,0.0463668532407943,0,0,0,0,0,0,0,0
-0.011799297687060218,-0.02159688272687498,0.975,-0.03307398932529251,0.13649081420898437,0.11184194183349609,3,0,1,0,3.0117992976870602,0.02159688272687498,0.025000000000000022,0.03307398932529251,1.4693931647461913,-0.027628976386909764,0.016111484615384628,0.04346541117947408,0,0,0,0,0,0,0,0
0.0019063414782789704,-0.01642752065324284,0.979,-0.03438298626428829,0.20290805053710936,0.08429628753662109,3,0,1,0,2.998093658521721,0.01642752065324284,0.02100000000000002,0.03438298626428829,1.4409002191974167,-0.019418648702831727,-0.003105861538461537,0.04042451059811495,0,0,0,0,0,0,0,0
0.02473062858186873,-0.012463171969358554,0.983,-0.03377212102609026,0.34011776733398436,0.07119927215576172,3,0,1,0,2.9752693714181313,0.012463171969358554,0.017000000000000015,0.03377212102609026,1.3823215887618483,-0.01490418834588995,-0.006195361538461539,0.030952743003637796,0,0,0,0,0,0,0,0
0.054618416673262705,-0.009201658860430235,0.983,-0.0323758576244948,0.4464092712402344,0.06403253173828125,3,0,1,0,2.9453815833267374,0.009201658860430235,0.017000000000000015,0.0323758576244948,1.3337258081028045,-0.012478281742660594,0.015455300000000016,0.026029205799060887,0,0,0,0,0,0,0,0
0.08953295526421938,-0.005803632418893029,0.983,-0.030682888250060297,0.521793701171875,0.06789654541015624,3,0,1,0,2.9104670447357806,0.005803632418893029,0.017000000000000015,0.030682888250060297,1.2856882007358723,-0.015460634890460257,0.015564100000000015,0.02274709430739858,0,0,0,0,0,0,0,0
0.1309317040537406,-0.002187092131577608,0.979,-0.02904227875318563,0.6190247192382813,0.07327307891845704,3,0,1,0,2.8690682959462595,0.002187092131577608,0.02100000000000002,0.02904227875318563,1.234876264016889,-0.018158204792235802,0.04043906153846157,0.021470234921456395,0,0,0,0,0,0,0,0
0.18049328544928495,0.0005042914807804671,0.979,-0.02886774582798621,0.7419379272460938,0.06194141387939453,3,0,1,0,2.819506714550715,-0.0005042914807804671,0.02100000000000002,0.02886774582798621,1.1679744386511421,-0.01452261152272241,0.01903710000000002,0.02806220925014274,0,0,0,0,0,0,0,0
0.239188842873318,0.0052417049252208164,0.978,-0.02780309498426967,0.8780154418945313,0.0964441909790039,3,0,1,0,2.760811157126682,-0.0052417049252208164,0.02200000000000002,0.02780309498426967,1.1052645784529394,-0.02678656266920027,0.02513375882352943,0.023106105967873165,0,0,0,0,0,0,0,0
0.3049502396538291,0.009062945816175332,0.977,-0.02703515011339214,0.9844462890625,0.0847184829711914,3,0,1,0,2.695049760346171,-0.009062945816175332,0.02300000000000002,0.02703515011339214,1.0108501549279896,-0.02554826316148658,0.02648715555555558,0.023378269775880096,0,0,0,0,0,0,0,0
0.3755071435933052,0.013055838041975219,0.98,-0.027611108766550266,1.0563477783203126,0.08848075866699219,3,0,1,0,2.624492856406695,-0.013055838041975219,0.020000000000000018,0.027611108766550266,0.9626969260966438,-0.02782426841640863,0.0025077538461538533,0.030269379473433927,0,0,0,0,0,0,0,0
0.4518261361445862,0.017100509897542426,0.982,-0.02984513020910301,1.142673583984375,0.09225171661376953,3,0,1,0,2.5481738638554137,-0.017100509897542426,0.018000000000000016,0.02984513020910301,0.8951671118458655,-0.030136533066680432,0.006409369230769239,0.040155998405500284,0,0,0,0,0,0,0,0
0.5343387259424467,0.021589881051123763,0.984,-0.031189033733138638,1.235128173828125,0.10424407958984375,3,0,1,0,2.4656612740575534,-0.021589881051123763,0.016000000000000014,0.031189033733138638,0.8221633577550322,-0.03478978674776888,0.004913369230769238,0.03739166538253384,0,0,0,0,0,0,0,0
0.6220813035125229,0.02408168816701994,0.98,-0.031695179216217007,1.3143330078125,0.0784013671875,3,0,1,0,2.3779186964874772,-0.02408168816701994,0.020000000000000018,0.031695179216217007,0.7516762435030866,-0.02529522935395159,0.04055106153846157,0.03403123529196332,0,0,0,0,0,0,0,0
0.7132659975395922,0.026074882647792147,0.96,-0.03166027263117713,1.366135986328125,0.07322737121582032,3,0,1,0,2.286734002460408,-0.026074882647792147,0.040000000000000036,0.03166027263117713,0.6890358003611883,-0.023623938002006614,0.1429649076923078,0.03149916531560846,0,0,0,0,0,0,0,0
0.8243259153066355,0.023115462759056883,0.938,-0.0322187779918153,1.6664691162109375,0.008364946365356445,3,0,1,0,2.1756740846933647,-0.023115462759056883,0.062000000000000055,0.0322187779918153,0.5278995941097806,0.004508670419684778,0.1717371384615386,0.03479649504091456,0,0,0,0,0,0,0,0
0.9486024520391158,0.018246888818609124,0.911,-0.033929200658769726,1.8655330810546875,-0.012940526962280274,3,0,1,0,2.0513975479608844,-0.018246888818609124,0.08899999999999997,0.033929200658769726,0.4060879496997337,0.01681377171960584,0.21864481818181766,0.041703849144926204,0,0,0,0,0,0,0,0
1.0769267204685053,0.01514492434593827,0.898,-0.03330088212805177,1.9253345947265625,0.018793880462646486,3,0,1,0,1.9230732795314947,-0.01514492434593827,0.10199999999999998,0.03330088212805177,0.3004254796587157,0.009500734275540485,0.15760955000000004,0.03035563901531134,0,0,0,0,0,0,0,0
1.1997816168449076,0.013750943650159962,0.895,-0.03378957431861022,1.8424979248046875,0.04045818710327148,3,0,1,0,1.8002183831550924,-0.013750943650159962,0.10499999999999998,0.03378957431861022,0.30965414453633233,0.0003994064118642039,0.10507097647058825,0.03594556927695632,0,1,0,0,0,0,0,0
1.3268902722125593,0.013639887139654461,0.907,-0.033562681515850935,1.9055977783203124,0.06274705505371093,3,0,1,0,1.6731097277874407,-0.013639887139654461,0.09299999999999997,0.033562681515850935,0.17333605790201123,-0.006111578487896985,0.013949033333333263,0.032482239597949596,0,1,0,0,0,0,0,0
1.4551100524201306,0.014048874686810328,0.914,-0.03300417615521277,1.9220076904296874,0.07067023468017578,3,0,1,0,1.5448899475798694,-0.014048874686810328,0.08599999999999997,0.03300417615521277,0.12597534163341495,-0.009144425282472387,0.03788239230769226,0.03042645910611354,0,1,0,0,0,0,0,0
1.581368878354386,0.014365637151088639,0.959,-0.03296926957017289,1.8926942138671874,0.0672435302734375,3,0,1,0,1.418631121645614,-0.014365637151088639,0.041000000000000036,0.03296926957017289,0.09464958163563963,-0.008764920143977277,-0.19522522686567123,0.03281297142820328,0,1,0,0,0,0,0,0
1.7081723554577075,0.014549968633406546,0.994,-0.033283428835531856,1.9009273681640626,0.06546138000488282,3,0,1,0,1.2918276445422925,-0.014549968633406546,0.006000000000000005,0.033283428835531856,0.08379003174156208,-0.008096759150838923,-0.15591501917808231,0.03457449430960979,0,0,0,0,0,0,0,0
1.8336077505132893,0.014179643093059687,1.01,-0.032009338481575986,1.8806737060546874,0.05706043243408203,3,0,1,0,1.1663922494867107,-0.014179643093059687,-0.010000000000000009,0.032009338481575986,-0.11438589358970852,-0.004839334864697545,-0.09588105423728822,0.025530912952986817,0,0,0,0,0,0,0,0
1.9569962753504062,0.013714339115289664,1.023,-0.03134611336581815,1.8501031494140625,0.05225767517089844,3,0,1,0,1.0430037246495938,-0.013714339115289664,-0.02299999999999991,0.03134611336581815,0.07819614832979721,-0.004964957099344211,-0.06327274545454498,0.02908511865300734,0,0,0,0,0,0,0,0
2.1228582733788377,0.005226058922143676,1.028,-0.030787608005179948,2.4906982421875,-0.04928749084472656,3,0,1,0,0.8771417266211623,-0.005226058922143676,-0.028000000000000025,0.030787608005179948,-0.8957999533697545,0.06816201550802183,-0.05735246666666764,0.026798284000621373,0,0,0,0,0,0,0,0
2.2820900802034285,-0.003070417355269597,1.027,-0.028658306317746893,2.391176025390625,-0.050864288330078125,3,0,1,0,0.7179099197965715,0.003070417355269597,-0.026999999999999913,0.028658306317746893,-0.5064197359520799,0.04917919106435509,-0.009312795081966498,0.018186330805781047,0,0,0,0,0,0,0,0
2.4336502897950103,-0.010835922839438622,1.024,-0.027052603405912132,2.275807373046875,-0.05129178619384766,3,0,1,0,0.5663497102049897,0.010835922839438622,-0.02400000000000002,0.027052603405912132,-0.4719293130122162,0.04664707367715349,0.003100190909090316,0.01975395380666322,0,0,0,0,0,0,0,0
2.5763373685954996,-0.01799973544348886,1.021,-0.025481807079117198,2.1424296875,-0.04952407836914063,3,0,1,0,0.42366263140450044,0.01799973544348886,-0.020999999999999908,0.025481807079117198,-0.36346150786169557,0.04040434900935684,0.0025481000000005735,0.019591320853636195,0,0,0,0,0,0,0,0
2.708016428099704,-0.024970375600799285,1.02,-0.02169444260228952,1.977208740234375,-0.054199798583984375,3,0,1,0,0.2919835719002961,0.024970375600799285,-0.020000000000000018,0.02169444260228952,-0.380907366335031,0.043064515934006016,-0.005561900000000494,0.007491825814185737,0,0,0,0,0,0,0,0
2.82687200510385,-0.031103870971858516,1.021,-0.01841322360854016,1.784409912109375,-0.05330623245239258,3,0,1,0,0.17312799489614994,0.031103870971858516,-0.020999999999999908,0.01841322360854016,-0.3593254128411063,0.04121707089566568,-0.015079966666666129,0.006694584345149577,0,0,0,0,0,0,0,0
2.976818360373977,-0.05039205880155252,1.022,-0.016074482410867747,2.25414111328125,-0.24786117553710937,3,0,1,0,0.023181639626022932,0.05039205880155252,-0.02200000000000002,0.016074482410867747,-0.5287230659948831,0.10120220707945772,-0.015841684269663373,0.008191085115342764,1427107334235,0,0,0,0,0,0,0
3.108593014405921,-0.06797426380497498,1.028,-0.014433872913993106,1.9806036376953124,-0.23192723083496095,3,0,1,0,-0.10859301440592084,0.06797426380497498,-0.028000000000000025,0.014433872913993106,-46.12606371209273,6.187913316472309,-2.116711900000002,-0.47774897614839934,0,0,0,0,0,0,0,0
3.2225050461511664,-0.08416058140303648,1.03,-0.011850785621041514,1.7120068359375,-0.21810745239257812,3,0,1,0,-0.2225050461511664,0.08416058140303648,-0.030000000000000027,0.011850785621041514,-0.5367111866289891,0.10974840895378074,-0.02689723333333336,0.002625473860500117,0,0,0,0,0,0,0,0
3.304066570447854,-0.08353336695336996,1.027,-0.011763519158441775,1.2232254638671876,0.023905738830566407,3,0,1,0,-0.304066570447854,0.08353336695336996,-0.026999999999999913,0.011763519158441775,-0.5788164815117562,0.038383180800808624,0.0011741000000007364,0.011327186845443081,0,0,0,0,0,0,0,0
3.3709795193815837,-0.08015745553615805,1.02,-0.043511058252218605,1.0030291137695313,0.06244187164306641,3,0,1,0,-0.3709795193815837,0.08015745553615805,-0.020000000000000018,0.043511058252218605,-0.6689227223608362,0.013535404510295439,0.044867918181817346,0.25997155207342426,0,0,0,0,0,0,0,0
3.4225381801195116,-0.08110920816252978,1.014,-0.055466563628379734,0.7732689208984375,0.01937718391418457,3,0,1,0,-0.4225381801195116,0.08110920816252978,-0.014000000000000012,0.055466563628379734,-0.4320593469563855,0.04589130688974262,0.02523558358208957,0.10899867725298179,0,0,0,0,0,0,0,0
3.463753146902867,-0.07854939481470817,1.006,-0.05499532473034132,0.6151450805664063,0.07261135864257813,3,0,1,0,-0.46375314690286684,0.07854939481470817,-0.006000000000000005,0.05499532473034132,-0.3011793200474618,0.032452152171949,0.022982727642276442,0.053845961564393974,0,0,0,0,0,0,0,0
3.49300605268946,-0.07492976042479597,0.995,-0.04017747938090945,0.435145751953125,0.07833186340332031,3,0,1,0,-0.4930060526894602,0.07492976042479597,0.0050000000000000044,0.04017747938090945,-2.7581763887441384,-0.2787886552284637,0.9715205000000007,-1.0711609218264806,0,0,0,0,0,0,0,0
3.5106578954644703,-0.06504125650858919,0.981,-0.03438298626428828,0.25860614013671873,0.15884309387207032,3,0,1,0,-0.5106578954644703,0.06504125650858919,0.019000000000000017,0.03438298626428828,-0.2463370169487954,0.011726417095476907,0.050775213580246954,0.023652443455730567,0,0,0,0,0,0,0,0
3.5147940826807194,-0.051651420187121086,0.969,-0.046041785667610406,0.05510176086425781,0.20286163330078125,3,0,1,0,-0.5147940826807194,0.051651420187121086,0.031000000000000028,0.046041785667610406,-Infinity,-Infinity,Infinity,Infinity,0,0,0,0,0,0,0,0
3.5082990692674256,-0.0379369817085378,0.971,-0.059952059806005195,-0.10679016876220702,0.2010145263671875,3,0,1,0,-0.5082990692674256,0.0379369817085378,0.029000000000000026,0.059952059806005195,-0.14033329598473646,-0.12162681322183752,0.00803866470588236,0.18268977279184156,0,0,0,0,0,0,0,0
3.493315112847366,-0.026480068567663946,0.975,-0.051853732076751494,-0.23465235900878906,0.15807823181152345,3,0,1,0,-0.49331511284736607,0.026480068567663946,0.025000000000000022,0.051853732076751494,-0.1717842826679527,-0.008161558176505797,0.01818959230769232,0.038504840215344296,0,0,0,0,0,0,0,0
3.472117429547908,-0.019095547615414245,0.984,-0.03466223894460736,-0.3232790222167969,0.09413863372802735,3,0,1,0,-0.4721174295479078,0.019095547615414245,0.016000000000000014,0.03466223894460736,7.229183691810063,-2.5744034357136383,-3.1313165000000023,-5.122785700698632,0,0,0,0,0,0,0,0
3.43818964558879,-0.016259969036434067,1.01,-0.012095131716320665,-0.5100850830078125,0.02487146759033203,3,0,1,0,-0.4381896455887899,0.016259969036434067,-0.010000000000000009,0.012095131716320665,0.816466211696034,-0.07394131573970414,-0.760461833333334,-0.5520825489908467,0,0,0,0,0,0,0,0
3.402606567004868,-0.01622893224302455,1.035,-0.0004363323129985691,-0.5337127685546875,-0.005990055084228516,3,0,1,0,-0.40260656700486797,0.01622893224302455,-0.03499999999999992,0.0004363323129985691,-0.07343321593640975,0.008700107184160201,-0.08060401986754939,-0.02272684530949566,0,0,0,0,0,0,0,0
3.369361121907093,-0.021137023389466953,1.041,-0.026581364507873614,-0.49864950561523436,-0.07383895111083984,3,0,1,0,-0.3693611219070929,0.021137023389466953,-0.040999999999999925,0.026581364507873614,5.678657677034628,0.8701424657126426,-1.077465200000001,3.9483361937391304,0,0,0,0,0,0,0,0
3.331279088722429,-0.024540379109231118,1.047,-0.05866051615952937,-0.569671875,-0.066214599609375,3,0,1,0,-0.33127908872242884,0.024540379109231118,-0.04699999999999993,0.05866051615952937,0.19695694083793125,0.04129979756903158,-0.08246259999999998,0.2877973136713562,0,0,0,0,0,0,0,0
3.289983920548502,-0.031166800001245384,1.048,-0.053476888281106215,-0.6125347900390625,-0.1355404510498047,3,0,1,0,-0.2899839205485022,0.031166800001245384,-0.04800000000000004,0.053476888281106215,0.01740414426842196,0.03514571471925751,-0.03669852845528491,0.04083389345568388,0,0,0,0,0,0,0,0
3.242785686129348,-0.04159972281731367,1.048,-0.010821041362364801,-0.6985966186523438,-0.1941123046875,3,0,1,0,-0.24278568612934803,0.04159972281731367,-0.04800000000000004,0.010821041362364801,0.059726733260914516,0.05173471850122906,-0.034433800000000035,-0.09493725678327508,0,0,0,0,0,0,0,0
3.2014305960822473,-0.051487145702088066,1.035,0.026686084262993327,-0.6186851806640625,-0.15501510620117187,3,0,1,0,-0.20143059608224734,0.051487145702088066,-0.03499999999999992,-0.026686084262993327,Infinity,Infinity,Infinity,-Infinity,0,1,0,0,0,0,0,0
3.17205340084409,-0.057533891799032406,1.057,0.05778785153353227,-0.44292120361328124,-0.07891085815429688,3,0,1,0,-0.17205340084408993,0.057533891799032406,-0.05699999999999994,-0.05778785153353227,0.6011676746263005,0.1618057033711866,-0.5229750000000003,-0.6409459878561373,0,1,0,0,0,0,0,0
3.1509509636889708,-0.06382787307361781,1.058,0.06442010269111073,-0.3214608764648437,-0.0759703369140625,3,0,1,0,-0.15095096368897076,0.06382787307361781,-0.05800000000000005,-0.06442010269111073,0.017777745217252804,0.04736520154473849,-0.04571868079470229,-0.07759676062007456,0,1,0,0,0,0,0,0
3.140787166981177,-0.06744175614718022,1.063,0.026406831582674234,-0.15563040161132813,-0.04428130340576172,3,0,1,0,-0.14078716698117688,0.06744175614718022,-0.06299999999999994,-0.026406831582674234,3.531274149624082,1.299443194927347,-1.7974070999999627,11.377574500948274,0,1,0,0,0,0,0,0
3.1389760095210257,-0.06890143094833369,1.066,-0.023544491609403487,-0.027736003875732423,-0.02117016792297363,3,0,1,0,-0.13897600952102573,0.06890143094833369,-0.06600000000000006,0.023544491609403487,-0.010803334475778699,0.0469553227653296,-0.07396113636363731,0.3641216951917515,0,1,0,0,0,0,0,0
3.139606309859641,-0.07185308679931664,1.053,-0.04890412564088108,0.010494216918945313,-0.04403998565673828,3,0,1,0,-0.13960630985964118,0.07185308679931664,-0.052999999999999936,0.04890412564088108,-0.027517525419775955,0.04544489087406161,-0.0027354942148756223,0.1117792513387594,0,1,0,0,0,0,0,0
3.146931512087161,-0.06991433994092196,1.043,-0.023439771854283822,0.10832504272460937,0.03441778182983399,3,0,1,0,-0.14693151208716104,0.06991433994092196,-0.04299999999999993,0.023439771854283822,-0.05038174087487669,0.030506905226992766,-0.004412415447154386,-0.038668408113026555,0,1,0,0,0,0,0,0
3.1662055981959543,-0.063746888834,1.027,0.005602506898901807,0.2868636169433594,0.09926243591308594,3,0,1,0,-0.16620559819595426,0.063746888834,-0.026999999999999913,-0.005602506898901807,-Infinity,-Infinity,Infinity,-Infinity,0,1,0,0,0,0,0,0
3.195045868087381,-0.051413792629020856,1.018,0.04267330021126138,0.4336336975097656,0.18256988525390624,3,0,1,0,-0.195045868087381,0.051413792629020856,-0.018000000000000016,-0.04267330021126138,-0.5849000357897153,-0.20040545475745,0.1528875736842086,-0.6280016156695705,0,1,0,0,0,0,0,0
3.2363073023501276,-0.03140012833620139,1.007,0.06026621907136422,0.6311649169921875,0.27352825927734375,3,0,1,0,-0.23630730235012765,0.03140012833620139,-0.006999999999999895,-0.06026621907136422,-0.1721900743115541,-0.030506811914964103,0.02180801351351389,-0.0959275410850862,0,1,0,0,0,0,0,0
3.285861656273267,-0.003748743819180257,0.998,0.05270894341022878,0.7669473876953125,0.36924807739257814,3,0,1,0,-0.285861656273267,0.003748743819180257,0.0020000000000000018,-0.05270894341022878,-8.77140718889373,-4.835995108174007,1.577994899999982,1.0808824057600872,0,1,0,0,0,0,0,0
3.3342794866485455,0.025944092936439834,0.993,0.029705503868943512,0.74872412109375,0.40651092529296873,3,0,1,0,-0.33427948664854545,-0.025944092936439834,0.007000000000000006,-0.029705503868943512,-0.5272264847103671,-0.2593004388889864,0.04869096666666671,0.13460477856880837,0,0,0,0,0,0,0,0
3.3787844840668586,0.05351534117411769,0.993,0.03516838442768576,0.6795639038085938,0.39355853271484376,3,0,1,0,-0.3787844840668586,-0.05351534117411769,0.007000000000000006,-0.03516838442768576,-0.27518885645794844,-0.10546205476296278,0.007109000000000011,-0.04871271639150951,0,0,0,0,0,0,0,0
3.4118073678249083,0.08040597747838485,1.002,0.0604232987040437,0.5092195434570312,0.3856932983398437,3,0,1,0,-0.41180736782490834,-0.08040597747838485,-0.0020000000000000018,-0.0604232987040437,-0.2574409132017916,-0.11577279856274403,-0.025725356097560992,-0.12202065059759964,0,0,0,0,0,0,0,0
3.4367859964168392,0.10492928809014182,1.006,0.08229227423153265,0.39620883178710936,0.34455276489257813,3,0,1,0,-0.43678599641683924,-0.10492928809014182,-0.006000000000000005,-0.08229227423153265,-Infinity,-Infinity,-Infinity,-Infinity,0,0,0,0,0,0,0,0
3.452818689437248,0.12573417358592268,1.013,0.098803088955399,0.26532879638671875,0.2912490234375,3,0,1,0,-0.4528186894372479,-0.12573417358592268,-0.0129999999999999,-0.098803088955399,-0.49580733469314386,-0.4664808981789972,-0.145050111111109,-0.3739833343531713,0,0,0,0,0,0,0,0
3.4604295709407684,0.13998127274433092,1.016,0.09189158511750145,0.1346869659423828,0.20140289306640624,3,0,1,0,-0.4604295709407684,-0.13998127274433092,-0.016000000000000014,-0.09189158511750145,-0.20666394462097226,-0.10319244469627341,-0.018717057142857423,-0.07778647524424116,0,0,0,0,0,0,0,0
3.4611089580370327,0.14811482506266557,1.013,0.042359140945902395,0.021343114852905274,0.12055341339111328,3,0,1,0,-0.46110895803703267,-0.14811482506266557,-0.0129999999999999,-0.042359140945902395,-0.30778445575755525,-1.4967121741976293,0.51582320000002,7.3875074847939555,0,0,0,0,0,0,0,0
3.4529344250868177,0.15414767269566387,1.003,-0.02326523892908442,-0.11867595672607421,0.0956039810180664,3,0,1,0,-0.4529344250868177,-0.15414767269566387,-0.0029999999999998916,0.02326523892908442,-0.12281526395489088,-0.12232995179042622,0.07489635652173929,0.45125032507030277,0,0,0,0,0,0,0,0
3.4300581813440605,0.15542528505827652,1.001,-0.03940953451003193,-0.34349661254882813,0.011176400184631348,3,0,1,0,-0.4300581813440605,-0.15542528505827652,-0.0009999999999998899,0.03940953451003193,-0.10792409282487411,-0.08095029396093721,0.00618242396694225,0.07943671363634808,0,0,0,0,0,0,0,0
3.3966773808560426,0.15099538500527557,0.999,-0.025464353786597255,-0.4977052001953125,-0.08612462615966797,3,0,1,0,-0.39667738085604265,-0.15099538500527557,0.0010000000000000009,0.025464353786597255,1.3029736416045288,0.11875627670326044,0.08949809999999522,-0.49747992334220303,0,0,0,0,0,0,0,0
3.3521024889556514,0.14315609366744161,0.997,-0.01108284075016397,-0.66541259765625,-0.13457546997070313,3,0,1,0,-0.35210248895565144,-0.14315609366744161,0.0030000000000000027,0.01108284075016397,-0.04504982818672837,-0.055426387100734484,0.0077194674418604795,-0.014001193615708039,0,0,0,0,0,0,0,0
3.3005288312669987,0.12945626965083518,0.987,-0.03789109806079688,-0.7712799072265625,-0.2140583038330078,3,0,1,0,-0.3005288312669987,-0.12945626965083518,0.013000000000000012,0.03789109806079688,8.915416363704871,2.332938092361314,1.7616523000000013,4.059129694655733,0,0,0,0,0,0,0,0
3.250392969267391,0.11272939021864531,0.978,-0.07515387759087577,-0.741993408203125,-0.2792118225097656,3,0,1,0,-0.25039296926739096,-0.11272939021864531,0.02200000000000002,0.07515387759087577,0.6779736392363273,0.19834587103181323,0.1558594217391306,0.5611901323310353,0,0,0,0,0,0,0,0
3.1989373598945714,0.09249714713871654,0.965,-0.10402162341886198,-0.7468689575195312,-0.3605787353515625,3,0,1,0,-0.1989373598945714,-0.09249714713871654,0.03500000000000003,0.10402162341886198,0.0629853312244492,0.0019585594783668794,0.06076978095238102,0.1629353904147522,0,0,0,0,0,0,0,0
3.14976764657091,0.07619528156910808,0.956,-0.10688396339213274,-0.7081686401367188,-0.3197886352539063,3,0,1,0,-0.1497676465709099,-0.07619528156910808,0.04400000000000004,0.10688396339213274,17.174454997841764,5.667589672340151,3.1870218000000023,0.965585955373361,0,0,0,0,0,0,0,0
3.1042548159833836,0.061974304159030845,0.95,-0.10175269539126941,-0.6560400390625,-0.2849273681640625,3,0,1,0,-0.1042548159833836,-0.061974304159030845,0.050000000000000044,0.10175269539126941,0.07372423361002806,-0.004162888923561026,0.0540981513513514,0.09343172025473429,0,1,0,0,0,0,0,0
3.0689186985167693,0.050918750358720184,0.947,-0.09646434775772658,-0.510455322265625,-0.2188157196044922,3,0,1,0,-0.06891869851676935,-0.050918750358720184,0.05300000000000005,0.09646434775772658,Infinity,Infinity,Infinity,-Infinity,1427107337231,1,0,0,0,0,0,0
3.0459190346612677,0.04742444092378194,0.956,-0.08508480103472355,-0.3383427429199219,-0.08539908599853516,3,0,1,0,-0.04591903466126768,-0.04742444092378194,0.04400000000000004,0.08508480103472355,8.066668659340735,1.1992153188211374,-3.112048800000002,-3.328779215866187,1427107337231,1,0,0,0,0,0,0
3.0369261308224464,0.04883201710049348,0.97,-0.06742206900454092,-0.13619985961914063,0.009573715209960938,3,0,1,0,-0.036926130822446446,-0.04883201710049348,0.030000000000000027,0.06742206900454092,0.041532083387187696,-0.027750858940491133,-0.004396703225806445,0.033236136042897144,1427107337231,1,0,0,0,0,0,0
3.0378663409665796,0.058637917794396824,0.976,-0.06990043654237285,0.004161609649658203,0.1477044677734375,3,0,1,0,-0.03786634096657959,-0.058637917794396824,0.02400000000000002,0.06990043654237285,-0.3083185078502927,-3.4615412407144097,-2.077581400000002,0.813410697891951,1427107337231,1,0,0,0,0,0,0
3.0476185430798766,0.07683667890315198,0.983,-0.11828096340765572,0.12685981750488282,0.28253170776367187,3,0,1,0,-0.04761854307987656,-0.07683667890315198,0.017000000000000015,0.11828096340765572,-0.09791103534506174,-0.2509173090084318,-0.06479706666666671,0.6020862320604844,0,1,0,0,0,0,0,0
3.0663427779348513,0.09944541625596508,0.987,-0.15824900327832578,0.2388818359375,0.3699049377441406,3,0,1,0,-0.06634277793485133,-0.09944541625596508,0.013000000000000012,0.15824900327832578,-0.09436338732165751,-0.17170679257994723,-0.007784361538461536,0.34271687960449526,0,1,0,0,0,0,0,0
