0,0,-0.312,0,-0.009285836219787598,-0.002643728971481323,0,0,0.5,0,0,0,0.812,0,0,0,0.6496000000000001,0,0,0,0,0,0,0,0,0
-0.002594855244954427,-0.0004454424222310384,-0.312,-0.0008028514559174083,-0.03892282867431641,-0.006681636333465576,0,0,0.5,0,0.002594855244954427,0.0004454424222310384,0.812,0.0008028514559174083,0.015059736222909329,0.0026215468683955605,0.6548780000000001,0.0045083197139977535,0,0,0,0,0,0,0,0
-0.002509261037077593,-0.0026239524463800776,-0.313,-0.0015184364492351055,0.001310148000717163,-0.032676609039306644,0,0,0.5,0,0.002509261037077593,0.0026239524463800776,0.813,0.0015184364492351055,0.0008040905571502128,0.012866702242896733,0.6663468303030297,0.004771095509770093,0,0,0,0,0,0,0,0
0.00005663250620721205,-0.005008530152826,-0.307,-0.001902408884673856,0.03854267120361328,-0.0357101821899414,0,0,0.5,0,-0.00005663250620721205,0.005008530152826,0.8069999999999999,0.001902408884673856,-0.014057214096000213,0.015550151214026007,0.6285960999999999,0.0037022796757929994,0,0,0,0,0,0,0,0
0.0033972155776138195,-0.008965933623183164,-0.294,-0.002705260340591264,0.05022158432006836,-0.05926561737060547,0,0,0.5,0,-0.0033972155776138195,0.008965933623183164,0.794,0.002705260340591264,-0.019412730736605245,0.02548034165789107,0.5873096060606067,0.006354585140215845,0,0,0,0,0,0,0,0
0.006846544771841357,-0.01333456641280755,-0.285,-0.002722713633111273,0.05191702270507813,-0.0653892822265625,0,0,0.5,0,-0.006846544771841357,0.01333456641280755,0.7849999999999999,0.002722713633111273,-0.021999943376202015,0.03021050232499696,0.6056899615384609,0.0028032672908959292,0,0,0,0,0,0,0,0
0.013542744978078248,-0.019022987869232958,-0.27,-0.0017627825445144514,0.10067494964599609,-0.08505252838134765,0,0,0.5,0,-0.013542744978078248,0.019022987869232958,0.77,0.0017627825445144514,-0.04340324466812384,0.040652035276525736,0.5650482500000007,-0.0027368944332831495,0,0,0,0,0,0,0,0
0.020833474349226788,-0.025494586053340675,-0.252,-0.0007504915783577145,0.10953189086914063,-0.09688104248046875,0,0,0.5,0,-0.020833474349226788,0.025494586053340675,0.752,0.0007504915783577145,-0.049700079771120786,0.04764291815488321,0.5406444230769231,-0.003921620573134917,0,0,0,0,0,0,0,0
0.02745180788498355,-0.031134923500675038,-0.23,-0.0012042771838761672,0.09933847045898438,-0.08453053283691406,0,0,0.5,0,-0.02745180788498355,0.031134923500675038,0.73,0.0012042771838761672,-0.04886681449092938,0.04554744918539615,0.5081188333333333,0.0032669390271418616,0,0,0,0,0,0,0,0
0.0383946474395179,-0.03710256363778808,-0.205,-0.0002967059728391502,0.16425027465820313,-0.08931686401367188,0,0,0.5,0,-0.0383946474395179,0.03710256363778808,0.705,0.0002967059728391502,-0.07643082261148067,0.04981948709129157,0.47891198507462673,-0.0037670457183713734,0,0,0,0,0,0,0,0
0.04903115130368803,-0.04385566033994358,-0.174,0.0007155849933175868,0.15957760620117187,-0.10124910736083985,0,0,0.5,0,-0.04903115130368803,0.04385566033994358,0.6739999999999999,-0.0007155849933175868,-0.08370756507798612,0.05956662888701508,0.4167329777777776,-0.005536018165492524,0,0,0,0,0,0,0,0
0.06371257328003428,-0.04964906786377418,-0.148,0.0008028514559174089,0.22015908813476562,-0.08705867767333984,0,0,0.5,0,-0.06371257328003428,0.04964906786377418,0.648,-0.0008028514559174089,-0.1098546638623848,0.05570151278953403,0.4345532121212127,-0.001199517195007509,0,0,0,0,0,0,0,0
0.07850606203293378,-0.05516136360672576,-0.122,0.0005585053606380625,0.22183587646484376,-0.08286256408691406,0,0,0.5,0,-0.07850606203293378,0.05516136360672576,0.622,-0.0005585053606380625,-0.11910365867801403,0.05745249235272369,0.4156749999999999,0.000569245848343536,0,0,0,0,0,0,0,0
0.09068410164230428,-0.05971334882736399,-0.097,-0.0005061454830784789,0.18263243103027343,-0.06838179016113281,0,0,0.5,0,-0.09068410164230428,0.05971334882736399,0.597,0.0005061454830784789,-0.11219212329049796,0.0549787782196107,0.40277704999999997,0.005496696312999766,0,0,0,0,0,0,0,0
0.10257868298285325,-0.06385003914867711,-0.069,-0.0005061454830784789,0.17845010375976564,-0.061960041046142576,0,0,0.5,0,-0.10257868298285325,0.06385003914867711,0.569,0.0005061454830784789,-0.11374536023913556,0.05380581003649859,0.37463944328358195,0.0005061454830784789,0,0,0,0,0,0,0,0
0.11173678152205199,-0.06725859489820599,-0.042,-0.0009424777960770341,0.1373973388671875,-0.05105879974365234,0,0,0.5,0,-0.11173678152205199,0.06725859489820599,0.542,0.0009424777960770341,-0.10634339976064267,0.05258409636186688,0.3551206500000006,0.0029877855132577616,0,0,0,0,0,0,0,0
0.11700784034558889,-0.06914380612910861,-0.018,-0.00043633231299877663,0.07909249877929687,-0.028203638076782226,0,0,0.5,0,-0.11700784034558889,0.06914380612910861,0.518,0.00043633231299877663,-0.08735425731682209,0.04508224359323407,0.3577131307692307,-0.0018997237627470266,0,0,0,0,0,0,0,0
0.12155690318447739,-0.07085431589896406,0.008,-0.0003141592653590479,0.06824713134765625,-0.025627870559692383,0,0,0.5,0,-0.12155690318447739,0.07085431589896406,0.492,0.0003141592653590479,-0.0850913685256417,0.04476933227039841,0.33361940447761185,-0.00023288423153525992,0,0,0,0,0,0,0,0
0.1246197045044686,-0.0729774470699792,0.03,-0.0010122909661567363,0.045952022552490236,-0.03183253288269043,0,0,0.5,0,-0.1246197045044686,0.0729774470699792,0.47,0.0010122909661567363,-0.07995308138964399,0.04873654802211413,0.3325790777777777,0.004336727636621919,0,0,0,0,0,0,0,0
0.12608898902599366,-0.07303388134150213,0.054,-0.0025132741228719438,0.02204011344909668,-0.0008242034912109375,0,0,0.5,0,-0.12608898902599366,0.07303388134150213,0.446,0.0025132741228719438,-0.07132039513489484,0.03730972554007296,0.31510468823529436,0.009135258637791976,0,0,0,0,0,0,0,0
0.12447087613891081,-0.07235133476010666,0.077,-0.0030194196059502012,-0.02429734802246094,0.010177165031433106,0,0,0.5,0,-0.12447087613891081,0.07235133476010666,0.423,0.0030194196059502012,-0.054316835354222194,0.03304975927887912,0.29913744615384613,0.0053554756816960045,0,0,0,0,0,0,0,0
0.12144677789903749,-0.0710224114957092,0.101,-0.0025132741228719438,-0.04542145538330078,0.019796792984008788,0,0,0.5,0,-0.12144677789903749,0.0710224114957092,0.399,0.0025132741228719438,-0.044793667473118706,0.02872238556439103,0.27296396666666695,0.00010305753678500375,0,0,0,0,0,0,0,0
0.11955602610193457,-0.06888998428046895,0.119,-0.003787364476827814,-0.028441577911376952,0.031915027618408205,0,0,0.5,0,-0.11955602610193457,0.06888998428046895,0.381,0.003787364476827814,-0.050545577553437915,0.023601557081228346,0.29745072307692305,0.009667781495085676,0,0,0,0,0,0,0,0
0.11710468654834477,-0.0663327356785954,0.137,-0.0026529004630314592,-0.03691510772705078,0.038219192504882815,0,0,0.5,0,-0.11710468654834477,0.0663327356785954,0.363,0.0026529004630314592,-0.046578640149231035,0.020287845947477325,0.2869150545454545,-0.002503754145133789,0,0,0,0,0,0,0,0
0.11264582806700456,-0.06402257305320729,0.156,-0.0019722220547535576,-0.06697457122802734,0.034474884033203125,0,0,0.5,0,-0.11264582806700456,0.06402257305320729,0.344,0.0019722220547535576,-0.034131667243560704,0.020668812872132153,0.2702206686567164,-0.001075591713654957,0,0,0,0,0,0,0,0
0.10894453777815556,-0.06086520280982751,0.174,-0.0013439035240357935,-0.05561265182495117,0.047250965118408206,0,0,0.5,0,-0.10894453777815556,0.06086520280982751,0.326,0.0013439035240357935,-0.035079477636506165,0.013655540746372218,0.2571282000000003,-0.001648089479382131,0,0,0,0,0,0,0,0
0.10271906571835729,-0.0585285528658339,0.189,-0.0012217304763960648,-0.0934291000366211,0.03492422103881836,0,0,0.5,0,-0.10271906571835729,0.0585285528658339,0.311,0.0012217304763960648,-0.019074460196579816,0.017484243893403847,0.2663804692307692,0.0006578548719050094,0,0,0,0,0,0,0,0
0.0965673340698399,-0.05599257528661409,0.203,0.000261799387799134,-0.09232238006591797,0.037926898956298825,0,0,0.5,0,-0.0965673340698399,0.05599257528661409,0.297,-0.000261799387799134,-0.016458426892517447,0.015179347626512215,0.2624955846153846,-0.0071088602994692825,0,0,0,0,0,0,0,0
0.08922697135439776,-0.055534396704038105,0.217,0.0006806784082775694,-0.1101036376953125,0.006901504039764405,0,0,0.5,0,-0.08922697135439776,0.055534396704038105,0.28300000000000003,-0.0006806784082775694,-0.0064459219365819165,0.026174504136548617,0.2531350846153849,-0.0026139661951011172,0,0,0,0,0,0,0,0
0.08078611602468247,-0.05410045224314451,0.234,0.0022340214425526925,-0.12659815979003905,0.021595344543457032,0,0,0.5,0,-0.08078611602468247,0.05410045224314451,0.266,-0.0022340214425526925,0.0022893694034220383,0.020470140007285573,0.22789592985074625,-0.009189288760202497,0,0,0,0,0,0,0,0
0.07287912067335534,-0.05430817508922037,0.249,0.002268928027592488,-0.11861159515380859,-0.0028508691787719727,0,0,0.5,0,-0.07287912067335534,0.05430817508922037,0.251,-0.002268928027592488,0.005343584890315174,0.02923549762331701,0.22427704999999998,-0.00243255264496653,0,0,0,0,0,0,0,0
0.06537127348331635,-0.055406115528185994,0.263,0.0036302848441480697,-0.11265478515625,-0.016213542938232423,0,0,0.5,0,-0.06537127348331635,0.055406115528185994,0.237,-0.0036302848441480697,0.006240505814825541,0.034596484482461484,0.22126418461538455,-0.009913470151327677,0,0,0,0,0,0,0,0
0.05840554699102934,-0.05737415333732746,0.276,0.004764748857944426,-0.10459237670898437,-0.029141059875488283,0,0,0.5,0,-0.05840554699102934,0.05737415333732746,0.22399999999999998,-0.004764748857944426,0.0045895949994511805,0.03969090505494167,0.22185237101449273,-0.009697201091841624,0,0,0,0,0,0,0,0
0.05163961016954415,-0.06154106120631203,0.289,0.0055152404363020295,-0.10178571319580078,-0.06201934051513672,0,0,0.5,0,-0.05163961016954415,0.06154106120631203,0.21100000000000002,-0.0055152404363020295,0.011428616972993785,0.05573758632847971,0.20409133606557406,-0.009206182624945982,0,0,0,0,0,0,0,0
0.04556259181467818,-0.06496772095273715,0.302,0.0059690260418205935,-0.09143737030029297,-0.0508963737487793,0,0,0.5,0,-0.04556259181467818,0.06496772095273715,0.198,-0.0059690260418205935,0.005999375134751694,0.05072120456562247,0.2046675,-0.007913821494043011,0,0,0,0,0,0,0,0
0.039796796099076555,-0.06882970003607769,0.313,0.0067020643276581885,-0.0868311767578125,-0.05741241455078125,0,0,0.5,0,-0.039796796099076555,0.06882970003607769,0.187,-0.0067020643276581885,0.010504307656689242,0.05701769743808181,0.20093448888888887,-0.010192722831646735,0,0,0,0,0,0,0,0
0.03598120565435952,-0.07471455300497669,0.324,0.006562437987498673,-0.05782417678833008,-0.0878872299194336,0,0,0.5,0,-0.03598120565435952,0.07471455300497669,0.176,-0.006562437987498673,0.001554960992348909,0.07124538234402697,0.19324328888888886,-0.005897550653405742,0,0,0,0,0,0,0,0
0.03083756571564597,-0.0787857350271594,0.335,0.005689773361501452,-0.07755368804931641,-0.06056009674072266,0,0,0.5,0,-0.03083756571564597,0.0787857350271594,0.16499999999999998,-0.005689773361501452,0.010185581938335828,0.0622289459680289,0.18831006666666664,-0.0017231159706049904,0,0,0,0,0,0,0,0
0.02612135489842353,-0.0854134021429522,0.345,0.0056025068989017405,-0.07130766296386719,-0.0990108871459961,0,0,0.5,0,-0.02612135489842353,0.0854134021429522,0.15500000000000003,-0.0056025068989017405,0.011041869123622396,0.08025289701000164,0.1849479000000003,-0.005193445355465595,0,0,0,0,0,0,0,0
0.02203761245083354,-0.09044413859291858,0.353,0.005131268000863279,-0.06167794418334961,-0.0751166763305664,0,0,0.5,0,-0.02203761245083354,0.09044413859291858,0.14700000000000002,-0.005131268000863279,0.0086101801755617,0.07286377479802526,0.1924292552238806,-0.0030212430842731512,0,0,0,0,0,0,0,0
0.01843903729474224,-0.09469757161663053,0.366,0.005270894341022794,-0.0543052978515625,-0.06352367782592773,0,0,0.5,0,-0.01843903729474224,0.09469757161663053,0.134,-0.005270894341022794,0.008744391719441419,0.07203209307446551,0.15358414999999997,-0.005925392810520523,0,0,0,0,0,0,0,0
0.016218923536950102,-0.098566534526461,0.374,0.0041364303272264395,-0.03360713577270508,-0.057858108520507816,0,0,0.5,0,-0.016218923536950102,0.098566534526461,0.126,-0.0041364303272264395,0.002118657108967994,0.07160255813517763,0.17601997692307686,0.0010995574287567351,0,0,0,0,0,0,0,0
0.014372639614080031,-0.10043737418006439,0.382,0.0046949356878647226,-0.027810100555419923,-0.027947799682617187,0,0,0.5,0,-0.014372639614080031,0.10043737418006439,0.118,-0.0046949356878647226,0.0010195269743042863,0.06184413702935829,0.17038697692307686,-0.00727265273696449,0,0,0,0,0,0,0,0
0.013706396235853567,-0.102648545510405,0.388,0.004136430327226439,-0.010149259567260743,-0.033120285034179686,0,0,0.5,0,-0.013706396235853567,0.102648545510405,0.11199999999999999,-0.004136430327226439,-0.005064817549624151,0.06466962732361223,0.17758491818181815,-0.0015977695970524207,0,0,0,0,0,0,0,0
0.012572153343104605,-0.10307477342745443,0.395,0.0038746309394273055,-0.01703994369506836,-0.006322988510131836,0,0,0.5,0,-0.012572153343104605,0.10307477342745443,0.10499999999999998,-0.0038746309394273055,-0.0020241781171398436,0.05548516162272153,0.16737488787878785,-0.0026846337221585184,0,0,0,0,0,0,0,0
0.012244061546652406,-0.10273693022259242,0.403,0.003473205211468657,-0.004901704788208008,0.005086678504943848,0,0,0.5,0,-0.012244061546652406,0.10273693022259242,0.09699999999999998,-0.003473205211468657,-0.0061432569920173725,0.05133215408107076,0.15631205757575758,-0.001648542811656618,0,0,0,0,0,0,0,0
0.012907308897084191,-0.10037979648770871,0.414,0.003124139361069702,0.010071452140808106,0.035322238922119144,0,0,0.5,0,-0.012907308897084191,0.10037979648770871,0.08600000000000002,-0.003124139361069702,-0.011907600512998889,0.03891323182245167,0.1293669888888892,-0.001461921025836584,0,0,0,0,0,0,0,0
0.012487291295950873,-0.0975324418804248,0.423,0.002199114857512787,-0.006166800498962403,0.042729793548583986,0,0,0.5,0,-0.012487291295950873,0.0975324418804248,0.07700000000000001,-0.002199114857512787,-0.005759367712504081,0.03531622859821613,0.1353170615384615,0.002070229005057589,1426166057511,0,0,0,0,0,0,0
0.013020642164201235,-0.09426969086092979,0.433,0.0017453292519942231,0.008107871055603027,0.048923553466796874,0,0,0.5,0,-0.013020642164201235,0.09426969086092979,0.067,-0.0017453292519942231,-0.011082561465805123,0.03203570146155124,0.12398869402985072,0.00028654659361128723,1426166057511,0,0,0,0,0,0,0
0.01295281374543162,-0.08951391312500569,0.442,-0.0006806784082778994,-0.0008929188251495361,0.07133833312988282,0,0,0.5,0,-0.01295281374543162,0.08951391312500569,0.057999999999999996,0.0006806784082778994,-0.007899839140016927,0.020751163748284923,0.12017994999999998,0.012052589315803474,1426166057511,0,0,0,0,0,0,0
0.013405320360700374,-0.08486079089998641,0.45,-0.0016231562043548232,0.00674008846282959,0.06980143737792968,0,0,0.5,0,-0.013405320360700374,0.08486079089998641,0.04999999999999999,0.0016231562043548232,-0.010942316653248461,0.01943264812386064,0.12024677692307688,0.005973053724709855,1426166057511,0,0,0,0,0,0,0
0.012668188338724438,-0.07803177119477865,0.459,-0.000994837673636837,-0.011223234176635743,0.10241721343994141,0,0,0.5,0,-0.012668188338724438,0.07803177119477865,0.04099999999999998,0.000994837673636837,-0.004176238456440022,0.004352487875364623,0.10792866153846148,-0.0019050940066000221,1426166057511,0,0,0,0,0,0,0
0.01130769179475035,-0.07094050128948633,0.467,-0.00031415926535904637,-0.02051325798034668,0.10634869384765624,0,0,0.5,-0.000994837673636837,-0.01130769179475035,0.07094050128948633,0.032999999999999974,-0.0006806784082777906,-0.005653845897375175,0.03547025064474316,0.02639999999999998,-0.0006806784082777906,1426166057511,0,0,0,0,0,0,0
0.009870499114128926,-0.06254011091133695,0.475,-0.0003141592653590463,-0.021597475051879884,0.12599907684326173,0,0,0.5,-0.000994837673636837,-0.009870499114128926,0.06254011091133695,0.025000000000000022,-0.0006806784082777907,0.0025658601669991954,-0.012570678973786352,-0.02162354477611913,-0.0006806784082777911,1426166057904,0,0,0,0,0,0,0
0.008551386029846526,-0.056233629802628964,0.482,0.0005061454830782597,-0.01981641387939453,0.09459099578857422,0,0,0.5,-0.000994837673636837,-0.008551386029846526,0.056233629802628964,0.018000000000000016,-0.0015009831567150966,0.002926120543280548,-0.00629386226454802,-0.023598550000000017,-0.005346161665014968,1426166057968,0,0,0,0,0,0,0
0.00718940659829345,-0.05165738121857311,0.484,0.0016057029118347077,-0.02039494514465332,0.06865406036376953,0,0,0.5,-0.000994837673636837,-0.00718940659829345,0.05165738121857311,0.016000000000000014,-0.0026005405854715447,0.003722272865769223,0.0012988207749314064,0.0024174692307692355,-0.00767542102588592,1426166058033,0,0,0,0,0,0,0
0.006246900203382179,-0.0475574575347669,0.485,0.0019198621771937562,-0.014038828849792481,0.06152147674560547,0,0,0.5,-0.000994837673636837,-0.006246900203382179,0.0475574575347669,0.015000000000000013,-0.0029146998508305932,0.001779146108357662,0.0025045491780308765,0.007263319402985082,-0.0043213831285576765,1426166058100,0,0,0,0,0,0,0
0.0046004217737908555,-0.0434034163698175,0.486,0.0018675022996338408,-0.024577503204345704,0.062357917785644534,0,0,0.5,-0.000994837673636837,-0.0046004217737908555,0.0434034163698175,0.014000000000000012,-0.002862339973270678,0.00682304857511482,-0.0012056219429947175,0.00621984444444445,-0.002613007222985366,1426166058163,0,0,0,0,0,0,0
0.004343585091700861,-0.04083764118244236,0.485,0.0013089969389956679,-0.003780669689178467,0.03849375534057617,0,0,0.5,-0.000994837673636837,-0.004343585091700861,0.04083764118244236,0.015000000000000013,-0.002303834612632505,-0.0008568615122984697,0.007213554937219707,0.01789978059701494,0.00019693565888170188,1426166058230,0,0,0,0,0,0,0
0.0033680950288279055,-0.04126030543075901,0.481,0.0013788101090754813,-0.014640637397766113,-0.006320804595947266,0,0,0.5,-0.000994837673636837,-0.0033680950288279055,0.04126030543075901,0.019000000000000017,-0.002373647782712318,0.003621755059484419,0.023166041982466728,0.03787250000000003,-0.0027008970174614427,1426166058294,0,0,0,0,0,0,0
0.0042175166503267735,-0.04191126326912439,0.477,0.0008203047484371974,0.012727849006652832,-0.009781926155090333,0,0,0.5,-0.000994837673636837,-0.0042175166503267735,0.04191126326912439,0.02300000000000002,-0.0018151424220740344,-0.006714217149571952,0.02471247570599086,0.04088546153846157,0.0007625746270257365,1426166058359,0,0,0,0,0,0,0
0.003658271952999691,-0.046409185996858345,0.47,-0.00027925268031913963,-0.008444012641906739,-0.06746193695068359,0,0,0.5,-0.000994837673636837,-0.003658271952999691,0.046409185996858345,0.030000000000000027,-0.0007155849933176974,0.0011481536544618713,0.04770602936812507,0.06283430769230774,0.004359295447096166,1426166058424,0,0,0,0,0,0,0
0.005020156778139012,-0.05192039721020547,0.467,-0.0016755160819146274,0.020451356887817383,-0.08266246032714844,0,0,0.5,-0.000994837673636837,-0.005020156778139012,0.05192039721020547,0.032999999999999974,0.0006806784082777904,-0.009880595442524981,0.05595155200167157,0.04391034615384584,0.007124971031026195,1426166058489,0,0,0,0,0,0,0
0.0039071041715,-0.05800781287233586,0.464,-0.002897246558310693,-0.01654277229309082,-0.09133908081054687,0,0,0.5,-0.000994837673636837,-0.0039071041715,0.05800781287233586,0.035999999999999976,0.0019024088846738558,0.0038209929977974623,0.061158304943475184,0.04606934179104477,0.0073728438536114615,1426166058556,0,0,0,0,0,0,0
0.0046341665140019325,-0.0667722394578912,0.456,-0.004258603374866163,0.011286779403686524,-0.13143424987792968,0,0,0.5,-0.000994837673636837,-0.0046341665140019325,0.0667722394578912,0.043999999999999984,0.003263765701229326,-0.006336080140858331,0.08171377779589391,0.08082930000000002,0.009645125778833093,1426166058620,0,0,0,0,0,0,0
0.004136770377794537,-0.07671496950782204,0.454,-0.005654866776461762,-0.006825744152069092,-0.14917137145996093,0,0,0.5,-0.000994837673636837,-0.004136770377794537,0.07671496950782204,0.045999999999999985,0.004660029102824925,0.0005643380993278365,0.09234232685321903,0.049747530769230774,0.011104321725573844,1426166058685,0,0,0,0,0,0,0
0.006194838794453257,-0.08397212458208073,0.452,-0.006632251157578481,0.03148610305786133,-0.10868101501464844,0,0,0.5,-0.000994837673636837,-0.006194838794453257,0.08397212458208073,0.04799999999999999,0.0056374134839416445,-0.01422891650042008,0.0815646979407843,0.05165953076923077,0.010148418319864964,1426166058750,0,0,0,0,0,0,0
0.009866657470563728,-0.09144982325260974,0.45,-0.007679448708775125,0.055819972991943356,-0.1117977294921875,0,0,0.5,-0.000994837673636837,-0.009866657470563728,0.09144982325260974,0.04999999999999999,0.006684611035138288,-0.02388869502189821,0.08477689921630817,0.05312441764705883,0.011304600231594068,1426166058818,0,0,0,0,0,0,0
0.013970501486485718,-0.09872846037843235,0.45,-0.008831366015091376,0.0623942756652832,-0.10870361328125,0,0,0.5,-0.000994837673636837,-0.013970501486485718,0.09872846037843235,0.04999999999999999,0.007836528341454539,-0.029493388397609455,0.08979629585386355,0.043150299999999996,0.013236140714811963,1426166058882,0,0,0,0,0,0,0
0.017557834897619966,-0.10440612964076633,0.448,-0.008028514559173968,0.05456001663208008,-0.08468650817871094,0,0,0.5,-0.000994837673636837,-0.017557834897619966,0.10440612964076633,0.05199999999999999,0.007033676885537131,-0.027595723291932165,0.08255950210582202,0.05554646119402985,0.003438819620235303,0,0,0,0,0,0,0,0
0.02207608719346918,-0.10848169026967966,0.452,-0.007295476273336484,0.06826240539550782,-0.06058732223510742,0,0,0.5,-0.000994837673636837,-0.02207608719346918,0.10848169026967966,0.04799999999999999,0.006300638599699647,-0.03623035761694784,0.07764816308333698,0.01997887777777775,0.0028099800957116275,0,0,0,0,0,0,0,0
0.027104326269420154,-0.1101757002995331,0.454,-0.005794493116621165,0.0756069564819336,-0.024859228134155274,0,0,0.5,-0.000994837673636837,-0.027104326269420154,0.1101757002995331,0.045999999999999985,0.004799655442984328,-0.0411586047267359,0.06518779440325342,0.029957999999999985,-0.0022362031041187284,0,0,0,0,0,0,0,0
0.03365338328154842,-0.11051848679794468,0.461,-0.006126105674500223,0.09826399993896484,-0.004572487354278564,0,0,0.5,-0.000994837673636837,-0.03365338328154842,0.11051848679794468,0.03899999999999998,0.005131268000863385,-0.05168700981074824,0.05798581969153119,-0.0015683121212121676,0.006638597809404555,0,0,0,0,0,0,0,0
0.04031350902415022,-0.11071382248005665,0.465,-0.004642575810305024,0.09991796112060547,-0.0023179745674133303,0,0,0.5,-0.000994837673636837,-0.04031350902415022,0.11071382248005665,0.034999999999999976,0.003647738136668187,-0.055632680441425365,0.05737462250838058,0.011371778787878758,-0.003095579427855441,0,0,0,0,0,0,0,0
0.04663040124316989,-0.10833110298238491,0.468,-0.002268928027592706,0.09458643341064453,0.036180305480957034,0,0,0.5,-0.000994837673636837,-0.04663040124316989,0.10833110298238491,0.03199999999999997,0.0012740903539558688,-0.058595500729929216,0.041978309770299954,0.013718833333333302,-0.0100289943256266,0,0,0,0,0,0,0,0
0.05412616510023431,-0.1037328122255388,0.472,-0.0009075712110370136,0.11227967071533203,0.0692292938232422,0,0,0.5,-0.000994837673636837,-0.05412616510023431,0.1037328122255388,0.028000000000000025,-0.00008726646259982337,-0.06703552314457914,0.028600083364867517,0.006158178787879085,-0.006275251992398425,0,0,0,0,0,0,0,0
0.05893533958046634,-0.09664966380357756,0.477,-0.0005585053606382805,0.07204116058349609,0.10631265258789062,0,0,0.5,-0.000994837673636837,-0.05893533958046634,0.09664966380357756,0.02300000000000002,-0.00043633231299855654,-0.055623710370607586,0.011366176696651575,-0.003403276923076924,-0.0020474054686850174,1426166059402,0,0,0,0,0,0,0
0.06455565377018163,-0.08899566352374498,0.483,-0.0002617993877992407,0.08424057769775391,0.11485707092285156,0,0,0.5,-0.000994837673636837,-0.06455565377018163,0.08899566352374498,0.017000000000000015,-0.0007330382858375963,-0.0628435039991719,0.004523206041795423,-0.013477392307692314,-0.002102450468171626,1426166059402,0,0,0,0,0,0,0
0.06885692837385664,-0.07983593316109945,0.49,-0.0017453292519943285,0.06448314666748046,0.137412841796875,0,0,0.5,-0.000994837673636837,-0.06885692837385664,0.07983593316109945,0.010000000000000009,0.0007504915783574915,-0.05724639013527771,-0.0066386591189848965,-0.0232698641791045,0.00739316261206684,1426166059402,0,0,0,0,0,0,0
0.07120868509149358,-0.07021368744062456,0.493,-0.0013788101090755867,0.035024387359619144,0.14439503479003907,0,0,0.5,-0.000994837673636837,-0.07120868509149358,0.07021368744062456,0.007000000000000006,0.00038397243543874973,-0.04885966665756085,-0.016177163787794928,-0.005464150000000008,-0.0013340860469928523,1426166059402,0,0,0,0,0,0,0
0.07227219943449595,-0.05792753533425735,0.497,-0.003263765701229545,0.015698596000671385,0.18431410217285157,0,0,0.5,-0.000994837673636837,-0.07227219943449595,0.05792753533425735,0.0030000000000000027,0.002268928027592708,-0.04230384690220706,-0.03581713430883379,-0.013776861538461551,0.010968723068303285,1426166059402,0,0,0,0,0,0,0
0.07237995693251631,-0.04903077340051659,0.501,-0.003560471674068474,0.0011808004379272462,0.13345599365234376,0,0,0.5,-0.000994837673636837,-0.07237995693251631,0.04903077340051659,-0.0010000000000000009,0.002565634000431637,-0.03725838961178182,-0.021983082805005272,-0.016983361538461555,0.0039350461827651565,1426166059728,0,0,0,0,0,0,0
0.07029866443431526,-0.037816256631270743,0.508,-0.00331612557878935,-0.03181812286376953,0.16810552978515625,3,0,0.5,0,2.9297013355656847,0.037816256631270743,-0.008000000000000007,0.00331612557878935,1.4648506677828423,0.018908128315635372,-0.006400000000000006,0.00331612557878935,0,0,0,0,0,0,0,0
0.06575049042344801,-0.025191059555654587,0.511,-0.003019419605950199,-0.06885023498535156,0.1891506805419922,3,0,0.5,0,2.934249509576552,0.025191059555654587,-0.01100000000000001,0.003019419605950199,1.4928498199269091,-0.05334011424907123,-0.024545341791044797,0.0016908853992077329,0,0,0,0,0,0,0,0
0.061034333230541075,-0.012535950674968451,0.511,-0.004293509959906069,-0.07131520080566406,0.18961216735839845,3,0,0.5,0,2.938965666769459,0.012535950674968451,-0.01100000000000001,0.004293509959906069,1.4991212032315875,-0.0629147503354338,-0.008944100000000007,0.010265808494074206,0,0,0,0,0,0,0,0
0.057156127447893765,0.0015338177423846484,0.513,-0.006318091892219543,-0.05907867813110351,0.21079481506347655,3,0,0.5,0,2.9428438725521064,-0.0015338177423846484,-0.013000000000000012,0.006318091892219543,1.4980643165133096,-0.07650329631244575,-0.02139783076923079,0.015662316195204806,0,0,0,0,0,0,0,0
0.05788255390716113,0.01571593291795385,0.515,-0.008045967851693979,0.009552129745483398,0.21279632568359375,3,0,0.5,0,2.9421174460928388,-0.01571593291795385,-0.015000000000000013,0.008045967851693979,1.4748193060133228,-0.0842095133393291,-0.023095330769230787,0.01602077997234522,0,0,0,0,0,0,0,0
0.059308490948102144,0.030936642124702218,0.514,-0.008970992355251005,0.019551403045654298,0.228475341796875,3,0,0.5,0,2.9406915090518977,-0.030936642124702218,-0.014000000000000012,0.008970992355251005,1.4723969336388674,-0.09619093272274729,-0.006315469696969704,0.013175649189601122,0,0,0,0,0,0,0,0
0.06578051230574247,0.04275998980994089,0.511,-0.009267698328090044,0.09548542785644532,0.17821397399902345,3,0,0.5,0,2.9342194876942576,-0.04275998980994089,-0.01100000000000001,0.009267698328090044,1.4443379697788243,-0.08411451705972613,0.006617990909090913,0.01061636184099477,0,0,0,0,0,0,0,0
0.07662299265109052,0.05375361052904751,0.509,-0.010035643198967546,0.1611019592285156,0.16640447998046876,3,0,0.5,0,2.9233770073489094,-0.05375361052904751,-0.009000000000000008,0.010035643198967546,1.4158142018836555,-0.08706752197954845,0.003188800000000002,0.013635384781205835,0,0,0,0,0,0,0,0
0.09708241556015118,0.06268679475500616,0.513,-0.009232791743050138,0.30553115844726564,0.13707081604003907,3,0,0.5,0,2.902917584439849,-0.06268679475500616,-0.013000000000000012,0.009232791743050138,1.3566000778911549,-0.07955525841820467,-0.03257166153846157,0.005527323484969792,0,0,0,0,0,0,0,0
0.12100733855294418,0.07062016574064954,0.516,-0.009599310885968992,0.3577598571777344,0.12230885314941406,3,0,0.5,0,2.878992661447056,-0.07062016574064954,-0.016000000000000014,0.009599310885968992,1.3278485765584471,-0.07818423726321402,-0.029691046153846178,0.01129093769944063,0,0,0,0,0,0,0,0
0.15605082012430216,0.07775861061190142,0.516,-0.009337511498169748,0.5246001586914063,0.11211756134033203,3,0,0.5,0,2.8439491798756977,-0.07775861061190142,-0.016000000000000014,0.009337511498169748,1.2523062411627968,-0.07752363141055271,-0.013641200000000013,0.008129206631404005,0,0,0,0,0,0,0,0
0.1969024032298751,0.08219062984186926,0.516,-0.00902335223281081,0.6121262817382812,0.07219908905029297,3,0,0.5,0,2.803097596770125,-0.08219062984186926,-0.016000000000000014,0.00902335223281081,1.202428070171372,-0.06522000378955818,-0.013745200000000013,0.007573386392692638,0,0,0,0,0,0,0,0
0.24544496624643258,0.08398342993991811,0.509,-0.008377580409572927,0.7278661499023438,0.03346106719970703,3,0,0.5,0,2.7545550337535674,-0.08398342993991811,-0.009000000000000008,0.008377580409572927,1.1385342806835752,-0.05195981312694139,0.02948860769230771,0.005397095071551923,0,0,0,0,0,0,0,0
0.3055007882825216,0.08612389355589485,0.504,-0.008848819307611389,0.9005367431640625,0.0396525764465332,3,0,0.5,0,2.6944992117174786,-0.08612389355589485,-0.0040000000000000036,0.008848819307611389,1.0626108120419544,-0.05445216233411065,0.021504394117647076,0.010927814446016367,0,0,0,0,0,0,0,0
0.3729164276774952,0.08583552115846067,0.499,-0.01050688209700601,1.0112332763671874,0.004622698783874512,3,0,0.5,0,2.627083572322505,-0.08583552115846067,0.0010000000000000009,0.01050688209700601,0.9651375737381163,-0.041742891498032335,0.027553177777777795,0.01840241918936135,0,0,0,0,0,0,0,0
0.44453989561191354,0.08368453824479448,0.492,-0.01176351915844187,1.0746317138671875,-0.020975080490112305,3,0,0.5,0,2.5554601043880867,-0.08368453824479448,0.008000000000000007,0.01176351915844187,0.9198533914716622,-0.030741648176720864,0.043119707692307725,0.017563382518915076,0,0,0,0,0,0,0,0
0.5200268480071761,0.08049520474289598,0.479,-0.01216494488640052,1.1327886962890625,-0.03451711654663086,3,0,0.5,0,2.479973151992824,-0.08049520474289598,0.02100000000000002,0.01216494488640052,0.8629185199567391,-0.023608184756834405,0.08596390000000008,0.014017679015440435,0,0,0,0,0,0,0,0
0.6026886711254116,0.0737880835471177,0.467,-0.012863076587198208,1.2410594482421875,-0.08551609802246093,3,0,0.5,0,2.397311328874588,-0.0737880835471177,0.032999999999999974,0.012863076587198208,0.7912798861802052,-0.0019085915877692233,0.08941806363636337,0.016036402499914972,0,0,0,0,0,0,0,0
0.6910487406092497,0.062291038571902435,0.46,-0.013596114873035914,1.3275096435546876,-0.1553931427001953,3,0,0.5,0,2.30895125939075,-0.062291038571902435,0.03999999999999998,0.013596114873035914,0.7184057861185627,0.029199929765940748,0.06876691212121214,0.016928107081389122,0,0,0,0,0,0,0,0
0.785517139529156,0.04701601956320979,0.452,-0.014451326206513126,1.4200101318359375,-0.20983865356445314,3,0,0.5,0,2.214482860470844,-0.04701601956320979,0.04799999999999999,0.014451326206513126,0.6245409251467311,0.05937343132268568,0.08210290000000003,0.01846012933218756,0,0,0,0,0,0,0,0
0.8887820998511741,0.030510201715956663,0.445,-0.015306537539990337,1.5523905029296876,-0.22517745971679687,3,0,0.5,0,2.111217900148826,-0.030510201715956663,0.05499999999999999,0.015306537539990337,0.5348626991724186,0.07294872912738734,0.08200270769230772,0.01925366677142362,0,0,0,0,0,0,0,0
0.995536411356498,0.010711712571263722,0.44,-0.015533430342749564,1.605672607421875,-0.27243292236328126,3,0,0.5,0,2.0044635886435023,-0.010711712571263722,0.06,0.015533430342749564,0.4727292345380292,0.09895541114198157,0.07522155151515153,0.016564761264382413,0,0,0,0,0,0,0,0
1.1054777041468844,-0.008344873346486032,0.438,-0.01548107046518976,1.6533604736328125,-0.2601988525390625,3,0,0.5,0,1.8945222958531156,0.008344873346486032,0.062,0.01548107046518976,0.3838509863566232,0.10771276116896898,0.061640700000000014,0.015235633539128176,0,0,0,0,0,0,0,0
1.2245998322311376,-0.02492267880950519,0.436,-0.015341444125030244,1.79046728515625,-0.220976318359375,3,0,0.5,0,1.7754001677688624,0.02492267880950519,0.064,0.015341444125030244,0.33116350695809615,0.09469243285304704,0.06275120000000001,0.014743045524346606,0,0,0,0,0,0,0,0
1.3530443976292061,-0.043539443797071684,0.437,-0.014695672301792471,1.9307257080078124,-0.24966189575195313,3,0,0.5,0,1.6469556023707939,0.043539443797071684,0.063,0.014695672301792471,0.12657949301869165,0.1279558511194716,0.04659779508196721,0.01151974530226244,0,0,0,0,0,0,0,0
1.4835136242891425,-0.058927358419086376,0.436,-0.012391837689159744,1.960218994140625,-0.2020348358154297,3,0,0.5,0,1.5164863757108575,0.058927358419086376,0.064,0.012391837689159744,0.11778227848314815,0.10925641435606366,0.05878818059701493,0.002076160319162459,0,0,0,0,0,0,0,0
1.6183084208343896,-0.0720878699851949,0.437,-0.009128071987930418,2.024212890625,-0.17233782958984376,3,0,0.5,0,1.3816915791656104,0.0720878699851949,0.063,0.009128071987930418,-0.016048973245146203,0.10861141001979113,0.04760564444444444,-0.0064136694464949455,0,0,0,0,0,0,0,0
1.754754027127445,-0.08606773083958916,0.439,-0.006928957130417633,2.048512939453125,-0.1910071563720703,3,0,0.5,0,1.245245972872555,0.08606773083958916,0.061,0.006928957130417633,-0.06930949651113816,0.11781950515834036,0.04118846923076923,-0.0032208037504106064,0,0,0,0,0,0,0,0
1.8978941477999456,-0.09869622900653882,0.441,-0.003054326190990218,2.14836279296875,-0.17454586791992188,3,0,0.5,0,1.1021058522000544,0.09869622900653882,0.059,0.003054326190990218,-0.1531809341531044,0.11489347342766276,0.040305238805970145,-0.014294767567639996,0,0,0,0,0,0,0,0
2.0373156416270333,-0.10925469382870662,0.445,0.001448623279155183,2.09179638671875,-0.15198866271972655,3,0,0.5,0,0.9626843583729667,0.10925469382870662,0.05499999999999999,-0.001448623279155183,-0.23698995840872505,0.11201446679526028,0.026029999999999977,-0.022556198920461748,0,0,0,0,0,0,0,0
2.1772160130298377,-0.11757797455319487,0.45,0.007522369076095494,2.098322509765625,-0.12788902282714842,3,0,0.5,0,0.8227839869701623,0.11757797455319487,0.04999999999999999,-0.007522369076095494,-0.29725373232065777,0.10332859378428594,0.01730692307692305,-0.03555504198505077,0,0,0,0,0,0,0,0
2.3280235293701383,-0.12677946540885204,0.455,0.011693705988361837,2.261010498046875,-0.1550347442626953,3,0,0.5,0,0.6719764706298617,0.12677946540885204,0.044999999999999984,-0.011693705988361837,-0.4309514862175707,0.1127405696478476,0.013599423076923047,-0.030946030198821882,0,0,0,0,0,0,0,0
2.477666330364757,-0.13564178726561904,0.461,0.01665044106402591,2.24293408203125,-0.15917332458496095,3,0,0.5,0,0.522333669635243,0.13564178726561904,0.03899999999999998,-0.01665044106402591,-0.4991618256605604,0.11543360312854509,0.0036683076923076513,-0.03952767987478317,0,0,0,0,0,0,0,0
2.623182663592095,-0.14221804317160675,0.469,0.020559978588493122,2.180800048828125,-0.13497215270996094,3,0,0.5,0,0.37681733640790505,0.14221804317160675,0.031000000000000028,-0.020559978588493122,-0.5260585459213227,0.10545039818539714,-0.012007344776119123,-0.03806537048909257,0,0,0,0,0,0,0,0
2.7589665484358834,-0.1435300313686597,0.484,0.02204350845268832,2.0359232177734374,-0.06154841995239258,3,0,0.5,0,0.2410334515641166,0.1435300313686597,0.016000000000000014,-0.02204350845268832,-0.5762043974786353,0.07901961132833886,-0.06414515000000005,-0.028997554691103315,0,0,0,0,0,0,0,0
2.8735940419064225,-0.13998686028657986,0.498,0.022933626371205443,1.7201661376953126,0.015235841751098633,3,0,0.5,0,0.12640595809357746,0.13998686028657986,0.0020000000000000018,-0.022933626371205443,-0.5080928249430405,0.05108546827496057,-0.06868551538461544,-0.027041862918207548,0,0,0,0,0,0,0,0
2.968291710309808,-0.1335505494004517,0.515,0.022130774915288035,1.422305419921875,0.06394571685791016,3,0,0.5,0,0.031708289690191904,0.1335505494004517,-0.015000000000000013,-0.022130774915288035,-0.44810660608714614,0.032375675590284925,-0.09853686153846163,-0.01842530665720769,0,0,0,0,0,0,0,0
3.0503178602692778,-0.12574978962433675,0.529,0.018308503853420425,1.2326802978515625,0.08975543212890626,3,0,0.5,0,-0.05031786026927776,0.12574978962433675,-0.029000000000000026,-0.018308503853420425,-0.4209211345165088,0.021210000580939123,-0.09377151538461546,-0.0006672527986468398,0,0,0,0,0,0,0,0
3.119575286772347,-0.11724759621175396,0.538,0.014974924982111283,1.0410220947265625,0.10849259185791016,3,0,0.5,0,-0.11957528677234697,0.11724759621175396,-0.038000000000000034,-0.014974924982111283,-0.3704239381280817,0.015281433718641206,-0.07216882941176478,-0.00026795937339448364,0,0,0,0,0,0,0,0
3.175428971971037,-0.10615703326529904,0.543,0.011746065865921753,0.8402024536132813,0.153794189453125,3,0,0.5,0,-0.17542897197103713,0.10615703326529904,-0.04300000000000004,-0.011746065865921753,-0.35228750390604074,-0.008049917791457403,-0.057893977777777834,0.0036294537349807754,0,0,0,0,0,0,0,0
3.2190066359713456,-0.09578268042020872,0.551,0.008115781021773464,0.6554476928710937,0.14792674255371094,3,0,0.5,0,-0.21900663597134562,0.09578268042020872,-0.051000000000000045,-0.008115781021773464,-0.2985693991174033,-0.007422496815414965,-0.07992462307692315,0.008639379797372483,0,0,0,0,0,0,0,0
3.2525288572834836,-0.08721055826168543,0.551,0.005951572749300585,0.5038602905273437,0.12449675750732422,3,0,0.5,0,-0.2525288572834836,0.08721055826168543,-0.051000000000000045,-0.005951572749300585,-0.26134996213286543,-0.0019475519502917538,-0.037179200000000044,0.004037080815958857,0,0,0,0,0,0,0,0
3.270433392594942,-0.07742090707187298,0.548,0.004118977034706542,0.26943722534179687,0.1452437744140625,3,0,0.5,0,-0.27043339259494203,0.07742090707187298,-0.04800000000000004,-0.004118977034706542,-0.18638277918242974,-0.013347979508696747,-0.01893735384615388,0.004339157032650579,0,0,0,0,0,0,0,0
3.274013807034809,-0.06813750466805665,0.539,0.0013962634015953794,0.05427933120727539,0.1390286407470703,3,0,0.5,0,-0.2740138070348088,0.06813750466805665,-0.039000000000000035,-0.0013962634015953794,-0.11065119688230025,-0.013725907867372683,0.018862425373134328,0.01079499167203669,0,0,0,0,0,0,0,0
3.270431407760972,-0.05863071657003356,0.53,0.00026179938779913575,-0.053536827087402344,0.1426767120361328,3,0,0.5,0,-0.27043140776097196,0.05863071657003356,-0.030000000000000027,-0.00026179938779913575,-0.07073816979586137,-0.021936639977265377,0.02807425000000001,0.005056000676870756,0,0,0,0,0,0,0,0
3.2588840388314844,-0.048550786437822326,0.519,0.0003141592653589401,-0.1731709442138672,0.15124429321289062,3,0,0.5,0,-0.25888403883148436,0.048550786437822326,-0.019000000000000017,-0.0003141592653589401,-0.02254586559560473,-0.029231346486875434,0.04676276923076926,-0.0005558202387118833,0,0,0,0,0,0,0,0
3.2410861857887223,-0.041062578091887666,0.505,0.0016580627893945123,-0.2669324951171875,0.11240699005126953,3,0,0.5,0,-0.24108618578872232,0.041062578091887666,-0.0050000000000000044,-0.0016580627893945123,0.019852807822645258,-0.018993334981055317,0.07408411538461543,-0.00786069443878946,0,0,0,0,0,0,0,0
3.2139457137007614,-0.033481319070835396,0.492,0.0017976891295540278,-0.40691796875,0.11439373779296876,3,0,0.5,0,-0.21394571370076143,0.033481319070835396,0.008000000000000007,-0.0017976891295540278,0.08359038939609856,-0.023263243730972553,0.07915150000000007,-0.0024421183918287145,0,0,0,0,0,0,0,0
3.1826603988129234,-0.027287194772516093,0.478,0.003560471674068369,-0.4691119384765625,0.09375533294677735,3,0,0.5,0,-0.1826603988129234,0.027287194772516093,0.02200000000000002,-0.003560471674068369,0.11640041023633357,-0.017877225237611278,0.09363322835820903,-0.01145352784353557,0,0,0,0,0,0,0,0
3.1518932487342997,-0.02428911815822228,0.466,0.0043109632524259735,-0.46134420776367185,0.04661404418945313,3,0,0.5,0,-0.15189324873429966,0.02428911815822228,0.033999999999999975,-0.0043109632524259735,0.13651387617484978,-0.0033990842560673185,0.09594149999999974,-0.007828892525977243,0,0,0,0,0,0,0,0
3.119216396187788,-0.022244528133177423,0.461,0.002897246558310477,-0.4900160217285156,0.03278158950805664,3,0,0.5,0,-0.11921639618778812,0.022244528133177423,0.03899999999999998,-0.002897246558310477,0.16046924274086435,0.0009794802550284112,0.061493076923076914,0.0036275997222225834,0,0,0,0,0,0,0,0
3.089198276918081,-0.02091799110587455,0.456,0.000872664625997114,-0.4502122497558594,0.021202518463134767,3,0,0.5,0,-0.08919827691808102,0.02091799110587455,0.043999999999999984,-0.000872664625997114,0.1611040673898511,0.0041962476542064696,0.06577907692307693,0.008471559676987638,1426166063118,0,0,0,0,0,0,0
3.0635257395138473,-0.02010951776930177,0.453,-0.0029496064358704964,-0.38507733154296875,0.01246314811706543,3,0,0.5,0,-0.06352573951384732,0.02010951776930177,0.046999999999999986,0.0029496064358704964,0.15049975739335025,0.0065946558917860144,0.05771534615384615,0.02059085749064408,1426166063118,0,0,0,0,0,0,0
3.0377807952764697,-0.018251277624270833,0.45,-0.0062308254296197215,-0.38625469970703125,0.026734420776367188,3,0,0.5,0,-0.037780795276469714,0.018251277624270833,0.04999999999999999,0.0062308254296197215,0.15959869118312126,0.00032385750321862854,0.059968141791044774,0.0209228507747655,1426166063118,0,0,0,0,0,0,0
3.01421667880218,-0.01591456912944017,0.448,-0.00919788515801023,-0.3536732788085937,0.03284760284423828,3,0,0.5,0,-0.014216678802180027,0.01591456912944017,0.05199999999999999,0.00919788515801023,0.16574939804173633,-0.0039059613628377385,0.057166800000000004,0.023105977634840735,1426166063118,0,0,0,0,0,0,0
2.9965926286680773,-0.012381118924511129,0.451,-0.011850785621041578,-0.26483706665039064,0.050567985534667965,3,0,0.5,0,0.003407371331922704,0.012381118924511129,0.04899999999999999,0.011850785621041578,0.1405961074227041,-0.011912034491129438,0.027993953846153823,0.02409494160426319,1426166063118,0,0,0,0,0,0,0
2.990268756351071,-0.008384553191611858,0.46,-0.01633628179866697,-0.09556184387207031,0.05882015991210938,3,0,0.5,-0.011850785621041578,0.009731243648928967,0.008384553191611858,0.03999999999999998,0.004485496177625392,0.004865621824464483,0.004192276595805929,0.03199999999999999,0.004485496177625392,1426166063118,0,0,0,0,0,0,0
2.9846403195091997,-0.003244863092526717,0.469,-0.02261946710584661,-0.0856746826171875,0.0757059097290039,3,0,0.5,-0.011850785621041578,0.015359680490800276,0.003244863092526717,0.031000000000000028,0.010768681484805032,0.03799679164779543,-0.026050713672415717,-0.023460038461538178,0.0397679982871726,1426166063509,0,0,0,0,0,0,0
2.982165221493416,0.004406492177449832,0.472,-0.025830872929516132,-0.03971279525756836,0.11390126037597656,3,0,0.5,-0.011850785621041578,0.017834778506584215,-0.004406492177449832,0.028000000000000025,0.013980087308474554,0.022064663780097873,-0.04277941406848813,0.006877209090909098,0.028577386506972377,1426166063575,0,0,0,0,0,0,0
2.983048019309782,0.016127034009538584,0.481,-0.028152160834668646,0.00869677734375,0.17609149169921876,3,0,0.5,-0.011850785621041578,0.016951980690218083,-0.016127034009538584,0.019000000000000017,0.016301375213627067,0.003755237175181108,-0.07118540856579574,-0.03275173846153849,0.027015011698946358,1426166063640,0,0,0,0,0,0,0
2.9833825169147765,0.029809481076699305,0.492,-0.0293738913110646,-0.000761617660522461,0.20529661560058593,3,0,0.5,-0.011850785621041578,0.016617483085223483,-0.029809481076699305,0.008000000000000007,0.017523105690023022,0.006551175490228226,-0.08861011337400196,-0.05226896923076928,0.023161861734927427,1426166063705,0,0,0,0,0,0,0
2.9837317125710996,0.04540029193108578,0.497,-0.03216641811425558,-0.0016327786445617676,0.23391511535644532,3,0,0.5,-0.011850785621041578,0.016268287428900408,-0.04540029193108578,0.0030000000000000027,0.020315632493214,0.006308008695588292,-0.10671083399908905,-0.02394177692307694,0.03320421773871083,1426166063770,0,0,0,0,0,0,0
2.9881810626008325,0.06129765833130836,0.51,-0.03251548396465431,0.05903662872314453,0.2404835662841797,3,0,0.5,-0.011850785621041578,0.011818937399167506,-0.06129765833130836,-0.010000000000000009,0.020664698343612734,-0.0179867383283293,-0.11635004438546397,-0.07748370000000007,0.022275771499299196,1426166063835,0,0,0,0,0,0,0
2.9949812282607606,0.078082401879041,0.512,-0.03300417615521279,0.0937635498046875,0.2549541473388672,3,0,0.5,-0.011850785621041578,0.005018771739239369,-0.078082401879041,-0.01200000000000001,0.021153390534171212,-0.0324262224332668,-0.12558637087713748,-0.019459417647058844,0.023309385492517435,1426166063903,0,0,0,0,0,0,0
3.0012387899076964,0.09406929506986397,0.509,-0.03476695869972713,0.08589923095703125,0.24277012634277345,3,0,0.5,-0.011850785621041578,-0.001238789907696436,-0.09406929506986397,-0.009000000000000008,0.022916173078685553,-0.035319162404847323,-0.13606309203275715,0.009844666666666673,0.031310375671610984,1426166063966,0,0,0,0,0,0,0
3.007511275522113,0.11059561865075923,0.503,-0.036110862223762696,0.08541361236572266,0.25101551818847656,3,0,0.5,-0.011850785621041578,-0.00751127552211317,-0.11059561865075923,-0.0030000000000000027,0.024260076602721118,-0.037470978708446505,-0.14456996389779858,0.030266192307692327,0.030462708252116034,0,0,0,0,0,0,0,0
3.013830417380295,0.1233751741254463,0.501,-0.037489672332838286,0.08780462646484374,0.19499046325683594,3,0,0.5,-0.011850785621041578,-0.01383041738029478,-0.1233751741254463,-0.0010000000000000009,0.025638886711796708,-0.040890765336799216,-0.13086503031104876,0.010321230769230777,0.03200262567676097,0,0,0,0,0,0,0,0
3.018811786512547,0.13566096987474188,0.501,-0.03862413634663453,0.06776079559326172,0.18695803833007812,3,0,0.5,-0.011850785621041578,-0.018811786512547002,-0.13566096987474188,-0.0010000000000000009,0.02677335072559295,-0.036190285963000245,-0.1344374016024687,-0.0004545000000000005,0.03200933848157561,0,0,0,0,0,0,0,0
3.0220855927381107,0.14524981343845728,0.509,-0.03951425426515176,0.04351643753051758,0.1456216278076172,3,0,0.5,-0.011850785621041578,-0.022085592738110726,-0.14524981343845728,-0.009000000000000008,0.027663468644110182,-0.028121202377052144,-0.12326582979573517,-0.04870584477611944,0.03164907126433659,0,0,0,0,0,0,0,0
3.0270491895256115,0.15253511731137626,0.508,-0.038676496224194334,0.070078857421875,0.11213548278808594,3,0,0.5,-0.011850785621041578,-0.027049189525611528,-0.15253511731137626,-0.008000000000000007,0.026825710603152756,-0.04109360664843245,-0.11738751542090198,-0.000609644444444446,0.022836386598593585,0,0,0,0,0,0,0,0
3.0282615979503453,0.15899040980375825,0.511,-0.03860668305411474,0.014428438186645508,0.09746017456054687,3,0,0.5,-0.011850785621041578,-0.02826159795034533,-0.15899040980375825,-0.01100000000000001,0.026755897433073165,-0.020572364423121388,-0.11447879663448374,-0.02454689090909093,0.026438564841802296,0,0,0,0,0,0,0,0
3.030420745312841,0.16147615571251256,0.514,-0.03954916085019167,0.030923938751220702,0.03850845718383789,3,0,0.5,-0.011850785621041578,-0.030420745312841113,-0.16147615571251256,-0.014000000000000012,0.02769837522915009,-0.026868451078556566,-0.09497880305057148,-0.027282646153846173,0.03204827274950512,0,0,0,0,0,0,0,0
3.0282139748048627,0.16210740123539236,0.514,-0.042027528388023594,-0.03345005416870117,0.008152481079101562,3,0,0.5,-0.011850785621041578,-0.02821397480486265,-0.16210740123539236,-0.014000000000000012,0.030176742766982016,-0.0022746163748676405,-0.08541402431425933,-0.01121980000000001,0.04161536217236014,0,0,0,0,0,0,0,0
3.0254887001032453,0.1593039355341344,0.511,-0.045046947993973796,-0.03907620239257813,-0.04373239517211914,3,0,0.5,-0.011850785621041578,-0.025488700103245332,-0.1593039355341344,-0.01100000000000001,0.033196162372932214,0.0014248427546098702,-0.06607504066527187,0.0067781417910447814,0.046715951653306234,0,0,0,0,0,0,0,0
3.0210506890220925,0.15450532196229874,0.511,-0.04735078260660619,-0.06326128768920898,-0.07490395355224609,3,0,0.5,-0.011850785621041578,-0.021050689022092506,-0.15450532196229874,-0.01100000000000001,0.03549999698556461,0.01404969384330371,-0.05175907802541256,-0.008962800000000007,0.04647063799809982,0,0,0,0,0,0,0,0
3.0128361878172005,0.1467626978864486,0.513,-0.04879940588576148,-0.11758217620849609,-0.1218414535522461,3,0,0.5,-0.011850785621041578,-0.012836187817200528,-0.1467626978864486,-0.013000000000000012,0.0369486202647199,0.03705460425809573,-0.033584223556863246,-0.021254660606060623,0.043533271533607594,0,0,0,0,0,0,0,0
3.0032211302145884,0.13950830254399674,0.514,-0.048851765763321287,-0.13874612426757812,-0.11572173309326172,3,0,0.5,-0.011850785621041578,-0.0032211302145883636,-0.13950830254399674,-0.014000000000000012,0.037000980142279705,0.05007167760192982,-0.032044947614447636,-0.0169242153846154,0.03724264111563265,0,0,0,0,0,0,0,0
2.9942073662972835,0.12840095141860347,0.513,-0.04911356515112042,-0.12690918731689455,-0.17301394653320312,3,0,0.5,-0.011850785621041578,0.005792633702716543,-0.12840095141860347,-0.013000000000000012,0.03726277953007884,0.0513445895439115,-0.005828047685104032,-0.005439484615384621,0.03847108439684407,0,0,0,0,0,0,0,0
2.9849733083619974,0.11498204390940185,0.513,-0.049078658566080735,-0.12846206665039062,-0.20784092712402344,3,0,0.5,-0.011850785621041578,0.015026691638002632,-0.11498204390940185,-0.013000000000000012,0.03722787294503915,0.05567365061239367,0.01109432491841611,-0.01091120000000001,0.03707157480307042,0,0,0,0,0,0,0,0
2.975810671753129,0.10396320723718049,0.511,-0.04893903222592111,-0.12916546630859374,-0.171826171875,3,0,0.5,-0.011850785621041578,0.02418932824687081,-0.10396320723718049,-0.01100000000000001,0.03708824660487953,0.06293612882970491,0.007655235153629848,0.0017306111111111116,0.03642335927078607,0,0,0,0,0,0,0,0
2.9666709849306043,0.09099190607956693,0.511,-0.04981169685191822,-0.1274129180908203,-0.20104319763183592,3,0,0.5,-0.011850785621041578,0.03332901506939567,-0.09099190607956693,-0.01100000000000001,0.03796091123087664,0.06583779765996199,0.022711449475131484,-0.009452000000000009,0.04198859412009407,1426166065008,0,0,0,0,0,0,0
2.9621112355978045,0.07628952435228785,0.503,-0.048240900525123316,-0.0573306884765625,-0.22366770935058594,3,0,0.5,-0.011850785621041578,0.03788876440219546,-0.07628952435228785,-0.0030000000000000027,0.03639011490408174,0.043109469521792954,0.03813399730741322,0.03935244242424245,0.02925013160046858,1426166065008,0,0,0,0,0,0,0
2.963766713539702,0.06125237951219227,0.499,-0.04616395871525004,0.035680141448974606,-0.22409730529785157,3,0,0.5,-0.011850785621041578,0.03623328646029789,-0.06125237951219227,0.0010000000000000009,0.03431317309420846,0.009210681306150775,0.0486148213009666,0.021673161538461556,0.024727287817870258,1426166065008,0,0,0,0,0,0,0
2.9616283772166954,0.04861251309019943,0.499,-0.04483750848373436,-0.0232913875579834,-0.19087619018554688,3,0,0.5,-0.011850785621041578,0.03837162278330464,-0.04861251309019943,0.0010000000000000009,0.03298672286269279,0.030390084077399272,0.03996209563223298,0.00014140000000000008,0.027047393467846487,1426166065008,0,0,0,0,0,0,0
2.960097015983087,0.03732534747831485,0.496,-0.04330161874197936,-0.015358550071716309,-0.17016691589355468,3,0,0.5,-0.011850785621041578,0.039902984016912946,-0.03732534747831485,0.0040000000000000036,0.031450833120937785,0.02851805235542192,0.04225948614013604,0.019233266666666683,0.02413707244591396,1426166065008,0,0,0,0,0,0,0
2.9606141468017872,0.028344659625790025,0.493,-0.04241150082346224,0.013581043243408203,-0.13424826049804686,3,0,0.5,-0.011850785621041578,0.03938585319821275,-0.028344659625790025,0.007000000000000006,0.030560715202420662,0.01703555879804959,0.03164950679345971,0.020921890909090926,0.026514724663706468,1426166065335,0,0,0,0,0,0,0
2.963622624980762,0.019565631323536538,0.495,-0.03974114706791088,0.05066989517211914,-0.12965367126464844,3,0,0.5,-0.011850785621041578,0.03637737501923821,-0.019565631323536538,0.0050000000000000044,0.027890361446869304,0.0020978275177368604,0.03567313431851889,-0.007323930769230774,0.01556565180586304,1426166065400,0,0,0,0,0,0,0
2.9669468643741435,0.013060040124945795,0.497,-0.035691983203284046,0.0537012939453125,-0.09552570343017579,3,0,0.5,-0.011850785621041578,0.033053135625856545,-0.013060040124945795,0.0030000000000000027,0.023841197582242468,-0.001243060333758629,0.02667585648739519,-0.008904430769230776,0.005152748976272454,1426166065465,0,0,0,0,0,0,0
2.9722019291586768,0.006980489647489222,0.498,-0.03316125578789231,0.08202994537353515,-0.08832231903076172,3,0,0.5,-0.011850785621041578,0.02779807084132324,-0.006980489647489222,0.0020000000000000018,0.02131047016685073,-0.013404048402794095,0.02643969412186772,-0.004145680597014928,0.009978854874051903,1426166065532,0,0,0,0,0,0,0
2.9783197355136077,0.0027673570438772124,0.499,-0.030822514590220007,0.09381195068359376,-0.06011968994140625,3,0,0.5,-0.011850785621041578,0.021680264486392264,-0.0027673570438772124,0.0010000000000000009,0.01897172896917843,-0.022453998750537135,0.019826212463410608,-0.0051841500000000046,0.00800887960508952,1426166065596,0,0,0,0,0,0,0
2.9874418187120644,0.0006782767192970432,0.499,-0.02851867997758739,0.13773196411132813,-0.027104505538940428,3,0,0.5,-0.011850785621041578,0.012558181287935621,-0.0006782767192970432,0.0010000000000000009,0.016667894356545813,-0.043436642101772165,0.009254407627644963,0.00029100000000000024,0.005868669609830426,1426166065660,0,0,0,0,0,0,0
2.9967127608251642,0.0004453230462146414,0.498,-0.025865779514556042,0.1391072235107422,0.0004725036919116974,3,0,0.5,-0.011850785621041578,0.0032872391748357543,-0.0004453230462146414,0.0020000000000000018,0.014014993893514464,-0.047347638052315316,-0.0008187070865139448,0.006407230303030307,0.0019563554251901503,1426166065726,0,0,0,0,0,0,0
3.007505746376826,-0.000021180732458147097,0.494,-0.023666664657043254,0.1620216064453125,-0.0028081481456756594,3,0,0.5,-0.011850785621041578,-0.007505746376826217,0.000021180732458147097,0.006000000000000005,0.011815879036001675,-0.061700998647293476,0.0006911416063630634,0.02588166153846156,0.0016661181551734221,1426166065791,0,0,0,0,0,0,0
3.0186197908801238,-0.001361814648609582,0.493,-0.02094395102393198,0.16713986206054687,-0.01615876007080078,3,0,0.5,-0.011850785621041578,-0.018619790880123777,0.001361814648609582,0.007000000000000006,0.009093165402890402,-0.06472520122163551,0.005553637991827275,0.010192200000000009,-0.0025756073104436245,1426166065861,0,0,0,0,0,0,0
3.029536919617206,-0.00042188594769154556,0.49,-0.017941984710501898,0.16342575073242188,0.017525304794311525,3,0,0.5,-0.011850785621041578,-0.02953691961720617,0.00042188594769154556,0.010000000000000009,0.00609119908946032,-0.07831451619177322,-0.0071021602298421815,0.02515220000000002,-0.008918632477690092,1426166065921,0,0,0,0,0,0,0
3.037811370000453,0.0003913024177784559,0.487,-0.013823007675795137,0.12387793731689453,0.014422643661499023,3,0,0.5,-0.011850785621041578,-0.03781137000045298,-0.0003913024177784559,0.013000000000000012,0.0019722220547535585,-0.06076643003247549,-0.006150975509723578,0.025359291304347845,-0.015936373748319313,1426166065990,0,0,0,0,0,0,0
3.0474759301757572,0.0011152852958438843,0.487,-0.011658799403322258,0.144804443359375,0.01286254119873047,3,0,0.5,-0.011850785621041578,-0.04747593017575724,-0.0011152852958438843,0.013000000000000012,-0.0001919862177193199,-0.07821429641636489,-0.006475790023250997,0.01022250000000001,-0.010663961729684859,1426166066052,0,0,0,0,0,0,0
3.0535104993363555,0.002995667426228611,0.497,-0.011309733552923414,0.09018354797363282,0.02925912857055664,3,0,0.5,-0.011850785621041578,-0.053510499336355544,-0.002995667426228611,0.0030000000000000027,-0.0005410520681181641,-0.05920219577329501,-0.01345606270238457,-0.05160415384615388,-0.002152125223805137,1426166066117,0,0,0,0,0,0,0
3.0578813374025744,0.004964680077949627,0.497,-0.011571532940722547,0.06522434997558593,0.0302747802734375,3,0,0.5,-0.011850785621041578,-0.057881337402574395,-0.004964680077949627,0.0030000000000000027,-0.00027925268031903094,-0.05211066926220392,-0.014760444927997673,0.002261800000000002,0.0009107445369497559,1426166066183,0,0,0,0,0,0,0
3.061755669646667,0.007432330200332954,0.495,-0.013840460968315146,0.05768278503417969,0.037684738159179686,3,0,0.5,-0.011850785621041578,-0.06175566964666679,-0.007432330200332954,0.0050000000000000044,0.0019896753472735673,-0.052096426757907315,-0.019052254528174772,0.014831300000000013,0.012625275476613872,1426166066247,0,0,0,0,0,0,0
3.0638861002201097,0.007743597596379231,0.494,-0.015289084247470438,0.031888778686523435,0.005110841751098633,3,0,0.5,-0.011850785621041578,-0.06388610022010965,-0.007743597596379231,0.006000000000000005,0.0034382986264288595,-0.04348696279150697,-0.00739401516733169,0.010117415384615393,0.010124252222530206,1426166066312,0,0,0,0,0,0,0
3.065132443562304,0.005622303944906039,0.493,-0.01399754060099456,0.01917943572998047,-0.03152986526489258,3,0,0.5,-0.011850785621041578,-0.06513244356230397,-0.005622303944906039,0.007000000000000006,0.0021467549799529823,-0.03929096914537632,0.00658826066266936,0.010882030303030312,-0.003723897958573731,1426166066378,0,0,0,0,0,0,0
3.065523021504134,0.003205042164182149,0.492,-0.012409290981679753,0.006365614414215088,-0.036173370361328124,3,0,0.5,-0.011850785621041578,-0.0655230215041338,-0.003205042164182149,0.008000000000000007,0.0005585053606381746,-0.03502256356310079,0.009561548733365084,0.011815615384615395,-0.00677187749773786,1426166066443,0,0,0,0,0,0,0
3.0659874179227535,-0.00026600139983194064,0.492,-0.006928957130417633,0.007611491203308105,-0.051975204467773435,3,0,0.5,-0.011850785621041578,-0.06598741792275353,0.00026600139983194064,0.008000000000000007,-0.004921828490623946,-0.035657909754330475,0.0166882703062724,0.006483800000000007,-0.029832436905451766,1426166066509,0,0,0,0,0,0,0
3.0654179554047034,-0.004881598515898004,0.491,-0.0030194196059502004,-0.0080620174407959,-0.06929148101806641,3,0,0.5,-0.011850785621041578,-0.06541795540470341,0.004881598515898004,0.009000000000000008,-0.008831366015091378,-0.02983808956061864,0.025833690612736875,0.012810150000000011,-0.02715732316103247,1426166066573,0,0,0,0,0,0,0
3.0640309012633313,-0.011296833588180488,0.494,-0.0009948376736368374,-0.020515163421630858,-0.09629090881347656,3,0,0.5,-0.011850785621041578,-0.06403090126333133,0.011296833588180488,0.006000000000000005,-0.010855947947404741,-0.0248316776524138,0.03835067782836059,-0.01117344615384616,-0.020200172250389493,1426166066638,0,0,0,0,0,0,0
3.0614806080492865,-0.01986769242576135,0.496,0.0005410520681181657,-0.038126480102539065,-0.12860087585449217,3,0,0.5,-0.011850785621041578,-0.061480608049286456,0.01986769242576135,0.0040000000000000036,-0.012391837689159744,-0.017541579119937957,0.05355717059670196,-0.00719926060606061,-0.019373154697137032,1426166066704,0,0,0,0,0,0,0
3.05733727007524,-0.028608237061625692,0.498,0.0021467549799529823,-0.062220996856689456,-0.13107452392578126,3,0,0.5,-0.011850785621041578,-0.05733727007523992,0.028608237061625692,0.0020000000000000018,-0.01399754060099456,-0.006721180155444005,0.05955898524623042,-0.008949430769230776,-0.021408477117155253,1426166066769,0,0,0,0,0,0,0
3.0525187446296633,-0.03954799691765974,0.504,0.0015707963267948006,-0.07262998962402344,-0.16394085693359375,3,0,0.5,-0.011850785621041578,-0.05251874462966333,0.03954799691765974,-0.0040000000000000036,-0.013421581947836379,-0.0014859848088994258,0.07513889046392871,-0.03435028358208958,-0.010842662605337058,1426166066836,0,0,0,0,0,0,0
3.0475817591923096,-0.048674556914362815,0.509,-0.0006806784082778999,-0.07426972961425782,-0.13678190612792968,3,0,0.5,-0.011850785621041578,-0.04758175919230956,0.048674556914362815,-0.009000000000000008,-0.011170107212763679,0.003208826694303644,0.0732879472779921,-0.0348414777777778,-0.00044879895051272434,1426166066899,0,0,0,0,0,0,0
3.0432841367478765,-0.05816337168832624,0.505,-0.003508111796508671,-0.06436743927001953,-0.14237606811523437,3,0,0.5,-0.011850785621041578,-0.043284136747876456,0.05816337168832624,-0.0050000000000000044,-0.008342673824532907,0.0010428502850093266,0.0784606677774256,0.017642261538461552,0.00470701873653219,1426166066964,0,0,0,0,0,0,0
3.0381769183188783,-0.06648052970934179,0.504,-0.006806784082777904,-0.0761701431274414,-0.12502535247802735,3,0,0.5,-0.011850785621041578,-0.03817691831887826,0.06648052970934179,-0.0040000000000000036,-0.005044001538263674,0.007931007496413192,0.07635353815483278,0.002262415384615386,0.010180639782978939,1426166067029,0,0,0,0,0,0,0
3.033589877728631,-0.07109031696479001,0.505,-0.008726646259971658,-0.0683333511352539,-0.0696135482788086,3,0,0.5,-0.011850785621041578,-0.0335898777286312,0.07109031696479001,-0.0050000000000000044,-0.0031241393610699202,0.0070271667981710965,0.05836649586168091,-0.00925823030303031,0.005602506898901689,1426166067095,0,0,0,0,0,0,0
3.0297449332838733,-0.07287637589391234,0.507,-0.011606439525762456,-0.05743817901611328,-0.027293159484863282,3,0,0.5,-0.011850785621041578,-0.029744933283873287,0.07287637589391234,-0.007000000000000006,-0.0002443460952791226,0.004394352444978471,0.04405619012616768,-0.015896917647058837,0.012460624194974394,1426166067163,0,0,0,0,0,0,0
3.024876990432603,-0.07335644107927528,0.509,-0.011990411961201207,-0.07293064880371093,-0.00804796600341797,3,0,0.5,-0.011850785621041578,-0.02487699043260294,0.07335644107927528,-0.009000000000000008,0.00013962634015962823,0.0145030674536677,0.03785879874307811,-0.018548922580645177,0.00199755747937939,1426166067225,0,0,0,0,0,0,0
3.018578978686599,-0.07107642058472144,0.516,-0.013404128655316481,-0.09487345123291016,0.03306513977050781,3,0,0.5,-0.011850785621041578,-0.01857897868659908,0.07107642058472144,-0.016000000000000014,0.0015533430342749028,0.02355803579114185,0.021964635757995607,-0.05008541212121216,0.00797932800752615,1426166067291,0,0,0,0,0,0,0
3.01184106755064,-0.06376680914734037,0.524,-0.015655603390389183,-0.10252922821044921,0.10827962493896484,3,0,0.5,-0.011850785621041578,-0.011841067550640183,0.06376680914734037,-0.02400000000000002,0.003804817769347605,0.029801807490169713,-0.008917149961882705,-0.06259712307692313,0.014196239623529307,1426166067356,0,0,0,0,0,0,0
3.0085486087011923,-0.055744034247286245,0.525,-0.018256143975860728,-0.05126477432250977,0.11955372619628907,3,0,0.5,-0.011850785621041578,-0.00854860870119234,0.055744034247286245,-0.025000000000000022,0.00640535835481915,0.012890044930332193,-0.016732414742503945,-0.025867315384615404,0.018407853364687816,1426166067421,0,0,0,0,0,0,0
3.0071028188872186,-0.045843508037869206,0.53,-0.02010619298297478,-0.024394264221191408,0.14808724975585938,3,0,0.5,-0.011850785621041578,-0.007102818887218643,0.045843508037869206,-0.030000000000000027,0.008255407361933201,0.0035466945982186113,-0.03095565448225417,-0.051195851515151554,0.016664721030633437,1426166067487,0,0,0,0,0,0,0
3.0065019414813223,-0.03555980139829136,0.532,-0.02186897552748901,-0.012112623214721679,0.154043212890625,3,0,0.5,-0.011850785621041578,-0.006501941481322326,0.03555980139829136,-0.03200000000000003,0.010018189906447431,-0.0005380468232008551,-0.03981097970985523,-0.03742300000000004,0.018281233083857883,1426166067551,0,0,0,0,0,0,0
3.0073813337321633,-0.026987945549298432,0.531,-0.025656340004316828,0.01037608814239502,0.12883554077148437,3,0,0.5,-0.011850785621041578,-0.00738133373216332,0.026987945549298432,-0.031000000000000028,0.01380555438327525,-0.009003778172032701,-0.033996491663746006,-0.020502384615384638,0.03128569812248056,1426166067616,0,0,0,0,0,0,0
3.0098172991062833,-0.01703991578665572,0.537,-0.030019663134302713,0.032699424743652346,0.15010870361328124,3,0,0.5,-0.011850785621041578,-0.009817299106283262,0.01703991578665572,-0.03700000000000003,0.018168877513261135,-0.018411049429603456,-0.04555781660819714,-0.06274938181818188,0.03800216446774243,1426166067682,0,0,0,0,0,0,0
3.012307590181628,-0.006367358960524689,0.537,-0.03454006589696801,0.032532459259033204,0.16113742065429687,3,0,0.5,-0.011850785621041578,-0.012307590181627859,0.006367358960524689,-0.03700000000000003,0.02268928027592643,-0.020155456341274122,-0.055602866630363734,-0.03117170000000003,0.04355267764207395,1426166067747,0,0,0,0,0,0,0
3.0161486648806326,0.002853799615843278,0.524,-0.038676496224194334,0.052805213928222655,0.14022454833984374,3,0,0.5,-0.011850785621041578,-0.0161486648806326,-0.002853799615843278,-0.02400000000000002,0.026825710603152756,-0.028742869251591426,-0.05091797565420965,0.04697794776119406,0.045347040426554214,1426166067814,0,0,0,0,0,0,0
3.020615719962849,0.012441582438523384,0.514,-0.04213224814314309,0.061394775390625,0.1463000946044922,3,0,0.5,-0.011850785621041578,-0.020615719962849166,-0.012441582438523384,-0.014000000000000012,0.030281462522101513,-0.035741041783441396,-0.060814934019400156,0.042534855555555584,0.04673742404090512,1426166067877,0,0,0,0,0,0,0
3.0245808647912775,0.021098685664578884,0.503,-0.04499458811641388,0.05395486068725586,0.13224647521972657,3,0,0.5,-0.011850785621041578,-0.024580864791277524,-0.021098685664578884,-0.0030000000000000027,0.0331438024953723,-0.034273398926172455,-0.05850691086933123,0.054990569230769275,0.04635460237200669,1426166067942,0,0,0,0,0,0,0
3.030463056169991,0.026520785792963478,0.496,-0.048066367599924,0.0844853286743164,0.08521784973144532,3,0,0.5,-0.011850785621041578,-0.03046305616999101,-0.026520785792963478,0.0040000000000000036,0.036215581978882416,-0.04755685394972885,-0.04381595199529176,0.03907810769230772,0.05039302574892911,1426166068007,0,0,0,0,0,0,0
3.0382495175575372,0.030775428973487885,0.49,-0.049357911246399766,0.11359562683105469,0.06935778045654296,3,0,0.5,-0.011850785621041578,-0.03824951755753725,-0.030775428973487885,0.010000000000000009,0.037507125625358184,-0.06109383182355041,-0.03933016331535388,0.038069981818181844,0.0433777785638844,1426166068073,0,0,0,0,0,0,0
3.0449336348488525,0.03392693341158397,0.492,-0.050143309409797276,0.09780732727050781,0.05216169738769531,3,0,0.5,-0.011850785621041578,-0.04493363484885249,-0.03392693341158397,0.008000000000000007,0.038292523788755695,-0.05757814953114178,-0.03458746285971419,-0.005587917647058827,0.04175751568609765,1426166068141,0,0,0,0,0,0,0
3.048217067504824,0.036552396237969284,0.491,-0.050928707573194676,0.04721567153930664,0.04180104064941406,3,0,0.5,-0.011850785621041578,-0.04821706750482413,-0.036552396237969284,0.009000000000000008,0.039077921952153094,-0.0430879902630618,-0.03428814814807177,0.011118455555555566,0.042817913206426424,1426166068204,0,0,0,0,0,0,0
3.049400975514547,0.03806030338210501,0.491,-0.05251695719250949,0.016584156036376953,0.02349331283569336,3,0,0.5,-0.011850785621041578,-0.04940097551454681,-0.03806030338210501,0.009000000000000008,0.040666171571467916,-0.03194476528724757,-0.028726922917766896,0.005620500000000006,0.04811109166200614,1426166068268,0,0,0,0,0,0,0
3.0505144470018712,0.03121959926738682,0.495,-0.05354670145118613,0.02206536293029785,-0.10159235382080078,3,0,0.5,-0.011850785621041578,-0.05051444700187124,-0.03121959926738682,0.0050000000000000044,0.04169591583014455,-0.03196511667660183,0.019195652612982617,-0.018758621212121226,0.04637657155140198,1426166068334,0,0,0,0,0,0,0
3.055512108870843,0.0006829565066840959,0.494,-0.05230751768227006,0.09937281036376953,-0.45338092041015626,3,0,0.5,-0.011850785621041578,-0.05551210887084279,-0.0006829565066840959,0.006000000000000005,0.040456732061228476,-0.055098564899555835,0.1601238039404424,0.00859613030303031,0.03482407856615541,1426166068400,0,0,0,0,0,0,0
3.0614805927868654,-0.050332503282817284,0.495,-0.05239478414486989,0.1294139404296875,-0.7595044555664062,3,0,0.5,-0.011850785621041578,-0.06148059278686535,0.050332503282817284,0.0050000000000000044,0.04054399852382831,-0.06425954851724391,0.30271780044831226,-0.0029436500000000025,0.04095306006726504,1426166068464,0,0,0,0,0,0,0
3.0655962439410724,-0.09916560591565232,0.492,-0.05126032013107354,0.10001148986816406,-0.7282582397460937,3,0,0.5,-0.011850785621041578,-0.06559624394107244,0.09916560591565232,0.008000000000000007,0.03940953451003196,-0.05588106375981433,0.31115548940000487,0.02113094615384617,0.03417354675404878,1426166068529,0,0,0,0,0,0,0
3.0612383505328835,-0.1423192392493876,0.492,-0.0486772328381219,-0.032116031646728514,-0.6498035888671875,3,0,0.5,-0.011850785621041578,-0.06123835053288351,0.1423192392493876,0.008000000000000007,0.036826447217080324,-0.008115143570664608,0.3022430558080013,0.005029100000000005,0.024904505864995867,0,0,0,0,0,0,0,0
3.056593573919714,-0.16984957998573627,0.496,-0.04632103834792959,-0.04949554824829101,-0.4158560485839844,3,0,0.5,-0.011850785621041578,-0.05659357391971387,0.16984957998573627,0.0040000000000000036,0.034470252726888015,-0.004284785368000674,0.23199320672493073,-0.019683361538461553,0.023595508926000437,0,0,0,0,0,0,0,0
3.051896048337212,-0.18625177081949593,0.495,-0.044209189953016405,-0.05899488067626953,-0.24903170776367187,3,0,0.5,-0.011850785621041578,-0.051896048337212175,0.18625177081949593,0.0050000000000000044,0.03235840433197483,-0.002441815794098929,0.17776188100062612,0.00791248059701493,0.022902366742811313,0,0,0,0,0,0,0,0
3.045013965224988,-0.18909870524646286,0.495,-0.04248131399354219,-0.10124308776855469,-0.047224575042724606,3,0,0.5,-0.011850785621041578,-0.045013965224987906,0.18909870524646286,0.0050000000000000044,0.030630528372500614,0.013488024544489649,0.10895482284194398,0.0027211000000000023,0.022655716251850387,0,0,0,0,0,0,0,0
3.035483907394263,-0.1806507841531521,0.501,-0.040299652428549194,-0.14820346069335938,0.12053357696533203,3,0,0.5,-0.011850785621041578,-0.03548390739426299,0.1806507841531521,-0.0010000000000000009,0.028448866807507616,0.03329047691661213,0.04331726340366619,-0.034897800000000034,0.018222328221602937,0,0,0,0,0,0,0,0
3.025808429762687,-0.16680526572100615,0.493,-0.03998549316319026,-0.15338160705566406,0.20166696166992187,3,0,0.5,-0.011850785621041578,-0.025808429762686824,0.16680526572100615,0.007000000000000006,0.02813470754214868,0.038092662199764656,0.008149704531645999,0.04743712307692311,0.026684741702030505,0,0,0,0,0,0,0,0
3.0158382037684524,-0.14585114637992502,0.49,-0.038641589639154685,-0.1619984130859375,0.3080821838378906,3,0,0.5,-0.011850785621041578,-0.015838203768452352,0.14585114637992502,0.010000000000000009,0.026790804018113106,0.044654586932592485,-0.04050963371109084,0.02297904615384617,0.02058817236871816,0,0,0,0,0,0,0,0
3.00385364362314,-0.11635131025992916,0.486,-0.03595378259108332,-0.196728759765625,0.435222412109375,3,0,0.5,-0.011850785621041578,-0.0038536436231400018,0.11635131025992916,0.014000000000000012,0.02410299697004174,0.059564363994229576,-0.09645534454052881,0.031014522388059726,0.012068040038378905,0,0,0,0,0,0,0,0
2.9925206438037875,-0.08416489507958583,0.489,-0.031573006168577646,-0.18723974609375,0.4763735656738281,3,0,0.5,-0.011850785621041578,0.007479356196212539,0.08416489507958583,0.01100000000000001,0.019722220547536067,0.06460708224710006,-0.1344105230929857,-0.008616850000000007,-0.0008126689329592714,1426166069116,0,0,0,0,0,0,0
2.9739837379155616,-0.05237834983258813,0.483,-0.02778564169174983,-0.2929664611816406,0.46778302001953126,3,0,0.5,-0.011850785621041578,0.026016262084438413,0.05237834983258813,0.017000000000000015,0.015934856070708252,0.11172921162839222,-0.14540861233234761,0.04500759230769234,-0.0015452876684970453,1426166069116,0,0,0,0,0,0,0
2.94981931605185,-0.019478793949995972,0.481,-0.025080381351158677,-0.37603668212890623,0.4832327880859375,3,0,0.5,-0.011850785621041578,0.050180683948149785,0.019478793949995972,0.019000000000000017,0.013229595730117099,0.1541460491035823,-0.16783886324923866,0.02519263076923079,0.0007437787735425465,1426166069116,0,0,0,0,0,0,0
2.9155963865411656,0.0095698523309985,0.484,-0.022863813201125884,-0.524109619140625,0.4227191467285156,3,0,0.5,-0.011850785621041578,0.0844036134588344,-0.0095698523309985,0.016000000000000014,0.011013027580084305,0.22547357122983647,-0.16163373970822506,-0.004026446153846152,0.0007827130414714105,1426166069116,0,0,0,0,0,0,0
2.8508629659695557,0.027457049380587354,0.491,-0.020088739690454917,-0.9768815307617188,0.24603897094726562,3,0,0.5,-0.011850785621041578,0.14913703403044432,-0.027457049380587354,0.009000000000000008,0.008237954069413338,0.4118225502810413,-0.107620528391541,-0.029979464179104503,-0.004187748217173078,0,0,0,0,0,0,0,0
2.7738451778362623,0.0340370845803706,0.49,-0.01729621288726394,-1.157016357421875,0.07547431945800781,3,0,0.5,-0.011850785621041578,0.22615482216373772,-0.0340370845803706,0.010000000000000009,0.005445427266222363,0.5335075525853814,-0.05347631562204887,0.012920450000000012,-0.007644542123735335,0,0,0,0,0,0,0,0
2.6959582214016815,0.0327611635472353,0.494,-0.014887658519511827,-1.167798583984375,-0.03934218597412109,3,0,0.5,-0.011850785621041578,0.3040417785983185,-0.0327611635472353,0.006000000000000005,0.003036872898470249,0.5708489329833242,-0.010004738338397608,-0.01724776153846155,-0.008079531875770275,0,0,0,0,0,0,0,0
2.627798815706772,0.03186268379603073,0.498,-0.013334315485236815,-1.0220771484375,-0.028696149826049806,3,0,0.5,-0.011850785621041578,0.3722011842932278,-0.03186268379603073,0.0020000000000000018,0.001483529864195237,0.5527914472331077,-0.011608585340735889,-0.020434761538461552,-0.005685745678612511,0,0,0,0,0,0,0,0
2.5794157620480154,0.031219955993030936,0.488,-0.014049900478554403,-0.725552734375,-0.019317096710205078,3,0,0.5,-0.011850785621041578,0.42058423795198463,-0.031219955993030936,0.01200000000000001,0.002199114857512825,0.47076830439171846,-0.012684640285580261,0.06302785384615389,0.005501814826670923,0,0,0,0,0,0,0,0
2.5572340875812,0.028365807106109475,0.467,-0.016563174601426346,-0.33209078979492185,-0.04748260879516602,3,0,0.5,-0.011850785621041578,0.44276591241880014,-0.028365807106109475,0.032999999999999974,0.004712388980384768,0.3375060785573321,0.0001723200423474,0.1359042925373132,0.01596585520219944,0,0,0,0,0,0,0,0
2.543381163579923,0.019043059875869295,0.47,-0.020525072003453472,-0.20544924926757813,-0.1432635955810547,3,0,0.5,-0.011850785621041578,0.45661883642007695,-0.019043059875869295,0.030000000000000027,0.008674286382411894,0.3046085358887629,0.04089554702314216,0.007588550000000312,0.027245680454414046,0,0,0,0,0,0,0,0
2.543739154602702,0.005759753905041571,0.469,-0.025586526834236935,0.009458059310913087,-0.199097412109375,3,0,0.5,-0.011850785621041578,0.45626084539729783,-0.005759753905041571,0.031000000000000028,0.013735741213195356,0.22704028782608848,0.0680751759422141,0.03038091538461541,0.03709630197065749,0,0,0,0,0,0,0,0
2.5621841720896468,-0.007065737380566573,0.482,-0.031904618726456474,0.28150656127929685,-0.1852410125732422,3,0,0.5,-0.011850785621041578,0.43781582791035323,0.007065737380566573,0.018000000000000016,0.020053833105414896,0.12071067840986684,0.07202735831697933,-0.05528670000000005,0.04921425722335123,0,0,0,0,0,0,0,0
2.5896397451395874,-0.0246878892892312,0.504,-0.03598868917612322,0.4200559997558594,-0.2510605926513672,3,0,0.5,-0.011850785621041578,0.4103602548604126,0.0246878892892312,-0.0040000000000000036,0.02413790355508164,0.05873124994211573,0.1066826539850384,-0.12137423846153857,0.04298745947662046,0,0,0,0,0,0,0,0
2.625292555343399,-0.04315719346150784,0.51,-0.041311943394705924,0.5444140014648438,-0.25761785888671873,3,0,0.5,-0.011850785621041578,0.3747074446566012,0.04315719346150784,-0.010000000000000009,0.029461157773664346,0.0027475764135256597,0.1175391508192938,-0.039122983582089585,0.05329662442403467,0,0,0,0,0,0,0,0
2.6696043871554846,-0.06030890944833657,0.521,-0.04584979944989112,0.6747359008789062,-0.22960491943359376,3,0,0.5,-0.011850785621041578,0.33039561284451535,0.06030890944833657,-0.02100000000000002,0.03399901382884954,-0.07528119306989528,0.12347061361180192,-0.07687035000000006,0.055270214087530134,0,0,0,0,0,0,0,0
2.720538514611794,-0.07099966904624386,0.524,-0.04743804906920604,0.7705589599609375,-0.12517534637451172,3,0,0.5,-0.011850785621041578,0.27946148538820603,0.07099966904624386,-0.02400000000000002,0.03558726344816446,-0.13249696291340704,0.0926293249967822,-0.035423946153846184,0.042917646306541005,0,0,0,0,0,0,0,0
2.774183833185576,-0.07667394366514636,0.537,-0.04897393881096104,0.8078106689453125,-0.04686024475097656,3,0,0.5,-0.011850785621041578,0.22581616681442407,0.07667394366514636,-0.03700000000000003,0.03712315318991946,-0.17377156309364442,0.06850445817497466,-0.0999106000000001,0.04421187507494255,0,0,0,0,0,0,0,0
2.8303999633250148,-0.07686973971058936,0.548,-0.04951499087907932,0.8423746948242188,0.03834695434570313,3,0,0.5,-0.011850785621041578,0.16960003667498524,0.07686973971058936,-0.04800000000000004,0.037664205258037736,-0.21561221964690816,0.039152821517572226,-0.09825336923076933,0.04016136864935285,0,0,0,0,0,0,0,0
2.885728727401679,-0.07558497873074535,0.542,-0.050614548307835766,0.82796044921875,0.060325054168701174,3,0,0.5,-0.011850785621041578,0.11427127259832082,0.07558497873074535,-0.04200000000000004,0.038763762686794184,-0.22952865783714035,0.030795358610451625,-0.003160716417910457,0.04368715415883798,0,0,0,0,0,0,0,0
2.9430784994889376,-0.07235438911844971,0.538,-0.051591932688952485,0.8566932373046875,0.091919189453125,3,0,0.5,-0.011850785621041578,0.05692150051106237,0.07235438911844971,-0.038000000000000034,0.039741147067910904,-0.2732626978241415,0.018807341044872295,-0.010342678787878801,0.04418380334571417,1426166070422,0,0,0,0,0,0,0
2.9986600509000434,-0.06951976823643585,0.543,-0.0517490123216319,0.8304212646484375,0.0854570541381836,3,0,0.5,-0.011850785621041578,0.0013399490999566055,0.06951976823643585,-0.04300000000000004,0.03989822670059032,-0.3008866459911421,0.019064604917682065,-0.06317375000000006,0.04063453747877507,1426166070422,0,0,0,0,0,0,0
3.048430924220769,-0.07254635872880377,0.537,-0.05087634769563489,0.7479119873046876,-0.006721420764923096,3,0,0.5,-0.011850785621041578,-0.048430924220769,0.07254635872880377,-0.03700000000000003,0.03902556207459332,-0.27801701908069576,0.05170710393526744,-0.0003992470588235382,0.035175571077547735,1426166070422,0,0,0,0,0,0,0
3.099666054370911,-0.07658820417027089,0.539,-0.048886672348361214,0.77061572265625,-0.02146625518798828,3,0,0.5,-0.011850785621041578,-0.09966605437091092,0.07658820417027089,-0.039000000000000035,0.03703588672731964,-0.3414938260072468,0.0613876226290266,-0.044594909836065615,0.027250598134170405,1426166070422,0,0,0,0,0,0,0
3.1480836508990997,-0.08030310824451935,0.536,-0.04673991736840824,0.7281193237304687,-0.020166500091552735,3,0,0.5,-0.011850785621041578,-0.1480836508990997,0.08030310824451935,-0.03600000000000003,0.03488913174736666,-0.324757525136627,0.05951417659447861,-0.01528905820895524,0.02527679601623391,0,0,0,0,0,0,0,0
3.187474849888597,-0.08009996861150169,0.542,-0.046111598837690365,0.590080322265625,0.03065083312988281,3,0,0.5,-0.011850785621041578,-0.1874748498885972,0.08009996861150169,-0.04200000000000004,0.03426081321664878,-0.3104834851152002,0.03892830092819205,-0.06935863333333339,0.03126882021323033,0,0,0,0,0,0,0,0
3.217018942274932,-0.0772937121846092,0.545,-0.044523349218375446,0.44075,0.062476741790771485,3,0,0.5,-0.011850785621041578,-0.2170189422749318,0.0772937121846092,-0.04500000000000004,0.032672563597333865,-0.2632319866244309,0.023823077211668008,-0.05463139090909096,0.025453247145902417,0,0,0,0,0,0,0,0
3.238747400794142,-0.07350614987692722,0.543,-0.044348816293176024,0.3230751953125,0.07126369476318359,3,0,0.5,-0.011850785621041578,-0.23874740079414192,0.07350614987692722,-0.04300000000000004,0.03249803067213444,-0.23457757652080904,0.016464171652997656,-0.026632569230769263,0.03169249409429096,0,0,0,0,0,0,0,0
3.2471481975091563,-0.06679401545420718,0.544,-0.0442091899530164,0.12142438507080078,0.10616967010498046,3,0,0.5,-0.011850785621041578,-0.2471481975091563,0.06679401545420718,-0.04400000000000004,0.032358404331974816,-0.1671742884148739,-0.002596175452368156,-0.04387241538461542,0.03171397506969962,0,0,0,0,0,0,0,0
3.248441800738828,-0.061175235542846505,0.542,-0.043860124102617665,0.015660277366638185,0.08505690765380859,3,0,0.5,-0.011850785621041578,-0.24844180073882782,0.061175235542846505,-0.04200000000000004,0.03200933848157608,-0.1295101156132289,0.0014258489180957144,-0.026721438805970176,0.03044635706188026,0,0,0,0,0,0,0,0
3.244696238450213,-0.05370194602405999,0.536,-0.042481313993542186,-0.06104451751708984,0.10952811431884765,3,0,0.5,-0.011850785621041578,-0.24469623845021315,0.05370194602405999,-0.03600000000000003,0.030630528372500607,-0.10055276748395126,-0.013794143293851605,0.00021289999999999504,0.024167355986209317,0,0,0,0,0,0,0,0
3.234640319032168,-0.04384842400769967,0.542,-0.0426907535037814,-0.15697967529296875,0.14126358032226563,3,0,0.5,-0.011850785621041578,-0.23464031903216798,0.04384842400769967,-0.04200000000000004,0.030839967882739825,-0.06116521202753616,-0.03170973778177358,-0.07048090000000007,0.031821715586986155,0,0,0,0,0,0,0,0
3.2185648194201413,-0.03393303310306576,0.532,-0.043371431912059194,-0.24726029968261717,0.13830435180664064,3,0,0.5,-0.011850785621041578,-0.21856481942014128,0.03393303310306576,-0.03200000000000003,0.03152064629101761,-0.023016162740845197,-0.03534020733893671,0.023150703030303036,0.03461463905591664,0,0,0,0,0,0,0,0
3.186819934157811,-0.017476030814212843,0.522,-0.043074725939220265,-0.4864285888671875,0.22597705078125,3,0,0.5,-0.011850785621041578,-0.18681993415781095,0.017476030814212843,-0.02200000000000002,0.031223940318178687,0.07841998292058197,-0.07959035833887725,0.03182355384615386,0.029854528135845184,0,0,0,0,0,0,0,0
3.1376828894392386,0.003765775808646902,0.513,-0.04295255289158065,-0.750092529296875,0.2865928955078125,3,0,0.5,-0.011850785621041578,-0.13768288943923856,-0.003765775808646902,-0.013000000000000012,0.03110176727053907,0.1886483146775548,-0.11256381847359105,0.032105225373134344,0.030554723773645258,0,0,0,0,0,0,0,0
3.076395419094242,0.0174384146850229,0.51,-0.04359832471481853,-0.9272705688476562,0.16542576599121095,3,0,0.5,-0.011850785621041578,-0.07639541909424219,-0.0174384146850229,-0.010000000000000009,0.03174753909377695,0.2977229557310266,-0.08321888088965855,0.0038325500000000023,0.03477459451520452,1426166071398,0,0,0,0,0,0,0
3.0089593834343265,0.022885782211772846,0.502,-0.046111598837690365,-1.014140625,0.03754536437988281,3,0,0.5,-0.011850785621041578,-0.008959383434326451,-0.022885782211772846,-0.0020000000000000018,0.03426081321664878,0.3593864116044072,-0.04051717554648197,0.03689022307692311,0.04586053993759571,1426166071398,0,0,0,0,0,0,0
2.945293114491883,0.025082244872763507,0.494,-0.04597197249753074,-0.9554976196289062,-0.011108778953552246,3,0,0.5,-0.011850785621041578,0.054706885508116976,-0.025082244872763507,0.006000000000000005,0.03412118687648916,0.37095636168789675,-0.024126837982056136,0.04332922307692311,0.03347675761421396,1426166071398,0,0,0,0,0,0,0
2.890847571854015,0.021537056462545074,0.495,-0.04516912104161333,-0.81337646484375,-0.0906529541015625,3,0,0.5,-0.011850785621041578,0.1091524281459848,-0.021537056462545074,0.0050000000000000044,0.03331833542057175,0.34860001736818,0.00854833982747832,-0.00589981538461539,0.029612867162491403,0,0,0,0,0,0,0,0
2.844962369280011,0.01619852255635111,0.493,-0.04309217923174016,-0.683960205078125,-0.11107467651367188,3,0,0.5,-0.011850785621041578,0.15503763071998922,-0.01619852255635111,0.007000000000000006,0.031241393610698585,0.31817700677260957,0.020005141404513156,0.011579461194029857,0.021941654163505315,0,0,0,0,0,0,0,0
2.805558326983274,0.009672950565901955,0.485,-0.04415683007545659,-0.5862952270507813,-0.12325492095947266,3,0,0.5,-0.011850785621041578,0.1944416730167262,-0.009672950565901955,0.015000000000000013,0.03230604445441501,0.3137955074855483,0.031060594845071433,0.05137770000000005,0.037296595284335765,0,0,0,0,0,0,0,0
2.7788828014031517,0.004541861669664083,0.484,-0.045518186892012286,-0.3963453674316406,-0.09455416870117188,3,0,0.5,-0.011850785621041578,0.2211171985968483,-0.004541861669664083,0.016000000000000014,0.033667401270970704,0.2576657094887236,0.025997153080253826,0.013998850000000014,0.04004876134857551,0,0,0,0,0,0,0,0
2.783257494232161,-0.00041095742188868457,0.486,-0.0464257581030493,0.0689329071044922,-0.07122944641113281,3,0,0.5,-0.011850785621041578,0.21674250576783916,0.00041095742188868457,0.014000000000000012,0.03457497248200772,0.08654050397304819,0.02667814118455914,-0.0035835606060606075,0.038700296168539615,0,0,0,0,0,0,0,0
2.7945172850042836,-0.005064431845554488,0.489,-0.04468042885105486,0.17195433044433595,-0.06188855743408203,3,0,0.5,-0.011850785621041578,0.20548271499571635,0.005064431845554488,0.01100000000000001,0.03282964323001328,0.043613658371296125,0.0278003905227454,-0.01145984615384616,0.024774277451577387,0,0,0,0,0,0,0,0
2.815268541592284,-0.010225795193029673,0.487,-0.04417428336797671,0.31441622924804685,-0.063440185546875,3,0,0.5,-0.011850785621041578,0.184731458407716,0.010225795193029673,0.013000000000000012,0.03232349774693513,-0.014410643880181359,0.03229309935069685,0.016828861194029862,0.030057174688376268,0,0,0,0,0,0,0,0
2.8428040281854665,-0.015392997506645944,0.485,-0.04195771521794381,0.4160521240234375,-0.059192951202392576,3,0,0.5,-0.011850785621041578,0.15719597181453349,0.015392997506645944,0.015000000000000013,0.03010692959690223,-0.06794212787388108,0.03574775718418307,0.018847830769230786,0.01987661505828884,0,0,0,0,0,0,0,0
2.8784951547215085,-0.02118748199550062,0.481,-0.03773401842811755,0.53854150390625,-0.06438459014892578,3,0,0.5,-0.011850785621041578,0.12150484527849148,0.02118748199550062,0.019000000000000017,0.02588323280707597,-0.13262777155238242,0.04252374939219316,0.03327520000000003,0.006084654104765382,0,0,0,0,0,0,0,0
2.9221897759674493,-0.027965911848873558,0.479,-0.0336499479784508,0.6587885131835938,-0.07687833404541015,3,0,0.5,-0.011850785621041578,0.07781022403255067,0.027965911848873558,0.02100000000000002,0.02179916235740922,-0.19451738707158706,0.0507417927851655,0.02390593076923079,0.002949606435870375,1426166072180,0,0,0,0,0,0,0
2.9670469984666066,-0.03516971076000412,0.475,-0.02796017461694935,0.6761128540039063,-0.08535843658447266,3,0,0.5,-0.011850785621041578,0.03295300153339342,0.03516971076000412,0.025000000000000022,0.01610938899590777,-0.2231847394644113,0.05665700132526586,0.03803766153846157,-0.010151103441791223,1426166072180,0,0,0,0,0,0,0
3.024734355745776,-0.045425936498372274,0.499,-0.019582594207376423,0.8692730712890625,-0.12959217834472656,3,0,0.5,-0.011850785621041578,-0.024734355745775982,0.045425936498372274,0.0010000000000000009,0.007731808586334845,-0.3211298365583731,0.07825078550753012,-0.13192506923076933,-0.030933947150155582,1426166072180,0,0,0,0,0,0,0
3.0762300792346213,-0.053144575125746274,0.501,-0.01336922207027671,0.7745548706054688,-0.10063204956054687,3,0,0.5,-0.011850785621041578,-0.07623007923462133,0.053144575125746274,-0.0010000000000000009,0.0015184364492351315,-0.3053120517152881,0.06724112734855489,-0.01474876119402986,-0.026302632821360597,1426166072180,0,0,0,0,0,0,0
3.1274144684018292,-0.05657771862010453,0.505,-0.007016223593017368,0.7683856811523437,-0.041228424072265624,3,0,0.5,-0.011850785621041578,-0.12741446840182924,0.05657771862010453,-0.0050000000000000044,-0.00483456202802421,-0.34633472424695977,0.04774511591065715,-0.029754722222222245,-0.03508693572925917,0,0,0,0,0,0,0,0
3.173760164434165,-0.05455607256714424,0.52,-0.0018500490071140744,0.69495556640625,0.035201480865478516,3,0,0.5,-0.011850785621041578,-0.1737601644341651,0.05455607256714424,-0.020000000000000018,-0.010000736613927504,-0.331037166850563,0.016976430198119875,-0.09920995454545462,-0.033483348368033385,0,0,0,0,0,0,0,0
3.210231843721061,-0.047829045867831904,0.538,0.002443460952791998,0.5468875732421875,0.10191734313964844,3,0,0.5,-0.011850785621041578,-0.21023184372106085,0.047829045867831904,-0.038000000000000034,-0.014294246573833576,-0.30002299210889855,-0.011857595448707826,-0.13123457692307702,-0.03411044638878468,0,0,0,0,0,0,0,0
3.243332346793319,-0.03972144568961457,0.547,0.004555309347705072,0.49680322265625,0.12040044403076172,3,0,0.5,-0.011850785621041578,-0.24333234679331905,0.03972144568961457,-0.04700000000000004,-0.01640609496874665,-0.2958808484406669,-0.022657577355766113,-0.0895489727272728,-0.02600540585471516,0,0,0,0,0,0,0,0
3.269870714869308,-0.02791865420146083,0.561,0.0044156830075455554,0.39887786865234376,0.1752266845703125,3,0,0.5,-0.011850785621041578,-0.2698707148693078,0.02791865420146083,-0.061000000000000054,-0.016266468628587133,-0.27669138263014825,-0.049099469173191745,-0.1288028153846155,-0.015622039366312446,0,0,0,0,0,0,0,0
3.280106025125882,-0.013198784927800763,0.568,-0.0017976891295542708,0.1545031280517578,0.22011795043945312,3,0,0.5,-0.011850785621041578,-0.2801060251258818,0.013198784927800763,-0.06799999999999995,-0.010053096491487307,-0.16582426542188106,-0.031050716864671514,-0.07808434814814784,0.0037543971465123054,0,0,0,0,0,0,0,0
3.2886484541759544,-0.0030630387478203652,0.566,-0.005480333851262255,0.1278629150390625,0.15226629638671876,3,0,0.5,-0.011850785621041578,-0.2886484541759544,0.0030630387478203652,-0.06599999999999995,-0.006370451769779324,-0.18905075848661435,-0.05170411344252544,-0.048165739393939346,0.010368842419802415,0,0,0,0,0,0,0,0
3.288959980892912,0.007268574626721936,0.557,-0.008499753457212458,0.003823524475097656,0.1549974822998047,3,0,0.5,-0.011850785621041578,-0.28895998089291197,-0.007268574626721936,-0.05700000000000005,-0.0033510321638291207,-0.1459242879661568,-0.06441327133544474,0.0014817305084739163,0.0120019488833753,0,0,0,0,0,0,0,0
3.279330620513495,0.016959381931674535,0.547,-0.010995574287564393,-0.14567071533203124,0.14412916564941405,3,0,0.5,-0.011850785621041578,-0.2793306205134951,-0.016959381931674535,-0.04700000000000004,-0.0008552113334771849,-0.08759273079040991,-0.06016173680688947,0.009632553846153843,0.010663961729685595,0,0,0,0,0,0,0,0
3.2533808457736395,0.02684121991851684,0.537,-0.012514010736799497,-0.3908529052734375,0.14393870544433593,3,0,0.5,-0.011850785621041578,-0.2533808457736395,-0.02684121991851684,-0.03700000000000003,0.0006632251157579188,-0.0022364852761235787,-0.06031965506664114,0.011461505479452065,0.0069033749071350575,0,0,0,0,0,0,0,0
3.2074845687129194,0.03581548506697054,0.522,-0.012356931104120082,-0.6900747680664062,0.12598846435546876,3,0,0.5,-0.011850785621041578,-0.20748456871291943,-0.03581548506697054,-0.02200000000000002,0.0005061454830785038,0.17313487660738935,-0.07160393365246033,0.06590594137931041,-0.0003063353756081256,0,0,0,0,0,0,0,0
3.1430671582763745,0.04688479472587108,0.511,-0.01127482696788342,-0.9682390747070313,0.15408724975585938,3,0,0.5,-0.011850785621041578,-0.1430671582763745,-0.04688479472587108,-0.01100000000000001,-0.0005759586531581592,0.275153274838692,-0.08261799037523551,0.043347969230769265,-0.005570285435788911,0,0,0,0,0,0,0,0
3.0671624347516864,0.05894135044839799,0.5,-0.009232791743050158,-1.1405374755859374,0.16799992370605468,3,0,0.5,-0.011850785621041578,-0.06716243475168637,-0.05894135044839799,0,-0.00261799387799142,0.3749167438007571,-0.09400052045689397,0.052147969230769274,-0.012042771838760315,1426166073288,0,0,0,0,0,0,0
2.991563048414529,0.0682408329853308,0.481,-0.007016223593017365,-1.1352303466796876,0.12901654052734374,3,0,0.5,-0.011850785621041578,0.008436951585470975,-0.0682408329853308,0.019000000000000017,-0.004834562028024214,0.4110777976703929,-0.08384883957514033,0.1105483923076924,-0.015064876566637108,1426166073288,0,0,0,0,0,0,0
