0,0,0.754,0,-0.041698291778564454,-0.04469449234008789,0,0,1,0,0,0,0.246,0,0,0,0.1968,0,0,0,0,0,0,0,0,0
-0.0022505271911621096,-0.001874460474650065,0.751,-0.0009773843811168301,-0.033757907867431644,-0.028116907119750977,0,0,1,0,0.0022505271911621096,0.001874460474650065,0.249,0.0009773843811168301,0.013244949775282053,0.01103169734628775,0.21697234615384617,0.005488389217040661,0,0,0,0,0,0,0,0
-0.0033334047846253203,-0.004173157518617987,0.754,-0.0016406094968746674,-0.016209455490112306,-0.03449631500244141,0,0,1,0,0.0033334047846253203,0.004173157518617987,0.246,0.0016406094968746674,0.0076862519103524,0.014860965381009367,0.18330163333333332,0.0047988243338167496,0,0,0,0,0,0,0,0
-0.003149828350577822,-0.0059907343453497915,0.754,-0.0028099800957108734,0.0027983717918395996,-0.027259098052978516,0,0,1,0,0.003149828350577822,0.0059907343453497915,0.246,0.0028099800957108734,0.0005920359603803643,0.012641833536132492,0.2015919,0.008125300999511809,0,0,0,0,0,0,0,0
-0.0025697505155920434,-0.007794938001675939,0.759,-0.004049163864626865,0.008777179718017579,-0.027038497924804686,0,0,1,0,0.0025697505155920434,0.007794938001675939,0.241,0.004049163864626865,-0.0018313401627912055,0.013776997879905845,0.17179054999999996,0.009857837781420574,0,0,0,0,0,0,0,0
-0.002565402257108585,-0.009593058804368804,0.762,-0.00551524043630211,0.0001744363307952881,-0.02697132682800293,0,0,1,0,0.002565402257108585,0.009593058804368804,0.238,0.00551524043630211,0.0012693454738464342,0.014070876358977726,0.18291152352941178,0.011983225311339957,0,0,0,0,0,0,0,0
0.0007651623171733399,-0.011990490832398622,0.767,-0.0068765972528576635,0.050156044006347655,-0.035685401916503906,0,0,1,0,-0.0007651623171733399,0.011990490832398622,0.23299999999999998,0.0068765972528576635,-0.018036145941845858,0.018736127247767437,0.16937534848484848,0.013064582782655633,0,0,0,0,0,0,0,0
0.006124735394845031,-0.012714294509468704,0.777,-0.010925761117484499,0.08046635437011719,-0.01030396842956543,0,0,1,0,-0.006124735394845031,0.012714294509468704,0.22299999999999998,0.010925761117484499,-0.03283311218742914,0.010413515937024163,0.13373984444444442,0.030207493806183712,0,0,0,0,0,0,0,0
0.013175741544493596,-0.013018907649643858,0.784,-0.014521139376592855,0.10580870056152344,-0.0034133832454681396,0,0,1,0,-0.013175741544493596,0.013018907649643858,0.21599999999999997,0.014521139376592855,-0.04455872969760774,0.008193377858748904,0.14740709230769225,0.03111519288016988,0,0,0,0,0,0,0,0
0.021465091158119926,-0.01237767949081198,0.793,-0.017400932642383488,0.12418746948242188,0.011422906875610352,0,0,1,0,-0.021465091158119926,0.01237767949081198,0.20699999999999996,0.017400932642383488,-0.055385360081246254,0.002787817660964139,0.13078336153846148,0.030692286176801795,0,0,0,0,0,0,0,0
0.034333974433827616,-0.01255337094922558,0.804,-0.01973967384005587,0.19304988098144532,0.0007238161563873291,0,0,1,0,-0.034333974433827616,0.01255337094922558,0.19599999999999995,0.01973967384005587,-0.08443335567320212,0.007254632358469697,0.11429541343283575,0.030211649352021766,0,0,0,0,0,0,0,0
0.045205998254419455,-0.012108293345157686,0.812,-0.022619467105846502,0.16291680908203124,0.009893807411193847,0,0,1,0,-0.045205998254419455,0.012108293345157686,0.18799999999999994,0.022619467105846502,-0.08307247004980037,0.0036492772246424048,0.1220980555555555,0.03633276837151617,0,0,0,0,0,0,0,0
0.05945715006546674,-0.011509185580569127,0.824,-0.025220007691318075,0.21350933837890626,0.013819207191467285,0,0,1,0,-0.05945715006546674,0.011509185580569127,0.17600000000000005,0.025220007691318075,-0.10657353205649986,0.002603892782662149,0.09347111538461597,0.03722250270118687,0,0,0,0,0,0,0,0
0.07027607975858806,-0.01071322853328653,0.833,-0.02701769682087224,0.16193125915527343,0.01602792739868164,0,0,1,0,-0.07027607975858806,0.01071322853328653,0.16700000000000004,0.02701769682087224,-0.09097948088516615,0.0013423263973032585,0.10569857058823529,0.03494867827478767,0,0,0,0,0,0,0,0
0.08171297201764526,-0.009215223224343877,0.841,-0.030525808617380856,0.17088375854492188,0.02709629249572754,0,0,1,0,-0.08171297201764526,0.009215223224343877,0.15900000000000003,0.030525808617380856,-0.10361006032038067,-0.0034961573042183083,0.1028897,0.046970082663515,0,0,0,0,0,0,0,0
0.09124282218323616,-0.008384602441665459,0.849,-0.032288591161895114,0.14250088500976563,0.016816425323486327,0,0,1,0,-0.09124282218323616,0.008384602441665459,0.15100000000000002,0.032288591161895114,-0.09800424436072963,-0.0002563424219873137,0.09745609999999999,0.0405516343393057,0,0,0,0,0,0,0,0
0.09886053728250668,-0.007505651904571605,0.858,-0.03424335992412875,0.11378054046630859,0.01686622428894043,0,0,1,0,-0.09886053728250668,0.007505651904571605,0.14200000000000002,0.03424335992412875,-0.0907794590856722,-0.0008812921958751985,0.08646756153846152,0.04326536959597628,0,0,0,0,0,0,0,0
0.10600232915067162,-0.005991621276223524,0.862,-0.0365122879517214,0.10628654479980469,0.026364812850952147,0,0,1,0,-0.10600232915067162,0.005991621276223524,0.138,0.0365122879517214,-0.0912749893326592,-0.004930492757501289,0.11142777878787878,0.046825597168051646,0,0,0,0,0,0,0,0
0.11127128678296395,-0.005439555605816455,0.869,-0.037926004645836786,0.0786793975830078,0.011160550117492675,0,0,1,0,-0.11127128678296395,0.005439555605816455,0.131,0.037926004645836786,-0.08405121049269712,-0.00010160616359053062,0.09078328787878785,0.04435198961908854,0,0,0,0,0,0,0,0
0.1155514026160232,-0.004692586267392013,0.875,-0.04019493267342944,0.06373072814941406,0.013630814552307129,0,0,1,0,-0.1155514026160232,0.004692586267392013,0.125,0.04019493267342944,-0.08173066277951473,-0.001629455167668856,0.09109199999999998,0.05083053280277,0,0,0,0,0,0,0,0
0.11619784150997937,-0.004166235948256609,0.882,-0.04022983925846929,0.009371487617492676,0.008278526306152344,0,0,1,0,-0.11619784150997937,0.004166235948256609,0.118,0.04022983925846929,-0.06220335217504169,-0.0006391277304752412,0.08137919230769228,0.040390946574037835,0,0,0,0,0,0,0,0
0.11618223577565079,-0.0031573871949155032,0.886,-0.04344124508213886,-0.000842519760131836,0.015111072540283203,0,0,1,0,-0.11618223577565079,0.0031573871949155032,0.11399999999999999,0.04344124508213886,-0.05870621207036749,-0.0037395682973459564,0.09507403846153845,0.05826311811445996,0,0,0,0,0,0,0,0
0.11559727871450029,-0.003413844625329516,0.89,-0.04406956361285682,-0.008599018096923828,-0.004224281311035156,0,0,1,0,-0.11559727871450029,0.003413844625329516,0.10999999999999999,0.04406956361285682,-0.05547201359964509,0.0031831775982271338,0.09292637878787878,0.04692555693430209,0,0,0,0,0,0,0,0
0.11386594167759834,-0.0036447823515681744,0.895,-0.04576253298729133,-0.025792230606079103,-0.00460482120513916,0,0,1,0,-0.11386594167759834,0.0036447823515681744,0.10499999999999998,0.04576253298729133,-0.04860220885250422,0.0031657202531322234,0.08431634848484847,0.05345784832562999,0,0,0,0,0,0,0,0
0.11029934707534442,-0.004333470520732887,0.899,-0.04614650542273008,-0.05297033309936523,-0.012766899108886719,0,0,1,0,-0.11029934707534442,0.004333470520732887,0.10099999999999998,0.04614650542273008,-0.03656602167387911,0.006054431423610851,0.08640289999999996,0.04794637621384922,0,0,0,0,0,0,0,0
0.10520696466601072,-0.004958460447569136,0.902,-0.04763003528692528,-0.07587195587158203,-0.01288855266571045,0,0,1,0,-0.10520696466601072,0.004958460447569136,0.09799999999999998,0.04763003528692528,-0.026172508561678305,0.0059692163364724795,0.09036105384615384,0.05447709619859546,0,0,0,0,0,0,0,0
0.09889364879234946,-0.0052199963388859,0.906,-0.04865977954560192,-0.09440555572509765,-0.008427435874938966,0,0,1,0,-0.09889364879234946,0.0052199963388859,0.09399999999999997,0.04865977954560192,-0.017021935708065754,0.004125031861425261,0.08272317878787877,0.053340435266859346,1426175463650,0,0,0,0,0,0,0
0.096196752367549,-0.0065983846019203474,0.91,-0.04845034003536262,-0.0393998794555664,-0.022619029998779298,0,0,1,0,-0.096196752367549,0.0065983846019203474,0.08999999999999997,0.04845034003536262,-0.035337522138489175,0.010526425608989778,0.08075906470588232,0.04752634219607158,1426175463650,0,0,0,0,0,0,0
0.09125951473117187,-0.006779524292926648,0.913,-0.049706977096798534,-0.0738400650024414,-0.006300665855407715,0,0,1,0,-0.09125951473117187,0.006779524292926648,0.08699999999999997,0.049706977096798534,-0.023465720269102375,0.004384108612755419,0.08540191081081079,0.054801451670187386,1426175463650,0,0,0,0,0,0,0
0.08729859413566478,-0.007155653171786149,0.917,-0.05071926806295524,-0.059060096740722656,-0.008587029457092285,0,0,1,0,-0.08729859413566478,0.007155653171786149,0.08299999999999996,0.05071926806295524,-0.020565377548405865,0.006029073283949086,0.07230279649122803,0.05604711525325371,1426175463650,0,0,0,0,0,0,0
0.08209160523317151,-0.006717009791657683,0.921,-0.05105088062083417,-0.07833796691894532,0.0026114678382873537,0,0,1,0,-0.08209160523317151,0.006717009791657683,0.07899999999999996,0.05105088062083417,-0.012457235395487425,0.000987479399189588,0.0711952803278688,0.052681762053025605,1426175463650,0,0,0,0,0,0,0
0.0794056749507373,-0.007091531627026651,0.926,-0.051661745859032174,-0.03994979476928711,-0.007666401863098145,0,0,1,-0.051050880620834176,-0.0794056749507373,0.007091531627026651,0.07399999999999995,0.0006108652381979982,-0.03970283747536865,0.0035457658135133255,0.05919999999999997,0.0006108652381979982,1426175463650,0,0,0,0,0,0,0
0.0759807463080311,-0.0070100285125459265,0.928,-0.05780530482605222,-0.051368518829345705,-0.0014319708347320557,0,0,1,-0.051050880620834176,-0.0759807463080311,0.0070100285125459265,0.07199999999999995,0.006754424205218046,-0.008784329529583055,0.002812130073615459,0.040822029268292634,0.05170729469560864,1426175464041,0,0,0,0,0,0,0
0.07367890424981925,-0.006605250815649604,0.93,-0.061051617234761664,-0.03482073974609375,0.004066755294799804,0,0,1,-0.051050880620834176,-0.07367890424981925,0.006605250815649604,0.06999999999999995,0.010000736613927488,-0.024523961359056032,0.001130220718487999,0.04598096923076919,0.02498371696181722,1426175464106,0,0,0,0,0,0,0
0.07219425530100222,-0.006333200294309718,0.933,-0.06419320988835148,-0.02247722625732422,0.0027143962383270265,0,0,1,-0.051050880620834176,-0.07219425530100222,0.006333200294309718,0.06699999999999995,0.013142329267517301,-0.028468912358197568,0.0017568514762371353,0.039127458208955176,0.02720916204478512,1426175464173,0,0,0,0,0,0,0
0.07211115069871692,-0.007567921233121815,0.938,-0.06684611035138284,-0.000055907368659973146,-0.018562633514404295,0,0,1,-0.051050880620834176,-0.07211115069871692,0.007567921233121815,0.062000000000000055,0.015795229730548664,-0.035797174845726094,0.010250476647693171,0.025095097014925974,0.027673888520241333,1426175464240,0,0,0,0,0,0,0
0.07118195937543244,-0.008149383499222548,0.936,-0.07007496946757234,-0.013324148178100586,-0.009633453369140624,0,0,1,-0.051050880620834176,-0.07118195937543244,0.008149383499222548,0.06399999999999995,0.019024088846738167,-0.03056540562878832,0.007378673919899593,0.0645016225806445,0.03464760069926802,1426175464302,0,0,0,0,0,0,0
0.0704814051756712,-0.008047414214580958,0.932,-0.07579964941411377,-0.010589617729187012,0.0007900182008743286,0,0,1,-0.051050880620834176,-0.0704814051756712,0.008047414214580958,0.06799999999999995,0.024748768793279592,-0.033753521291834926,0.003793764531413783,0.06763021764705879,0.03737673926359156,1426175464438,0,0,0,0,0,0,0
0.07013402785784241,-0.008136998572140241,0.934,-0.07866198938738446,-0.005093938350677491,-0.001734494924545288,0,0,1,-0.051050880620834176,-0.07013402785784241,0.008136998572140241,0.06599999999999995,0.027611108766550284,-0.03361506163875724,0.004574407439608482,0.0457305388059701,0.040427556408060845,1426175464505,0,0,0,0,0,0,0
0.06918494598720668,-0.008052722735355133,0.936,-0.08101818387757681,-0.014291543006896973,0.0001415330171585083,0,0,1,-0.051050880620834176,-0.06918494598720668,0.008052722735355133,0.06399999999999995,0.029967303256742635,-0.029268087417690027,0.0035604010291043833,0.04288053448275857,0.0421545161370479,1426175464563,0,0,0,0,0,0,0
0.06858346731762421,-0.007556865707913749,0.935,-0.0833220184902093,-0.009594528198242188,0.006683296680450439,0,0,1,-0.051050880620834176,-0.06858346731762421,0.007556865707913749,0.06499999999999995,0.032271137869375126,-0.03150041422377435,0.0011559461836113728,0.06155661538461535,0.042904220696909696,1426175464628,0,0,0,0,0,0,0
0.06697500725079823,-0.007978231341147862,0.94,-0.08363617775556828,-0.023517171859741212,-0.008306533813476562,0,0,1,-0.051050880620834176,-0.06697500725079823,0.007978231341147862,0.06000000000000005,0.032585297134734105,-0.026376895596328755,0.006035477832545188,0.028967351351351894,0.03385891577808132,1426175464702,0,0,0,0,0,0,0
0.06537434111387709,-0.007264041810282524,0.941,-0.0859400123682008,-0.024821002960205077,0.008669632911682129,0,0,1,-0.051050880620834176,-0.06537434111387709,0.007264041810282524,0.05900000000000005,0.034889131747366624,-0.02321659020028473,-0.0007741791999758669,0.04589640000000004,0.0472311028864694,1426175464758,0,0,0,0,0,0,0
0.06323626856660441,-0.007217086203485948,0.943,-0.08733627576979623,-0.03201318359375,-0.002051063537597656,0,0,1,-0.051050880620834176,-0.06323626856660441,0.007217086203485948,0.05700000000000005,0.036285395148962056,-0.021025049887637145,0.0034255725290248482,0.04048053880597019,0.042537320827747575,1426175464825,0,0,0,0,0,0,0
0.06168257696667526,-0.006907229872578333,0.942,-0.08855800624619228,-0.023621957778930665,0.0025973122119903563,0,0,1,-0.051050880620834176,-0.06168257696667526,0.006907229872578333,0.05800000000000005,0.03750712562535811,-0.022824479806263148,0.001798862341058603,0.05764925555555561,0.04332488979867264,1426175464888,0,0,0,0,0,0,0
0.059526000486510675,-0.00655444193487854,0.944,-0.09044296183834617,-0.03268990325927734,0.0024100933074951173,0,0,1,-0.051050880620834176,-0.059526000486510675,0.00655444193487854,0.05600000000000005,0.039392081217512,-0.018980708300993177,0.001477373240318016,0.04025723939393943,0.047960061181847854,1426175464954,0,0,0,0,0,0,0
0.05673299355804946,-0.0056895449387336355,0.943,-0.0906349480560655,-0.0428956298828125,0.009136476516723634,0,0,1,-0.051050880620834176,-0.05673299355804946,0.0056895449387336355,0.05700000000000005,0.03958406743523133,-0.0142466386594227,-0.0016670500134856165,0.057342530303030353,0.0404567320612283,1426175465020,0,0,0,0,0,0,0
0.05460958578691592,-0.0058917429461743335,0.943,-0.09161233243718234,-0.03144586563110351,-0.00590339469909668,0,0,1,-0.051050880620834176,-0.05460958578691592,0.0058917429461743335,0.05700000000000005,0.04056145181634816,-0.016418899038576407,0.0041301650384679145,0.05240430000000004,0.0451429411028333,1426175465084,0,0,0,0,0,0,0
0.05221582547534785,-0.00507191523923418,0.942,-0.0934100215667365,-0.036880851745605465,0.008960976600646972,0,0,1,-0.051050880620834176,-0.05221582547534785,0.00507191523923418,0.05800000000000005,0.042359140945902325,-0.013978866816986735,-0.0017966793068118804,0.05896591538461544,0.050656167697690775,1426175465149,0,0,0,0,0,0,0
0.04973209910509566,-0.004289975025955159,0.946,-0.09367182095453565,-0.0381875,0.008202954292297364,0,0,1,-0.051050880620834176,-0.04973209910509566,0.004289975025955159,0.05400000000000005,0.04262094033370147,-0.01248802921213834,-0.0019170137925869852,0.029525578787878818,0.04381093755097032,1426175465215,0,0,0,0,0,0,0
0.04645979093346772,-0.003999201927057322,0.945,-0.09410815326753424,-0.04927739715576172,-0.00024864977598190307,0,0,1,-0.051050880620834176,-0.04645979093346772,0.003999201927057322,0.05500000000000005,0.04305727264670007,-0.006157450284814299,0.0004966464087764984,0.05735845000000005,0.04510258036388099,1426175465279,0,0,0,0,0,0,0
0.044578683087048224,-0.002238370927019494,0.949,-0.09435249936281342,-0.030573722839355468,0.02364409637451172,0,0,1,-0.051050880620834176,-0.044578683087048224,0.002238370927019494,0.051000000000000045,0.04330161874197925,-0.013315516613059838,-0.007990474893843767,0.02813587761194033,0.04439570573576662,1426175465346,0,0,0,0,0,0,0
0.041568359197452366,-0.0010551117232847178,0.953,-0.09538224362149007,-0.04662618255615234,0.013415787696838379,0,0,1,-0.051050880620834176,-0.041568359197452366,0.0010551117232847178,0.04700000000000004,0.0443313630006559,-0.005200932426724276,-0.005854007098912813,0.02425720000000002,0.049158289213202686,1426175465410,0,0,0,0,0,0,0
0.03990015043034447,-0.0006644328270013359,0.958,-0.09548696337660974,-0.02546750068664551,0.0034504013061523436,0,0,1,-0.051050880620834176,-0.03990015043034447,0.0006644328270013359,0.04200000000000004,0.04443608275577556,-0.01187280932005796,-0.0016816214906644525,0.01548212307692309,0.04491940470248171,1426175465475,0,0,0,0,0,0,0
0.03694368346448534,-0.00013278942789172137,0.962,-0.09543460349904989,-0.04490530395507813,0.0037101943492889406,0,0,1,-0.051050880620834176,-0.03694368346448534,0.00013278942789172137,0.038000000000000034,0.044383722878215716,-0.003957760278501922,-0.002620940263070293,0.018564277611940315,0.04414927566526118,1426175465542,0,0,0,0,0,0,0
0.0340973004401582,0.0008971419210598327,0.965,-0.09536479032897013,-0.04397359085083008,0.01131020164489746,0,0,1,-0.051050880620834176,-0.0340973004401582,-0.0008971419210598327,0.03500000000000003,0.04431390970813596,-0.00243446429299813,-0.005991675535814582,0.020877550000000012,0.04398666047338709,1426175465606,0,0,0,0,0,0,0
0.03144415349995065,0.0012396279348776678,0.966,-0.09529497715889035,-0.04010554885864258,0.0013244454860687257,0,0,1,-0.051050880620834176,-0.03144415349995065,-0.0012396279348776678,0.03400000000000003,0.04424409653805617,-0.002625082506180619,-0.002347513342221742,0.03140516969696972,0.04392676394678442,1426175465672,0,0,0,0,0,0,0
0.029232119116003635,0.0018106587924528754,0.968,-0.09599310885968808,-0.0338449821472168,0.005369447231292725,0,0,1,-0.051050880620834176,-0.029232119116003635,-0.0018106587924528754,0.03200000000000003,0.0449422282388539,-0.0035104294555438394,-0.003940798885360898,0.024375500000000022,0.04821472058634326,1426175465736,0,0,0,0,0,0,0
0.02810777314035629,0.0027100389229676343,0.969,-0.09543460349904988,-0.018080572128295898,0.01181213665008545,0,0,1,-0.051050880620834176,-0.02810777314035629,-0.0027100389229676343,0.031000000000000028,0.0443837228782157,-0.009009418919370578,-0.0061122415609409534,0.02932988461538464,0.04180600582911632,1426175465801,0,0,0,0,0,0,0
0.025768334070713432,0.0036349861227107723,0.97,-0.09494591130849148,-0.036253974914550784,0.010467204093933105,0,0,1,-0.051050880620834176,-0.025768334070713432,-0.0036349861227107723,0.030000000000000027,0.0438950306876573,-0.0013136398340269449,-0.006714746736098941,0.028724884615384638,0.04163952826969545,1426175465866,0,0,0,0,0,0,0
0.024305810685133836,0.004876294890047056,0.972,-0.09398598021989459,-0.02360424613952637,0.01645598793029785,0,0,1,-0.051050880620834176,-0.024305810685133836,-0.004876294890047056,0.028000000000000025,0.04293509959906041,-0.005320030601600056,-0.009042056075408703,0.02192226923076925,0.03850464842092091,1426175465931,0,0,0,0,0,0,0
0.022724467613146646,0.005860533307771736,0.973,-0.09430013948525354,-0.025000986099243165,0.01247233772277832,0,0,1,-0.051050880620834176,-0.022724467613146646,-0.005860533307771736,0.027000000000000024,0.04324925886441936,-0.004158962990281085,-0.00799567552911897,0.026848519402985098,0.04465594214214601,1426175465998,0,0,0,0,0,0,0
0.02133903271028606,0.007105912317973439,0.976,-0.09459684545809259,-0.02244817352294922,0.016640890121459962,0,0,1,-0.051050880620834176,-0.02133903271028606,-0.007105912317973439,0.02400000000000002,0.043545964837258415,-0.0041640527857444015,-0.010292035306955258,0.013419750000000012,0.044936774084941476,1426175466062,0,0,0,0,0,0,0
0.02079402436650086,0.00787905806209146,0.976,-0.0944397658254131,-0.009233996391296387,0.010773147583007812,0,0,1,-0.051050880620834176,-0.02079402436650086,-0.00787905806209146,0.02400000000000002,0.04338888520457892,-0.008591674032455242,-0.007973157205011464,0.029984400000000026,0.04267488687421757,1426175466128,0,0,0,0,0,0,0
0.01879191891579785,0.009861432059298477,0.979,-0.0944397658254131,-0.03270180892944336,0.026771142959594728,0,0,1,-0.051050880620834176,-0.01879191891579785,-0.009861432059298477,0.02100000000000002,0.04338888520457892,0.00045617028582496146,-0.01571174800764202,0.011312550000000008,0.04338888520457892,1426175466192,0,0,0,0,0,0,0
0.017614785589791584,0.01073494317188161,0.98,-0.09393362034233474,-0.01881389236450195,0.011379234313964844,0,0,1,-0.051050880620834176,-0.017614785589791584,-0.01073494317188161,0.020000000000000018,0.042882739721500564,-0.003766875199225388,-0.009877705930932817,0.021828919402985092,0.04061641666294077,1426175466259,0,0,0,0,0,0,0
0.01699233695680192,0.011844511655750966,0.981,-0.09347983473681622,-0.010856657028198243,0.01569441032409668,0,0,1,-0.051050880620834176,-0.01699233695680192,-0.011844511655750966,0.019000000000000017,0.04242895411598204,-0.0062642533582472765,-0.01185167088167109,0.02099168461538463,0.04033455901358886,1426175466324,0,0,0,0,0,0,0
0.01603009951663892,0.011796716545269263,0.983,-0.093549647906896,-0.01430362319946289,-0.0020610792636871337,0,0,1,-0.051050880620834176,-0.01603009951663892,-0.011796716545269263,0.017000000000000015,0.04249876728606183,-0.0038828043862940012,-0.005599344186045093,0.013947600000000011,0.04282601652081082,1426175466388,0,0,0,0,0,0,0
0.014929003485413862,0.01071083403730104,0.986,-0.09375908741713532,-0.014922683715820312,-0.017759870529174805,0,0,1,-0.051050880620834176,-0.014929003485413862,-0.01071083403730104,0.014000000000000012,0.04270820679630114,-0.0026752175941649825,0.0005223151736583869,0.006422253846153851,0.043674850689713364,1426175466453,0,0,0,0,0,0,0
0.014946921679977975,0.009399201593554396,0.989,-0.0933053018116168,0.0021095528602600097,-0.019562910079956055,0,0,1,-0.051050880620834176,-0.014946921679977975,-0.009399201593554396,0.01100000000000001,0.04225442119078262,-0.008719353406326881,0.002387598491764318,0.0040937538461538504,0.040160026088389436,1426175466518,0,0,0,0,0,0,0
0.014365579353584932,0.008236675717555703,0.989,-0.09295623596121792,-0.007057516574859619,-0.018174491882324218,0,0,1,-0.051050880620834176,-0.014365579353584932,-0.008236675717555703,0.01100000000000001,0.04190535534038375,-0.00530496169611467,0.001973602988631403,0.020321300000000014,0.040342373920687305,1426175466585,0,0,0,0,0,0,0
0.013336728491453847,0.0059927316484229545,0.988,-0.09354964790689602,-0.012241809844970704,-0.03494635009765625,0,0,1,-0.051050880620834176,-0.013336728491453847,-0.0059927316484229545,0.01200000000000001,0.04249876728606184,-0.0022961018569308675,0.009101559137337595,0.02658391538461541,0.045237591650729964,1426175466650,0,0,0,0,0,0,0
0.012174241869704245,0.0051006289652698695,0.988,-0.0929038760836581,-0.016111040115356447,-0.014951903343200684,0,0,1,-0.051050880620834176,-0.012174241869704245,-0.0051006289652698695,0.01200000000000001,0.04185299546282393,-0.0009052675288653807,0.0023402568680011542,0.02127610000000002,0.038825940041396216,1426175466714,0,0,0,0,0,0,0
0.010701016851587482,0.0035444479188194936,0.99,-0.09204866475018088,-0.019837566375732422,-0.025292123794555664,0,0,1,-0.051050880620834176,-0.010701016851587482,-0.0035444479188194936,0.010000000000000009,0.0409977841293467,0.0012794905106333788,0.0064897967534342385,0.009136039393939399,0.0371104598862684,1426175466780,0,0,0,0,0,0,0
0.009513584480346867,0.0007196303951510518,0.99,-0.0917694120698618,-0.013841276168823241,-0.0438300895690918,0,0,1,-0.051050880620834176,-0.009513584480346867,-0.0007196303951510518,0.010000000000000009,0.04071853144902763,0.00016596480828994734,0.014188742880330158,0.019810100000000015,0.0394865343299729,1426175466848,0,0,0,0,0,0,0
0.007199546665313038,-0.003657703077215548,0.996,-0.09145525280450283,-0.02854738426208496,-0.06856461334228516,0,0,1,-0.051050880620834176,-0.007199546665313038,0.003657703077215548,0.0040000000000000036,0.04040437218366865,0.008062429376746078,0.026158731300319506,-0.018298033333333352,0.03890837568195923,1426175466911,0,0,0,0,0,0,0
0.006063765605180522,-0.006256549782037267,0.995,-0.09126326658678346,-0.013405312538146972,-0.04037571334838867,0,0,1,-0.051050880620834176,-0.006063765605180522,0.006256549782037267,0.0050000000000000044,0.04021238596594929,0.0017936335619267128,0.016925527513260978,0.021171330303030315,0.03933972133995219,1426175466977,0,0,0,0,0,0,0
0.0039630338680956565,-0.009965980528439958,0.996,-0.09046041513086607,-0.02630886459350586,-0.05828170776367188,0,0,1,-0.051050880620834176,-0.0039630338680956565,0.009965980528439958,0.0040000000000000036,0.039409534510031895,0.00848915321233532,0.025612707216721278,0.009537944444444451,0.035586432338996686,1426175467040,0,0,0,0,0,0,0
0.0016699435524099768,-0.01381537088554533,0.993,-0.0899891762328276,-0.029039575576782228,-0.06061203384399414,0,0,1,-0.051050880620834176,-0.0016699435524099768,0.01381537088554533,0.007000000000000006,0.03893829561199342,0.01031129042632906,0.027665920333483203,0.03369284615384618,0.03676334685181584,1426175467105,0,0,0,0,0,0,0
0.0016076637840653435,-0.018344082531631174,0.995,-0.09028588220566663,0.00517436170578003,-0.06773976135253906,0,0,1,-0.051050880620834176,-0.0016076637840653435,0.018344082531631174,0.0050000000000000044,0.03923500158483246,-0.0016757686409524684,0.033230791805616784,0.005365939393939397,0.040583665097737184,1426175467171,0,0,0,0,0,0,0
-0.00025579961936664453,-0.022258022160860615,0.996,-0.09096656061394442,-0.022544698715209963,-0.06099021148681641,0,0,1,-0.051050880620834176,0.00025579961936664453,0.022258022160860615,0.0040000000000000036,0.03991567999311025,0.008959891542506442,0.03226139378376127,0.009813384615384621,0.043057272646700055,1426175467236,0,0,0,0,0,0,0
-0.0012477275116286068,-0.02565165692861143,0.993,-0.09075712110370512,-0.010193174362182617,-0.05204566955566406,0,0,1,-0.051050880620834176,0.0012477275116286068,0.02565165692861143,0.007000000000000006,0.03970624048287095,0.004682868949093636,0.03089662973000465,0.033553290909090934,0.03875424270905595,1426175467302,0,0,0,0,0,0,0
-0.0020842291518866625,-0.029034261249678336,0.993,-0.09049532171590595,-0.007897271633148193,-0.05166745758056641,0,0,1,-0.051050880620834176,0.0020842291518866625,0.029034261249678336,0.007000000000000006,0.039444441095071774,0.00441684834995495,0.03310858318777277,0.017689000000000014,0.03821725646476314,1426175467366,0,0,0,0,0,0,0
-0.0030132279213027466,-0.03224152881115565,0.995,-0.09065240134858543,-0.00953026008605957,-0.04917148590087891,0,0,1,-0.051050880620834176,0.0030132279213027466,0.03224152881115565,0.0050000000000000044,0.039601520727751256,0.0053109890537372025,0.03350445883551263,0.005352269230769233,0.04032650364781041,1426175467431,0,0,0,0,0,0,0
-0.0024093716895386406,-0.034341980710289786,0.997,-0.09110618695410395,0.011872905731201172,-0.030557416915893556,0,0,1,-0.051050880620834176,0.0024093716895386406,0.034341980710289786,0.0030000000000000027,0.04005530633326978,-0.0032432075922861348,0.028617230429155073,0.003771769230769233,0.04214970143566296,1426175467496,0,0,0,0,0,0,0
-0.004257833101198256,-0.03502358932093946,0.997,-0.09159487914466237,-0.026681735992431642,-0.012704327583312988,0,0,1,-0.051050880620834176,0.004257833101198256,0.03502358932093946,0.0030000000000000027,0.040543998523828194,0.010737813719056454,0.02128561580979107,0.014560800000000011,0.04276532666273008,1426175467562,0,0,0,0,0,0,0
-0.0037757563309390356,-0.03597592259128862,1.001,-0.0932180353490171,0.00850744342803955,-0.01356370735168457,0,0,1,-0.051050880620834176,0.0037757563309390356,0.03597592259128862,-0.0009999999999998899,0.04216715472818292,-0.0018214532757733035,0.023146170488888937,-0.00954142238805904,0.049435018329771256,1426175467629,0,0,0,0,0,0,0
-0.0034679214467739777,-0.0365294847418285,1.002,-0.09243263718561966,0.005370384693145752,-0.007837568283081055,0,0,1,-0.051050880620834176,0.0034679214467739777,0.0365294847418285,-0.0020000000000000018,0.04138175656478548,-0.0011650682418325885,0.021546435127454595,0.004985944444443829,0.03764176531051195,1426175467692,0,0,0,0,0,0,0
-0.0045003908443627064,-0.036935489778825284,1.002,-0.09384635387973504,-0.014858808517456055,-0.007493548393249512,0,0,1,-0.051050880620834176,0.0045003908443627064,0.036935489778825284,-0.0020000000000000018,0.04279547325890087,0.006457872372819935,0.020819760978385504,0.010528100000000009,0.04912554800867125,1426175467759,0,0,0,0,0,0,0
-0.0033445181159717776,-0.03846494392787706,1.003,-0.0952426172813305,0.019411643981933593,-0.021216131210327147,0,0,1,-0.051050880620834176,0.0033445181159717776,0.03846494392787706,-0.0029999999999998916,0.04419173666049633,-0.005932968955765297,0.02798476662726023,0.004153644444445152,0.05084061000142709,1426175467822,0,0,0,0,0,0,0
-0.006327087700289896,-0.03846612866232545,1.003,-0.09580112264196869,-0.04453409194946289,-0.004272267341613769,0,0,1,-0.051050880620834176,0.006327087700289896,0.03846612866232545,-0.0029999999999998916,0.04475024202113451,0.018043933670531583,0.019519773822720302,0.009689700000000096,0.047327959070233835,1426175467887,0,0,0,0,0,0,0
-0.0069094700110794985,-0.03872186040982803,1.005,-0.09613273519984762,-0.008328748703002929,-0.004654000282287598,0,0,1,-0.051050880620834176,0.0069094700110794985,0.03872186040982803,-0.004999999999999893,0.045081854579013446,0.0053220597548070785,0.02100311611742818,-0.0023915611940297614,0.04656668692772509,1426175467954,0,0,0,0,0,0,0
-0.008327358332667036,-0.04009907439881391,1.009,-0.09658652080536613,-0.019187252044677736,-0.02260426139831543,0,0,1,-0.051050880620834176,0.008327358332667036,0.04009907439881391,-0.008999999999999897,0.045535640184531954,0.01074811453023708,0.02791311340798344,-0.017076399999999926,0.04766276021039996,1426175468018,0,0,0,0,0,0,0
-0.009635106603751895,-0.04073171387963092,1.009,-0.09756390518648296,-0.01860965347290039,-0.01133708095550537,0,0,1,-0.051050880620834176,0.009635106603751895,0.04073171387963092,-0.008999999999999897,0.046513024565648785,0.01058929978775463,0.024079583414951915,0.004739200000000094,0.05095568084345256,1426175468084,0,0,0,0,0,0,0
-0.011783381674948997,-0.04176342852973911,1.01,-0.09848892969003996,-0.030563404083251953,-0.01854104995727539,0,0,1,-0.051050880620834176,0.011783381674948997,0.04176342852973911,-0.010000000000000009,0.04743804906920578,0.016303702809897028,0.026823067208390037,-0.0015104153846159808,0.05170739293177654,1426175468149,0,0,0,0,0,0,0
-0.013153220313762566,-0.042750396097810686,1.009,-0.09915215480579781,-0.018992279052734377,-0.01675320816040039,0,0,1,-0.051050880620834176,0.013153220313762566,0.042750396097810686,-0.008999999999999897,0.048101274184963634,0.012920710247562708,0.027186003556314196,0.010085350000000708,0.05121014191507856,1426175468213,0,0,0,0,0,0,0
-0.014261848378333605,-0.043965859824281084,1.011,-0.09993755296919525,-0.01474296760559082,-0.019788551330566406,0,0,1,-0.051050880620834176,0.014261848378333605,0.043965859824281084,-0.010999999999999899,0.048886672348361075,0.011784615298068856,0.028775151034824406,-0.007504861194029763,0.05240338054267797,1426175468280,0,0,0,0,0,0,0
-0.01465868732445414,-0.04488493161626682,1.011,-0.10037388528219383,-0.0045474286079406736,-0.014311186790466309,0,0,1,-0.051050880620834176,0.01465868732445414,0.04488493161626682,-0.010999999999999899,0.04932300466135966,0.008371288681794603,0.027940149772389504,0.002872500000000097,0.05136831237854052,1426175468344,0,0,0,0,0,0,0
-0.013938198286881228,-0.045622342991123534,1.012,-0.10114183015307134,0.011861329078674316,-0.0099225435256958,0,0,1,-0.051050880620834176,0.013938198286881228,0.045622342991123534,-0.01200000000000001,0.05009094953223716,0.001970334649136098,0.02728301275418396,-0.0033901153846159823,0.053635310474748704,1426175468409,0,0,0,0,0,0,0
-0.013456756098898473,-0.047466474794375116,1.013,-0.10190977502394885,0.009977742195129395,-0.026791446685791014,0,0,1,-0.051050880620834176,0.013456756098898473,0.047466474794375116,-0.0129999999999999,0.050858894403114675,0.0030255357905560106,0.03419519570962923,-0.004274615384614698,0.05440325534562628,1426175468474,0,0,0,0,0,0,0
-0.013013394426644098,-0.04868544733147383,1.01,-0.10189232173142891,0.008476075172424316,-0.01751315116882324,0,0,1,-0.051050880620834176,0.013013394426644098,0.04868544733147383,-0.010000000000000009,0.050841441110594736,0.0030536644237981,0.03137112219716657,0.01935309090909034,0.05076210796277683,1426175468540,0,0,0,0,0,0,0
-0.011796908323977822,-0.0517517942186974,1.013,-0.10196213490150868,0.022831104278564454,-0.04390060424804688,0,0,1,-0.051050880620834176,0.011796908323977822,0.0517517942186974,-0.0129999999999999,0.05091125428067451,-0.0015502924640474957,0.042492951047993,-0.014714741791044114,0.05122385056461378,1426175468607,0,0,0,0,0,0,0
-0.010820189951384881,-0.054469105677289506,1.016,-0.10255554684718676,0.01872343063354492,-0.03905674362182617,0,0,1,-0.051050880620834176,0.010820189951384881,0.054469105677289506,-0.016000000000000014,0.05150466622635259,-0.0011032699634898205,0.04296386707593759,-0.01821056666666729,0.0543304373962482,1426175468670,0,0,0,0,0,0,0
-0.008992519618763123,-0.057085548449791364,1.016,-0.10269517318734632,0.03128891944885254,-0.03623379135131836,0,0,1,-0.051050880620834176,0.008992519618763123,0.057085548449791364,-0.016000000000000014,0.051644292566512144,-0.00642634860201685,0.043301557304503954,-0.0016478999999999955,0.05228872182878702,1426175468735,0,0,0,0,0,0,0
-0.007542415042479652,-0.06002554362778318,1.013,-0.10332349171806426,0.02615786361694336,-0.04163772964477539,0,0,1,-0.051050880620834176,0.007542415042479652,0.06002554362778318,-0.0129999999999999,0.05227261109723009,-0.004995069615784477,0.04631351726616854,0.016575390909091606,0.055128604418675294,1426175468801,0,0,0,0,0,0,0
-0.006275559617997923,-0.062271513774475346,1.011,-0.10386454378618251,0.022376218795776368,-0.03154993438720703,0,0,1,-0.051050880620834176,0.006275559617997923,0.062271513774475346,-0.010999999999999899,0.052813663165348336,-0.004755998912427249,0.043979780709079964,0.012964030769230877,0.05531082655666333,1426175468866,0,0,0,0,0,0,0
-0.003149585180398846,-0.06561010615005211,1.012,-0.10536552694289765,0.05182899856567383,-0.04494758987426758,3,0,1,0,3.003149585180399,0.06561010615005211,-0.01200000000000001,0.10536552694289765,1.5015747925901994,0.032805053075026055,-0.00960000000000001,0.10536552694289765,0,0,0,0,0,0,0,0
-0.00020471241781904744,-0.06793005017502501,1.011,-0.10629055144645463,0.04758796691894531,-0.02996045684814453,3,0,1,0,3.000204712417819,0.06793005017502501,-0.010999999999999899,0.10629055144645463,1.4859177143044984,0.046695694206195085,-0.003401649999999307,0.110626603806878,0,0,0,0,0,0,0,0
0.0010972938212439349,-0.07187612091833456,1.009,-0.1044579557318606,0.025699485778808595,-0.05678505706787109,3,0,1,0,2.998902706178756,0.07187612091833456,-0.008999999999999897,0.1044579557318606,1.4968363474990811,0.05604743108657298,0.0028124275362319748,0.09649014827710396,0,0,0,0,0,0,0,0
0.005041784363045778,-0.07480976482265403,1.009,-0.1005484182073933,0.06343313217163087,-0.037595531463623044,3,0,1,0,2.994958215636954,0.07480976482265403,-0.008999999999999897,0.1005484182073933,1.4810580704787584,0.05410522722931778,-0.007388299999999916,0.08163130115351923,0,0,0,0,0,0,0,0
0.009434513574984716,-0.0756583769507061,1.009,-0.09817477042468101,0.06683588409423828,-0.00605081844329834,3,0,1,0,2.990565486425015,0.0756583769507061,-0.008999999999999897,0.09817477042468101,1.4790202152229337,0.04265790922162196,-0.007445899999999916,0.08704829644321715,0,0,0,0,0,0,0,0
0.017654593604343006,-0.07497074259938094,1.008,-0.0980875039620813,0.12169647216796875,0.022350479125976562,3,0,1,0,2.982345406395657,0.07497074259938094,-0.008000000000000007,0.0980875039620813,1.4579903679370585,0.03413135512248779,-0.0014756194029856545,0.09769675860715722,0,0,0,0,0,0,0,0
0.03212682152467454,-0.07359393181980108,1.006,-0.09712757287348442,0.21401748657226563,0.041811935424804686,3,0,1,0,2.9678731784753256,0.07359393181980108,-0.006000000000000005,0.09712757287348442,1.4164494129430767,0.029552735643963574,0.005799600000000007,0.09262789589568655,0,0,0,0,0,0,0,0
0.05364732690469184,-0.07205853295995765,1.004,-0.09409069997501428,0.31905270385742185,0.05422667694091797,3,0,1,0,2.946352673095308,0.07205853295995765,-0.0040000000000000036,0.09409069997501428,1.3726548572898638,0.028219762115634955,0.0070417606060606125,0.08028673225469546,0,0,0,0,0,0,0,0
0.08229236238641693,-0.06924895952697434,1.006,-0.09246754377065955,0.42381549072265623,0.08232603454589844,3,0,1,0,2.917707637613583,0.06924895952697434,-0.006000000000000005,0.09246754377065955,1.3176710268131495,0.019636706702600946,-0.01614020000000001,0.08485899906274676,0,0,0,0,0,0,0,0
0.11449951494048746,-0.06538975445871975,1.018,-0.08888961880407117,0.47569827270507814,0.10224888610839844,3,0,1,0,2.8855004850595125,0.06538975445871975,-0.018000000000000016,0.08888961880407117,1.2893289126783831,0.012649634695481686,-0.07855786363636369,0.07262632350139675,0,0,0,0,0,0,0,0
0.1556010377756632,-0.06012622005141349,1.01,-0.08527678725244289,0.6070798950195313,0.13337164306640625,3,0,1,0,2.8443989622243366,0.06012622005141349,-0.010000000000000009,0.08527678725244289,1.2234883394487885,0.002610349756636963,0.03383674242424245,0.06885482565413252,0,0,0,0,0,0,0,0
0.20397977455396307,-0.05375225394830912,1.005,-0.08175122216341435,0.714900634765625,0.15707083129882812,3,0,1,0,2.796020225446037,0.05375225394830912,-0.004999999999999893,0.08175122216341435,1.1544798283432272,-0.007487176515752619,0.022724250000000716,0.06522513580859306,0,0,0,0,0,0,0,0
0.26019181986762585,-0.04545742072080937,1.001,-0.07880161572754393,0.8302042846679687,0.19286125183105468,3,0,1,0,2.739808180132374,0.04545742072080937,-0.0009999999999998899,0.07880161572754393,1.0900456537631615,-0.02141190528929596,0.02011246153846165,0.06518804756198816,0,0,0,0,0,0,0,0
0.3185156359737799,-0.034959352048473766,0.998,-0.0770562864755496,0.8597462158203125,0.2258511962890625,3,0,1,0,2.68148436402622,0.034959352048473766,0.0020000000000000018,0.0770562864755496,1.0512556370486736,-0.03850179151882531,0.017140846153845573,0.06900092069711422,0,0,0,0,0,0,0,0
0.3839037510488689,-0.02130337469158659,0.999,-0.07599163563183305,0.9621427001953125,0.27973553466796874,3,0,1,0,2.616096248951131,0.02130337469158659,0.0010000000000000009,0.07599163563183305,0.987584364828882,-0.06120571962923371,-0.005109430303030302,0.07115231361493961,0,0,0,0,0,0,0,0
0.4611487290285846,-0.003911594443371295,1,-0.07428121296487862,1.135525390625,0.34808868408203125,3,0,1,0,2.5388512709714153,0.003911594443371295,0,0.07428121296487862,0.887760214395754,-0.08971010403986997,-0.005909430303030303,0.06650656447872214,0,0,0,0,0,0,0,0
0.5414554321539201,0.01809031199351756,0.999,-0.07408922674715922,1.176786376953125,0.41851544189453127,3,0,1,0,2.4585445678460798,-0.01809031199351756,0.0010000000000000009,0.07408922674715922,0.8264166666491053,-0.1269654821721206,0.005584715384615393,0.07320313651153121,0,0,0,0,0,0,0,0
0.6236194334434256,0.03912525558504063,0.998,-0.07358308126408088,1.205723388671875,0.4058870544433594,3,0,1,0,2.3763805665565743,-0.03912525558504063,0.0020000000000000018,0.07358308126408088,0.7699418766513872,-0.13407103800665834,0.006481650000000011,0.07121052431215115,0,0,0,0,0,0,0,0
0.712851467380171,0.060013117893026074,0.999,-0.07297221602588284,1.311824462890625,0.41087075805664064,3,0,1,0,2.287148532619829,-0.060013117893026074,0.0010000000000000009,0.07297221602588284,0.6956667055448795,-0.14199223465644595,-0.005165215384615385,0.07015283800343039,0,0,0,0,0,0,0,0
0.8026572426809855,0.07924248888344423,0.995,-0.0727453232231236,1.32247216796875,0.3858856201171875,3,0,1,0,2.1973427573190145,-0.07924248888344423,0.0050000000000000044,0.0727453232231236,0.6564514990432755,-0.14116005252941122,0.024664521212121236,0.0717139923014907,0,0,0,0,0,0,0,0
0.8996311006864582,0.09610824631841683,0.995,-0.07119198018884865,1.4323734130859376,0.3580398864746094,3,0,1,0,2.100368899313542,-0.09610824631841683,0.0050000000000000044,0.07119198018884865,0.5552257679760201,-0.13991511442664833,0.0034844000000000073,0.06391068471568478,0,0,0,0,0,0,0,0
0.9997420506811762,0.10606141926785323,0.996,-0.06808529412029875,1.4872406005859375,0.2557355804443359,3,0,1,0,2.000257949318824,-0.10606141926785323,0.0040000000000000036,0.06808529412029875,0.5215793058494018,-0.10395877834547321,-0.0024354588235294093,0.054379326170813896,0,0,0,0,0,0,0,0
1.0986925367257694,0.11979781822209981,1,-0.06518804756198818,1.466800537109375,0.306546630859375,3,0,1,0,1.9013074632742306,-0.11979781822209981,0,0.06518804756198818,0.43885391256122963,-0.13598621132015765,-0.022710622222222237,0.05139163537955689,0,0,0,0,0,0,0,0
1.2242153288317146,0.12751232152062994,1.003,-0.06546730024230728,1.8713046875,0.23812364196777344,3,0,1,0,1.7757846711682854,-0.12751232152062994,-0.0029999999999998916,0.06546730024230728,0.2613382866023908,-0.10452453834296671,-0.01881729090909024,0.0667366306073941,0,0,0,0,0,0,0,0
1.3512148556596841,0.13354662671540865,1.006,-0.06752678875966057,1.894990478515625,0.21494635009765625,3,0,1,0,1.6487851443403159,-0.13354662671540865,-0.006000000000000005,0.06752678875966057,0.18071779779426833,-0.09921066407005857,-0.021501046153846765,0.07703212037821425,0,0,0,0,0,0,0,0
1.4759132017887628,0.13880482719770862,1.011,-0.06932447788921471,1.8608902587890626,0.2049044647216797,3,0,1,0,1.5240867982112372,-0.13880482719770862,-0.010999999999999899,0.06932447788921471,0.13175025414259378,-0.09775096207400152,-0.03634177692307626,0.07762150464100304,0,0,0,0,0,0,0,0
1.6080927045524056,0.1394312336678592,1.01,-0.06888814557621616,1.977279296875,0.14671258544921875,3,0,1,0,1.3919072954475944,-0.1394312336678592,-0.010000000000000009,0.06888814557621616,0.037079885983424155,-0.07316465520413594,-0.003381669696970284,0.06690481688076817,0,0,0,0,0,0,0,0
1.742176640922518,0.13640590806309508,1.023,-0.0681376539978586,2.0096123046875,0.09317009735107422,3,0,1,0,1.257823359077482,-0.13640590806309508,-0.02299999999999991,0.0681376539978586,-0.06147669368079878,-0.05187269028863768,-0.09032564999999937,0.06461972472430752,0,0,0,0,0,0,0,0
1.879380285615726,0.12789670785929622,1.028,-0.06630505828326455,2.06196923828125,0.012780710220336914,3,0,1,0,1.120619714384274,-0.12789670785929622,-0.028000000000000025,0.06630505828326455,-0.13486744222935287,-0.018427202119752878,-0.050336976923077564,0.05784692421590743,0,0,0,0,0,0,0,0
2.019877468718887,0.11810547507719706,1.033,-0.06569419304506655,2.112557861328125,-0.006913022994995117,3,0,1,0,0.980122531281113,-0.11810547507719706,-0.03299999999999992,0.06569419304506655,-0.21074111635639592,-0.00750510152290642,-0.054146851515150876,0.06291753287143925,0,0,0,0,0,0,0,0
2.164059537084207,0.10727963689031945,1.035,-0.06579891280018618,2.16872607421875,-0.020060592651367188,3,0,1,0,0.8359404629157932,-0.10727963689031945,-0.03499999999999992,0.06579891280018618,-0.3135929532572697,0.0042078565114759756,-0.04022843076923071,0.0662822347468922,0,0,0,0,0,0,0,0
2.3051964044958444,0.10021769773047223,1.036,-0.06414085001079158,2.119436767578125,0.03349943161010742,3,0,1,0,0.6948035955041556,-0.10021769773047223,-0.03600000000000003,0.06414085001079158,-0.34461302824365353,-0.013730567664071887,-0.03572428059701553,0.05671668826723363,0,0,0,0,0,0,0,0
2.446251975681487,0.09032851732242013,1.035,-0.06232570758871747,2.12099072265625,-0.012414347648620606,3,0,1,0,0.5537480243185131,-0.09032851732242013,-0.03499999999999992,0.06232570758871747,-0.43702873311746726,0.0075140150157032015,-0.024543284615383944,0.053948127179144684,0,0,0,0,0,0,0,0
2.577460702585743,0.07896877559948731,1.032,-0.06042329870404366,1.9749227294921874,-0.04747953033447266,3,0,1,0,0.4225392974142572,-0.07896877559948731,-0.03200000000000003,0.06042329870404366,-0.47177426981061377,0.023004378820623186,-0.011062833333333955,0.051364208777025494,0,0,0,0,0,0,0,0
2.708026434382575,0.06909694303618026,1.039,-0.05784021141109205,1.963853759765625,-0.02954106903076172,3,0,1,0,0.29197356561742493,-0.06909694303618026,-0.038999999999999924,0.05784021141109205,-0.5003210937213407,0.01713564211101578,-0.0707081121212115,0.0460989055340393,0,0,0,0,0,0,0,0
2.8192540320621244,0.06060572069519586,1.043,-0.05555383009097949,1.67298681640625,-0.03070772171020508,3,0,1,0,0.18074596793787556,-0.06060572069519586,-0.04299999999999993,0.05555383009097949,-0.46234120908513887,0.014713198784851965,-0.05860486153846149,0.045001300921229226,0,0,0,0,0,0,0,0
2.914292550551376,0.05331514136951116,1.044,-0.05222025121967031,1.42945068359375,-0.03003440475463867,3,0,1,0,0.08570744944862385,-0.05331514136951116,-0.04400000000000004,0.05222025121967031,-0.41487821125762425,0.011263497093688166,-0.043459830303030925,0.03706761998644676,1426175471279,0,0,0,0,0,0,0
2.9952373876783356,0.04363256453579066,1.045,-0.05033529562751645,1.220098388671875,-0.08166508483886718,3,0,1,0,0.004762612321664417,-0.04363256453579066,-0.04499999999999993,0.05033529562751645,-0.3679830858945854,0.027249744802414464,-0.044409858823528776,0.042019315073896474,1426175471279,0,0,0,0,0,0,0
3.0648658389994843,0.03372127059042486,1.042,-0.04932300466135974,1.0505841064453125,-0.09593177795410156,3,0,1,0,-0.06486583899948428,-0.03372127059042486,-0.04200000000000004,0.04932300466135974,-0.37927352832513056,0.03829854497821631,-0.020187716129032893,0.04442482256705309,1426175471279,0,0,0,0,0,0,0
3.1202855736805675,0.022246315117924166,1.037,-0.04881685917828138,0.8387713012695313,-0.13092961120605467,3,0,1,0,-0.12028557368056747,-0.022246315117924166,-0.03699999999999992,0.04881685917828138,-0.312411699160369,0.049858931467256146,-0.006440623076922388,0.04648080310253509,0,0,0,0,0,0,0,0
3.1628094971190386,0.009441231890114692,1.031,-0.04906120527356059,0.6464718017578125,-0.16072152709960938,3,0,1,0,-0.16280949711903858,-0.009441231890114692,-0.030999999999999917,0.04906120527356059,-0.26434050343866694,0.06341756265517191,0.003542492307692404,0.05018895648254155,0,0,0,0,0,0,0,0
3.1977893583049006,-0.0030454720030385716,1.023,-0.050282935749956625,0.5332520751953125,-0.16134320068359376,3,0,1,0,-0.19778935830490063,0.0030454720030385716,-0.02299999999999991,0.050282935749956625,-0.23848526651150087,0.06692984559388543,0.019907242424242536,0.055836256097211344,0,0,0,0,0,0,0,0
3.2163285952267664,-0.017742241629677767,1.014,-0.05134758659367315,0.2888173522949219,-0.20619569396972656,3,0,1,0,-0.2163285952267664,0.017742241629677767,-0.014000000000000012,0.05134758659367315,-0.16378052332541232,0.0884451752071729,0.03381214999999944,0.05633813742359438,0,0,0,0,0,0,0,0
3.2235876927685516,-0.025444984693749093,1.004,-0.05218534463463045,0.11467310333251954,-0.10980026245117187,3,0,1,0,-0.22358769276855162,0.025444984693749093,-0.0040000000000000036,0.05218534463463045,-0.10466640229381857,0.052788261418650076,0.04559730303030307,0.055993335729890875,0,0,0,0,0,0,0,0
3.2229320937787835,-0.029685517404632027,0.994,-0.05541420375081995,-0.006502698898315429,-0.06403435516357422,3,0,1,0,-0.22293209377878354,0.029685517404632027,0.006000000000000005,0.05541420375081995,-0.06245814601670744,0.03691358114916286,0.0544521538461539,0.07031663044092534,0,0,0,0,0,0,0,0
3.215052475204828,-0.02882069352879745,0.982,-0.056217055206737344,-0.11873133850097656,0.006406155586242676,3,0,1,0,-0.21505247520482795,0.02882069352879745,0.018000000000000016,0.056217055206737344,-0.01975955384683393,0.009009521041252699,0.07493838461538468,0.05992252346481763,0,0,0,0,0,0,0,0
3.197975209114444,-0.025588568882497276,0.971,-0.05834635689417043,-0.2584783935546875,0.03401235961914063,3,0,1,0,-0.197975209114444,0.025588568882497276,0.029000000000000026,0.05834635689417043,0.0354273193896467,-0.004816886220885773,0.07677998656716425,0.06788054355431855,0,0,0,0,0,0,0,0
3.177609619963812,-0.02073336641032936,0.963,-0.05996951309852514,-0.3092108459472656,0.05489035034179687,3,0,1,0,-0.1776096199638122,0.02073336641032936,0.03700000000000003,0.05996951309852514,0.06766116049608573,-0.016898873395194185,0.06970410000000007,0.06757805780643786,0,0,0,0,0,0,0,0
3.153555412570907,-0.01492073780802845,0.95,-0.06037093882648385,-0.3653900756835938,0.06540787506103515,3,0,1,0,-0.1535554125709071,0.01492073780802845,0.050000000000000044,0.06037093882648385,0.09773679269941539,-0.024542370094106043,0.10667910000000011,0.062223672955524056,0,0,0,0,0,0,0,0
3.1293623418517282,-0.007277965316558296,0.944,-0.060911990894602114,-0.3691517639160156,0.09253766632080078,3,0,1,0,-0.12936234185172824,0.007277965316558296,0.05600000000000005,0.060911990894602114,0.11049696813981386,-0.03821364660406589,0.07415079230769238,0.06340915428591716,0,0,0,0,0,0,0,0
3.1035046059434346,0.0022226809654399687,0.933,-0.06199409503083857,-0.3958218994140625,0.11863431549072266,3,0,1,0,-0.10350460594343458,-0.0022226809654399687,0.06699999999999995,0.06199409503083857,0.13232213988763858,-0.05296935028284393,0.11030936923076864,0.06698842181346835,0,0,0,0,0,0,0,0
3.0812109900508897,0.01055459502589821,0.924,-0.06082472443200239,-0.34150482177734376,0.10402081298828125,3,0,1,0,-0.08121099005088972,-0.01055459502589821,0.07599999999999996,0.06082472443200239,0.12063976138582592,-0.04950997695432724,0.10580272537313434,0.055588736676019504,1426175472258,0,0,0,0,0,0,0
3.0586640739385724,0.020294750309961272,0.923,-0.0593761011528471,-0.34645947265625,0.125273681640625,3,0,1,0,-0.058664073938572425,-0.020294750309961272,0.07699999999999996,0.0593761011528471,0.1387199344255304,-0.06413459324985336,0.06554934999999998,0.052585679531806664,1426175472258,0,0,0,0,0,0,0
3.03806692411675,0.02927432158881027,0.919,-0.057718038363452476,-0.3164056701660156,0.11612230682373047,3,0,1,0,-0.038066924116749945,-0.02927432158881027,0.08099999999999996,0.057718038363452476,0.1365980481563439,-0.06372847064393149,0.08534556153846154,0.05006544087393884,1426175472258,0,0,0,0,0,0,0
3.0260461863907193,0.03640538351223251,0.916,-0.05658357434965616,-0.18618124389648438,0.09638638305664063,3,0,1,0,-0.026046186390719317,-0.03640538351223251,0.08399999999999996,0.05658357434965616,0.096410806482403,-0.05736415319108917,0.08290694615384614,0.05134758659367318,1426175472258,0,0,0,0,0,0,0
3.016469544576943,0.042473777887164506,0.919,-0.05605997557405786,-0.14856755065917968,0.08275636291503906,3,0,1,0,-0.01646954457694294,-0.042473777887164506,0.08099999999999996,0.05605997557405786,0.08802790573471635,-0.05470390230384972,0.04872575384615382,0.05364336584052724,1426175472258,0,0,0,0,0,0,0
3.010627050235187,0.047052543576899065,0.923,-0.05263913024014898,-0.09134800720214843,0.06366321182250977,3,0,1,-0.05605997557405787,-0.010627050235187063,-0.047052543576899065,0.07699999999999996,-0.0034208453339088854,-0.005313525117593532,-0.023526271788449533,0.06159999999999997,-0.0034208453339088854,1426175472258,0,0,0,0,0,0,0
3.0079177406186397,0.04788463530527116,0.928,-0.05229006438975011,-0.041240058898925784,0.01032583999633789,3,0,1,-0.05605997557405787,-0.007917740618639701,-0.04788463530527116,0.07199999999999995,-0.0037699111843077573,0.010403454978713915,-0.02838652916239512,0.03156004848484843,-0.005356574140666266,1426175472649,0,0,0,0,0,0,0
3.0102205335853287,0.048695138406934395,0.936,-0.0514348530562729,0.0338592529296875,0.013946304321289063,3,0,1,-0.05605997557405787,-0.010220533585328706,-0.048695138406934395,0.06399999999999995,-0.00462512251778497,-0.01771543267954776,-0.028842776788569946,0.00833479999999992,-0.008633925643459404,1426175472713,0,0,0,0,0,0,0
3.0130577886701997,0.04776453636337466,0.944,-0.05323254218582705,0.04322020721435547,-0.011752528190612793,3,0,1,-0.05605997557405787,-0.013057788670199688,-0.04776453636337466,0.05600000000000005,-0.0028274333882308197,-0.021826676128112905,-0.01896514979749918,0.0029718769230775294,0.005469593363557566,1426175472778,0,0,0,0,0,0,0
3.0161364592822033,0.047146719431095635,0.952,-0.05380850083898519,0.046607730865478515,-0.006797005653381347,3,0,1,-0.05605997557405787,-0.016136459282203308,-0.047146719431095635,0.04800000000000004,-0.0022514747350726796,-0.024676429894131578,-0.02037111422127062,-0.0031161230769230705,0.0004067959718110437,1426175472843,0,0,0,0,0,0,0
3.0191471217656844,0.04603317798915318,0.959,-0.053860860716545,0.04599291229248047,-0.014250130653381347,3,0,1,-0.05605997557405787,-0.01914712176568445,-0.04603317798915318,0.041000000000000036,-0.0021991148575128683,-0.02558257547677651,-0.01726628794589684,-0.0024898121212121177,-0.0019611154140591804,1426175472909,0,0,0,0,0,0,0
3.0210392945199227,0.04476912603922893,0.965,-0.05448917924726296,0.0293621826171875,-0.017405311584472657,3,0,1,-0.05605997557405787,-0.021039294519922702,-0.04476912603922893,0.03500000000000003,-0.0015707963267949099,-0.020765325536057987,-0.01576207233664596,-0.0022487923076923017,0.001329135353441821,1426175472974,0,0,0,0,0,0,0
3.023971606608612,0.04339063949129637,0.974,-0.053738687668905404,0.0450455322265625,-0.01825110626220703,3,0,1,-0.05605997557405787,-0.023971606608612195,-0.04339063949129637,0.026000000000000023,-0.002321287905152465,-0.027847813387128086,-0.014484846681381187,-0.02543363846153848,-0.005785095189879643,1426175473039,0,0,0,0,0,0,0
3.026380403563263,0.040187773008672975,0.981,-0.05372123437638548,0.03866032028198242,-0.04603289413452148,3,0,1,-0.05605997557405787,-0.026380403563262877,-0.040187773008672975,0.019000000000000017,-0.0023387411976723907,-0.026250431481945183,-0.0030859512288052213,-0.020140907692307704,-0.0024192948554566623,1426175473104,0,0,0,0,0,0,0
3.0281842721307046,0.034855589012101104,0.987,-0.05260422365510909,0.03131369972229004,-0.07841448211669921,3,0,1,-0.05605997557405787,-0.028184272130704624,-0.034855589012101104,0.013000000000000012,-0.003455751918948778,-0.02391337884219521,0.011023040480960776,-0.019471792307692318,-0.008611186017147488,1426175473169,0,0,0,0,0,0,0
3.027216006067247,0.029398584598295856,0.993,-0.05222025121967034,-0.010199963569641113,-0.08250550842285156,3,0,1,-0.05605997557405787,-0.027216006067246834,-0.029398584598295856,0.007000000000000006,-0.003839724354387529,-0.008599325658487231,0.013959039410667035,-0.023736081818181837,-0.0055850536063818505,1426175473235,0,0,0,0,0,0,0
3.026830295987488,0.024703179736269544,0.997,-0.051207960253513644,-0.0021015074253082277,-0.07063705444335938,3,0,1,-0.05605997557405787,-0.026830295987488206,-0.024703179736269544,0.0030000000000000027,-0.004852015320544224,-0.011481754157442774,0.012634974261737023,-0.01663686153846155,-0.009524127472036664,1426175473300,0,0,0,0,0,0,0
3.0251558197175865,0.0186315758279657,1.002,-0.051207960253513644,-0.02042254066467285,-0.09224031066894531,3,0,1,-0.05605997557405787,-0.025155819717586514,-0.0186315758279657,-0.0020000000000000018,-0.004852015320544224,-0.0037213570506918568,0.02306896824847978,-0.026034476923076942,-0.004852015320544224,1426175473365,0,0,0,0,0,0,0
3.0225396741365778,0.011328555199743236,1.003,-0.05057964172279568,-0.03358360290527344,-0.11141034698486328,3,0,1,-0.05605997557405787,-0.02253967413657776,-0.011328555199743236,-0.0029999999999998916,-0.00548033385126219,0.0026425920114310063,0.033343820416657594,-0.005315515384614703,-0.008380265531498952,1426175473430,0,0,0,0,0,0,0
3.017962856829102,0.004355103650895448,1.005,-0.05054473513775581,-0.06327599716186523,-0.10793892669677735,3,0,1,-0.05605997557405787,-0.017962856829102147,-0.004355103650895448,-0.004999999999999893,-0.0055152404363020616,0.015476787950743736,0.035053112638614006,-0.01233263076923069,-0.005676347751870701,1426175473495,0,0,0,0,0,0,0
3.0135965390141126,-0.002699872400485942,1.008,-0.05178391890667176,-0.06006452178955078,-0.10899849700927734,3,0,1,-0.05605997557405787,-0.013596539014112619,0.002699872400485942,-0.008000000000000007,-0.004276056667386112,0.015479994961277282,0.03734545881879251,-0.01945897647058882,0.0011909305484195474,1426175473563,0,0,0,0,0,0,0
3.007905641998296,-0.008904699769915966,1.009,-0.05106833391335407,-0.08043152618408203,-0.09736612701416016,3,0,1,-0.05605997557405787,-0.00790564199829591,0.008904699769915966,-0.008999999999999897,-0.004991641660703795,0.027972878876071954,0.03916826796135407,-0.010518761290321874,-0.008454149692886133,1426175473625,0,0,0,0,0,0,0
3.0011850403350713,-0.013357019720956698,1.012,-0.051207960253513644,-0.09726849365234375,-0.07184364318847657,3,0,1,-0.05605997557405787,-0.0011850403350712746,0.013357019720956698,-0.01200000000000001,-0.004852015320544224,0.03539423300023681,0.030349889226256536,-0.02350544615384677,-0.004207586058269281,1426175473690,0,0,0,0,0,0,0
2.9952254095905073,-0.017231106593666716,1.014,-0.05239478414486977,-0.08630281829833984,-0.06261083602905274,3,0,1,-0.05605997557405787,0.004774590409492685,0.017231106593666716,-0.014000000000000012,-0.0036651914291881,0.03379344692581167,0.028868674769912547,-0.019650060606060622,0.0017294626224306471,1426175473756,0,0,0,0,0,0,0
2.9900023646242757,-0.0214324506138569,1.015,-0.05246459731494957,-0.074937744140625,-0.06703670501708985,3,0,1,-0.05605997557405787,0.00999763537572429,0.0214324506138569,-0.014999999999999902,-0.0035953782591083006,0.032931453718336605,0.03306149943753144,-0.01532611538461471,-0.003273163627970765,1426175473821,0,0,0,0,0,0,0
2.9823996064597598,-0.02399814126304504,1.016,-0.05307546255314757,-0.11186626434326172,-0.044412796020507815,3,0,1,-0.05605997557405787,0.017600393540240233,0.02399814126304504,-0.016000000000000014,-0.0029845130209102955,0.04893801771366159,0.0253434971490274,-0.016150130303030905,-0.00020785284728299996,1426175473887,0,0,0,0,0,0,0
2.976913434273217,-0.02491319431349437,1.016,-0.05307546255314757,-0.08144853973388672,-0.018072134017944337,3,0,1,-0.05605997557405787,0.023086565726782915,0.02491319431349437,-0.016000000000000014,-0.0029845130209102955,0.04047202136015137,0.017064085177065876,-0.01095270000000001,-0.0029845130209102955,1426175473953,0,0,0,0,0,0,0
2.9709796507118598,-0.02466345744232708,1.016,-0.05183627878423161,-0.08908014678955078,-0.0009810789823532105,3,0,1,-0.05605997557405787,0.029020349288140235,0.02466345744232708,-0.016000000000000014,-0.004223696789826259,0.04681452766266943,0.010736698784636116,-0.011055100000000009,-0.010032370706619838,1426175474017,0,0,0,0,0,0,0
2.9653343290815672,-0.02381321122714342,1.017,-0.053773594253945324,-0.08522689056396485,0.008349040985107421,3,0,1,-0.05605997557405787,0.034665670918432756,0.02381321122714342,-0.016999999999999904,-0.0022863813201125446,0.04760722801431494,0.007114553927549087,-0.01735021538461471,0.0066550746939507514,1426175474082,0,0,0,0,0,0,0
2.9592307568877794,-0.02233807118653233,1.018,-0.05619960191421741,-0.09261052703857423,0.01717432403564453,3,0,1,-0.05605997557405787,0.04076924311222063,0.02233807118653233,-0.018000000000000016,0.00013962634015954323,0.05315301715343758,0.003026690747367094,-0.018267215384615995,0.011336584772184565,1426175474147,0,0,0,0,0,0,0
2.954574700792364,-0.019837439256830635,1.019,-0.05916666164260778,-0.07183748626708984,0.03352729797363281,3,0,1,-0.05605997557405787,0.04542529920763583,0.019837439256830635,-0.018999999999999906,0.003106686068549913,0.04771625419285416,-0.0037326102847623673,-0.019190715384614712,0.016800807891890084,1426175474212,0,0,0,0,0,0,0
2.9488688616423135,-0.01831309808083266,1.019,-0.06220353454107791,-0.08678988647460938,0.017764129638671876,3,0,1,-0.05605997557405787,0.051131138357686456,0.01831309808083266,-0.018999999999999906,0.006143558967020041,0.055338982773211844,0.0010194537703582633,-0.01393339999999992,0.01974149731837882,1426175474279,0,0,0,0,0,0,0
2.944865411248457,-0.015918054500862564,1.02,-0.0635299847725936,-0.06216887664794922,0.03212314987182617,3,0,1,-0.05605997557405787,0.05513458875154287,0.015918054500862564,-0.020000000000000018,0.007470009198535729,0.0491269636094947,-0.005101133499205772,-0.020248015384615996,0.013592087190146599,1426175474344,0,0,0,0,0,0,0
2.9411236396116163,-0.011764171026435063,1.022,-0.06553711341238708,-0.0599691276550293,0.058619232177734376,3,0,1,-0.05605997557405787,0.05887636038838373,0.011764171026435063,-0.02200000000000002,0.009477137838329208,0.049941303355233405,-0.016990707910206716,-0.02754170000000002,0.01888555333736114,1426175474408,0,0,0,0,0,0,0
2.9386085594448588,-0.007445111587856297,1.02,-0.0670730031541421,-0.041888053894042966,0.06217611312866211,3,0,1,-0.05605997557405787,0.06139144055514123,0.007445111587856297,-0.020000000000000018,0.011013027580084225,0.04431867359546299,-0.0196853219562281,-0.004364969230769232,0.01810174946510738,1426175474473,0,0,0,0,0,0,0
2.9391814193902825,-0.0036569940113645553,1.021,-0.06798057436517914,0.004765228271484375,0.05726991653442383,3,0,1,-0.05605997557405787,0.060818580609717454,0.0036569940113645553,-0.020999999999999908,0.01192059879112127,0.027444405865325167,-0.01871808597943646,-0.02145531538461471,0.01610938899590763,1426175474538,0,0,0,0,0,0,0
2.938349986212154,0.0012954943047981653,1.014,-0.06606071218798538,-0.017488897323608397,0.07326856994628907,3,0,1,-0.05605997557405787,0.06165001378784618,-0.0012954943047981653,-0.014000000000000012,0.010000736613927516,0.03539455727740973,-0.027060824598664036,0.026558112121211556,0.0012740903539559065,1426175474604,0,0,0,0,0,0,0
2.9382330226849933,0.0051702307560286655,0.987,-0.06290166624187565,-0.00558735179901123,0.057878456115722655,3,0,1,-0.05605997557405787,0.06176697731500669,-0.0051702307560286655,0.013000000000000012,0.006841690667817785,0.031704951036337935,-0.023286254377695277,0.1543045181818183,-0.007517609087226446,1426175474670,0,0,0,0,0,0,0
2.938661078826775,0.012323450721883266,0.948,-0.059341194567807225,-0.0003366481065750122,0.10748971557617187,3,0,1,-0.05605997557405787,0.061338921173224925,-0.012323450721883266,0.052000000000000046,0.003281218993749356,0.028568986720747425,-0.04544207824022049,0.2559367500000002,-0.013408491978446402,1426175474734,0,0,0,0,0,0,0
2.9397451712551996,0.018039354621065512,0.919,-0.056077428866577815,0.011147920608520507,0.08655204772949218,3,0,1,-0.05605997557405787,0.06025482874480037,-0.018039354621065512,0.08099999999999996,0.000017453292519946373,0.024569617402148376,-0.03997052815456774,0.22253584615384567,-0.01504608071315425,1426175474799,0,0,0,0,0,0,0
2.94012103915998,0.025444145382400044,0.888,-0.05478588522010202,-0.000596204400062561,0.11121326446533203,3,0,1,-0.05605997557405787,0.05987896084001987,-0.025444145382400044,0.11199999999999999,-0.0012740903539558493,0.028234121440079803,-0.05278346841055357,0.25883307692307705,-0.0072350610299979825,0,0,0,0,0,0,0,0
2.9407476456938735,0.03269730473983137,0.846,-0.0535292481586661,0.0034274158477783203,0.10914883422851562,3,0,1,-0.05605997557405787,0.05925235430612652,-0.03269730473983137,0.15400000000000003,-0.002530727415391766,0.026609201123593714,-0.05561482454710211,0.3526648461538464,-0.008330590775865229,0,0,0,0,0,0,0,0
2.9410631666578695,0.038914766192496106,0.813,-0.05190609195431136,-0.0002638213634490967,0.09338156127929688,3,0,1,-0.05605997557405787,0.05893683334213051,-0.038914766192496106,0.18700000000000006,-0.004153883619746508,0.02821671966066739,-0.052173430948955206,0.32655195970149276,-0.011421747221334905,0,0,0,0,0,0,0,0
2.9411162194618004,0.04533317844826331,0.781,-0.050195669287356935,-0.004200356483459473,0.09618780517578125,3,0,1,-0.05605997557405787,0.05888378053819965,-0.04533317844826331,0.21899999999999997,-0.0058643062867009335,0.02958599019851968,-0.05803306608950906,0.3561654999999996,-0.013881912538049802,0,0,0,0,0,0,0,0
2.9417797443873623,0.05059132822594425,0.737,-0.048589966375522126,0.005982954978942871,0.07927228546142578,3,0,1,-0.05605997557405787,0.05822025561263766,-0.05059132822594425,0.263,-0.007470009198535743,0.026009376901126965,-0.05390744750548224,0.45499807692307714,-0.014880945714696402,0,0,0,0,0,0,0,0
2.9431702307276533,0.05455765689277463,0.702,-0.04680973053848794,0.01794295883178711,0.06043776702880859,3,0,1,-0.05605997557405787,0.05682976927234673,-0.05455765689277463,0.29800000000000004,-0.009250245035569926,0.021436665463237286,-0.04897011448822089,0.4364735384615387,-0.017466718129573847,0,0,0,0,0,0,0,0
2.945313225186654,0.058544109047808296,0.658,-0.04447098934081553,0.029311656951904297,0.06123542785644531,3,0,1,-0.05605997557405787,0.05468677481334616,-0.058544109047808296,0.34199999999999997,-0.011588986233242338,0.016348747844313782,-0.05110975148079035,0.5223580769230765,-0.02238317637634577,0,0,0,0,0,0,0,0
2.949183386544756,0.06478866974971653,0.62,-0.04345869837465882,0.05383087158203125,0.09615660095214844,3,0,1,-0.05605997557405787,0.05081661345524413,-0.06478866974971653,0.38,-0.012601277199399047,0.006067475228790687,-0.06495169778296864,0.5140072352941178,-0.017067266755972765,0,0,0,0,0,0,0,0
2.9551640072106875,0.07172797826363489,0.581,-0.04281292655142091,0.08510243225097656,0.10788877105712891,3,0,1,-0.05605997557405787,0.044835992789312495,-0.07172797826363489,0.41900000000000004,-0.013247049022636959,-0.010200310628303094,-0.0748771333726252,0.5689253666666669,-0.01632215294281749,0,0,0,0,0,0,0,0
2.9634410935738402,0.07752673176758738,0.536,-0.041591196075024865,0.12031974029541016,0.09221546936035156,3,0,1,-0.05605997557405787,0.036558906426159776,-0.07752673176758738,0.46399999999999997,-0.014468779499033003,-0.025658346725237927,-0.07049924586301225,0.6335823923076919,-0.020107535543937825,0,0,0,0,0,0,0,0
2.972321576868784,0.08414009601662864,0.497,-0.04009021291830974,0.12896737670898437,0.10465332794189453,3,0,1,-0.05605997557405787,0.027678423131216157,-0.08414009601662864,0.503,-0.015969762655748128,-0.03332965779962544,-0.07824698460042162,0.6357442000000002,-0.022897377225202548,0,0,0,0,0,0,0,0
2.9813475210399414,0.09071541488592333,0.457,-0.03923500158483253,0.1313273468017578,0.10397686004638672,3,0,1,-0.05605997557405787,0.018652478960058616,-0.09071541488592333,0.5429999999999999,-0.01682497398922534,-0.0378771877294254,-0.08085320854539745,0.6734492121212117,-0.02071229823230358,0,0,0,0,0,0,0,0
2.9872862518442322,0.09503487572751008,0.412,-0.03907792195215303,0.086470947265625,0.06823624420166016,3,0,1,-0.05605997557405787,0.012713748155767757,-0.09503487572751008,0.5880000000000001,-0.016982053621904837,-0.02446657602137381,-0.07111277850390163,0.7398451636363645,-0.017696051952266183,0,0,0,0,0,0,0,0
2.989026095245269,0.08920058722580863,0.373,-0.037821284890717115,0.029496734619140624,-0.0864279327392578,3,0,1,-0.05605997557405787,0.010973904754731034,-0.08920058722580863,0.627,-0.018238690683340754,-0.0033509736055747736,-0.013440225649508288,0.7497028499999996,-0.024129176908821614,0,0,0,0,0,0,0,0
2.9912787466529913,0.08117840814664642,0.329,-0.03665191429188094,0.038315658569335935,-0.11896896362304688,3,0,1,-0.05605997557405787,0.008721253347008684,-0.08117840814664642,0.671,-0.019408061282176932,-0.007086523321538087,0.0018081815688941946,0.8129061769230772,-0.02480515635372852,0,0,0,0,0,0,0,0
2.994666990639593,0.06991383380716851,0.293,-0.03715805977495928,0.056981163024902345,-0.16699276733398438,3,0,1,-0.05605997557405787,0.005333009360406926,-0.06991383380716851,0.7070000000000001,-0.01890191579909859,-0.014086848549785664,0.022176005191160586,0.7948848176470591,-0.016668921020811793,0,0,0,0,0,0,0,0
2.999858459094258,0.05681991821396834,0.259,-0.03906046865963307,0.08511476135253906,-0.1933802490234375,3,0,1,-0.05605997557405787,0.0001415409057421435,-0.05681991821396834,0.741,-0.016999506914424797,-0.027633844194877362,0.04231452239310432,0.8274705999999995,-0.00808196526751639,0,0,0,0,0,0,0,0
3.0063173887496073,0.04297988875110313,0.218,-0.04033455901358894,0.10491695404052734,-0.2036587219238281,3,0,1,-0.05605997557405787,-0.0063173887496073,-0.04297988875110313,0.782,-0.015725416560468927,-0.03672853507513796,0.050992915134054184,0.8969185424242427,-0.009934096769760427,0,0,0,0,0,0,0,0
3.0133521489300237,0.026391271613740268,0.192,-0.04057890510886818,0.11546927642822266,-0.2443718719482422,3,0,1,-0.05605997557405787,-0.013352148930023677,-0.026391271613740268,0.808,-0.015481070465189692,-0.04508442833402611,0.07803548566167293,0.8498291444444447,-0.014317517630526667,0,0,0,0,0,0,0,0
3.020627671258135,0.002831194799222274,0.173,-0.04036946559862884,0.12337969207763672,-0.3486829528808594,3,0,1,-0.05605997557405787,-0.020627671258135027,-0.002831194799222274,0.827,-0.015690509975429028,-0.04882948594114748,0.12451665177402588,0.8282678923076917,-0.016657153868841347,0,0,0,0,0,0,0,0
3.0309447963978973,-0.01833460712216635,0.142,-0.04087561108170718,0.167444091796875,-0.31098260498046876,3,0,1,-0.05605997557405787,-0.030944796397897267,0.01833460712216635,0.858,-0.015184364492350687,-0.07038602392219202,0.12221922080480682,0.9232602769230771,-0.012848308416604498,0,0,0,0,0,0,0,0
3.040300984551534,-0.03792968876144512,0.134,-0.039339721339952186,0.15223666381835937,-0.28794570922851564,3,0,1,-0.05605997557405787,-0.04030098455153386,0.03792968876144512,0.866,-0.016720254234105683,-0.0699160375598307,0.12358369132616502,0.8114431230769232,-0.023808976119128744,0,0,0,0,0,0,0,0
3.048479833697496,-0.05552671549556613,0.083,-0.03909537524467298,0.13296907043457032,-0.2589261169433594,3,0,1,-0.05605997557405787,-0.04847983369749587,0.05552671549556613,0.917,-0.01696460032938489,-0.06638380030746426,0.1188321960564803,1.0817280104477613,-0.01805868732317239,0,0,0,0,0,0,0,0
3.0546874277534304,-0.07048639432666091,0.032,-0.04448844263333544,0.10181333923339844,-0.22058432006835937,3,0,1,-0.05605997557405787,-0.054687427753430384,0.07048639432666091,0.968,-0.011571532940722426,-0.06074504592308258,0.11624312385041871,1.1412115499999997,0.013708470443632874,0,0,0,0,0,0,0,0
3.058117956444786,-0.08023935692964002,0.093,-0.048607419668042065,0.05791328048706055,-0.1438611602783203,3,0,1,-0.05605997557405787,-0.05811795644478579,0.08023935692964002,0.907,-0.007452555906015804,-0.0470223845158943,0.09187696960394269,0.4909392615384619,0.011558107331091683,0,0,0,0,0,0,0,0
3.060303880440003,-0.08620601516310811,0,-0.055850536063818554,0.03709877777099609,-0.08780101013183594,3,0,1,-0.05605997557405787,-0.0603038804400029,0.08620601516310811,1,-0.00020943951023931484,-0.04127509069251386,0.07404261163301115,1.393582618181818,0.032713816834199265,0,0,0,0,0,0,0,0
