0,0,0.695,0,-0.0037763018608093263,-0.015407952308654785,0,0,0.5,0,0,0,-0.19499999999999995,0,0,0,-0.15599999999999997,0,0,0,0,0,0,0,0,0
-0.000010592373212178548,-0.0005757073720296223,0.693,-0.00008726646259971103,-0.00015888559818267822,-0.008635610580444335,0,0,0.5,0,0.000010592373212178548,0.0005757073720296223,-0.19299999999999995,0.00008726646259971103,0.00006147485369759858,0.0033412272924313777,-0.14506773939393935,0.00048393220168930665,0,0,0,0,0,0,0,0
0.00007799343114344692,-0.00032783852109934683,0.689,-0.0013439035240356278,0.0013284626007080077,0.003718148708343506,0,0,0.5,0,-0.00007799343114344692,0.00032783852109934683,-0.18899999999999995,0.0013439035240356278,-0.000523493257971162,-0.0011910237344562274,-0.13180839999999994,0.007234389749516488,0,0,0,0,0,0,0,0
0.00010777438751773852,0.0008452314429163289,0.686,-0.0023212879051524304,0.00042306655645370483,0.017596633911132812,0,0,0.5,0,-0.00010777438751773852,-0.0008452314429163289,-0.18600000000000005,0.0023212879051524304,-0.00021686369936839954,-0.006837793251773314,-0.13606755000000065,0.006902777191637443,0,0,0,0,0,0,0,0
0.0017544344974547025,0.0003367305674161372,0.678,-0.0024085543677521415,0.024717540740966798,-0.007570157051086426,0,0,0.5,0,-0.0017544344974547025,-0.0003367305674161372,-0.17800000000000005,0.0024085543677521415,-0.009745100892787356,0.002569546314127412,-0.10415387692307694,0.0028113226566738848,0,0,0,0,0,0,0,0
0.006754051263519631,-0.001733203906004528,0.67,-0.002478367537831927,0.07506881713867188,-0.03086829948425293,0,0,0.5,0,-0.006754051263519631,0.001733203906004528,-0.17000000000000004,0.002478367537831927,-0.02989585480243539,0.011844501065943844,-0.0995285575757576,0.002795700129103679,0,0,0,0,0,0,0,0
0.013637136106061385,-0.003523418453890576,0.663,-0.002426007660272095,0.10331250762939453,-0.026597253799438475,0,0,0.5,0,-0.013637136106061385,0.003523418453890576,-0.16300000000000003,0.002426007660272095,-0.04389590668495781,0.011404590120354524,-0.09971999230769232,0.002184346686919023,0,0,0,0,0,0,0,0
0.024981928464969754,-0.006236842977455238,0.655,-0.00308923277602996,0.17027012634277344,-0.04028841018676758,0,0,0.5,0,-0.024981928464969754,0.006236842977455238,-0.15500000000000003,0.00308923277602996,-0.073609120052196,0.01773648696834166,-0.08894287692307691,0.00615027177183549,0,0,0,0,0,0,0,0
0.04145270254808971,-0.009648127123985804,0.647,-0.0026354471705114513,0.247218505859375,-0.05040578842163086,0,0,0.5,0,-0.04145270254808971,0.009648127123985804,-0.14700000000000002,0.0026354471705114513,-0.10947289140385921,0.023206105986361636,-0.08349837692307692,0.000541052068118335,0,0,0,0,0,0,0,0
0.05933522164570273,-0.013033820626657887,0.638,-0.002740166925631088,0.26837069702148436,-0.05007830047607422,0,0,0.5,0,-0.05933522164570273,0.013033820626657887,-0.138,0.002740166925631088,-0.12605442277092888,0.0247696289464824,-0.07181076153846151,0.0032234888723371028,0,0,0,0,0,0,0,0
0.08080782490952755,-0.016442279969956917,0.631,-0.0033510321638291207,0.3222279357910156,-0.05024412155151367,0,0,0.5,0,-0.08080782490952755,0.016442279969956917,-0.131,0.0033510321638291207,-0.15617447192248066,0.02660713139579595,-0.07783149230769229,0.00617041018628158,0,0,0,0,0,0,0,0
0.10491799895931221,-0.02094219237588754,0.621,-0.0035779249665884028,0.3618767700195312,-0.06628639984130859,0,0,0.5,0,-0.10491799895931221,0.02094219237588754,-0.121,0.0035779249665884028,-0.18250005987878798,0.03474775497643725,-0.054464146153846114,0.004625122517785089,0,0,0,0,0,0,0,0
0.13086179185761526,-0.02562799501122713,0.612,-0.003961897402027098,0.3894058837890625,-0.06889421844482421,0,0,0.5,0,-0.13086179185761526,0.02562799501122713,-0.11199999999999999,0.003961897402027098,-0.20543034875389982,0.038108261879989544,-0.05337676153846149,0.005734077873282614,0,0,0,0,0,0,0,0
0.1576661007876202,-0.030968838996861887,0.606,-0.00427605666738609,0.40237887573242187,-0.07851909637451172,0,0,0.5,0,-0.1576661007876202,0.030968838996861887,-0.10599999999999998,0.00427605666738609,-0.22356853404742438,0.044325959350513464,-0.06541960769230766,0.005726022507504516,0,0,0,0,0,0,0,0
0.18438031565807078,-0.03586623259466192,0.6,-0.005009094953223713,0.401023681640625,-0.07174676513671875,0,0,0.5,0,-0.18438031565807078,0.03586623259466192,-0.09999999999999998,0.005009094953223713,-0.23656036682868864,0.04441015941995151,-0.06126960769230766,0.008392348580166588,0,0,0,0,0,0,0,0
0.210581444059461,-0.03999486207109594,0.593,-0.004380776422505755,0.39332220458984374,-0.05996001434326172,0,0,0.5,0,-0.210581444059461,0.03999486207109594,-0.09299999999999997,0.004380776422505755,-0.24489952028927392,0.04202453707941822,-0.051469887878787826,0.0015247831010604894,0,0,0,0,0,0,0,0
0.2327200979479481,-0.04402566534763986,0.593,-0.0056025068989017926,0.3323414916992187,-0.05900670623779297,0,0,0.5,0,-0.2327200979479481,0.04402566534763986,-0.09299999999999997,0.0056025068989017926,-0.2382431736627077,0.0442173233385985,-0.08918629999999998,0.01132936850700822,0,0,0,0,0,0,0,0
0.2533343871100112,-0.04649526420901304,0.589,-0.005113814708343377,0.30941702270507815,-0.03531103515625,0,0,0.5,0,-0.2533343871100112,0.04649526420901304,-0.08899999999999997,0.005113814708343377,-0.23864424070765222,0.036736729295200034,-0.06502633846153841,0.0028583122903814615,0,0,0,0,0,0,0,0
0.2631899074522132,-0.04823941664497883,0.587,-0.004572762640225102,0.14796466064453126,-0.02540595817565918,0,0,0.5,0,-0.2631899074522132,0.04823941664497883,-0.08699999999999997,0.004572762640225102,-0.1850098106795452,0.033592096726420675,-0.07493293939393936,0.0021134350578693064,0,0,0,0,0,0,0,0
0.2696744262793403,-0.04914922373714643,0.582,-0.0037524578917877962,0.09732917022705079,-0.01320218276977539,0,0,0.5,0,-0.2696744262793403,0.04914922373714643,-0.08199999999999996,0.0037524578917877962,-0.17055353202844975,0.029654880118816986,-0.055565048484848445,0.00002379994434549646,0,0,0,0,0,0,0,0
0.2708581561659693,-0.04921780685113773,0.58,-0.002426007660272094,0.01775968360900879,-0.0009621111750602722,0,0,0.5,0,-0.2708581561659693,0.04921780685113773,-0.07999999999999996,0.002426007660272094,-0.1434046691683875,0.025271000397160587,-0.07005469999999997,-0.0037917277999577606,0,0,0,0,0,0,0,0
0.26867125438933287,-0.049444170697354115,0.579,-0.0019373154697136788,-0.03279519271850586,-0.003475029230117798,0,0,0.5,0,-0.26867125438933287,0.049444170697354115,-0.07899999999999996,0.0019373154697136788,-0.12423670682680062,0.02626013937543958,-0.07532108461538457,-0.0003181869482482371,0,0,0,0,0,0,0,0
0.26367645160314124,-0.04758706257855785,0.573,-0.0024085543677521406,-0.07497586822509765,0.027711421966552734,0,0,0.5,0,-0.26367645160314124,0.04758706257855785,-0.07299999999999995,0.0024085543677521406,-0.1067912281527189,0.014143821710495552,-0.04407250769230764,0.0045835031279296565,0,0,0,0,0,0,0,0
0.25640515738823877,-0.04567522306392317,0.566,-0.0038048177693476557,-0.10913816833496094,0.028414810180664062,0,0,0.5,0,-0.25640515738823877,0.04567522306392317,-0.06599999999999995,0.0038048177693476557,-0.09166000681091442,0.0130793176671265,-0.0340945878787878,0.010151469594781816,0,0,0,0,0,0,0,0
0.24742668245158383,-0.04345189026789331,0.562,-0.007225663103256507,-0.13480303955078124,0.032837329864501955,0,0,0.5,0,-0.24742668245158383,0.04345189026789331,-0.062000000000000055,0.007225663103256507,-0.07678798117340102,0.009975152131233135,-0.04653760000000064,0.023260875605954245,0,0,0,0,0,0,0,0
0.2342073884202686,-0.04143002302887743,0.554,-0.00855211333477221,-0.19850337219238282,0.02889445686340332,0,0,0.5,0,-0.2342073884202686,0.04143002302887743,-0.05400000000000005,0.00855211333477221,-0.04825078975527382,0.010263021814127533,-0.019286676923076937,0.014674191326383146,0,0,0,0,0,0,0,0
0.22107941241955664,-0.03887709182952085,0.553,-0.00938987137572947,-0.19723992919921876,0.0366085090637207,0,0,0.5,0,-0.22107941241955664,0.03887709182952085,-0.05300000000000005,0.00938987137572947,-0.043395473632659165,0.006360921024172019,-0.05661036969696973,0.013197862470989738,0,0,0,0,0,0,0,0
0.2055023153963102,-0.03757785279327125,0.543,-0.010245082709206682,-0.2338291473388672,0.017293754577636718,0,0,0.5,0,-0.2055023153963102,0.03757785279327125,-0.04300000000000004,0.010245082709206682,-0.0201692518062406,0.012168409364084351,0.0004989000000000035,0.014253885834881116,0,0,0,0,0,0,0,0
0.19122482994052395,-0.03748736880851731,0.544,-0.00965167076352863,-0.2141649475097656,-0.0008368833661079407,0,0,0.5,0,-0.19122482994052395,0.03748736880851731,-0.04400000000000004,0.00965167076352863,-0.02146328672483877,0.018765526184555553,-0.060659215384615425,0.0069128463988607,0,0,0,0,0,0,0,0
0.17551603637504887,-0.03836819888682755,0.545,-0.009232791743049973,-0.235493408203125,-0.015486042022705078,0,0,0.5,0,-0.17551603637504887,0.03836819888682755,-0.04500000000000004,0.009232791743049973,-0.006015931698189744,0.02446103320025577,-0.06175171538461542,0.0072995039562254,0,0,0,0,0,0,0,0
0.1594469720932635,-0.04038004582851863,0.547,-0.011414453308042914,-0.2407470703125,-0.03240182113647461,0,0,0.5,0,-0.1594469720932635,0.04038004582851863,-0.04700000000000004,0.011414453308042914,0.0038548791525130632,0.03158329450370978,-0.06904183076923082,0.021483660531087256,0,0,0,0,0,0,0,0
0.1434244737415211,-0.04231939577445081,0.55,-0.012391837689159716,-0.23998977661132812,-0.03183161544799805,0,0,0.5,0,-0.1434244737415211,0.04231939577445081,-0.050000000000000044,0.012391837689159716,0.011522162797144034,0.03219010864522747,-0.0771514461538462,0.016902842525083422,0,0,0,0,0,0,0,0
0.12868035735070732,-0.044146314432897654,0.551,-0.012583823906879118,-0.22080519104003907,-0.030142206192016602,0,0,0.5,0,-0.12868035735070732,0.044146314432897654,-0.051000000000000045,0.012583823906879118,0.009554517562460924,0.0322340973822865,-0.06736318059701497,0.013443463687712258,0,0,0,0,0,0,0,0
0.11390719725226846,-0.044800107667636375,0.54,-0.013072516097437504,-0.22145645141601564,-0.01259459114074707,0,0,0.5,0,-0.11390719725226846,0.044800107667636375,-0.040000000000000036,0.013072516097437504,0.021920944201303312,0.026677797772738817,0.0075198111111111285,0.01539962176676315,0,0,0,0,0,0,0,0
0.09894948155067743,-0.044681938184322714,0.542,-0.01438151303643328,-0.22436973571777344,-0.0011605503559112549,0,0,0.5,0,-0.09894948155067743,0.044681938184322714,-0.04200000000000004,0.01438151303643328,0.02424764732836924,0.022408686829848493,-0.06577101764705887,0.020156499532002884,1426000003356,0,0,0,0,0,0,0
0.08415544596831219,-0.04295752713637277,0.548,-0.01551597705022958,-0.2222595672607422,0.022672191619873047,0,0,0.5,0,-0.08415544596831219,0.04295752713637277,-0.04800000000000004,0.01551597705022958,0.038118963158556084,0.012446761757967943,-0.09444546774193555,0.021005319052469735,1426000003356,0,0,0,0,0,0,0
0.06901701724856178,-0.04007097280656477,0.553,-0.016475908138826458,-0.22772088623046874,0.03976993179321289,0,0,0.5,0,-0.06901701724856178,0.04007097280656477,-0.05300000000000005,0.016475908138826458,0.04364321564326802,0.005221124369067529,-0.09184207692307698,0.020906359316965897,1426000003356,0,0,0,0,0,0,0
0.05496017744027567,-0.03654241011388707,0.559,-0.01813397092822108,-0.21169598388671876,0.049447425842285155,0,0,0.5,0,-0.05496017744027567,0.03654241011388707,-0.05900000000000005,0.01813397092822108,0.040421907463447024,0.0011265357263863102,-0.10056088260869572,0.02534293957776291,1426000003356,0,0,0,0,0,0,0
0.041682855170586515,-0.03246755482448642,0.569,-0.01991420676525529,-0.20023542785644532,0.05750141906738281,0,0,0.5,0,-0.041682855170586515,0.03246755482448642,-0.06899999999999995,0.01991420676525529,0.05191368871999809,-0.00637289753200386,-0.13592404918032724,0.02866946498017764,1426000003356,0,0,0,0,0,0,0
0.029616831022702322,-0.027312068427147538,0.578,-0.021258110289290918,-0.182494384765625,0.07371292114257813,0,0,0.5,-0.01991420676525529,-0.029616831022702322,0.027312068427147538,-0.07799999999999996,0.0013439035240356278,-0.014808415511351161,0.013656034213573769,-0.06239999999999997,0.0013439035240356278,1426000003356,0,0,0,0,0,0,0
0.017987694460763936,-0.021315438225065597,0.587,-0.025743606466916365,-0.17630964660644532,0.08622120666503906,0,0,0.5,-0.01991420676525529,-0.017987694460763936,0.021315438225065597,-0.08699999999999997,0.0058293997016610755,0.05361288840942523,-0.02161797309460059,-0.11862703846153848,0.026531689752240063,1426000003745,0,0,0,0,0,0,0
0.011091047745635298,-0.01613978160330639,0.595,-0.028605946440187043,-0.10541380310058594,0.07494625091552734,0,0,0.5,-0.01991420676525529,-0.011091047745635298,0.01613978160330639,-0.09499999999999997,0.008691739674931753,0.03215172257858538,-0.020210296853520056,-0.12092350000000002,0.022108958299638055,1426000003809,0,0,0,0,0,0,0
0.005387538888987027,-0.010811661505368487,0.601,-0.03003711642682241,-0.08780355834960937,0.07744212341308594,0,0,0.5,-0.01991420676525529,-0.005387538888987027,0.010811661505368487,-0.10099999999999998,0.01012290966156712,0.02799513991907032,-0.02325283462269972,-0.11493769230769231,0.016728309599884195,0,0,0,0,0,0,0,0
0.0015987866250758295,-0.00611633545848854,0.606,-0.031991885189056046,-0.05892084121704102,0.06869132995605469,0,0,0.5,-0.01991420676525529,-0.0015987866250758295,0.00611633545848854,-0.10599999999999998,0.012077678423800756,0.019578249032673845,-0.02218916944547191,-0.11424207692307692,0.021099688095648307,0,0,0,0,0,0,0,0
0.0000989764190104705,-0.0019683219323880933,0.609,-0.03342305517569141,-0.02447584342956543,0.061468761444091795,0,0,0.5,-0.01991420676525529,-0.0000989764190104705,0.0019683219323880933,-0.10899999999999999,0.013508848410436123,0.008003017181864266,-0.02131482937968416,-0.10658134615384615,0.0201142483487532,0,0,0,0,0,0,0,0
-0.00022365473599599437,0.0017827860253500573,0.609,-0.03515093113516579,-0.006717016696929931,0.056073474884033206,0,0,0.5,-0.01991420676525529,0.00022365473599599437,-0.0017827860253500573,-0.10899999999999999,0.015236724369910502,0.0018258217061672354,-0.02105435833982658,-0.091136,0.023211536490561478,0,0,0,0,0,0,0,0
0.0018759761816057705,0.0035029257040212107,0.608,-0.036302848441482044,0.030568227767944336,0.026892988204956055,0,0,0.5,-0.01991420676525529,-0.0018759761816057705,-0.0035029257040212107,-0.10799999999999998,0.016388641676226754,-0.01226816275888831,-0.010980722039739786,-0.0856533846153846,0.02170518308999407,0,0,0,0,0,0,0,0
0.005322984818564221,0.002988075216861361,0.612,-0.036651914291880916,0.05195135879516601,-0.0058410377502441406,0,0,0.5,-0.01991420676525529,-0.005322984818564221,-0.002988075216861361,-0.11199999999999999,0.016737707526625626,-0.0212502378140356,0.001309323386346888,-0.11650446153846156,0.018348780682312726,0,0,0,0,0,0,0,0
0.010214654128362505,0.000902794654548371,0.61,-0.037489672332838175,0.07447194671630859,-0.028569467544555666,0,0,0.5,-0.01991420676525529,-0.010214654128362505,-0.000902794654548371,-0.10999999999999999,0.017575465567582885,-0.031082668985454507,0.010637401981359585,-0.08348593939393938,0.021383456662843154,0,0,0,0,0,0,0,0
0.016796168808546584,-0.0035329892823901376,0.606,-0.037402405870238464,0.10114720916748046,-0.06278979110717774,0,0,0.5,-0.01991420676525529,-0.016796168808546584,0.0035329892823901376,-0.10599999999999998,0.017488199104983174,-0.04388259845399967,0.025684274810265424,-0.07004253846153843,0.017085430816061432,0,0,0,0,0,0,0,0
0.022373704409770875,-0.010562333684509862,0.602,-0.03803072440095642,0.08754731750488282,-0.10223795318603515,0,0,0.5,-0.01991420676525529,-0.022373704409770875,0.010562333684509862,-0.10199999999999998,0.018116517635701133,-0.040383811441970716,0.04204148917719372,-0.06816887761194027,0.020929884191154678,0,0,0,0,0,0,0,0
0.02928122395601739,-0.01961331631387654,0.601,-0.038816122564353885,0.10869985961914062,-0.13172705078125,0,0,0.5,-0.01991420676525529,-0.02928122395601739,0.01961331631387654,-0.10099999999999998,0.018901915799098595,-0.0524954287105659,0.059356638436698264,-0.08344204999999998,0.022583469690024196,0,0,0,0,0,0,0,0
0.03622394544644694,-0.03010286172603218,0.595,-0.03925245487735243,0.11016829681396484,-0.15318333435058593,0,0,0.5,-0.01991420676525529,-0.03622394544644694,0.03010286172603218,-0.09499999999999997,0.019338248112097143,-0.0561824834131174,0.07248781719265787,-0.051906299999999954,0.02138355582927784,1426000004525,0,0,0,0,0,0,0
0.04216644524079332,-0.04170042705778524,0.59,-0.03904301536711316,0.09589557647705078,-0.17033151245117187,0,0,0.5,-0.01991420676525529,-0.04216644524079332,0.04170042705778524,-0.08999999999999997,0.01912880860185787,-0.05321120916462175,0.08339743237283535,-0.05438072307692304,0.018162164708445838,1426000004525,0,0,0,0,0,0,0
0.048153117125727916,-0.05451291049495426,0.586,-0.038851029149393784,0.09723330688476563,-0.1885356140136719,0,0,0.5,-0.01991420676525529,-0.048153117125727916,0.05451291049495426,-0.08599999999999997,0.018936822384138494,-0.05647369435177273,0.09638097420471217,-0.05712433846153842,0.018050732148510606,1426000004525,0,0,0,0,0,0,0
0.055309598411908995,-0.06770769240114505,0.582,-0.03773401842811741,0.11495374298095704,-0.19360287475585938,0,0,0.5,-0.01991420676525529,-0.055309598411908995,0.06770769240114505,-0.08199999999999996,0.01781981166286212,-0.06638685993285051,0.10508090537567778,-0.05445733846153842,0.012664377564663473,1426000004525,0,0,0,0,0,0,0
0.061265764433380866,-0.08250143234700848,0.577,-0.03735004599267866,0.09765031433105469,-0.218377685546875,0,0,0.5,-0.01991420676525529,-0.061265764433380866,0.08250143234700848,-0.07699999999999996,0.01743583922742337,-0.06294152964972627,0.12114117533941084,-0.04557322307692302,0.015663658756167598,1426000004525,0,0,0,0,0,0,0
0.06664256342920151,-0.09658674399337816,0.572,-0.0397586003604308,0.08848520660400391,-0.20812066650390626,0,0,0.5,-0.01991420676525529,-0.06664256342920151,0.09658674399337816,-0.07199999999999995,0.01984439359517551,-0.06255357821420511,0.12443199862584042,-0.042041223076923026,0.030960798369416162,1426000004850,0,0,0,0,0,0,0
0.06969825243765289,-0.10882923541110473,0.568,-0.0425685804561417,0.05309835433959961,-0.18167037963867189,0,0,0.5,-0.01991420676525529,-0.06969825243765289,0.10882923541110473,-0.06799999999999995,0.022654373690886413,-0.051379840380613544,0.11970338881472302,-0.04500097878787873,0.03542701048957232,0,0,0,0,0,0,0,0
0.07189195663510276,-0.11941249469344117,0.567,-0.046635197613288465,0.03963142776489258,-0.1572047576904297,0,0,0.5,-0.01991420676525529,-0.07189195663510276,0.11941249469344117,-0.06699999999999995,0.026720990848033175,-0.04795300959722478,0.11627487240865339,-0.06055226969696964,0.04520561428960937,0,0,0,0,0,0,0,0
0.07340416339107052,-0.12754434851374902,0.562,-0.05024802916491675,0.028344837188720703,-0.12078774261474609,0,0,0.5,-0.01991420676525529,-0.07340416339107052,0.12754434851374902,-0.062000000000000055,0.030333822399661457,-0.04552322640744897,0.10947477324769098,-0.034468122222222855,0.04753778216931994,0,0,0,0,0,0,0,0
0.07234174875243879,-0.1333109416284801,0.56,-0.05415756668938407,-0.011571535110473633,-0.08719014739990234,0,0,0.5,-0.01991420676525529,-0.07234174875243879,0.1333109416284801,-0.06000000000000005,0.034243359924128774,-0.031004598974997324,0.09784950739081918,-0.050435839393939426,0.05201398503534385,0,0,0,0,0,0,0,0
0.0702751980739961,-0.13653778912702405,0.557,-0.05750859885321316,-0.028332719802856444,-0.050009716033935545,0,0,0.5,-0.01991420676525529,-0.0702751980739961,0.13653778912702405,-0.05700000000000005,0.03759439208795787,-0.024348867762856913,0.08661671955012998,-0.042600450000000026,0.053302355355906744,0,0,0,0,0,0,0,0
0.0674707230830668,-0.1380055659778588,0.554,-0.05956808737056643,-0.04073213195800781,-0.024398143768310548,0,0,0.5,-0.01991420676525529,-0.0674707230830668,0.1380055659778588,-0.05400000000000005,0.03965388060531114,-0.019420394106371853,0.07757853450949345,-0.04105400909090912,0.049015192047826,0,0,0,0,0,0,0,0
0.06500639284439996,-0.13747797097934902,0.551,-0.061784655520599224,-0.037370529174804684,0.005699258804321289,0,0,0.5,-0.01991420676525529,-0.06500639284439996,0.13747797097934902,-0.051000000000000045,0.04187044875534393,-0.019625242946738286,0.06673377264550207,-0.038483250000000024,0.05226061195862265,0,0,0,0,0,0,0,0
0.06286615275184189,-0.1356996905705518,0.548,-0.0634950781875537,-0.03368935394287109,0.024641061782836916,0,0,0.5,-0.01991420676525529,-0.06286615275184189,0.1356996905705518,-0.04800000000000004,0.04358087142229841,-0.020723662487388887,0.059389204489843576,-0.03689720909090912,0.05135551990845514,0,0,0,0,0,0,0,0
0.06081048037225679,-0.1322515839524763,0.546,-0.06527531402458794,-0.0340548095703125,0.049660812377929686,0,0,0.5,-0.01991420676525529,-0.06081048037225679,0.1322515839524763,-0.04600000000000004,0.04536110725933265,-0.019842544745774404,0.048323234022071664,-0.04056320000000003,0.053705962745430644,0,0,0,0,0,0,0,0
0.05862175884781887,-0.12561332632580285,0.545,-0.06726498937186146,-0.039256004333496096,0.09722028350830078,0,0,0.5,-0.01991420676525529,-0.05862175884781887,0.12561332632580285,-0.04500000000000004,0.04735078260660616,-0.018421976101262047,0.028740961718139155,-0.045694669696969725,0.0563947614578494,0,0,0,0,0,0,0,0
0.05647846233409792,-0.11792214234350681,0.545,-0.06766641509982016,-0.039831104278564455,0.11294596099853516,0,0,0.5,-0.01991420676525529,-0.05647846233409792,0.11792214234350681,-0.04500000000000004,0.047752208334564866,-0.017453068032333405,0.018760832876107025,-0.051290200000000036,0.04960494246360504,0,0,0,0,0,0,0,0
0.055183984475061024,-0.10651369321436208,0.545,-0.0683645468006179,-0.030943429946899415,0.16942222595214843,2,0,0.5,0,1.944816015524939,0.10651369321436208,-0.04500000000000004,0.0683645468006179,0.9724080077624695,0.05325684660718104,-0.03600000000000003,0.0683645468006179,0,0,0,0,0,0,0,0
0.05487747000282636,-0.09679087617171223,0.544,-0.06848671984825747,-0.014549652099609374,0.1451875,2,0,0.5,0,1.9451225299971737,0.09679087617171223,-0.04400000000000004,0.06848671984825747,0.9754760571858875,-0.003895278074285309,-0.03010138461538464,0.06905059545274775,0,0,0,0,0,0,0,0
0.05483582144448895,-0.0849034567036871,0.544,-0.06654940437854376,-0.012825675010681152,0.17785052490234374,2,0,0.5,0,1.945164178555511,0.0849034567036871,-0.04400000000000004,0.06654940437854376,0.9753350371062843,-0.021439352082691973,-0.03577200000000003,0.057607948364480493,0,0,0,0,0,0,0,0
0.05627814412083577,-0.07341359222441035,0.543,-0.06595599243286568,0.01012575912475586,0.1734051818847656,2,0,0.5,0,1.9437218558791642,0.07341359222441035,-0.04300000000000004,0.06595599243286568,0.9681573864999783,-0.023147595580260243,-0.030036219402985107,0.06329892401938174,0,0,0,0,0,0,0,0
0.0614246331390841,-0.06205457107082958,0.542,-0.0672126294943016,0.06579969787597656,0.175102783203125,2,0,0.5,0,1.9385753668609158,0.06205457107082958,-0.04200000000000004,0.0672126294943016,0.9457483602586428,-0.03187200473709994,-0.029169144444444472,0.07319661550113929,0,0,0,0,0,0,0,0
0.07398260433983984,-0.050155529439830884,0.539,-0.06745697558958084,0.175956787109375,0.19073390197753906,2,0,0.5,0,1.92601739566016,0.050155529439830884,-0.039000000000000035,0.06745697558958084,0.9037500698767928,-0.0368414209716728,-0.016914358208955243,0.06855106258336853,0,0,0,0,0,0,0,0
0.09142393129919123,-0.03842344087812427,0.538,-0.06480407512654944,0.2491627197265625,0.19321578979492188,2,0,0.5,0,1.9085760687008089,0.03842344087812427,-0.038000000000000034,0.06480407512654944,0.8649368905286146,-0.04570235557278493,-0.02646984444444447,0.052171215778780845,0,0,0,0,0,0,0,0
0.1166250831819231,-0.026765662596791494,0.54,-0.05984734005088559,0.365899658203125,0.1989795379638672,2,0,0.5,0,1.883374916818077,0.026765662596791494,-0.040000000000000036,0.05984734005088559,0.8168331308122361,-0.04815686108079471,-0.04449546060606064,0.037316726070595385,0,0,0,0,0,0,0,0
0.14869912421474535,-0.015665707246430426,0.537,-0.05682792044493539,0.47029067993164064,0.19497724914550782,2,0,0.5,0,1.8513008757852547,0.015665707246430426,-0.03700000000000003,0.05682792044493539,0.7629355531783627,-0.05164409490244688,-0.015576053846153869,0.04289213764824215,0,0,0,0,0,0,0,0
0.18918386835671538,-0.006027398009632468,0.538,-0.054628805587422495,0.5980794067382813,0.1788326416015625,2,0,0.5,0,1.8108161316432847,0.006027398009632468,-0.038000000000000034,0.054628805587422495,0.6951575336973504,-0.04939990527676047,-0.038241850000000036,0.044320454692830795,0,0,0,0,0,0,0,0
0.23777764228445608,0.003070845917037504,0.532,-0.05230751768227004,0.7203675537109375,0.17606956481933594,2,0,0.5,0,1.7622223577155438,-0.003070845917037504,-0.03200000000000003,0.05230751768227004,0.6357304023385569,-0.049489813607154154,0.0036338818181818125,0.04175620902248614,0,0,0,0,0,0,0,0
0.29246777689273024,0.010280408157773546,0.525,-0.04960225734167883,0.8135758666992188,0.15088653564453125,2,0,0.5,0,1.7075322231072698,-0.010280408157773546,-0.025000000000000022,0.04960225734167883,0.5727041464584551,-0.0436737335031419,0.014945507692307698,0.03711644038510402,0,0,0,0,0,0,0,0
0.3494442565744042,0.017119442939829844,0.52,-0.047630035286925276,0.8485096435546875,0.1448343963623047,2,0,0.5,0,1.6505557434255957,-0.017119442939829844,-0.020000000000000018,0.047630035286925276,0.532977678994075,-0.04510923067765156,0.008046276923076925,0.0385274719572935,0,0,0,0,0,0,0,0
0.4125843430075574,0.02405736394124222,0.517,-0.045204027626653154,0.941072265625,0.14904420471191407,2,0,0.5,0,1.5874156569924427,-0.02405736394124222,-0.017000000000000015,0.045204027626653154,0.46925080421581056,-0.04912629272299074,-0.00043345384615385216,0.034007069194627974,0,0,0,0,0,0,0,0
0.47812822218430245,0.029757113804506477,0.517,-0.04197516851046365,0.9782904052734375,0.12983648681640625,2,0,0.5,0,1.5218717778156976,-0.029757113804506477,-0.017000000000000015,0.04197516851046365,0.42452458189444575,-0.04532843441933669,-0.016697800000000016,0.02707274182035825,0,0,0,0,0,0,0,0
0.54564717086659,0.033642953831278306,0.517,-0.03652974124424136,1.0094462280273437,0.10073556518554687,2,0,0.5,0,1.45435282913341,-0.033642953831278306,-0.017000000000000015,0.03652974124424136,0.3753802229401606,-0.037852612767390915,-0.016806600000000015,0.011004300933824377,0,0,0,0,0,0,0,0
0.6154685374024788,0.035785155046787066,0.518,-0.031503192998497666,1.0454482421875,0.07036141967773438,2,0,0.5,0,1.3845314625975211,-0.035785155046787066,-0.018000000000000016,0.031503192998497666,0.3403627585049861,-0.029056801892099037,-0.023028430303030322,0.00865524642693542,0,0,0,0,0,0,0,0
0.6879095453361377,0.03661431561419527,0.516,-0.028640853025226988,1.0856842041015624,0.046657421112060546,2,0,0.5,0,1.3120904546638623,-0.03661431561419527,-0.016000000000000014,0.028640853025226988,0.28519297007586847,-0.022599734267503713,-0.005460169230769238,0.015430053148593092,0,0,0,0,0,0,0,0
0.7636193450740042,0.0366085592837953,0.515,-0.027611108766550325,1.1351837158203124,0.03243514251708984,2,0,0.5,0,1.2363806549259957,-0.0366085592837953,-0.015000000000000013,0.027611108766550325,0.23054053099459504,-0.018124945293024917,-0.010142284615384625,0.022858442957273423,0,0,0,0,0,0,0,0
0.8423690692470397,0.03638974409061007,0.512,-0.025656340004316668,1.18088623046875,0.029330387115478515,2,0,0.5,0,1.1576309307529602,-0.03638974409061007,-0.01200000000000001,0.025656340004316668,0.1819856841121555,-0.016910166952538035,0.0027029909090909073,0.016771027448709137,0,0,0,0,0,0,0,0
0.9239408942951172,0.035999887946201105,0.505,-0.024591689160600127,1.22332470703125,0.025543155670166014,2,0,0.5,0,1.076059105704883,-0.035999887946201105,-0.0050000000000000044,0.024591689160600127,0.12027847954667886,-0.015799797014751933,0.03005370769230771,0.019677916035754552,0,0,0,0,0,0,0,0
1.0078071617151192,0.03542400931569444,0.502,-0.023509585024363632,1.2578260498046876,0.022297512054443358,2,0,0.5,0,0.9921928382848808,-0.03542400931569444,-0.0020000000000000018,0.023509585024363632,0.09285426014504244,-0.014714402170820505,0.009964991304347831,0.018804784432031048,0,0,0,0,0,0,0,0
1.0931320347095115,0.03523986125411738,0.5,-0.02247984076568697,1.2795843505859374,0.027325056076049806,2,0,0.5,0,0.9068679652904885,-0.03523986125411738,0,0.02247984076568697,-0.021583878518517785,-0.016490398518995506,0.008014266666666674,0.017331119472303657,0,0,0,0,0,0,0,0
1.178938520307287,0.035172129181281826,0.499,-0.021711895894809468,1.286794921875,0.02791558074951172,2,0,0.5,0,0.8210614796927129,-0.035172129181281826,0.0010000000000000009,0.021711895894809468,-0.014451419537650334,-0.017200470573914165,0.002378180597014926,0.018273336771477373,0,0,0,0,0,0,0,0
1.2641086896848517,0.035043447042833624,0.498,-0.019844393595175546,1.2772933349609374,0.025806131362915038,2,0,0.5,0,0.7358913103151483,-0.035043447042833624,0.0020000000000000018,0.019844393595175546,-0.05996796987281283,-0.016830677161170014,0.0032705303030303046,0.01135574677865772,0,0,0,0,0,0,0,0
1.3476092555341592,0.034912740553740135,0.496,-0.017104226669544458,1.25230078125,0.022893428802490234,2,0,0.5,0,0.6523907444658408,-0.034912740553740135,0.0040000000000000036,0.017104226669544458,-0.09243371680172552,-0.016777631132572822,0.010199960606060612,0.004648922462130424,0,0,0,0,0,0,0,0
1.428386704946658,0.03467725138323275,0.495,-0.014713125594312242,1.211544921875,0.017191705703735353,2,0,0.5,0,0.5716132950533419,-0.03467725138323275,0.0050000000000000044,0.014713125594312242,-0.12460035868366753,-0.016107548622759326,0.005811015384615388,0.003677274477855862,0,0,0,0,0,0,0,0
1.5055121236289761,0.034132236107966375,0.496,-0.012915436464758104,1.1568763427734374,0.008846381187438964,2,0,0.5,0,0.49448787637102387,-0.034132236107966375,0.0040000000000000036,0.012915436464758104,-0.17042882766258188,-0.013996743434277502,-0.006086904918032793,0.004074342384983654,0,0,0,0,0,0,0,0
1.5784907504253607,0.03320831575606393,0.496,-0.00895353906273095,1.09476708984375,0.00028021979331970215,2,0,0.5,0,0.4215092495746393,-0.03320831575606393,0.0040000000000000036,0.00895353906273095,-0.1570831025655935,-0.011708549747853422,-0.0003232000000000005,-0.00933214125431745,0,0,0,0,0,0,0,0
1.646481909387476,0.031958295501148794,0.499,-0.005096361415823461,1.019994384765625,-0.00961825180053711,2,0,0.5,0,0.3535180906125239,-0.031958295501148794,0.0010000000000000009,0.005096361415823461,-0.16399329925707287,-0.009348389957787893,-0.018870546153846167,-0.012705996954518796,0,0,0,0,0,0,0,0
1.7094635602550765,0.03021256081425949,0.501,-0.0024783675378319634,0.944845947265625,-0.021371042251586914,2,0,0.5,0,0.2905364397449235,-0.03021256081425949,-0.0010000000000000009,0.0024783675378319634,-0.16317973316116466,-0.005968657254552432,-0.014929360606060618,-0.009421604634856664,0,0,0,0,0,0,0,0
1.7668092234887058,0.028321051281597454,0.508,-0.002059488517353306,0.8602526245117188,-0.02624070358276367,2,0,0.5,0,0.23319077651129416,-0.028321051281597454,-0.008000000000000007,0.002059488517353306,-0.1713188154041626,-0.00395451914992123,-0.04825575000000004,0.00009599310885959923,0,0,0,0,0,0,0,0
1.8184566708745489,0.025886448328816904,0.519,0.00020943951023926456,0.7747852783203125,-0.034923458099365236,2,0,0.5,0,0.18154332912545112,-0.025886448328816904,-0.019000000000000017,-0.00020943951023926456,-0.1532119075419143,-0.0003806792241912108,-0.07636448656716424,-0.010368818738265699,0,0,0,0,0,0,0,0
1.8645096410844415,0.023210994806365084,0.531,0.0007679448708774651,0.6907861328125,-0.040276481628417966,2,0,0.5,0,0.1354903589155585,-0.023210994806365084,-0.031000000000000028,-0.0007679448708774651,-0.15820376136825032,0.0028555038248014534,-0.09432520000000008,-0.0033859387488690304,0,0,0,0,0,0,0,0
1.9046419728175843,0.02058852797676249,0.557,0.0016929693744344911,0.60195458984375,-0.03979928207397461,2,0,0.5,0,0.0953580271824157,-0.02058852797676249,-0.05700000000000005,-0.0016929693744344911,-0.14245293455257174,0.003642943481831135,-0.18987070000000017,-0.00596231323700538,1426000007843,0,0,0,0,0,0,0
1.9396380753747684,0.017738391361912735,0.564,0.0022689280275925896,0.524868408203125,-0.04364069747924805,2,0,0.5,0,0.0603619246252316,-0.017738391361912735,-0.06399999999999995,-0.0022689280275925896,-0.13225513194037986,0.006282396063124701,-0.09357900769230709,-0.004927198734476121,1426000007843,0,0,0,0,0,0,0
2.0178886716971993,0.0022059729009012395,0.579,0.0021293016874330464,1.173227294921875,-0.2356488494873047,2,0,0.5,0,-0.01788867169719932,-0.0022059729009012395,-0.07899999999999996,-0.0021293016874330464,-0.4043008703202967,0.08233638135211577,-0.1491694307692308,-0.0014848724251582315,1426000007843,0,0,0,0,0,0,0
2.0899468031297235,-0.013426141440009231,0.588,0.002548180707911704,1.0803702392578125,-0.2367826843261719,2,0,0.5,0,-0.08994680312972347,0.013426141440009231,-0.08799999999999997,-0.002548180707911704,-0.4070443597437105,0.0906979894831938,-0.12463373846153848,-0.004481468494736277,1426000007843,0,0,0,0,0,0,0
2.156786216867869,-0.029396035700555462,0.602,0.0030368728984701467,1.0019775390625,-0.2421024169921875,2,0,0.5,0,-0.15678621686786887,0.029396035700555462,-0.10199999999999998,-0.0030368728984701467,-0.4124651900686309,0.10052085898855714,-0.16341981538461542,-0.005292375316432191,0,0,0,0,0,0,0,0
2.217528811329773,-0.044227300492131666,0.608,0.0033335788713091587,0.9104591064453125,-0.22523495483398437,2,0,0.5,0,-0.21752881132977286,0.044227300492131666,-0.10799999999999998,-0.0033335788713091587,-0.41014885415487823,0.10183415737367268,-0.1258448923076923,-0.004702991053643061,0,0,0,0,0,0,0,0
2.273595671748775,-0.057344102010611166,0.61,0.003909537524467256,0.8403423461914062,-0.19955447387695313,2,0,0.5,0,-0.2735956717487751,0.057344102010611166,-0.10999999999999999,-0.003909537524467256,-0.4131830920892372,0.09919810648254476,-0.10662143076923078,-0.006567808231350784,0,0,0,0,0,0,0,0
2.32576728690963,-0.07056754382853313,0.613,0.00502654824574363,0.7817927856445313,-0.20140960693359375,2,0,0.5,0,-0.3257672869096302,0.07056754382853313,-0.11299999999999999,-0.00502654824574363,-0.418506250862287,0.10642991329199217,-0.11514054615384617,-0.010181982343942277,0,0,0,0,0,0,0,0
2.369995650576033,-0.08146945299262284,0.607,0.00654498469497868,0.6625950927734375,-0.16686129760742188,2,0,0.5,0,-0.3699956505760329,0.08146945299262284,-0.10699999999999998,-0.00654498469497868,-0.39808957566746517,0.09943326257477014,-0.06257450769230767,-0.01355315292221737,0,0,0,0,0,0,0,0
2.401754718369785,-0.09032582269040791,0.597,0.008272860654453058,0.47550634765625,-0.1359606170654297,2,0,0.5,0,-0.40175471836978494,0.09032582269040791,-0.09699999999999998,-0.008272860654453058,-0.3470878877400857,0.09290571592830948,-0.033666546153846115,-0.01624767277510403,0,0,0,0,0,0,0,0
2.4262151158283944,-0.09603187965760734,0.59,0.008412486994612656,0.3661853332519531,-0.08862325286865234,2,0,0.5,0,-0.42621511582839444,0.09603187965760734,-0.08999999999999997,-0.008412486994612656,-0.3202945937208345,0.07885794273822554,-0.04480539230769226,-0.009056916256887728,0,0,0,0,0,0,0,0
2.442354935023236,-0.09929806814403139,0.578,0.008936085770210924,0.24167657470703124,-0.0510277099609375,2,0,0.5,0,-0.4423549350232361,0.09929806814403139,-0.07799999999999996,-0.008936085770210924,-0.28384892029803965,0.06741782736770985,-0.008789315384615318,-0.011352695503741392,0,0,0,0,0,0,0,0
2.4478079017876104,-0.09879899351364417,0.567,0.010332349171806384,0.0818581314086914,0.006754907608032226,2,0,0.5,0,-0.44780790178761043,0.09879899351364417,-0.06699999999999995,-0.010332349171806384,-0.2288814861468459,0.04699972072676565,-0.006713566666666587,-0.016679000997240293,0,0,0,0,0,0,0,0
2.4446556559094033,-0.09521630425598221,0.555,0.011082840750163933,-0.046725910186767576,0.05422601318359375,2,0,0.5,0,-0.44465565590940326,0.09521630425598221,-0.05500000000000005,-0.011082840750163933,-0.1814338501881846,0.028323090543236708,0.009826099999999408,-0.01460077002371494,0,0,0,0,0,0,0,0
2.431678624147312,-0.08829218746377158,0.541,0.011466813185602711,-0.19349246215820312,0.10601266479492187,2,0,0.5,0,-0.43167862414731184,0.08829218746377158,-0.041000000000000036,-0.011466813185602711,-0.12365149416776407,0.007793335697882417,0.02937292424242427,-0.01321214243759716,0,0,0,0,0,0,0,0
2.4109823344058685,-0.07763355055356494,0.526,0.011519173063162544,-0.30859066772460936,0.16342877197265626,2,0,0.5,0,-0.4109823344058685,0.07763355055356494,-0.026000000000000023,-0.011519173063162544,-0.07094652034593044,-0.01815938006427526,0.04773073076923082,-0.011760834036515615,0,0,0,0,0,0,0,0
2.3837752682440154,-0.06416305925638867,0.512,0.011519173063162544,-0.4057514343261719,0.20674490356445313,2,0,0.5,0,-0.3837752682440154,0.06416305925638867,-0.01200000000000001,-0.011519173063162544,-0.022534414310233036,-0.03999367411572165,0.053468115384615426,-0.011519173063162544,0,0,0,0,0,0,0,0
2.351567282288942,-0.04731041221717944,0.498,0.010576695267085592,-0.4801758728027344,0.2583379516601563,2,0,0.5,0,-0.3515672822889422,0.04731041221717944,0.0020000000000000018,-0.010576695267085592,0.020269089589616596,-0.06660085370910103,0.06468111538461543,-0.006226797746730432,0,0,0,0,0,0,0,0
2.316284516549646,-0.02848808173607141,0.485,0.009826203688728044,-0.5262257690429688,0.28791668701171874,2,0,0.5,0,-0.3162845165496462,0.02848808173607141,0.015000000000000013,-0.009826203688728044,0.054261394053937595,-0.08659948946059703,0.06979400000000006,-0.006362396404000898,0,0,0,0,0,0,0,0
2.2792545430786757,-0.00782635953532431,0.473,0.010140362954087035,-0.55237744140625,0.3153687438964844,2,0,0.5,0,-0.2792545430786757,0.00782635953532431,0.027000000000000024,-0.010140362954087035,0.082002906968515,-0.10682968037917533,0.07418488461538468,-0.011590328794205457,0,0,0,0,0,0,0,0
2.2454148814334665,0.012398200263354198,0.465,0.01342158194783637,-0.5044926147460937,0.3084999084472656,2,0,0.5,0,-0.24541488143346646,-0.012398200263354198,0.034999999999999976,-0.01342158194783637,0.08158461597947352,-0.1145960677129318,0.059273923076922794,-0.02856566961129484,0,0,0,0,0,0,0,0
2.2077708767218813,0.02962428967007028,0.459,0.015236724369910488,-0.5611412963867187,0.26594647216796874,2,0,0.5,0,-0.20777087672188133,-0.02962428967007028,0.04099999999999998,-0.015236724369910488,0.12075649146895936,-0.10708275840170078,0.05357119230769231,-0.023614304779483335,0,0,0,0,0,0,0,0
2.1710933179982215,0.044664895019125475,0.453,0.01701696020694467,-0.546662109375,0.2339652557373047,2,0,0.5,0,-0.17109331799822147,-0.044664895019125475,0.046999999999999986,-0.01701696020694467,0.13378012023910818,-0.10286410217827835,0.05867669230769232,-0.025233433300948592,0,0,0,0,0,0,0,0
2.136285732849925,0.05547427310962917,0.448,0.019512781037296548,-0.5192791748046875,0.17100155639648437,2,0,0.5,0,-0.13628573284992518,-0.05547427310962917,0.05199999999999999,-0.019512781037296548,0.1381850960727451,-0.08463998885818444,0.05722735151515153,-0.030857421175259622,0,0,0,0,0,0,0,0
2.1060673561014496,0.061778552046308464,0.444,0.021589722847169826,-0.4513442687988281,0.10339028930664063,2,0,0.5,0,-0.10606735610144957,-0.061778552046308464,0.055999999999999994,-0.021589722847169826,0.1338974703655812,-0.06498573246394568,0.05614560000000002,-0.03132538758095082,0,0,0,0,0,0,0,0
2.0786436584686836,0.0659141382270867,0.44,0.023317598806644205,-0.40992041015625,0.07089969635009766,2,0,0.5,0,-0.0786436584686836,-0.0659141382270867,0.06,-0.023317598806644205,0.1299675171371657,-0.05488838528263876,0.059399061538461556,-0.031292410927295185,1426000009469,0,0,0,0,0,0,0
2.058097427037788,0.06450710524641994,0.437,0.024504422698000336,-0.3086017761230469,-0.013914076805114747,2,0,0.5,0,-0.05809742703778786,-0.06450710524641994,0.063,-0.024504422698000336,0.10317035920727617,-0.02438192600293485,0.056823946153846165,-0.029982071427336325,1426000009469,0,0,0,0,0,0,0
2.0437106327402454,0.058520674804206446,0.436,0.025481807079117198,-0.21793731689453125,-0.08448192596435547,2,0,0.5,0,-0.04371063274024545,-0.058520674804206446,0.064,-0.025481807079117198,0.07716914449594067,0.0032315448032623276,0.04727071538461539,-0.029992811915041176,1426000009469,0,0,0,0,0,0,0
2.0325017556458738,0.048357006477333646,0.436,0.026441738167714075,-0.17196298217773437,-0.1481216583251953,2,0,0.5,0,-0.032501755645873764,-0.048357006477333646,0.064,-0.026441738167714075,0.06564059503872968,0.03077476629142321,0.0423021,-0.030872189345853507,1426000009469,0,0,0,0,0,0,0
2.0281375730558753,0.03528419917780129,0.434,0.028274333882308118,-0.070624267578125,-0.1942928161621094,2,0,0.5,0,-0.028137573055875276,-0.03528419917780129,0.066,-0.028274333882308118,0.030592016011614556,0.05188593078782048,0.05494376060606062,-0.03660431440319013,1426000009469,0,0,0,0,0,0,0
2.0280522151612184,0.0196644019977828,0.434,0.031049407392979088,-0.007903564453125,-0.2341671142578125,2,0,0.5,0.028274333882308118,-0.028052215161218363,-0.0196644019977828,0.066,-0.0027750735106709702,-0.014026107580609182,-0.0098322009988914,0.05280000000000001,-0.0027750735106709702,1426000009469,0,0,0,0,0,0,0
2.0303535706699654,0.0027645251446617933,0.432,0.037088246604879464,0.026633991241455077,-0.2544476318359375,2,0,0.5,0.028274333882308118,-0.030353570669965357,-0.0027645251446617933,0.068,-0.008813912722571347,-0.02758842943378658,0.08961527738774587,0.06561123076923078,-0.0366854783159577,1426000009859,0,0,0,0,0,0,0
2.0393312222624846,-0.013683503502851111,0.428,0.04218460802070292,0.12542383575439453,-0.2515440979003906,2,0,0.5,0.028274333882308118,-0.039331222262484644,0.013683503502851111,0.07200000000000001,-0.0139102741383948,-0.06732005800404907,0.09407338026526486,0.07972932121212124,-0.03707555330122868,1426000009925,0,0,0,0,0,0,0
2.0481372513354303,-0.03171393381635588,0.422,0.04736823589912608,0.12056720733642579,-0.275786376953125,2,0,0.5,0.028274333882308118,-0.04813725133543034,0.03171393381635588,0.07800000000000001,-0.019093902016817963,-0.07156268293226567,0.11297174759345979,0.09613189230769234,-0.043018338378771025,1426000009990,0,0,0,0,0,0,0
2.060451414400806,-0.048272361763876934,0.421,0.05291838292046805,0.1727445068359375,-0.25684405517578124,2,0,0.5,0.028274333882308118,-0.06045141440080615,0.048272361763876934,0.07900000000000001,-0.02464404903815993,-0.09664901015124544,0.11335617201630067,0.07052231538461541,-0.050260112213584396,1426000010055,0,0,0,0,0,0,0
2.0726455258917067,-0.06281990462956316,0.421,0.05918411493512771,0.171113525390625,-0.22758255004882813,2,0,0.5,0.028274333882308118,-0.0726455258917067,0.06281990462956316,0.07900000000000001,-0.03090978105281959,-0.10214685393365858,0.10984293363881163,0.06565120000000002,-0.059828544197402626,1426000010120,0,0,0,0,0,0,0
2.0850075820853124,-0.07543787515269061,0.424,0.06476916854150955,0.1739109649658203,-0.1999063262939453,2,0,0.5,0.028274333882308118,-0.08500758208531245,0.07543787515269061,0.07600000000000001,-0.03649483465920143,-0.10928745458876798,0.10581094859775428,0.04759135384615385,-0.062272005150194557,1426000010185,0,0,0,0,0,0,0
2.0960309367438095,-0.08439454918830691,0.428,0.06850417314077742,0.15630795288085939,-0.14477052307128907,2,0,0.5,0.028274333882308118,-0.09603093674380947,0.08439454918830691,0.07200000000000001,-0.040229839258469305,-0.10765315914554525,0.09062946867824401,0.039474738461538456,-0.05746832202432102,1426000010250,0,0,0,0,0,0,0
2.104742315729315,-0.08932575902867775,0.435,0.07239625737272476,0.12530103302001952,-0.08273914337158203,2,0,0.5,0.028274333882308118,-0.10474231572931503,0.08932575902867775,0.065,-0.044121923490416645,-0.09822970456124801,0.07068672845473623,0.019281535820895493,-0.0615491663200316,0,0,0,0,0,0,0,0
2.110130995133359,-0.09125685953610649,0.445,0.07424630637983876,0.07852322387695312,-0.03473732376098633,2,0,0.5,0.028274333882308118,-0.11013099513335911,0.09125685953610649,0.05499999999999999,-0.04597197249753064,-0.08542333093482293,0.056678055277417975,-0.0073603555555555936,-0.05478172967426396,0,0,0,0,0,0,0,0
2.1131699291205424,-0.0903481303767412,0.454,0.07705628647554963,0.04646954345703125,0.010212048530578614,2,0,0.5,0.028274333882308118,-0.11316992912054236,0.0903481303767412,0.045999999999999985,-0.048781952593241515,-0.07344274128231548,0.04066092381813141,-0.007167338461538511,-0.06175109149652247,0,0,0,0,0,0,0,0
2.1136517576082854,-0.08636858211907146,0.464,0.07979645340118072,0.011801168441772461,0.05895972442626953,2,0,0.5,0.028274333882308118,-0.11365175760828539,0.08636858211907146,0.035999999999999976,-0.0515221195188726,-0.05998849955626198,0.022192109507572978,-0.020317953846153904,-0.06416904379101608,0,0,0,0,0,0,0,0
2.1117611475874356,-0.0806743621534522,0.472,0.08272860654453115,-0.02146046257019043,0.08740206909179687,2,0,0.5,0.028274333882308118,-0.1117611475874356,0.0806743621534522,0.028000000000000025,-0.05445427266222304,-0.0463411703993461,0.010164590201973373,-0.01576672307692279,-0.06798728716999428,0,0,0,0,0,0,0,0
2.1085119089536555,-0.07485795300007655,0.476,0.08545132017764233,-0.04136236953735352,0.09097522735595703,2,0,0.5,0.028274333882308118,-0.10851190895365548,0.07485795300007655,0.02400000000000002,-0.057176986295334215,-0.0377375658102284,0.007122382309349331,0.003056478787878795,-0.06955295735493047,0,0,0,0,0,0,0,0
2.1034192730097963,-0.06779125862982438,0.481,0.08604473212332038,-0.06706395721435547,0.11213329315185547,2,0,0.5,0.028274333882308118,-0.10341927300979625,0.06779125862982438,0.019000000000000017,-0.057770398241012266,-0.025067395450918274,-0.0035737377869283077,-0.006530976923076925,-0.060509222605680195,0,0,0,0,0,0,0,0
2.096779752766751,-0.060513531420160915,0.483,0.08957029721234892,-0.08984278869628906,0.11732090759277344,2,0,0.5,0.028274333882308118,-0.09677975276675088,0.060513531420160915,0.017000000000000015,-0.06129596333004081,-0.012921583893561607,-0.008922512185063423,0.007963400000000002,-0.0778220496848621,1426000010770,0,0,0,0,0,0,0
2.0879071865714436,-0.05248594868204539,0.488,0.09180431865490167,-0.12178389739990235,0.13183587646484374,2,0,0.5,0.028274333882308118,-0.08790718657144359,0.05248594868204539,0.01200000000000001,-0.06352998477259356,0.002923039639936287,-0.016327562522560533,-0.011944176923076932,-0.07384085296899084,1426000010770,0,0,0,0,0,0,0
2.078019854477928,-0.045709141329023914,0.492,0.09454448558053279,-0.13836643981933594,0.11482042694091797,2,0,0.5,0.028274333882308118,-0.07801985447792781,0.045709141329023914,0.008000000000000007,-0.06627015169822467,0.013280116848559953,-0.012951310875931758,-0.009707561538461546,-0.07891707597036829,1426000010770,0,0,0,0,0,0,0
2.06575442204186,-0.03873907579207312,0.492,0.0970926662884445,-0.17328982543945312,0.12145259094238281,2,0,0.5,0.028274333882308118,-0.06575442204186022,0.03873907579207312,0.008000000000000007,-0.06881833240613638,0.030202451617050208,-0.01633067745037203,0.011884500000000008,-0.08022809676992017,1426000010770,0,0,0,0,0,0,0
2.052862815853558,-0.0328528262622756,0.492,0.09960594041131633,-0.18390412902832032,0.10662361907958984,2,0,0.5,0.028274333882308118,-0.05286281585355779,0.0328528262622756,0.008000000000000007,-0.07133160652900822,0.04304223933456306,-0.015032413404143463,0.011935700000000007,-0.08311257897996993,1426000010770,0,0,0,0,0,0,0
2.0400270799212445,-0.028194572613155416,0.492,0.10168288222118957,-0.1846333770751953,0.08867350769042968,2,0,0.5,0.028274333882308118,-0.040027079921244546,0.028194572613155416,0.008000000000000007,-0.07340854833888145,0.048048619530486336,-0.0102356909049181,0.011987700000000007,-0.08299443361521947,1426000011096,0,0,0,0,0,0,0
2.026729553165252,-0.024286360681271428,0.493,0.10344566476570385,-0.19248191833496095,0.07856740570068359,2,0,0.5,0.028274333882308118,-0.02672955316525183,0.024286360681271428,0.007000000000000006,-0.07517133088339574,0.057166574672583986,-0.008135324566683914,0.005848584615384617,-0.08330725031961551,1426000011161,0,0,0,0,0,0,0
2.01372737159843,-0.022337416900249017,0.493,0.10426596951414117,-0.19097137451171875,0.049217205047607425,2,0,0.5,0.028274333882308118,-0.013727371598430071,0.022337416900249017,0.007000000000000006,-0.07599163563183306,0.06206842241507381,0.0014546282915062249,0.011278700000000006,-0.07977765754769761,1426000011226,0,0,0,0,0,0,0
2.0011148034880653,-0.02218146602614646,0.495,0.10625564486141471,-0.18791761779785157,0.022016761779785156,2,0,0.5,0.028274333882308118,-0.0011148034880652524,0.02218146602614646,0.0050000000000000044,-0.0779813109791066,0.06627606323629777,0.011045647998478854,-0.0010580307692307743,-0.08716442796652293,1426000011291,0,0,0,0,0,0,0
1.9911118439502777,-0.02382819084213146,0.497,0.10854202618152727,-0.15181784057617187,-0.008648483276367188,2,0,0.5,0.028274333882308118,0.008888156049722262,0.02382819084213146,0.0030000000000000027,-0.08026769229921915,0.055623936025338626,0.021327004585119443,-0.0023164611940298552,-0.09050522059823057,1426000011358,0,0,0,0,0,0,0
1.9832280123475334,-0.02708739513116205,0.497,0.11042698177368118,-0.12285753631591798,-0.03578964614868164,2,0,0.5,0.028274333882308118,0.01677198765246657,0.02708739513116205,0.0030000000000000027,-0.08215264789137307,0.051121216396448836,0.03247806846833473,0.008150200000000003,-0.09112862690162982,1426000011421,0,0,0,0,0,0,0
1.977030540698522,-0.03159992853544832,0.494,0.11143927273983788,-0.09985525512695312,-0.05703105163574219,2,0,0.5,0.028274333882308118,0.02296945930147798,0.03159992853544832,0.006000000000000005,-0.08316493885752976,0.04380681909679443,0.040946441421722185,0.02674304615384617,-0.0878370510090222,1426000011486,0,0,0,0,0,0,0
1.972522369282524,-0.037757327984362904,0.492,0.11339404150207152,-0.07747446441650391,-0.08426786041259765,2,0,0.5,0.028274333882308118,0.027477630717475998,0.037757327984362904,0.008000000000000007,-0.08511970761976341,0.036982533240841546,0.05290665441890642,0.023010430769230785,-0.09414171729161101,1426000011551,0,0,0,0,0,0,0
1.9706474166008867,-0.044182248071991205,0.49,0.11540117014186502,-0.03884848022460938,-0.09257257080078125,2,0,0.5,0.028274333882308118,0.029352583399113286,0.044182248071991205,0.010000000000000009,-0.0871268362595569,0.02360754401110781,0.05706459286384131,0.02451326060606062,-0.09625014825861823,1426000011617,0,0,0,0,0,0,0
1.9702425312404124,-0.051150571800802284,0.487,0.11583750245486359,-0.01806842041015625,-0.10313031768798828,2,0,0.5,0.028274333882308118,0.029757468759587624,0.051150571800802284,0.013000000000000012,-0.08756316857255547,0.016066550099583916,0.06403219983581296,0.032545546153846173,-0.08957701001716425,1426000011682,0,0,0,0,0,0,0
1.9711904931687516,-0.05805305303722644,0.489,0.11671016708086077,0.002157446384429932,-0.10448680877685547,2,0,0.5,0.028274333882308118,0.028809506831248388,0.05805305303722644,0.01100000000000001,-0.08843583319855265,0.008326732990473826,0.06716663844103116,0.004093969230769231,-0.0924635160877704,1426000011747,0,0,0,0,0,0,0
1.9729153564027668,-0.06684740888766186,0.493,0.11868238913561437,0.010336004257202148,-0.1340307159423828,2,0,0.5,0.028274333882308118,0.02708464359723317,0.06684740888766186,0.007000000000000006,-0.09040805525330625,0.0032985916689337504,0.08179428433439422,-0.009829761538461549,-0.09951061858293825,1426000011812,0,0,0,0,0,0,0
1.976320448646805,-0.0724443447148437,0.492,0.11936306754389217,0.04077659606933594,-0.0894111099243164,2,0,0.5,0.028274333882308118,0.023679551353195105,0.0724443447148437,0.008000000000000007,-0.09108873366158406,-0.0074359497217518136,0.06742296402376133,0.0179453153846154,-0.09423032631517392,1426000011877,0,0,0,0,0,0,0
1.9801346778705058,-0.07647034656739043,0.495,0.11971213339429104,0.0496151123046875,-0.06677330017089844,2,0,0.5,0.028274333882308118,0.01986532212949421,0.07647034656739043,0.0050000000000000044,-0.09143779951198293,-0.01153319714932562,0.061026795427268236,-0.0059606461538461615,-0.09304887266767004,1426000011942,0,0,0,0,0,0,0
1.9851222552287702,-0.07934348925140067,0.497,0.12000883936713007,0.06913128662109375,-0.05172342300415039,2,0,0.5,0.028274333882308118,0.014877744771229828,0.07934348925140067,0.0030000000000000027,-0.09173450548482195,-0.019928283028103226,0.056073624676702204,-0.001993060606060611,-0.09308316899772662,1426000012008,0,0,0,0,0,0,0
1.9908257835110978,-0.0811825966267115,0.499,0.11967722680925115,0.08163489532470704,-0.03763067626953125,2,0,0.5,0.028274333882308118,0.009174216488902154,0.0811825966267115,0.0010000000000000009,-0.09140289292694304,-0.027516072095109784,0.051866390966693744,-0.003918100000000009,-0.0898484590618856,1426000012072,0,0,0,0,0,0,0
1.9961480117643045,-0.08233311897339382,0.505,0.12037535851004888,0.07720195007324218,-0.02666584587097168,2,0,0.5,0.028274333882308118,0.003851988235695547,0.08233311897339382,-0.0050000000000000044,-0.09210102462774077,-0.027641664268031375,0.04863267053692593,-0.03012079230769233,-0.09532317093911491,1426000012137,0,0,0,0,0,0,0
2.0027349598190796,-0.08184001739425517,0.507,0.12182398178920419,0.09897744750976563,-0.004521891117095948,2,0,0.5,0.028274333882308118,-0.002734959819079563,0.08184001739425517,-0.007000000000000006,-0.09354964790689607,-0.03774694572005481,0.039589033081165334,-0.010227830769230782,-0.10023560150299748,1426000012202,0,0,0,0,0,0,0
2.0100526933597953,-0.07996748373972665,0.509,0.12273155300024123,0.11236582183837891,0.014540754318237304,2,0,0.5,0.028274333882308118,-0.010052693359795306,0.07996748373972665,-0.009000000000000008,-0.09445721911793312,-0.04534734551154611,0.03127703394315565,-0.011886330769230784,-0.09864600932271948,1426000012267,0,0,0,0,0,0,0
2.0177154610411963,-0.07606451786142245,0.514,0.12271409970772129,0.12124414825439453,0.04403255081176758,2,0,0.5,0.028274333882308118,-0.017715461041196257,0.07606451786142245,-0.014000000000000012,-0.09443976582541318,-0.051048120544074475,0.018441896351052128,-0.03213117692307695,-0.09435921216762884,1426000012332,0,0,0,0,0,0,0
2.026599288306581,-0.07186072172072744,0.52,0.12377875055143783,0.13997389221191406,0.046271205902099606,2,0,0.5,0.028274333882308118,-0.02659928830658087,0.07186072172072744,-0.020000000000000018,-0.09550441666912972,-0.06208225993561656,0.01476685249079569,-0.04244579230769234,-0.1004181897939753,1426000012397,0,0,0,0,0,0,0
2.034018689202598,-0.0675249858955492,0.52,0.12381365713647773,0.11846908569335937,0.05079814529418945,2,0,0.5,0.028274333882308118,-0.03401868920259821,0.0675249858955492,-0.020000000000000018,-0.09553932325416961,-0.05792869977347542,0.011932431364128963,-0.010268100000000014,-0.09570043056973834,1426000012462,0,0,0,0,0,0,0
2.040423835611971,-0.06280263730581749,0.52,0.12337732482347916,0.10408969116210938,0.058427677154541016,2,0,0.5,0.028274333882308118,-0.040423835611970826,0.06280263730581749,-0.020000000000000018,-0.09510299094117104,-0.05569617815860719,0.007530317743608586,-0.010398100000000014,-0.09308914949656226,1426000012527,0,0,0,0,0,0,0
2.045759540225627,-0.05724174214580334,0.522,0.12281881946284097,0.08969242858886718,0.07292983245849609,2,0,0.5,0.028274333882308118,-0.04575954022562678,0.05724174214580334,-0.02200000000000002,-0.09454448558053286,-0.052200385119598416,0.0007260850356742843,-0.02274936060606063,-0.09200582485035928,1426000012593,0,0,0,0,0,0,0
2.049564583789603,-0.051148276439855395,0.521,0.12175416861912443,0.06784339904785157,0.08372112274169922,2,0,0.5,0.028274333882308118,-0.049564583789603045,0.051148276439855395,-0.02100000000000002,-0.09347983473681631,-0.04664805697147095,-0.006121957954251415,-0.006008950000000013,-0.08848928390689503,1426000012657,0,0,0,0,0,0,0
2.0524799890097403,-0.043805554348111383,0.52,0.12042771838760873,0.05678433990478516,0.10401417541503906,2,0,0.5,0.028274333882308118,-0.05247998900974027,0.043805554348111383,-0.020000000000000018,-0.09215338450530061,-0.04302937538463961,-0.01597893915055439,-0.005423084615384625,-0.08603130651368968,1426000012722,0,0,0,0,0,0,0
