0,0,0.725,0,-0.015428712844848633,0.0023704752922058107,0,0,1,0,0,0,0.275,0,0,0,0.22000000000000003,0,0,0,0,0,0,0,0,0
-0.0016171319325764973,0.0003987394650777181,0.726,0.0004188790204786575,-0.02425697898864746,0.0059810919761657715,0,0,1,0,0.0016171319325764973,-0.0003987394650777181,0.274,-0.0004188790204786575,0.00938533291581487,-0.0023141603669070425,0.2158119194029851,-0.002294456724114437,0,0,0,0,0,0,0,0
-0.003245838774380606,0.0009043757839355699,0.724,0.00010471975511966441,-0.02442742347717285,0.007594777584075928,0,0,1,0,0.003245838774380606,-0.0009043757839355699,0.276,-0.00010471975511966441,0.010533054572197626,-0.0032182284792703322,0.23548571111111116,0.0013912767465898263,0,0,0,0,0,0,0,0
-0.00400148261871857,0.002273407149495534,0.721,-0.0009075712110370449,-0.011332507133483887,0.020536657333374023,0,0,1,0,0.00400148261871857,-0.002273407149495534,0.279,0.0009075712110370449,0.0060137291366012795,-0.008399060809378548,0.24452509090909097,0.005508893784476632,0,0,0,0,0,0,0,0
-0.005101516268309543,0.0027725969115309063,0.72,-0.0002617993877991609,-0.016507293701171873,0.007472867965698242,0,0,1,0,0.005101516268309543,-0.0027725969115309063,0.28,0.0002617993877991609,0.008306406210635798,-0.003998206225088596,0.23651588059701495,-0.002629716238639125,0,0,0,0,0,0,0,0
-0.004037839518058608,0.0019403721036846087,0.723,-0.0007155849933176694,0.015958418846130373,-0.012479194641113281,0,0,1,0,0.004037839518058608,-0.0019403721036846087,0.277,0.0007155849933176694,-0.0038786480429269577,0.0036478626112359637,0.21397043333333332,0.0028764688291200912,0,0,0,0,0,0,0,0
-0.002545257194657856,0.0005539901366232607,0.72,-0.0005759586531581262,0.022403610229492187,-0.02077970314025879,0,0,1,0,0.002545257194657856,-0.0005539901366232607,0.28,0.0005759586531581262,-0.006750951249667606,0.007182356015268053,0.2510109461538462,-0.00006847060911668867,0,0,0,0,0,0,0,0
-0.0008658290571876323,-0.0010792725152853704,0.723,-0.000645771823237884,0.025205528259277344,-0.024484426498413085,0,0,1,0,0.0008658290571876323,0.0010792725152853704,0.277,0.000645771823237884,-0.008596195374505006,0.009329046402150367,0.21810375384615385,0.0009679864543752273,0,0,0,0,0,0,0,0
0.001718618505463539,-0.0030872413611746675,0.73,-0.0020245819323134184,0.0387861557006836,-0.030094491958618165,0,0,1,0,-0.001718618505463539,0.0030872413611746675,0.27,0.0020245819323134184,-0.01455188259899804,0.012188896839100181,0.19331838787878786,0.008291900609929483,0,0,0,0,0,0,0,0
0.005792243445642871,-0.004523847349295448,0.738,-0.0034208453339088785,0.061147876739501957,-0.021425334930419922,0,0,1,0,-0.005792243445642871,0.004523847349295448,0.262,0.0034208453339088785,-0.024489670709380865,0.009880231023638667,0.18334455757575757,0.009767497159342789,0,0,0,0,0,0,0,0
0.01266937223602481,-0.0068077540992210524,0.744,-0.003490658503988664,0.10327352142333984,-0.033905517578125,0,0,1,0,-0.01266937223602481,0.0068077540992210524,0.256,0.003490658503988664,-0.04394308507425312,0.015898291311361334,0.18979469999999998,0.0038179077387376584,0,0,0,0,0,0,0,0
0.018105973507572037,-0.00961488985894219,0.757,-0.003263765701229382,0.08169550323486328,-0.041822120666503905,0,0,1,0,-0.018105973507572037,0.00961488985894219,0.243,0.003263765701229382,-0.03833786336719818,0.019933340229472993,0.14378669999999996,0.002216568150032696,0,0,0,0,0,0,0,0
0.025349358696856592,-0.013067553333146157,0.764,-0.0031066860685498854,0.10881922912597657,-0.05143506622314453,0,0,1,0,-0.025349358696856592,0.013067553333146157,0.236,0.0031066860685498854,-0.0511141708470845,0.024862529183145948,0.17262308787878783,0.0023926877381885373,0,0,0,0,0,0,0,0
0.03060503830579905,-0.015482310878708851,0.778,-0.003700098014227965,0.07894734191894531,-0.03597627258300781,0,0,1,0,-0.03060503830579905,0.015482310878708851,0.22199999999999998,0.003700098014227965,-0.044091704582178634,0.020975942932316128,0.12340259999999992,0.006481716509593963,0,0,0,0,0,0,0,0
0.036440808619154934,-0.016855052217091455,0.79,-0.003979350694547079,0.08761214447021484,-0.020267086029052736,0,0,1,0,-0.036440808619154934,0.016855052217091455,0.20999999999999996,0.003979350694547079,-0.048777374527802855,0.01563893800149408,0.12908553283582086,0.005229735830304307,0,0,0,0,0,0,0,0
0.04234593132717304,-0.019126262325802446,0.804,-0.005183627878423164,0.08871170806884765,-0.033715404510498044,0,0,1,0,-0.04234593132717304,0.019126262325802446,0.19599999999999995,0.005183627878423164,-0.05356530977875981,0.02203642730345414,0.10526399999999991,0.01082867717784231,0,0,0,0,0,0,0,0
0.047508512753301764,-0.020329266584555233,0.813,-0.0065624379874986705,0.07753121948242188,-0.017643409729003905,0,0,1,0,-0.047508512753301764,0.020329266584555233,0.18700000000000006,0.0065624379874986705,-0.05168235658710214,0.016708178413535345,0.12738046153846216,0.012926176952462547,0,0,0,0,0,0,0,0
0.05201581742637614,-0.022735312086731813,0.821,-0.007557275661135426,0.06784495544433594,-0.035646224975585936,0,0,1,0,-0.05201581742637614,0.022735312086731813,0.17900000000000005,0.007557275661135426,-0.05044140591928924,0.024403893505146594,0.12752857692307695,0.012148834154843531,0,0,0,0,0,0,0,0
0.055630835475949235,-0.024923199159707837,0.83,-0.00816814089933346,0.054471736907958986,-0.032407577514648435,0,0,1,0,-0.055630835475949235,0.024923199159707837,0.17000000000000004,0.00816814089933346,-0.047186079472592415,0.02416108817357547,0.11680022727272729,0.010944801072960881,0,0,0,0,0,0,0,0
0.058638878844655004,-0.02757998196499845,0.84,-0.0086742863824118,0.04544465637207031,-0.039481864929199216,0,0,1,0,-0.058638878844655004,0.02757998196499845,0.16000000000000003,0.0086742863824118,-0.04550999769117121,0.027994250641743525,0.10455319696969698,0.01097494766913153,0,0,0,0,0,0,0,0
0.06193784113961745,-0.030515853383693385,0.848,-0.011205013797803587,0.049864566802978516,-0.043607177734375,0,0,1,0,-0.06193784113961745,0.030515853383693385,0.15200000000000002,0.011205013797803587,-0.049288573970481614,0.03144826359321851,0.10840629999999998,0.023067798557452588,0,0,0,0,0,0,0,0
0.06277578661117238,-0.033494512006209336,0.859,-0.011501719770642654,0.013069021224975585,-0.044536239624023435,0,0,1,0,-0.06277578661117238,0.033494512006209336,0.14100000000000001,0.011501719770642654,-0.03621916499458391,0.03294274856060925,0.08504203076923075,0.012871131952976813,0,0,0,0,0,0,0,0
0.06417418835193599,-0.036425602020181816,0.875,-0.012304571226560007,0.021480316162109374,-0.04372218704223633,0,0,1,0,-0.06417418835193599,0.036425602020181816,0.125,0.012304571226560007,-0.0399779205369797,0.03417583154752069,0.0461314538461538,0.016010039484640096,0,0,0,0,0,0,0,0
0.06385994503173982,-0.039730783400742604,0.887,-0.012095131716320706,-0.0041032757759094235,-0.04963196563720703,0,0,1,0,-0.06385994503173982,0.039730783400742604,0.11299999999999999,0.012095131716320706,-0.03066664906388876,0.03759932919004223,0.05979473636363632,0.011143133942505701,0,0,0,0,0,0,0,0
0.06211161034969892,-0.04371744235650937,0.896,-0.011850785621041499,-0.02549983215332031,-0.06011269760131836,0,0,1,0,-0.06211161034969892,0.04371744235650937,0.10399999999999998,0.011850785621041499,-0.022228445436522505,0.043235408412033834,0.06919022727272725,0.010740121551590555,0,0,0,0,0,0,0,0
0.061546136308612664,-0.04791748576350133,0.902,-0.012932889757277966,-0.0077349252700805666,-0.06309674453735352,0,0,1,0,-0.061546136308612664,0.04791748576350133,0.09799999999999998,0.012932889757277966,-0.02816413357972817,0.04719371143812739,0.07993219999999995,0.018005252895886406,1427127141272,0,0,0,0,0,0,0
0.05887721072155508,-0.05193667226765427,0.907,-0.012845623294678282,-0.039250862121582034,-0.06080049514770508,0,0,1,0,-0.05887721072155508,0.05193667226765427,0.09299999999999997,0.012845623294678282,-0.01580757264276674,0.04758246333696674,0.08284334848484845,0.012448957555588813,1427127141272,0,0,0,0,0,0,0
0.058023059377733756,-0.056277884598308486,0.912,-0.013177235852557173,-0.011974752426147461,-0.06527738952636719,0,0,1,0,-0.058023059377733756,0.056277884598308486,0.08799999999999997,0.013177235852557173,-0.024899884832034286,0.05221622445664853,0.07857794999999995,0.014731669717614474,1427127141272,0,0,0,0,0,0,0
0.0558861289732132,-0.061452911257662994,0.916,-0.01389282084587487,-0.0310283145904541,-0.07804103088378907,0,0,1,0,-0.0558861289732132,0.061452911257662994,0.08399999999999996,0.01389282084587487,-0.017032337443095683,0.05896820541113306,0.0817292384615384,0.017195520815033474,1427127141272,0,0,0,0,0,0,0
0.05406862604412965,-0.06676013912295274,0.921,-0.013194689145077126,-0.02615396308898926,-0.07997947692871094,0,0,1,0,-0.05406862604412965,0.06676013912295274,0.07899999999999996,0.013194689145077126,-0.01817194200377993,0.06152534514065933,0.07367759701492532,0.010068726305684244,1427127141272,0,0,0,0,0,0,0
0.05297097368455359,-0.07292956640801657,0.928,-0.013526301702956073,-0.015242332458496094,-0.09275059509277343,0,0,1,-0.013194689145077126,-0.05297097368455359,0.07292956640801657,0.07199999999999995,0.0003316125578789464,-0.026485486842276796,0.03646478320400828,0.057599999999999964,0.0003316125578789464,1427127141272,0,0,0,0,0,0,0
0.05198676396722805,-0.07736275796806265,0.932,-0.01665044106402591,-0.01386235237121582,-0.06669147491455078,0,0,1,-0.013194689145077126,-0.05198676396722805,0.07736275796806265,0.06799999999999995,0.003455751918948785,-0.020727582594593667,0.06260269625388176,0.033303538461538405,0.01787485666234804,1427127141663,0,0,0,0,0,0,0
0.051282679418655455,-0.08145975612377686,0.932,-0.018081611050661223,-0.009536599159240723,-0.061622295379638675,0,0,1,-0.013194689145077126,-0.051282679418655455,0.08145975612377686,0.06799999999999995,0.004886921905584096,-0.022031436889170516,0.062236971062811994,0.05529759999999996,0.011200907140739881,1427127141730,0,0,0,0,0,0,0
0.05057564226657349,-0.08705579839625628,0.931,-0.019547687622336496,-0.009086124420166016,-0.08411866760253907,0,0,1,-0.013194689145077126,-0.05057564226657349,0.08705579839625628,0.06899999999999995,0.0063529984772593695,-0.02163991240611297,0.07336620160234877,0.061856030303030274,0.013119505731145245,1427127141796,0,0,0,0,0,0,0
0.04969195974858439,-0.09177479291427376,0.933,-0.019285888234537335,-0.011869112014770507,-0.07103048706054688,0,0,1,-0.013194689145077126,-0.04969195974858439,0.09177479291427376,0.06699999999999995,0.006091199089460209,-0.0199897892615346,0.07274610266732418,0.04407807741935479,0.004824427858173946,1427127141858,0,0,0,0,0,0,0
0.04958001826290695,-0.0979275304993685,0.935,-0.021101030656611425,0.0001009947806596756,-0.09230628204345703,0,0,1,-0.013194689145077126,-0.04958001826290695,0.0979275304993685,0.06499999999999995,0.007906341511534298,-0.024351814028098176,0.08237676463054185,0.04342166923076918,0.01628392192110702,1427127141923,0,0,0,0,0,0,0
0.05119678930152568,-0.10350933793944266,0.934,-0.02150245638457013,0.026012763977050782,-0.08319677734375,0,0,1,-0.013194689145077126,-0.05119678930152568,0.10350933793944266,0.06599999999999995,0.008307767239493002,-0.034370537085158887,0.08170635305580973,0.060729530303030264,0.010132429639305295,0,0,0,0,0,0,0,0
0.05291185085772839,-0.10850715698757929,0.935,-0.022218041377887826,0.02733183288574219,-0.07439682769775391,0,0,1,-0.013194689145077126,-0.05291185085772839,0.10850715698757929,0.06499999999999995,0.0090233522328107,-0.035784227278074746,0.08117996916442725,0.04975246969696965,0.012276011293345688,0,0,0,0,0,0,0,0
0.056275692330479736,-0.11252060621665692,0.941,-0.021642082724729672,0.05178262329101563,-0.05906590270996094,0,0,1,-0.013194689145077126,-0.056275692330479736,0.11252060621665692,0.05900000000000005,0.008447393579652546,-0.045723282014408825,0.07741708119717411,0.019774347058824127,0.005906399521601867,0,0,0,0,0,0,0,0
0.059946652761592896,-0.1171135261785791,0.941,-0.020542525295973252,0.05654240036010742,-0.06768605041503906,0,0,1,-0.013194689145077126,-0.059946652761592896,0.1171135261785791,0.05900000000000005,0.007347836150896125,-0.05134432747437274,0.08548034061544466,0.051016600000000044,0.0019401766652088126,0,0,0,0,0,0,0,0
0.06396794319021583,-0.12013135979772739,0.944,-0.020786871391252456,0.06123647308349609,-0.044018928527832034,0,0,1,-0.013194689145077126,-0.06396794319021583,0.12013135979772739,0.05600000000000005,0.0075921822461753295,-0.05398676644022574,0.07696439668911084,0.032826753846153876,0.008719933455156271,0,0,0,0,0,0,0,0
0.06670222794866122,-0.12172828084269727,0.946,-0.020612338466053003,0.04150329971313477,-0.02309614372253418,0,0,1,-0.013194689145077126,-0.06670222794866122,0.12172828084269727,0.05400000000000005,0.007417649320975876,-0.04824482491307473,0.07006184523609864,0.03713093939393943,0.006624317842796543,0,0,0,0,0,0,0,0
0.06905036254059692,-0.12214928590079797,0.946,-0.02078687139125245,0.035344696044921874,-0.005587777614593506,0,0,1,-0.013194689145077126,-0.06905036254059692,0.12214928590079797,0.05400000000000005,0.007592182246175323,-0.04741669941379825,0.06411704818165853,0.04809340000000004,0.008385513724354624,0,0,0,0,0,0,0,0
0.07145628175288725,-0.12092339918636265,0.946,-0.02111848394913134,0.03569878387451172,0.01913444709777832,0,0,1,-0.013194689145077126,-0.07145628175288725,0.12092339918636265,0.05400000000000005,0.007923794804054213,-0.04937053283584932,0.05464482524951487,0.048439000000000045,0.009478228669111514,0,0,0,0,0,0,0,0
0.07208074658308229,-0.11992731321891716,0.947,-0.021135937241651317,0.009049369812011718,0.015135759353637696,0,0,1,-0.013194689145077126,-0.07208074658308229,0.11992731321891716,0.05300000000000005,0.007941248096574191,-0.03993474997583256,0.05556526316424611,0.04259888461538465,0.008021801754358703,0,0,0,0,0,0,0,0
0.07366971797785124,-0.11799470112929039,0.951,-0.022305307840487523,0.02321657943725586,0.029486434936523438,0,0,1,-0.013194689145077126,-0.07366971797785124,0.11799470112929039,0.049000000000000044,0.009110618695410397,-0.045970617876069826,0.0496328207095753,0.02356353846153849,0.014507713766962114,0,0,0,0,0,0,0,0
0.07413210031044326,-0.1157047392225781,0.954,-0.021868975527488912,0.0061678986549377444,0.03449557495117188,0,0,1,-0.013194689145077126,-0.07413210031044326,0.1157047392225781,0.04600000000000004,0.008674286382411786,-0.0401467639319054,0.04682684029032367,0.02709650909090911,0.0066909576869635555,0,0,0,0,0,0,0,0
0.07400959914116532,-0.11261041454087069,0.958,-0.021938788697568698,-0.0028520429134368894,0.046363590240478515,0,0,1,-0.013194689145077126,-0.07400959914116532,0.11261041454087069,0.04200000000000004,0.008744099552491572,-0.03703270474854074,0.04108844065263831,0.01887067878787881,0.009061432143763324,0,0,0,0,0,0,0,0
0.07339162621431716,-0.11021630882634012,0.961,-0.022026055160168433,-0.010055156707763671,0.035699596405029295,0,0,1,-0.013194689145077126,-0.07339162621431716,0.11021630882634012,0.039000000000000035,0.008831366015091307,-0.034144655013727515,0.04367741296089378,0.022031109090909114,0.009228031754181012,0,0,0,0,0,0,0,0
0.07038124681311565,-0.10684657645372912,0.962,-0.02307325271136502,-0.04625797653198242,0.04953920364379883,0,0,1,-0.013194689145077126,-0.07038124681311565,0.10684657645372912,0.038000000000000034,0.009878563566287895,-0.019236604649472102,0.03603513986717331,0.03182404444444446,0.014865218571985934,0,0,0,0,0,0,0,0
0.06732417750955859,-0.1029170865283014,0.965,-0.023474678439323722,-0.047203704833984374,0.057868705749511716,0,0,1,-0.013194689145077126,-0.06732417750955859,0.1029170865283014,0.03500000000000003,0.010279989294246596,-0.018015018315981037,0.03169923450794797,0.01905325384615386,0.012132723423286753,0,0,0,0,0,0,0,0
0.06371716328196426,-0.0990297020678857,0.967,-0.023823744289722566,-0.05545900726318359,0.057024715423583984,0,0,1,-0.013194689145077126,-0.06371716328196426,0.0990297020678857,0.03300000000000003,0.01062905514464544,-0.013586601181324633,0.030364776194140672,0.023218839393939414,0.012215718101003822,1427127142967,0,0,0,0,0,0,0
0.060888128538268624,-0.09535241154701694,0.971,-0.024661502330679853,-0.04373745727539063,0.05413282775878906,0,0,1,-0.013194689145077126,-0.060888128538268624,0.09535241154701694,0.029000000000000026,0.011466813185602727,-0.016562444902118847,0.029995208041003182,0.00992367761194031,0.015217968592874161,1427127142967,0,0,0,0,0,0,0
0.05674681842914571,-0.09174243411545835,0.974,-0.024242623310201192,-0.06343603897094727,0.052601387023925784,0,0,1,-0.013194689145077126,-0.05674681842914571,0.09174243411545835,0.026000000000000023,0.011047934165124066,-0.00629880166502431,0.027402313484944266,0.011916333333333341,0.009053272162844728,1427127142967,0,0,0,0,0,0,0
0.05143079448597599,-0.08734053769674424,0.977,-0.02321287905152456,-0.08131747436523437,0.06407611846923827,0,0,1,-0.013194689145077126,-0.05143079448597599,0.08734053769674424,0.02300000000000002,0.010018189906447435,0.0019432462155038847,0.021611047622724287,0.010178653846153855,0.005265524097170675,1427127142967,0,0,0,0,0,0,0
0.04715468122795943,-0.08342553778675686,0.979,-0.023684117949563023,-0.06548747253417969,0.05722039794921875,0,0,1,-0.013194689145077126,-0.04715468122795943,0.08342553778675686,0.02100000000000002,0.010489428804485897,-0.0015488667721876466,0.022329524698897443,0.014099769230769242,0.012664377564663412,1427127142967,0,0,0,0,0,0,0
0.041256118519012785,-0.07927437502875735,0.982,-0.02241002759560718,-0.08992823791503907,0.060154640197753906,0,0,1,-0.013194689145077126,-0.041256118519012785,0.07927437502875735,0.018000000000000016,0.009215338450530054,0.008266968250125472,0.02033278869924866,0.0073758086956521775,0.0036758151724611754,1427127143296,0,0,0,0,0,0,0
0.03743148190596311,-0.07674956553220529,0.982,-0.022218041377887805,-0.05820378875732422,0.03657708740234375,0,0,1,-0.013194689145077126,-0.03743148190596311,0.07674956553220529,0.018000000000000016,0.009023352232810679,0.0014834402815671575,0.02614863943747342,0.022706600000000014,0.0081091321484327,1427127143359,0,0,0,0,0,0,0
0.03474339982563838,-0.0730175427746484,0.984,-0.02199114857512852,-0.041554950714111326,0.05507073974609375,0,0,1,-0.013194689145077126,-0.03474339982563838,0.0730175427746484,0.016000000000000014,0.008796459430051393,-0.0037422867609922857,0.01794657925597082,0.010271500000000006,0.007732899417117242,1427127143423,0,0,0,0,0,0,0
0.030754556210033687,-0.0695618136157487,0.987,-0.021415189921970394,-0.06095802688598633,0.050507720947265626,0,0,1,-0.013194689145077126,-0.030754556210033687,0.0695618136157487,0.013000000000000012,0.008220500776893267,0.005010084407907518,0.018065656916685068,0.00273965384615385,0.005562230070009608,1427127143488,0,0,0,0,0,0,0
0.028466280329394064,-0.06626666761370438,0.989,-0.021851522234969004,-0.03537467956542969,0.04868085479736328,2.5,0,1,0,2.4715337196706058,0.06626666761370438,0.01100000000000001,0.021851522234969004,1.2357668598353029,0.03313333380685219,0.008800000000000007,0.021851522234969004,0,0,0,0,0,0,0,0
0.02499272610129757,-0.06295194173879128,0.988,-0.021851522234969004,-0.05317726516723633,0.048570571899414064,2.5,0,1,0,2.4750072738987026,0.06295194173879128,0.01200000000000001,0.021851522234969004,1.2578161452132912,0.01366836568968606,0.015062615384615398,0.021851522234969004,0,0,0,0,0,0,0,0
0.023189440557959025,-0.058705393270377645,0.992,-0.02097885760897184,-0.02843461799621582,0.06309199905395507,2.5,0,1,0,2.476810559442041,0.058705393270377645,0.008000000000000007,0.02097885760897184,1.2507642295573567,0.008201966830540156,-0.013466000000000007,0.01723886635469827,0,0,0,0,0,0,0,0
0.022435486154225186,-0.05512934218283109,0.994,-0.021921335405048762,-0.012432066917419434,0.0533917236328125,2.5,0,1,0,2.477564513845775,0.05512934218283109,0.006000000000000005,0.021921335405048762,1.247962061286253,0.007161986615414177,-0.006504809836065579,0.02655647210706642,0,0,0,0,0,0,0,0
0.02499662084293367,-0.05078292017151095,0.992,-0.023631758072003163,0.03697871398925781,0.06602275085449219,2.5,0,1,0,2.4750033791570663,0.05078292017151095,0.008000000000000007,0.023631758072003163,1.230173553001182,0.0021362995898325868,0.017391830769230784,0.031526016534869625,0,0,0,0,0,0,0,0
0.031556515588615386,-0.047332102357098615,0.993,-0.023177972466484655,0.0971478271484375,0.05407292556762695,2.5,0,1,0,2.4684434844113845,0.047332102357098615,0.007000000000000006,0.023177972466484655,1.2069663089710458,0.005264140686354436,0.0004834846153846167,0.021083577364091537,0,0,0,0,0,0,0,0
0.044111714555518704,-0.042630549630864156,0.994,-0.024033183799961895,0.18664295959472657,0.0748690185546875,2.5,0,1,0,2.4558882854444812,0.042630549630864156,0.006000000000000005,0.024033183799961895,1.1710515053429802,-0.0034096493995330185,-0.00019533030303030188,0.02792050804304026,0,0,0,0,0,0,0,0
0.06682141877756444,-0.03863489024748658,0.992,-0.023265238929084393,0.33910690307617186,0.06810359191894531,2.5,0,1,0,2.4331785812224354,0.03863489024748658,0.008000000000000007,0.023265238929084393,1.1074529020152621,-0.001638606275781069,0.01736656060606062,0.01977458042509575,0,0,0,0,0,0,0,0
0.09334516853812366,-0.03491630828215274,0.988,-0.020891591146372075,0.3964509887695313,0.06501902008056641,2.5,0,1,0,2.4066548314618763,0.03491630828215274,0.01200000000000001,0.020891591146372075,1.0711097793864255,-0.0026224431534281716,0.03191230000000003,0.009765117164908084,0,0,0,0,0,0,0,0
0.12563351911260032,-0.03113950228065552,0.987,-0.019669860669976093,0.4830361022949219,0.06675731658935546,2.5,0,1,0,2.3743664808874,0.03113950228065552,0.013000000000000012,0.019669860669976093,1.0277003495676407,-0.0044912580551445674,0.0163064153846154,0.01403110462507156,0,0,0,0,0,0,0,0
0.16341828418804058,-0.027058091334137318,0.984,-0.019233528356977482,0.5654577026367188,0.07235691833496094,2.5,0,1,0,2.3365817158119593,0.027058091334137318,0.016000000000000014,0.019233528356977482,0.9807306670630834,-0.008154556242226376,0.02957964615384618,0.01721968691236851,0,0,0,0,0,0,0,0
0.2080906686139708,-0.021859025715623565,0.983,-0.018273597268380605,0.6684619750976563,0.09085887908935547,2.5,0,1,0,2.2919093313860293,0.021859025715623565,0.017000000000000015,0.018273597268380605,0.9227970347974995,-0.01675802122628261,0.0197209153846154,0.013843146090241173,0,0,0,0,0,0,0,0
0.26412998976108837,-0.017470328352509848,0.982,-0.01909390201681791,0.83924658203125,0.08117921447753906,2.5,0,1,0,2.2358700102389117,0.017470328352509848,0.018000000000000016,0.01909390201681791,0.8606582757096366,-0.012579420880618244,0.020193677464788753,0.022559978418665683,0,0,0,0,0,0,0,0
0.32991080264685935,-0.01032922094769272,0.982,-0.01909390201681791,0.9844871826171875,0.12593612670898438,2.5,0,1,0,2.170089197353141,0.01032922094769272,0.018000000000000016,0.01909390201681791,0.7215986889537223,-0.03616581329090833,0.015372100000000014,0.01909390201681791,0,0,0,0,0,0,0,0
0.3984718981571099,-0.0021281261428527654,0.983,-0.016929693744345005,1.0258802490234376,0.14262928771972655,2.5,0,1,0,2.10152810184289,0.0021281261428527654,0.017000000000000015,0.016929693744345005,0.7142925969810761,-0.04145001501266268,0.009462119402985086,0.007239208942227517,0,0,0,0,0,0,0,0
0.4710811854903775,0.004529164193296544,0.983,-0.01626646862858714,1.087292724609375,0.118282958984375,2.5,0,1,0,2.0289188145096224,-0.004529164193296544,0.017000000000000015,0.01626646862858714,0.6340362190844036,-0.03892491984083638,0.014793100000000014,0.013108253791644925,0,0,0,0,0,0,0,0
0.5566755141569784,0.01133178442990081,0.98,-0.015899949485668287,1.2820853271484376,0.12290964508056641,2.5,0,1,0,1.9433244858430216,-0.01133178442990081,0.020000000000000018,0.015899949485668287,0.5419972598545056,-0.04142326387964124,0.03323419090909094,0.014233953381491683,0,0,0,0,0,0,0,0
0.6553575833926999,0.01853856695012153,0.983,-0.01583013631558853,1.4783251953125,0.1316226806640625,2.5,0,1,0,1.8446424166073,-0.01853856695012153,0.017000000000000015,0.01583013631558853,0.4244690043953592,-0.047182175431298656,-0.0008717909090909075,0.015512803724316904,0,0,0,0,0,0,0,0
0.7591695357544536,0.02472603496645523,0.982,-0.01487020522699168,1.5555150146484376,0.11744972229003907,2.5,0,1,0,1.7408304642455463,-0.02472603496645523,0.018000000000000016,0.01487020522699168,0.3292695487560242,-0.045911663724089384,0.02142125000000002,0.010370528249193949,0,0,0,0,0,0,0,0
0.8629279662945218,0.031256484630855196,0.98,-0.013316862192716694,1.554747802734375,0.12108869934082031,2.5,0,1,0,1.6370720337054783,-0.031256484630855196,0.020000000000000018,0.013316862192716694,0.2874768034166424,-0.05052344928835894,0.028451730769230795,0.006147586649909066,0,0,0,0,0,0,0,0
0.9748666215793612,0.03450114636858199,0.981,-0.013700834628155472,1.6782828369140625,0.0710250244140625,2.5,0,1,0,1.5251333784206387,-0.03450114636858199,0.019000000000000017,0.013700834628155472,0.20647438710894594,-0.03395466168949257,0.011785919402985087,0.015420114189821645,0,0,0,0,0,0,0,0
1.0963778356405245,0.03721370436617647,0.981,-0.015114551322270858,1.821939697265625,0.06565584564208984,2.5,0,1,0,1.4036221643594755,-0.03721370436617647,0.019000000000000017,0.015114551322270858,0.0562949311005313,-0.03345442647975547,0.017129500000000016,0.021846535579963168,0,0,0,0,0,0,0,0
1.2275277312341262,0.038294571687943535,0.982,-0.016161748873467476,1.9667786865234376,0.045944103240966795,2.5,0,1,0,1.2724722687658738,-0.038294571687943535,0.018000000000000016,0.016161748873467476,0.020172169126735473,-0.024280501825044227,0.011527722535211279,0.020586527258805297,0,0,0,0,0,0,0,0
1.3551797399345795,0.038176377223750876,0.98,-0.018360863730980316,1.9145587158203126,0.029172163009643554,2.5,0,1,0,1.1448202600654205,-0.038176377223750876,0.020000000000000018,0.018360863730980316,-0.14109009065914913,-0.01822662351968217,0.029843966666666694,0.02935643801854452,0,0,0,0,0,0,0,0
1.4865947789018847,0.0342899935177171,0.978,-0.019041542139258107,1.971963623046875,-0.022094558715820313,2.5,0,1,0,1.0134052210981153,-0.0342899935177171,0.02200000000000002,0.019041542139258107,-0.1378727130342735,0.0030072289757142254,0.03022101764705885,0.022044535116954242,0,0,0,0,0,0,0,0
1.622904950396201,0.029827163921194062,0.975,-0.018884462506578638,2.0455565185546876,-0.027999322891235353,2.5,0,1,0,0.877095049603799,-0.029827163921194062,0.025000000000000022,0.018884462506578638,-0.2985759675864939,0.010410098270180353,0.03941738387096777,0.018124399767807015,0,0,0,0,0,0,0,0
1.7658652878904018,0.025179647300574502,0.973,-0.018291050560900555,2.145339111328125,-0.029206789016723633,2.5,0,1,0,0.7341347121095982,-0.025179647300574502,0.027000000000000024,0.018291050560900555,-0.3468790956581953,0.011801665231959833,0.03471056119402988,0.0156339821474166,0,0,0,0,0,0,0,0
1.8928721053097701,0.019314455978908456,0.973,-0.0163711883837068,1.9063927001953125,-0.0531187744140625,2.5,0,1,0,0.6071278946902299,-0.019314455978908456,0.027000000000000024,0.0163711883837068,-0.3168734844675782,0.020631539907837657,0.024446400000000024,0.007901208190204945,0,0,0,0,0,0,0,0
2.0106383175481284,0.013617483331256095,0.978,-0.014521139376592804,1.7676553955078125,-0.05652483749389649,2.5,0,1,0,0.4893616824518716,-0.013617483331256095,0.02200000000000002,0.014521139376592804,-0.37599346713760967,0.024932810515808902,-0.007192777777777781,0.005711382199859489,0,0,0,0,0,0,0,0
2.1173613825694564,0.008847312481258076,0.988,-0.016388641676226726,1.6017161865234375,-0.04829972839355469,2.5,0,1,0,0.3826386174305436,-0.008847312481258076,0.01200000000000001,0.016388641676226726,-0.3773299444909015,0.022590946395190395,-0.04379221290322584,0.025424943126068286,0,0,0,0,0,0,0,0
2.211963142657303,0.004754539567459276,0.998,-0.017697638615222448,1.4198419189453124,-0.038128475189208984,2.5,0,1,0,0.2880368573426968,-0.004754539567459276,0.0020000000000000018,0.017697638615222448,-0.3088868680104157,0.01877145887322024,-0.04679758823529415,0.023472625110791803,0,0,0,0,0,0,0,0
2.2929114814151617,0.0011364422753713816,1.016,-0.016336281798666894,1.214995361328125,-0.03277516555786133,2.5,0,1,0,0.20708851858483834,-0.0011364422753713816,-0.016000000000000014,0.016336281798666894,-0.31202274074028563,0.019614589133559825,-0.1098278000000001,0.009853630291259498,0,0,0,0,0,0,0,0
2.3595750473713335,-0.0013734086683340149,1.035,-0.017034413499464638,1.00043505859375,-0.021307945251464844,2.5,0,1,0,0.1404249526286665,0.0013734086683340149,-0.03499999999999992,0.017034413499464638,-0.2386673370140196,0.013688258457250057,-0.12305991764705827,0.020114406297101744,0,0,0,0,0,0,0,0
2.4258761558890196,-0.002056505271221467,1.046,-0.01682497398922531,0.994546875,0.0066952257156372074,2.5,0,1,0,0.07412384411098039,0.002056505271221467,-0.04600000000000004,0.01682497398922531,-0.2969893896533464,0.004907733038624683,-0.0954667111111118,0.015827642988085647,1427127145704,0,0,0,0,0,0,0
2.4810752956552005,-0.0038615793986529197,1.06,-0.015934856070708187,0.828325439453125,-0.013142075538635254,2.5,0,1,0,0.018924704344799537,0.0038615793986529197,-0.06000000000000005,0.015934856070708187,-0.25346330391620214,0.011737428918735615,-0.12133021538461547,0.011826619523706082,1427127145704,0,0,0,0,0,0,0
2.5232306476627397,-0.00193689842152435,1.07,-0.017924531417981702,0.6317899780273437,0.038942214965820315,2.5,0,1,0,-0.023230647662739745,0.00193689842152435,-0.07000000000000006,0.017924531417981702,-0.20432029960211334,-0.009306949302716338,-0.10824675384615393,0.027107648405397925,1427127145704,0,0,0,0,0,0,0
2.5544109126434735,0.0011395546247364259,1.072,-0.019565140914856425,0.46680172729492186,0.054522308349609375,2.5,0,1,0,-0.05441091264347353,-0.0011395546247364259,-0.07200000000000006,0.019565140914856425,-0.16084917673366894,-0.017047766139372374,-0.06723783076923083,0.027137184746585916,1427127145704,0,0,0,0,0,0,0
2.578993316339704,0.003125041819907915,1.077,-0.019739673840055847,0.36808282470703124,0.036990520477294925,2.5,0,1,0,-0.07899331633970386,-0.003125041819907915,-0.07699999999999996,0.019739673840055847,-0.1337151112888138,-0.011849035146512747,-0.08710390298507403,0.020521164549904006,1427127145704,0,0,0,0,0,0,0
2.5946566056962124,0.005119832859695253,1.075,-0.02008873969045469,0.23431295776367186,0.034553558349609374,2.5,0,1,-0.019739673840055847,-0.09465660569621237,-0.005119832859695253,-0.07499999999999996,0.0003490658503988442,-0.047328302848106185,-0.0025599164298476264,-0.05999999999999997,0.0003490658503988442,1427127145704,0,0,0,0,0,0,0
2.599990162137016,0.008343885102798178,1.072,-0.020106192982974617,0.07901576232910157,0.04995808410644531,2.5,0,1,-0.019739673840055847,-0.09999016213701584,-0.008343885102798178,-0.07200000000000006,0.00036651914291876975,-0.07877922473976179,-0.021537647385731662,-0.04191415384615449,0.00044707280070304154,1427127146095,0,0,0,0,0,0,0
2.598780883602431,0.010655496091981041,1.059,-0.021502456384570105,-0.018832630157470703,0.03430247116088867,2.5,0,1,-0.019739673840055847,-0.09878088360243087,-0.010655496091981041,-0.05899999999999994,0.0017627825445142575,-0.04320449192541307,-0.0174158905479278,0.019847147761194707,0.008014708223300023,1427127146162,0,0,0,0,0,0,0
2.5970442222782246,0.011861651664400832,1.051,-0.021851522234969004,-0.026432897567749022,0.017528057098388672,2.5,0,1,-0.019739673840055847,-0.09704422227822462,-0.011861651664400832,-0.050999999999999934,0.0021118483949131572,-0.03936511339680837,-0.012445782464971904,0.0010821230769231596,0.003722921550600386,1427127146227,0,0,0,0,0,0,0
2.5937782382409424,0.012311122687719658,1.041,-0.022427480888127103,-0.0491253776550293,0.005670040130615234,2.5,0,1,-0.019739673840055847,-0.09377823824094245,-0.012311122687719658,-0.040999999999999925,0.0026878070480712557,-0.029558262624153495,-0.008604064941988523,0.019584853846153945,0.005346077754954787,1427127146292,0,0,0,0,0,0,0
2.5904080144929007,0.012009070679869688,1.031,-0.02288126649364561,-0.050439037322998044,-0.005663330078125,2.5,0,1,-0.019739673840055847,-0.0904080144929007,-0.012009070679869688,-0.030999999999999917,0.0031415926535897643,-0.02708616865036266,-0.004388649238267765,0.02822780000000011,0.005268712679457773,1427127146356,0,0,0,0,0,0,0
2.5875759688441238,0.01096092258463105,1.023,-0.02267182698340631,-0.0421098518371582,-0.016690032958984375,2.5,0,1,-0.019739673840055847,-0.08757596884412377,-0.01096092258463105,-0.02299999999999991,0.0029321531433504633,-0.02890850475748888,0.00012032765071930823,0.022867723076923186,0.001965509249938305,1427127146421,0,0,0,0,0,0,0
2.5857757072873286,0.009408878240160777,1.019,-0.023439771854283812,-0.026469213485717773,-0.023886857986450197,2.5,0,1,-0.019739673840055847,-0.08577570728732864,-0.009408878240160777,-0.018999999999999906,0.003700098014227965,-0.03418527426748154,0.0031186720418261626,0.003149555072463863,0.007038988757173624,1427127146490,0,0,0,0,0,0,0
2.5739552914283204,0.009694787249077857,1.017,-0.02317797246648465,-0.17735804748535156,0.00013181984424591065,2.5,0,1,-0.019739673840055847,-0.07395529142832036,-0.009694787249077857,-0.016999999999999904,0.003438298626428804,0.02619349428958654,-0.006442782826194035,-0.004881569230769146,0.0022299937596634463,1427127146555,0,0,0,0,0,0,0
2.5642886886531944,0.009529583695352827,1.013,-0.023143065881444776,-0.14490266418457032,-0.0058378705978393555,2.5,0,1,-0.019739673840055847,-0.06428868865319437,-0.009529583695352827,-0.0129999999999999,0.0034033920413889286,0.017832507844815493,-0.003964052183530265,0.008357622388059798,0.003247093899419337,1427127146622,0,0,0,0,0,0,0
2.5517449012782247,0.008772760003072748,1.012,-0.02256710722828665,-0.18784371948242187,-0.015703452110290526,2.5,0,1,-0.019739673840055847,-0.05174490127822473,-0.008772760003072748,-0.01200000000000001,0.0028274333882308024,0.04674826893615834,-0.0000391027606203723,-0.005976566666667314,-0.00005235987755982871,1427127146682,0,0,0,0,0,0,0
2.5359427684102913,0.007458060844233411,1.01,-0.022933626371205478,-0.23652664184570313,-0.025064138412475585,2.5,0,1,-0.019739673840055847,-0.035942768410291315,-0.007458060844233411,-0.010000000000000009,0.003193952531149631,0.06654228730041283,0.0032777435244439462,0.000494330769230774,0.004885579344621149,1427127146747,0,0,0,0,0,0,0
2.518658092338065,0.005967387118610014,1.008,-0.02221804137788781,-0.258689208984375,-0.02829970932006836,2.5,0,1,-0.019739673840055847,-0.018658092338065035,-0.005967387118610014,-0.008000000000000007,0.0024783675378319617,0.08174506423425089,0.004845080533842117,0.0018783606060606105,-0.0007742915227028991,1427127146813,0,0,0,0,0,0,0
2.500597540655954,0.004460443193688542,1.007,-0.0229510796637254,-0.2703392333984375,-0.028617136001586913,2.5,0,1,-0.019739673840055847,-0.0005975406559541874,-0.004460443193688542,-0.006999999999999895,0.003211405823669553,0.09636291512693654,0.005804878711199852,-0.002588584615383926,0.006594659450612283,1427127146878,0,0,0,0,0,0,0
2.4857082832185546,0.0031444842250853214,1.005,-0.023684117949563023,-0.22282704162597655,-0.02485960388183594,2.5,0,1,-0.019739673840055847,0.014291716781445363,-0.0031444842250853214,-0.004999999999999893,0.003944444109507176,0.08552603531672585,0.005325039682075441,0.004199860606060703,0.007276436317860006,1427127146944,0,0,0,0,0,0,0
2.471336544571817,0.001338418208436267,1.005,-0.025569073541716898,-0.21487405395507814,-0.032188644409179686,2.5,0,1,-0.019739673840055847,0.02866345542818305,-0.001338418208436267,-0.004999999999999893,0.005829399701661051,0.09236751159576632,0.009125569343248702,-0.00643819999999991,0.014665129039882341,1427127147008,0,0,0,0,0,0,0
2.4608020293324357,-0.0015615441038208625,1.004,-0.02713986986851178,-0.15685395812988281,-0.047525142669677736,2.5,0,1,-0.019739673840055847,0.03919797066756425,0.0015615441038208625,-0.0040000000000000036,0.007400196028455933,0.07493004769392385,0.016078245609481658,-0.00036156969697028005,0.014540179332069032,1427127147074,0,0,0,0,0,0,0
2.4517830397025673,-0.003976478850649038,1.004,-0.029461157773664266,-0.13425202941894532,-0.03988184356689453,2.5,0,1,-0.019739673840055847,0.04821696029743272,0.003976478850649038,-0.0040000000000000036,0.00972148393360842,0.07292814735961858,0.01511634430653136,-0.005690199999999998,0.020602520989010695,1427127147138,0,0,0,0,0,0,0
2.443805213862341,-0.0071907163733626375,1.007,-0.03192207201897627,-0.11819523620605468,-0.05171767044067383,2.5,0,1,-0.019739673840055847,0.05619478613765905,0.0071907163733626375,-0.006999999999999895,0.01218239817892042,0.0699382014832578,0.020566733528065265,-0.024045490909090243,0.0233683720212477,1427127147204,0,0,0,0,0,0,0
2.438645542311073,-0.010234393771645875,1.009,-0.03324852225049194,-0.07589848327636718,-0.04810209274291992,2.5,0,1,-0.019739673840055847,0.06135445768892689,0.010234393771645875,-0.008999999999999897,0.013508848410436095,0.05761377360800475,0.02119084141875334,-0.020401860606060526,0.019538167644598252,1427127147270,0,0,0,0,0,0,0
2.43448477771461,-0.012520980110322507,1.014,-0.03569198320328402,-0.06123680114746094,-0.03635454559326172,2.5,0,1,-0.019739673840055847,0.06551522228539008,0.012520980110322507,-0.014000000000000012,0.01595230936322817,0.055128372445350377,0.01870620357925565,-0.04122915000000063,0.027406032579441027,1427127147334,0,0,0,0,0,0,0
2.433230022811602,-0.014242485996218496,1.017,-0.0374547657477983,-0.017887872695922853,-0.026477769851684572,2.5,0,1,-0.019739673840055847,0.06676997718839806,0.014242485996218496,-0.016999999999999904,0.017715091907742456,0.03980134154977702,0.016341092176364834,-0.03254974615384548,0.025851011343962234,1427127147399,0,0,0,0,0,0,0
2.4334888080027968,-0.015627882483445866,1.013,-0.03878121597931398,0.004657218933105469,-0.020621015548706056,2.5,0,1,-0.019739673840055847,0.06651119199720323,0.015627882483445866,-0.0129999999999999,0.01904154213925813,0.03156534995250122,0.015234128704607892,0.00825806153846164,0.025163620130868935,1427127147464,0,0,0,0,0,0,0
2.4354325922737825,-0.017693365399719798,1.01,-0.04073598474154764,0.030336069107055663,-0.0298284969329834,2.5,0,1,-0.019739673840055847,0.0645674077262175,0.017693365399719798,-0.010000000000000009,0.02099631090149179,0.021562354663925455,0.01994037469896693,0.0052084461538455685,0.030018320573339453,1427127147529,0,0,0,0,0,0,0
2.4387780577283724,-0.01956218689187148,1.009,-0.04276056667386106,0.051281959533691406,-0.02596541976928711,2.5,0,1,-0.019739673840055847,0.06122194227162758,0.01956218689187148,-0.008999999999999897,0.02302089283380521,0.012920859251659731,0.019528561354767125,-0.0049818194029844,0.03208618506804439,1427127147596,0,0,0,0,0,0,0
2.4426545843132614,-0.021293590304817155,1.005,-0.04363323129985822,0.0592049446105957,-0.023461631774902344,2.5,0,1,-0.019739673840055847,0.057345415686738566,0.021293590304817155,-0.004999999999999893,0.023893557459802376,0.007295854340358884,0.020114003041446032,0.014837300000000112,0.02798417289416409,1427127147660,0,0,0,0,0,0,0
2.4437225473339583,-0.02112236628440105,1.006,-0.044488442633335436,0.015892168045043946,0.003264674186706543,2.5,0,1,-0.019739673840055847,0.05627745266604167,0.02112236628440105,-0.006000000000000005,0.02474876879327959,0.022247637823910368,0.009651532660227941,-0.013261315384615984,0.02869589802471288,1427127147725,0,0,0,0,0,0,0
2.448659610621206,-0.02333596517162804,1.004,-0.04694935687864741,0.07545938110351562,-0.02987758255004883,2.5,0,1,-0.019739673840055847,0.051340389378793816,0.02333596517162804,-0.0040000000000000036,0.027209683038591562,-0.0010211393865071396,0.02361485459928117,0.004466530769230783,0.03856774878618529,1427127147790,0,0,0,0,0,0,0
2.4524462247715997,-0.024089216273553492,1.004,-0.046600291028248565,0.05726689910888672,-0.008620609283447265,2.5,0,1,-0.019739673840055847,0.04755377522840032,0.024089216273553492,-0.0040000000000000036,0.026860617188192718,0.004212151262701858,0.015965509924278646,-0.006329899999999994,0.025320620789374287,1427127147858,0,0,0,0,0,0,0
2.45774785645568,-0.02395417081258014,1.001,-0.0461290521302101,0.07934378051757812,0.0057280054092407225,2.5,0,1,-0.019739673840055847,0.04225214354431994,0.02395417081258014,-0.0009999999999998899,0.026389378290154256,-0.00791499570570035,0.011297760267915334,0.012469950000000719,0.024180445955598966,1427127147922,0,0,0,0,0,0,0
2.464876721167484,-0.024381334428966655,1.003,-0.04696681017116742,0.10711468505859376,-0.0014696708917617798,2.5,0,1,-0.019739673840055847,0.0351232788325162,0.024381334428966655,-0.0029999999999998916,0.02722713633111157,-0.022068806078088393,0.01463836338364418,-0.016666311111111023,0.031216460335670215,1427127147985,0,0,0,0,0,0,0
2.470409583852421,-0.02523248704595448,1,-0.04742059577668593,0.08350083923339843,-0.008856729507446289,2.5,0,1,-0.019739673840055847,0.029590416147578846,0.02523248704595448,0,0.02768092193663008,-0.014551842272162854,0.0172211500518311,0.012753890909090342,0.029743583779896027,1427127148051,0,0,0,0,0,0,0
2.478201125155896,-0.02502018610855684,0.999,-0.04736823589912607,0.11659078216552735,0.008721050262451171,2.5,0,1,-0.019739673840055847,0.02179887484410381,0.02502018610855684,0.0010000000000000009,0.02762856205907022,-0.031046958347081183,0.01147441569003325,0.0030359153846153996,0.02738690108571702,1427127148116,0,0,0,0,0,0,0
2.485920285253661,-0.02629381792888848,0.996,-0.04822344723260328,0.1165621337890625,-0.013600454330444336,2.5,0,1,-0.019739673840055847,0.014079714746339178,0.02629381792888848,0.0040000000000000036,0.028483773392547432,-0.03450764162755313,0.020129498969625896,0.016231146153846177,0.03243090262398072,1427127148181,0,0,0,0,0,0,0
2.4922433682771024,-0.027894778296471356,0.995,-0.049131018443640345,0.09589359283447266,-0.01941444778442383,2.5,0,1,-0.019739673840055847,0.0077566317228976445,0.027894778296471356,0.0050000000000000044,0.029391344603584498,-0.02913030869675762,0.02245387696158859,0.006134680597014943,0.03345509629479524,1427127148248,0,0,0,0,0,0,0
2.4987770125263133,-0.03015852071066017,0.994,-0.0493579112463996,0.0995540313720703,-0.029102029800415038,2.5,0,1,-0.019739673840055847,0.0012229874736866542,0.03015852071066017,0.006000000000000005,0.029618237406343752,-0.035096184377781864,0.027621665148726833,0.00721795000000002,0.030681797419277755,1427127148312,0,0,0,0,0,0,0
