0,0,0.713,0,-0.05745588302612305,-0.04522477722167969,0,0,1,0,0,0,0.28700000000000003,0,0,0,0.22960000000000003,0,0,0,0,0,0,0,0,0
-0.004454670715332031,-0.0011721973419189452,0.712,0.05223770451219023,-0.06682006072998047,-0.01758296012878418,0,0,1,0,0.004454670715332031,0.0011721973419189452,0.28800000000000003,-0.05223770451219023,0.02419014254522898,0.006365368532081121,0.2373743774647888,-0.2729603996341208,0,0,0,0,0,0,0,0
-0.005664101507724792,0.0010630552406840986,0.713,0.059044488594968136,-0.016366044998168947,0.03443029022216797,0,0,1,0,0.005664101507724792,-0.0010630552406840986,0.28700000000000003,-0.059044488594968136,0.00989362498659936,-0.013570306591891455,0.2275334666666667,-0.09307840900885767,0,0,0,0,0,0,0,0
-0.0038691361253674543,0.005121884083033724,0.714,0.05145230634879283,0.030470245361328124,0.05918751907348633,0,0,1,0,0.0038691361253674543,-0.005121884083033724,0.28600000000000003,-0.05145230634879283,-0.0071610978233072236,-0.023152543958368247,0.22946773623188407,-0.01844281832194368,0,0,0,0,0,0,0,0
-0.0020349841254974294,0.009893099821281611,0.716,0.04331907203449925,0.031156597137451173,0.07005857849121094,0,0,1,0,0.0020349841254974294,-0.009893099821281611,0.28400000000000003,-0.04331907203449925,-0.009495858565969621,-0.032331752380921064,0.22319719016393447,-0.0033195590133832803,0,0,0,0,0,0,0,0
0.0016095745206258698,0.015195724729724865,0.72,0.03888593573443361,0.05806158828735351,0.0770973129272461,0,0,1,0,-0.0016095745206258698,-0.015195724729724865,0.28,-0.03888593573443361,-0.019018234871738288,-0.034130998378329426,0.21343260000000003,-0.019886780162723713,0,0,0,0,0,0,0,0
0.005522339988253305,0.0193199785942454,0.724,0.034697145529647255,0.06105213928222656,0.05953534317016602,0,0,1,0,-0.005522339988253305,-0.0193199785942454,0.276,-0.034697145529647255,-0.025579603006755172,-0.033749740298566436,0.20855526666666668,-0.013753194505715494,0,0,0,0,0,0,0,0
0.011322624561544188,0.023979863764068434,0.732,0.03103195410045911,0.08937668609619141,0.0668380126953125,0,0,1,0,-0.011322624561544188,-0.023979863764068434,0.268,-0.03103195410045911,-0.0346646287692214,-0.035337747094191505,0.1873646,-0.015323990832509918,0,0,0,0,0,0,0,0
0.017094578256570514,0.02818152778202909,0.734,0.02680825731063285,0.08849309539794922,0.06030832290649414,0,0,1,0,-0.017094578256570514,-0.02818152778202909,0.266,-0.02680825731063285,-0.041677377545626726,-0.038264252285777955,0.21591179016393441,-0.00603597801640535,0,0,0,0,0,0,0,0
0.025429075290532496,0.03050649888506516,0.738,0.023736477827122845,0.1259073486328125,0.03151093673706055,0,0,1,0,-0.025429075290532496,-0.03050649888506516,0.262,-0.023736477827122845,-0.05270533947107883,-0.026488221008593115,0.20692171780821916,-0.011112726525026926,0,0,0,0,0,0,0,0
0.03583947858688415,0.03235779802826109,0.747,0.019634954084936204,0.15677114868164063,0.024055418014526368,0,0,1,0,-0.03583947858688415,-0.03235779802826109,0.253,-0.019634954084936204,-0.08303571454334208,-0.02785548886517618,0.16406659999999998,0.002337494533920799,0,0,0,0,0,0,0,0
0.04312456183659379,0.03257075475333708,0.75,0.016371188383706766,0.10931790161132812,0.0010482388734817504,0,0,1,0,-0.04312456183659379,-0.03257075475333708,0.25,-0.016371188383706766,-0.05705788438105436,-0.01745000482861477,0.20513326666666667,-0.002772164628584109,0,0,0,0,0,0,0,0
0.05157995915681606,0.032015169285463704,0.752,0.014206980111233832,0.1266775360107422,-0.01040894603729248,0,0,1,0,-0.05157995915681606,-0.032015169285463704,0.248,-0.014206980111233832,-0.07606155273192139,-0.012860048746244752,0.207715393220339,-0.0032025312681511174,0,0,0,0,0,0,0,0
0.059345826352302664,0.029736122236280558,0.758,0.009546951008408962,0.11599059295654297,-0.03583714294433594,0,0,1,0,-0.059345826352302664,-0.029736122236280558,0.242,-0.009546951008408962,-0.06865622774015796,-0.0036419512571618604,0.18647379999999997,0.010424602289411906,0,0,0,0,0,0,0,0
0.06747028354008285,0.027657949481034467,0.765,0.006370451769779236,0.12156370544433594,-0.032334609985351564,0,0,1,0,-0.06747028354008285,-0.027657949481034467,0.235,-0.006370451769779236,-0.08132226945545683,-0.0018920204895409663,0.17145046666666666,0.009512044423369396,0,0,0,0,0,0,0,0
0.07242466738956499,0.024378330898629553,0.769,0.0040840704496666845,0.07400086212158204,-0.04966670227050781,0,0,1,0,-0.07242466738956499,-0.024378330898629553,0.23099999999999998,-0.0040840704496666845,-0.06122941096606359,0.0040061424764548225,0.19070079999999998,0.005714706636529964,0,0,0,0,0,0,0,0
0.0763341972353988,0.021855369748204963,0.779,0.002007128639793461,0.05848789978027344,-0.03808360290527344,0,0,1,0,-0.0763341972353988,-0.021855369748204963,0.22099999999999997,-0.002007128639793461,-0.05919499245480324,0.002234445029678527,0.15112909696969692,0.007433515950539369,0,0,0,0,0,0,0,0
0.07953510559737122,0.018992282792988507,0.784,0.00010471975511966046,0.04792733001708984,-0.04304258728027344,0,0,1,0,-0.07953510559737122,-0.018992282792988507,0.21599999999999997,-0.00010471975511966046,-0.057896022742437755,0.0061807225751487945,0.1737424222222222,0.008954370171898438,0,0,0,0,0,0,0,0
0.07946576503198492,0.01646953534448914,0.793,-0.0008377580409573188,-0.0010440711975097656,-0.037841102600097654,0,0,1,0,-0.07946576503198492,-0.01646953534448914,0.20699999999999996,0.0008377580409573188,-0.039769543455028464,0.004703554518011013,0.1486921746268656,0.005057807874137822,0,0,0,0,0,0,0,0
0.08014388947483475,0.013381264486288364,0.801,-0.00195476876223372,0.010210671424865723,-0.04631552505493164,0,0,1,0,-0.08014388947483475,-0.013381264486288364,0.19899999999999995,0.00195476876223372,-0.044474644760869785,0.011076043080539387,0.14383443333333326,0.007539822368615728,0,0,0,0,0,0,0,0
0.07908212465513313,0.010777506666238244,0.81,-0.0027750735106709707,-0.015850095748901366,-0.03908742523193359,0,0,1,0,-0.07908212465513313,-0.010777506666238244,0.18999999999999995,0.0027750735106709707,-0.034734569823145475,0.007374253496644156,0.13963109999999995,0.006290665289687758,0,0,0,0,0,0,0,0
0.07778379780499353,0.008746237366973749,0.821,-0.0034382986264288634,-0.019390274047851562,-0.030522966384887697,0,0,1,0,-0.07778379780499353,-0.008746237366973749,0.17900000000000005,0.0034382986264288634,-0.03199226225998482,0.007020587689470864,0.11380824590163999,0.0067000614908119425,0,0,0,0,0,0,0,0
0.07466341382614762,0.006181314196538396,0.831,-0.004834562028024351,-0.04667319869995117,-0.03863455200195313,0,0,1,0,-0.07466341382614762,-0.006181314196538396,0.16900000000000004,0.004834562028024351,-0.022766711051275725,0.009112151403177754,0.1215286888888889,0.010652326201338883,0,0,0,0,0,0,0,0
0.07296951218840106,0.0036005191141864528,0.839,-0.005358160803622617,-0.025221073150634765,-0.038834312438964846,0,0,1,0,-0.07296951218840106,-0.0036005191141864528,0.16100000000000003,0.005358160803622617,-0.02708277643761496,0.013241849451112831,0.11723207288135594,0.008020527459207023,0,0,0,0,0,0,0,0
0.06932147200422173,0.0009473483280578766,0.851,-0.00815068760681348,-0.05450657653808594,-0.04009019088745117,0,0,1,0,-0.06932147200422173,-0.0009473483280578766,0.14900000000000002,0.00815068760681348,-0.01540147136785689,0.013767554941901707,0.0904183,0.02124065699677065,0,0,0,0,0,0,0,0
0.06675018187057463,-0.0011143207899984514,0.862,-0.008482300164692482,-0.03831601333618164,-0.031238372802734376,0,0,1,0,-0.06675018187057463,0.0011143207899984514,0.138,0.008482300164692482,-0.021069327643515847,0.010747372548818591,0.09239839855072463,0.009924093894601185,0,0,0,0,0,0,0,0
0.06263102002401819,-0.002830452474791762,0.877,-0.00944223125328936,-0.06156685638427734,-0.026265142440795898,0,0,1,0,-0.06263102002401819,0.002830452474791762,0.123,0.00944223125328936,-0.009565940264936328,0.010534603128828257,0.05495144999999994,0.013941908231087229,0,0,0,0,0,0,0,0
0.0584929357231764,-0.0040848548545976025,0.886,-0.009494591130849165,-0.06189083480834961,-0.01940127944946289,0,0,1,0,-0.0584929357231764,0.0040848548545976025,0.11399999999999999,0.009494591130849165,-0.008445896441826035,0.008332294272987418,0.08353157462686564,0.009729038343803512,0,0,0,0,0,0,0,0
0.05291958830793789,-0.00504211296016352,0.892,-0.010698868314725222,-0.08346011352539062,-0.015151962280273438,0,0,1,0,-0.05291958830793789,0.00504211296016352,0.10799999999999998,0.010698868314725222,0.004669860903265204,0.007753615302091316,0.09197907049180325,0.0166215429895255,0,0,0,0,0,0,0,0
0.04885544259237532,-0.006145294619239966,0.902,-0.011397000015523021,-0.060781658172607424,-0.017198991775512696,0,0,1,0,-0.04885544259237532,0.006145294619239966,0.09799999999999998,0.011397000015523021,-0.004694767478126822,0.008412830840099802,0.06835686231884053,0.014432355236383018,1426001152353,0,0,0,0,0,0,0
0.04345451078903505,-0.007094660325648525,0.912,-0.012130038301360616,-0.08084642028808593,-0.015162857055664062,0,0,1,0,-0.04345451078903505,0.007094660325648525,0.08799999999999997,0.012130038301360616,0.007852655884208005,0.00865538592356803,0.05517548709677413,0.015676997748961884,1426001152353,0,0,0,0,0,0,0
0.03700152414466629,-0.007856887210990256,0.923,-0.01303760951239769,-0.09664899444580079,-0.01260665798187256,0,0,1,0,-0.03700152414466629,0.007856887210990256,0.07699999999999996,0.01303760951239769,0.013297027956540527,0.007548966341216927,0.04756129855072456,0.016983571299515405,1426001152353,0,0,0,0,0,0,0
0.030541629635567575,-0.007462500816869002,0.933,-0.011292280260403359,-0.0969673080444336,0.0046520051956176756,0,0,1,0,-0.030541629635567575,0.007462500816869002,0.06699999999999995,0.011292280260403359,0.02084077236214426,0.001227084257520052,0.03932218709677412,0.0028471387184953005,1426001152353,0,0,0,0,0,0,0
0.023957816442161932,-0.0081776088206941,0.945,-0.010053096491487395,-0.09862977600097657,-0.011841106414794921,0,0,1,0,-0.023957816442161932,0.0081776088206941,0.05500000000000005,0.010053096491487395,0.01950611756493567,0.007378497415396297,0.026558800000000556,0.004742308910418981,1426001152353,0,0,0,0,0,0,0
0.016460588677760946,-0.011418093079626664,0.954,-0.007173303225696764,-0.1119640884399414,-0.04973534393310547,0,0,1,-0.010053096491487395,-0.016460588677760946,0.011418093079626664,0.04600000000000004,-0.002879793265790631,-0.008230294338880473,0.005709046539813332,0.036800000000000034,-0.002879793265790631,1426001152353,0,0,0,0,0,0,0
0.009342053971435454,-0.0157924747867724,0.965,0.031555552876057484,-0.10630459594726563,-0.06637998199462891,0,0,1,-0.010053096491487395,-0.009342053971435454,0.0157924747867724,0.03500000000000003,-0.04160864936754488,0.031431036376953894,0.03009602691839499,-0.02755560144927538,-0.20999498024473726,1426001152746,0,0,0,0,0,0,0
0.003497654477816426,-0.017415217386005998,0.973,0.048904125640881084,-0.08839031982421874,-0.02156313133239746,0,0,1,-0.010053096491487395,-0.003497654477816426,0.017415217386005998,0.027000000000000024,-0.05895722213236848,0.03291282961528008,0.01835521962685953,-0.02545682711864409,-0.14717030398740374,1426001152805,0,0,0,0,0,0,0
0.0006034584913348096,-0.018533264110505415,0.99,0.042865286428980735,-0.04418086624145508,-0.014628424644470214,0,0,1,-0.010053096491487395,-0.0006034584913348096,0.018533264110505415,0.010000000000000009,-0.05291838292046813,0.013956495979063318,0.014812460396304962,-0.07533101690140853,-0.027402160898353983,1426001152876,0,0,0,0,0,0,0
0.0002577577299379065,-0.01961008259420392,0.994,0.03632030173400196,-0.005872908115386963,-0.015915229797363283,0,0,1,-0.010053096491487395,-0.0002577577299379065,0.01961008259420392,0.006000000000000005,-0.04637339822548936,0.0018786161662973024,0.016132578904945502,-0.01802553333333335,-0.013648474750595496,1426001152936,0,0,0,0,0,0,0
0.000243714091022137,-0.02149988235966343,0.998,0.034819318577286866,-0.0012398607730865479,-0.02832065200805664,0,0,1,-0.010053096491487395,-0.000243714091022137,0.02149988235966343,0.0020000000000000018,-0.04487241506877426,-0.00005988210221014251,0.020396813390882847,-0.018168255072463783,-0.038346401343926015,1426001153005,0,0,0,0,0,0,0
0.0005546473535387483,-0.022474566235561523,0.998,0.03255039054969421,0.004152207374572754,-0.014773760795593262,0,0,1,-0.010053096491487395,-0.0005546473535387483,0.022474566235561523,0.0020000000000000018,-0.04260348704118161,-0.002070966227448391,0.01690437244321597,0.002133800000000002,-0.03144482461039806,1426001153066,0,0,0,0,0,0,0
0.0012887708521078915,-0.024730378149386716,1,0.029862583501622957,0.009904800415039062,-0.034177631378173826,0,0,1,-0.010053096491487395,-0.0012887708521078915,0.024730378149386716,0,-0.03991567999311035,-0.0043786887669138705,0.02389941809334646,-0.009611127536231891,-0.02822956239280055,1426001153135,0,0,0,0,0,0,0
0.0028590414536946987,-0.02763290344044455,1.005,0.027139869868511794,0.022243597030639647,-0.04422174835205078,0,0,1,-0.010053096491487395,-0.0028590414536946987,0.02763290344044455,-0.004999999999999893,-0.03719296635999919,-0.010451502588546461,0.030578846246628558,-0.032185224590163236,-0.02380257144305905,1426001153196,0,0,0,0,0,0,0
0.004176539456395091,-0.03137228611884058,1.003,0.025638886711796698,0.018233083724975587,-0.05660636901855469,0,0,1,-0.010053096491487395,-0.004176539456395091,0.03137228611884058,-0.0029999999999998916,-0.035691983203284094,-0.008786344932017501,0.03478423397731572,0.00822752753623198,-0.02916596947843585,1426001153265,0,0,0,0,0,0,0
0.006003687465450783,-0.03589635041627897,1.002,0.023544491609403466,0.025658523559570313,-0.06854127502441407,0,0,1,-0.010053096491487395,-0.006003687465450783,0.03589635041627897,-0.0020000000000000018,-0.03359758810089086,-0.013335225551922231,0.043639711358838394,0.004515361290321958,-0.023463418250601033,1426001153327,0,0,0,0,0,0,0
0.008670923799775758,-0.04106717294529311,1.002,0.02234021442552741,0.038171459197998046,-0.07848273468017578,0,0,1,-0.010053096491487395,-0.008670923799775758,0.04106717294529311,-0.0020000000000000018,-0.032393310917014806,-0.01788974111096122,0.046943196255629954,-0.0011435999999999998,-0.02715732316103195,1426001153396,0,0,0,0,0,0,0
0.011815234403451015,-0.0452846326235258,1,0.021293016874330765,0.04573972320556641,-0.06429969024658203,0,0,1,-0.010053096491487395,-0.011815234403451015,0.0452846326235258,0,-0.03134611336581816,-0.023980770453449297,0.04704927892826549,0.011931809836065586,-0.026195961474687127,1426001153457,0,0,0,0,0,0,0
0.015367648239618203,-0.05084828844120678,0.998,0.020437805540853553,0.051497257232666016,-0.08457045745849609,0,0,1,-0.010053096491487395,-0.015367648239618203,0.05084828844120678,0.0020000000000000018,-0.03049090203234095,-0.026854222123104877,0.05562376579778196,0.01283863076923078,-0.02654377280090766,1426001153522,0,0,0,0,0,0,0
0.020344174645740624,-0.058057267926943275,0.994,0.019006635554218214,0.07242242431640625,-0.10963764190673828,0,0,1,-0.010053096491487395,-0.020344174645740624,0.058057267926943275,0.006000000000000005,-0.02905973204570561,-0.03547139049805347,0.06587745559141939,0.025600655072463792,-0.02283725384294327,1426001153591,0,0,0,0,0,0,0
0.026171717631085247,-0.06388672314312586,0.998,0.018203784098300806,0.08573548126220704,-0.08908736419677735,0,0,1,-0.010053096491487395,-0.026171717631085247,0.06388672314312586,0.0020000000000000018,-0.028256880589788202,-0.04659459889941184,0.06571156071748124,-0.020827819672131164,-0.024308430806587834,1426001153652,0,0,0,0,0,0,0
0.03231524133649347,-0.07071635956981538,0.991,0.01785471824790196,0.09027281188964843,-0.10410501098632813,0,0,1,-0.010053096491487395,-0.03231524133649347,0.07071635956981538,0.009000000000000008,-0.02790781473938936,-0.04696987790103331,0.06987636865262972,0.04278600000000003,-0.026411818237680025,1426001153722,0,0,0,0,0,0,0
0.039469966235112786,-0.07734025028052997,0.987,0.017418385934903406,0.10552984619140625,-0.10125860595703125,0,0,1,-0.010053096491487395,-0.039469966235112786,0.07734025028052997,0.013000000000000012,-0.027471482426390803,-0.0602436692429605,0.07648101426116671,0.03364724516129035,-0.025360197040913923,1426001153784,0,0,0,0,0,0,0
0.044471616362521664,-0.08266700663779022,0.982,0.016214108751027294,0.07362168884277344,-0.08119596862792969,0,0,1,-0.010053096491487395,-0.044471616362521664,0.08266700663779022,0.018000000000000016,-0.02626720524251469,-0.047756292733436206,0.06882827986670745,0.040553118840579744,-0.021031217486531594,1426001153853,0,0,0,0,0,0,0
0.04777599004291679,-0.08682468206053645,0.978,0.015638150097869168,0.04854793930053711,-0.06316056060791016,0,0,1,-0.010053096491487395,-0.04777599004291679,0.08682468206053645,0.02200000000000002,-0.025691246589356564,-0.04334196925122375,0.06819254039621933,0.04185613333333337,-0.022811453323565933,1426001153913,0,0,0,0,0,0,0
0.05200910449653006,-0.09117717072839705,0.978,0.01556833692778941,0.062468021392822266,-0.06627227783203125,0,0,1,-0.010053096491487395,-0.05200910449653006,0.09117717072839705,0.02200000000000002,-0.025621433419276807,-0.047384991983606045,0.06794194545627619,0.018676800000000018,-0.02532223411893499,1426001153983,0,0,0,0,0,0,0
0.054384190706644395,-0.09448601916851816,0.977,0.014503686084072868,0.03484930801391602,-0.05018133163452149,0,0,1,-0.010053096491487395,-0.054384190706644395,0.09448601916851816,0.02300000000000002,-0.024556782575560265,-0.0410676810054528,0.06687675877663454,0.02535480491803281,-0.019320794819577276,1426001154044,0,0,0,0,0,0,0
0.05506140950708856,-0.09688442689530188,0.978,0.014137166941154015,0.009635445594787597,-0.036119659423828124,0,0,1,-0.010053096491487395,-0.05506140950708856,0.09688442689530188,0.02200000000000002,-0.024190263432641412,-0.031203383566025786,0.06115062440486371,0.013971100000000014,-0.02261946710584633,1426001154114,0,0,0,0,0,0,0
0.05620511905460819,-0.09823297098978273,0.981,0.014398966328953149,0.016867969512939455,-0.020468664169311524,0,0,1,-0.010053096491487395,-0.05620511905460819,0.09823297098978273,0.019000000000000017,-0.024452062820440545,-0.03509450643619542,0.05775830481858434,-0.0008149000000000003,-0.02576105975943621,1426001154174,0,0,0,0,0,0,0
0.056212336062038536,-0.09816266648927059,0.983,0.014521139376592822,0.00012342804670333862,0.001052899479866028,0,0,1,-0.010053096491487395,-0.056212336062038536,0.09816266648927059,0.017000000000000015,-0.02457423586808022,-0.028501909585107878,0.049573836714505125,0.005204100000000008,-0.025097834643678818,1426001154244,0,0,0,0,0,0,0
0.05613464892548633,-0.0993791531154055,0.982,0.013980087308474547,-0.0014301464557647705,-0.01822845458984375,0,0,1,-0.010053096491487395,-0.05613464892548633,0.0993791531154055,0.018000000000000016,-0.024033183799961944,-0.028007486805814132,0.0576894020077895,0.021945433333333358,-0.021327923459370568,1426001154304,0,0,0,0,0,0,0
0.05544574907777854,-0.0983976028394531,0.984,0.013072516097437472,-0.010126662254333497,0.014866273880004882,0,0,1,-0.010053096491487395,-0.05544574907777854,0.0983976028394531,0.016000000000000014,-0.023125612588924867,-0.024710524630996964,0.04526358182625195,0.004624100000000008,-0.019236021684480256,1426001154374,0,0,0,0,0,0,0
0.05453838257488484,-0.09687835700506137,0.987,0.0128630765871982,-0.013311437606811524,0.022964658737182616,0,0,1,-0.010053096491487395,-0.05453838257488484,0.09687835700506137,0.013000000000000012,-0.022916173078685598,-0.02244109238075402,0.040607569935735964,-0.005197900000000002,-0.02186897552748925,1426001154434,0,0,0,0,0,0,0
0.05318254117912041,-0.09511439338401344,0.989,0.012391837689159739,-0.019995597839355467,0.026718862533569337,0,0,1,-0.010053096491487395,-0.05318254117912041,0.09511439338401344,0.01100000000000001,-0.022444934180647136,-0.020314163749755025,0.03983461746262631,0.000779100000000003,-0.020425338903339443,1426001154504,0,0,0,0,0,0,0
0.05164991484186314,-0.09321606734565345,0.992,0.011344640137963094,-0.022634782791137696,0.028757577896118165,0,0,1,-0.010053096491487395,-0.05164991484186314,0.09321606734565345,0.008000000000000007,-0.02139773662945049,-0.017564806335214414,0.036870099703439005,-0.008785214754098367,-0.01624758473831944,1426001154565,0,0,0,0,0,0,0
0.049784932772162546,-0.09016262304669578,0.997,0.01206022513128079,-0.027453338623046875,0.046116073608398436,2,0,1,0,1.9502150672278376,0.09016262304669578,0.0030000000000000027,-0.01206022513128079,0.9751075336139188,0.04508131152334789,0.0024000000000000024,-0.01206022513128079,0,0,0,0,0,0,0,0
0.04860854655613412,-0.08564082307949464,0.998,0.011362093430483047,-0.016826520919799803,0.06803487396240235,2,0,1,0,1.9513914534438659,0.08564082307949464,0.0020000000000000018,-0.011362093430483047,0.9837288145208313,0.016494629558254998,-0.004221333333333337,-0.007871434926494328,0,0,0,0,0,0,0,0
0.04525453727265932,-0.07999460539677097,0.998,0.010471975511965928,-0.049344619750976565,0.08525941467285156,2,0,1,0,1.9547454627273406,0.07999460539677097,0.0020000000000000018,-0.010471975511965928,0.9962551947635692,0.012659391794878825,0.0016264000000000016,-0.006763150851477931,0,0,0,0,0,0,0,0
0.04094013577288466,-0.07377313515695672,0.999,0.009302604913129777,-0.06373522567749024,0.09399462890625,2,0,1,0,1.9590598642271153,0.07377313515695672,0.0010000000000000009,-0.009302604913129777,1.008857936240735,0.0001320474915985706,-0.005099903389830513,-0.003356652715657827,0,0,0,0,0,0,0,0
0.04123329535179218,-0.06698542654657473,1.003,0.008569566627292127,0.005344340324401856,0.10177031707763672,2,0,1,0,1.9587667046482078,0.06698542654657473,-0.0029999999999998916,-0.008569566627292127,0.9829819569331507,-0.0007389660176107399,-0.022678255072463134,-0.005382443645389298,0,0,0,0,0,0,0,0
0.04542512291049425,-0.05939687532961819,1.004,0.007871434926494383,0.06385055160522461,0.11328526306152344,2,0,1,0,1.9545748770895057,0.05939687532961819,-0.0040000000000000036,-0.007871434926494383,0.9595139055719986,-0.013607471175721968,-0.008950504918033432,-0.004438000332407118,0,0,0,0,0,0,0,0
0.05498874064553823,-0.052203348143706155,1.005,0.007330382858376108,0.1442991638183594,0.1067703857421875,2,0,1,0,1.9450112593544617,0.052203348143706155,-0.004999999999999893,-0.007330382858376108,0.9316145196194197,-0.0101162528356794,-0.009119763768115297,-0.004977982562209694,0,0,0,0,0,0,0,0
0.07023869796296367,-0.04486810405271667,1.004,0.006597344572538513,0.2295497589111328,0.10834889984130859,2,0,1,0,1.9297613020370363,0.04486810405271667,-0.0040000000000000036,-0.006597344572538513,0.8861780447080895,-0.019355065418047476,0.002466004918032153,-0.0029922382487470624,0,0,0,0,0,0,0,0
0.09545656028278417,-0.03691916235763317,1.003,0.006771877497737935,0.37904632568359375,0.11673598480224609,2,0,1,0,1.9045434397172158,0.03691916235763317,-0.0029999999999998916,-0.006771877497737935,0.8381076886884282,-0.020400781413477162,0.0024365774647893733,-0.007509340561960846,0,0,0,0,0,0,0,0
0.12622632708538803,-0.029525114048938983,1.004,0.006597344572538513,0.4622869873046875,0.10778266906738282,2,0,1,0,1.873773672914612,0.029525114048938983,-0.0040000000000000036,-0.006597344572538513,0.7686701689442842,-0.028027115117774497,-0.009150333333333987,-0.005724679946541402,0,0,0,0,0,0,0,0
0.16272917295568368,-0.022783931073320156,1.002,0.004555309347705197,0.5481978759765626,0.09750324249267578,2,0,1,0,1.8372708270443163,0.022783931073320156,-0.0020000000000000018,-0.004555309347705197,0.7460174061181246,-0.022444443623827068,0.008414127536231893,0.00432310467330922,0,0,0,0,0,0,0,0
0.2085351314748455,-0.01737492290317571,1.006,0.003089232776029951,0.6874518432617187,0.07800438690185547,2,0,1,0,1.7914648685251544,0.01737492290317571,-0.006000000000000005,-0.003089232776029951,0.6508024742887297,-0.021478492399770815,-0.027548645161290342,0.004004686119172849,0,0,0,0,0,0,0,0
0.2585460499904479,-0.011872729508173651,1.006,0.0014835298641951902,0.7504151611328125,0.08021508026123046,2,0,1,0,1.741453950009552,0.011872729508173651,-0.006000000000000005,-0.0014835298641951902,0.6355434641164182,-0.021197521620488397,-0.005010000000000002,0.005398054043668071,0,0,0,0,0,0,0,0
0.3167265952911116,-0.00755579265517891,1.004,-0.0007330382858376592,0.8728032836914063,0.06345929336547852,2,0,1,0,1.6832734047088884,0.00755579265517891,-0.0040000000000000036,0.0007330382858376592,0.5123620872980921,-0.021449512587328582,0.008430806779661026,0.012003723794479266,0,0,0,0,0,0,0,0
0.3793388321330365,-0.0033027491609993326,1.005,-0.003769911184307759,0.9391365356445313,0.06448409271240234,2,0,1,0,1.6206611678669636,0.0033027491609993326,-0.004999999999999893,0.003769911184307759,0.5186935946051319,-0.018930449315168383,-0.009198677464788103,0.016601768501787056,0,0,0,0,0,0,0,0
0.4509132405767054,-0.00033496936598523524,1.002,-0.00678933079025796,1.073440673828125,0.04856380844116211,2,0,1,0,1.5490867594232947,0.00033496936598523524,-0.0020000000000000018,0.00678933079025796,0.3749703316068504,-0.01676047966963077,0.015618899999999368,0.021886428820008966,0,0,0,0,0,0,0,0
0.5276900334608109,0.0023858308129465766,0.999,-0.008691739674931762,1.1513482666015624,0.04862994766235352,2,0,1,0,1.4723099665391892,-0.0023858308129465766,0.0010000000000000009,0.008691739674931762,0.3712459703089165,-0.014414501931075895,0.015525900000000016,0.016844920609248054,0,0,0,0,0,0,0,0
0.6120892060383019,0.005052039602269329,0.994,-0.011815879036001628,1.2655921630859375,0.0509951171875,2,0,1,0,1.3879107939616981,-0.005052039602269329,0.006000000000000005,0.011815879036001628,0.22143458821504386,-0.0176995212592223,0.033728566666666696,0.02743657584135096,0,0,0,0,0,0,0,0
0.7032081187867429,0.006201149675846501,0.989,-0.012269664641520137,1.366484619140625,0.03338482284545898,2,0,1,0,1.296791881213257,-0.006201149675846501,0.01100000000000001,0.012269664641520137,0.20690104143430665,-0.008554289698701738,0.03400011884057974,0.01424264553507887,0,0,0,0,0,0,0,0
0.7975264821178611,0.005397985540287762,0.985,-0.01174606586592187,1.4148167724609375,0.005311829566955566,2,0,1,0,1.2024735178821389,-0.005397985540287762,0.015000000000000013,0.01174606586592187,0.08150181497548059,0.0022811376222782284,0.034880119672131185,0.009170989920356627,0,0,0,0,0,0,0,0
0.8915858934017176,0.002154178412801723,0.973,-0.01228711793404009,1.4113653564453126,-0.03208171081542969,2,0,1,0,1.1084141065982824,-0.002154178412801723,0.027000000000000024,0.01228711793404009,0.10612187993464933,0.01551225008797955,0.08171830000000008,0.014605912511689603,0,0,0,0,0,0,0,0
0.9875320574722766,-0.0024340524520901873,0.968,-0.012199851471440435,1.439929443359375,-0.051135185241699216,2,0,1,0,1.0124679425277234,0.0024340524520901873,0.03200000000000003,0.012199851471440435,-0.021447317690433287,0.027914729453551227,0.054602024590163986,0.011770672147179834,0,0,0,0,0,0,0,0
1.0831845050840079,-0.007783278702014476,0.935,-0.01204277183876091,1.4356588134765624,-0.06272867202758789,2,0,1,0,0.9168154949159921,0.007783278702014476,0.06499999999999995,0.01204277183876091,-0.0033237361928951104,0.031402554582453286,0.22015330434782562,0.011359816914067327,0,0,0,0,0,0,0,0
1.1778562764936598,-0.01339985386311715,0.893,-0.012147491593880575,1.4209881591796876,-0.06714127349853516,2,0,1,0,0.8221437235063402,0.01339985386311715,0.10699999999999998,0.012147491593880575,-0.1081632278003023,0.03931151065802506,0.3279983065573773,0.012662506782993677,0,0,0,0,0,0,0,0
1.2955080414884157,-0.02383618343060071,0.876,-0.010786134777324994,1.7665478515625,-0.1350963134765625,2,0,1,0,0.7044919585115843,0.02383618343060071,0.124,0.010786134777324994,-0.17230362288828888,0.06102417296990348,0.1808780333333334,0.005340707511102668,0,0,0,0,0,0,0,0
0.3466990881062131,-1.8625574279409056,0.873,-0.010157816246607063,1.70302197265625,-0.12535878753662108,0,0,1,0,-0.3466990881062131,1.8625574279409056,0.127,0.010157816246607063,-6.492452908524297,12.028493855125351,0.1227847482758621,0.006907892811859146,0,1,1.4089460946663894,-0.0334175276834611,-0.5820000000000037,-0.09041352869064136,0.2459741482222588,88.35394287109375,-1.409212850163426,0.019104234253656604,0.5820000000000037,1.3187993214727847,0.2268699139686022,87.77194287109373
0.28890619546269813,-1.2507347394620758,0.877,-0.009058258817850615,1.598914794921875,-0.10633089447021485,0,0,1,0,-0.28890619546269813,1.2507347394620758,0.123,0.009058258817850615,0.16452720243064325,-2.388288452927755,0.08263629014084506,0.004412241513245905,0,1,0.453215903807515,-1.8707285354222816,-0.5190000000000026,-0.21612605631117182,0.27871375113213015,88.72448730468751,-0.4701426218036576,1.8665464965735092,0.5190000000000026,0.2540165654924858,-1.587832745441379,88.20548730468751
0.38751356175397367,-1.257091010342423,0.886,-0.005637413483941709,1.4799134521484374,-0.08194216918945313,0,0,1,0,-0.38751356175397367,1.257091010342423,0.11399999999999999,0.005637413483941709,-0.7649402315389348,0.6700029399066924,0.041505455172413754,-0.012056614105242289,0,0,0,0,0,0,0,0
0.5096224901420916,-1.2739106186686875,0.9,-0.003333578871309204,1.833027099609375,-0.24196449279785157,0,0,1,0,-0.5096224901420916,1.2739106186686875,0.09999999999999998,0.003333578871309204,-0.8418516216589855,0.725045716097636,0.015315799999999949,-0.006539998039972959,0,0,0,0,0,0,0,0
0.6218113171357518,-1.2878611252058698,0.915,-0.0036477381366681414,1.6835206298828125,-0.20364659118652345,0,0,1,0,-0.6218113171357518,1.2878611252058698,0.08499999999999996,0.0036477381366681414,-0.9532952016852356,0.7314400079685024,-0.015165750847457735,0.005245158130018672,0,0,0,0,0,0,0,0
0.7241547571029086,-1.2992252233461425,0.93,-0.001954768762233725,1.53576318359375,-0.1648605194091797,0,0,1,0,-0.7241547571029086,1.2992252233461425,0.06999999999999995,0.001954768762233725,-0.8511640900416704,0.712094763226619,-0.012692700000000084,-0.00530081427105663,0,0,0,0,0,0,0,0
0.8159926062832643,-1.306542625690481,0.947,-0.00022689280275934622,1.3777796630859376,-0.10706800079345703,0,0,1,0,-0.8159926062832643,1.306542625690481,0.05300000000000005,0.00022689280275934622,-0.9128020491895779,0.7017150601174317,-0.04851038360655677,-0.00827085781760645,0,0,0,0,0,0,0,0
0.8968158998348658,-1.3089437235785952,0.963,0.002059488517353261,1.2123575439453125,-0.03574139404296875,0,0,1,0,-0.8968158998348658,1.3089437235785952,0.03700000000000003,-0.002059488517353261,-0.8310194559495896,0.6738522636902287,-0.043510400000000025,-0.011858265603550147,0,0,0,0,0,0,0,0
0.9666036912203059,-1.3053858862984422,0.979,0.0024434609527920117,1.046924560546875,0.05121154022216797,0,0,1,0,-0.9666036912203059,1.3053858862984422,0.02100000000000002,-0.0024434609527920117,-0.8694722958474354,0.6400970363404678,-0.0695177333333334,-0.004363323129985766,0,0,0,0,0,0,0,0
1.0261039223616228,-1.2960589810196341,0.994,0.0008203047484372974,0.8928426513671875,0.1377223663330078,0,0,1,0,-1.0261039223616228,1.2960589810196341,0.006000000000000005,-0.0008203047484372974,-0.7946477400349768,0.6097715261034566,-0.06422995652173918,0.006236896140061459,0,0,0,0,0,0,0,0
1.0806655536515308,-1.2878445886290584,1.015,-0.0029321531433504997,0.8185252685546875,0.12254448699951172,0,0,1,0,-1.0806655536515308,1.2878445886290584,-0.014999999999999902,0.0029321531433504997,-0.8338335351968007,0.6066285445845783,-0.1255263032786879,0.021386864086569174,0,0,0,0,0,0,0,0
1.128246283889848,-1.2746445732204066,1.035,-0.003769911184307759,0.7131273193359375,0.2000920867919922,0,0,1,0,-1.128246283889848,1.2746445732204066,-0.03499999999999992,0.003769911184307759,-0.7866953802582087,0.5810832013548737,-0.12272527536231885,0.007412337449339321,0,0,0,0,0,0,0,0
1.1664667843809615,-1.2568651783093066,1.049,-0.003822271061867619,0.5722980346679688,0.268850341796875,0,0,1,0,-1.1664667843809615,1.2568651783093066,-0.04899999999999993,0.003822271061867619,-0.7775250882230833,0.5411675126878389,-0.11056247777777778,0.004071603812152666,0,0,0,0,0,0,0,0
1.1969260919856777,-1.2347987969277456,1.089,-0.004502949470145354,0.4556211242675781,0.3327396545410156,0,0,1,0,-1.1969260919856777,1.2347987969277456,-0.08899999999999997,0.004502949470145354,-0.7357482414162128,0.5178298292883207,-0.2682973507246378,0.007462420810483332,0,0,0,0,0,0,0,0
1.2226939968317474,-1.2068687014406747,1.111,-0.0051836278784232,0.3846281433105469,0.42068765258789065,0,0,1,0,-1.2226939968317474,1.2068687014406747,-0.11099999999999999,0.0051836278784232,-0.7427229373131891,0.45627724526676766,-0.20990540819672143,0.00853122660765851,0,0,0,0,0,0,0,0
1.2388211280354846,-1.1755165110934676,1.119,-0.005148721293383349,0.23946595764160156,0.4715304870605469,0,0,1,0,-1.2388211280354846,1.1755165110934676,-0.119,0.005148721293383349,-0.685596943845316,0.4426340531358282,-0.13147671014492757,0.004996953532340518,0,0,0,0,0,0,0,0
1.2486685638286679,-1.1385259874125948,1.131,-0.005305800926062818,0.144852783203125,0.5556110229492187,0,0,1,0,-1.2486685638286679,1.1385259874125948,-0.131,0.005305800926062818,-0.6669089496258315,0.3680767016700309,-0.17128300000000007,0.006091199089460162,0,0,0,0,0,0,0,0
1.2497186658718276,-1.097531173230453,1.138,-0.005148721293383349,0.012488669395446777,0.6149971313476562,0,0,1,0,-1.2497186658718276,1.097531173230453,-0.1379999999999999,0.005148721293383349,-0.6160544848076334,0.36204948435155637,-0.14236984225352053,0.004485004535582777,0,0,0,0,0,0,0,0
1.247690660004671,-1.0518841972435555,1.14,-0.004380776422505792,-0.033945022583007814,0.6845389404296875,0,0,1,0,-1.247690660004671,1.0518841972435555,-0.1399999999999999,0.004380776422505792,-0.5987825026772898,0.2756702124517074,-0.1219694666666666,0.0005410520681180062,0,0,0,0,0,0,0,0
1.2379957801813377,-1.0024757370386193,1.147,-0.003944444109507181,-0.14866850280761718,0.7404827270507812,0,0,1,0,-1.2379957801813377,1.0024757370386193,-0.14700000000000002,0.003944444109507181,-0.5574423874389308,0.2673090929700931,-0.1524243463768122,0.0020473470964697434,0,0,0,0,0,0,0,0
1.224535674306095,-0.9483603298430076,1.135,-0.0033859387488690083,-0.20510183715820313,0.8109284057617188,0,0,1,0,-1.224535674306095,0.9483603298430076,-0.135,0.0033859387488690083,-0.5234061122251102,0.18095427539382086,-0.0392881409836065,0.0006391910735993058,0,0,0,0,0,0,0,0
1.2045546238106777,-0.8903893767445378,1.118,-0.0023038346126325686,-0.3026583251953125,0.8685444946289063,0,0,1,0,-1.2045546238106777,0.8903893767445378,-0.1180000000000001,0.0023038346126325686,-0.4930028001929155,0.17732690930314154,-0.011575583098592107,-0.0022684363855495705,0,0,0,0,0,0,0,0
1.1793042012861148,-0.8291870677827636,1.098,-0.0008377580409573231,-0.3808703308105469,0.9171596069335938,0,0,1,0,-1.1793042012861148,0.8291870677827636,-0.09800000000000009,0.0008377580409573231,-0.42978087255954267,0.06992273451029685,0.0386874677966102,-0.006616868594679519,0,0,0,0,0,0,0,0
1.1501882333497746,-0.7632955586139987,1.081,0.0016929693744344638,-0.4375673828125,0.9880064086914062,0,0,1,0,-1.1501882333497746,0.7632955586139987,-0.08099999999999996,-0.0016929693744344638,-0.42230074492742165,0.07576616574175704,0.016871116901409106,-0.012386183805667366,0,0,0,0,0,0,0,0
1.1172412042766944,-0.6979504091070935,1.061,0.004677482395344814,-0.49254531860351564,0.9810125122070312,0,0,1,0,-1.1172412042766944,0.6979504091070935,-0.06099999999999994,-0.004677482395344814,-0.35783599159164015,-0.012850378837247545,0.0653689666666668,-0.019600047499896564,0,0,0,0,0,0,0,0
1.0805391050944337,-0.6324897699378326,1.042,0.005567600313861878,-0.5459326171875,0.9844739379882812,0,0,1,0,-1.0805391050944337,0.6324897699378326,-0.04200000000000004,-0.005567600313861878,-0.3462514485935114,0.00398903788587196,0.05998931159420237,-0.009437678220457806,0,0,0,0,0,0,0,0
1.033559419751979,-0.563523562940548,1.026,0.008866272600131167,-0.6989247436523438,1.0384005126953124,0,0,1,0,-1.033559419751979,0.563523562940548,-0.026000000000000023,-0.008866272600131167,-0.24000657384711271,-0.09381134088197646,0.06805717868852465,-0.025089251057193243,0,0,0,0,0,0,0,0
0.9834412334290086,-0.49604722039268495,1.008,0.012182398178920409,-0.7427694091796875,1.0187706909179688,0,0,1,0,-0.9834412334290086,0.49604722039268495,-0.008000000000000007,-0.012182398178920409,-0.2346005295712103,-0.06887624677456089,0.08059790000000007,-0.026394364945160016,0,0,0,0,0,0,0,0
0.9199221030183224,-0.42531737130841424,0.995,0.015132004614790853,-0.9397916870117188,1.0724759521484375,0,0,1,0,-0.9199221030183224,0.42531737130841424,0.0050000000000000044,-0.015132004614790853,-0.08345558851352824,-0.17919505447950873,0.07686123333333342,-0.029880036794143076,0,0,0,0,0,0,0,0
0.8560914589153856,-0.34879031159086493,0.981,0.019076448724298027,-0.9399805908203125,1.16226220703125,0,0,1,0,-0.8560914589153856,0.34879031159086493,0.019000000000000017,-0.019076448724298027,-0.10351457069761894,-0.18725894338300378,0.08236090000000007,-0.035981209193614486,0,0,0,0,0,0,0,0
0.7884626913353032,-0.27188989319189594,0.963,0.021816615649929087,-0.9922434692382812,1.17264697265625,0,0,1,0,-0.7884626913353032,0.27188989319189594,0.03700000000000003,-0.021816615649929087,-0.0013004573192412217,-0.2841399100064381,0.1302652885245903,-0.03529284643172119,0,0,0,0,0,0,0,0
0.7183439723332039,-0.2040484082186859,0.949,0.023719024534602888,-1.0293311767578126,1.0403245849609375,0,0,1,0,-0.7183439723332039,0.2040484082186859,0.051000000000000045,-0.023719024534602888,0.0009039941010149932,-0.2208114247466189,0.10955299275362328,-0.0319903675114455,0,0,0,0,0,0,0,0
0.6476135654629679,-0.14287542796305366,0.938,0.027593655474030303,-1.038895263671875,0.9424990844726563,0,0,1,0,-0.6476135654629679,0.14287542796305366,0.062000000000000055,-0.027593655474030303,0.07947757043331705,-0.2525171977600704,0.10981967419354849,-0.046341869697066176,0,0,0,0,0,0,0,0
0.577653148310509,-0.08829157334724505,0.93,0.030997047515419256,-1.0264171142578125,0.8473994140625,0,0,1,0,-0.577653148310509,0.08829157334724505,0.06999999999999995,-0.030997047515419256,0.06964632463271458,-0.21129148859239982,0.09518561014492698,-0.045794404217110354,0,0,0,0,0,0,0,0
0.5102052275466069,-0.04257278449018952,0.922,0.03314380249537229,-0.98997900390625,0.7168076782226562,0,0,1,0,-0.5102052275466069,0.04257278449018952,0.07799999999999996,-0.03314380249537229,0.14163868512610794,-0.2239436494869268,0.10814056666666669,-0.04387757739513747,0,0,0,0,0,0,0,0
0.44084400417769476,-0.0017226798118529854,0.916,0.033841934196170036,-1.019541748046875,0.6468921508789063,0,0,1,0,-0.44084400417769476,0.0017226798118529854,0.08399999999999996,-0.033841934196170036,0.12937061839610506,-0.18192508434241886,0.0968619,-0.03683392719958894,0,0,0,0,0,0,0,0
0.3725646689189757,0.027967906898910967,0.916,0.033231068957972,-1.00853466796875,0.47975775146484373,0,0,1,0,-0.3725646689189757,-0.027967906898910967,0.08399999999999996,-0.033231068957972,0.20824358244682503,-0.16289274011895577,0.06737429999999997,-0.03022681368814561,0,0,0,0,0,0,0,0
0.30601717705596654,0.050462695170496036,0.919,0.03352777493081104,-0.986450439453125,0.37040109252929687,0,0,1,0,-0.30601717705596654,-0.050462695170496036,0.08099999999999996,-0.03352777493081104,0.1730250704087378,-0.11317030721473591,0.05097416666666663,-0.03476404981764038,0,0,0,0,0,0,0,0
0.24705425122598504,0.0660163547097306,0.927,0.03124139361069849,-0.8761260986328125,0.2628216552734375,0,0,1,0,-0.24705425122598504,-0.0660163547097306,0.07299999999999995,-0.03124139361069849,0.23467924906502113,-0.10549405158395798,0.01130503793103442,-0.01941528333425426,0,0,0,0,0,0,0,0
0.1959522936545223,0.07604428018175274,0.932,0.028867745827986176,-0.761456787109375,0.17428903198242188,0,0,1,0,-0.1959522936545223,-0.07604428018175274,0.06799999999999995,-0.028867745827986176,0.1597920897836541,-0.06684258235323973,0.03105689999999995,-0.01869496961636197,0,0,0,0,0,0,0,0
0.15298284718099756,0.08137888960447176,0.945,0.024015730507441987,-0.6419635009765625,0.09858968353271484,0,0,1,0,-0.15298284718099756,-0.08137888960447176,0.05500000000000005,-0.024015730507441987,0.17633033988368857,-0.05053764200411216,-0.029846433333332707,0.0002443460952789647,0,0,0,0,0,0,0,0
0.10990905612288238,0.08099938258544662,0.953,0.01879719604397889,-0.6460572509765625,0.009824273109436035,0,0,1,0,-0.10990905612288238,-0.08099938258544662,0.04700000000000004,-0.01879719604397889,0.16250414993514167,-0.017388498001422757,-0.00008409999999998974,0.0035679516565772437,0,0,0,0,0,0,0,0
0.07587621399481233,0.0789418740087754,0.96,0.010925761117484495,-0.5109825439453125,-0.021261911392211914,0,0,1,0,-0.07587621399481233,-0.0789418740087754,0.040000000000000036,-0.010925761117484495,0.15937573687092493,-0.0065000562720971804,-0.005604034426229511,0.027786213930848583,1426001158997,0,0,0,0,0,0,0
0.049669638845530356,0.07586298838260357,0.966,0.003839724354387503,-0.3935797424316406,-0.041885711669921874,0,0,1,0,-0.049669638845530356,-0.07586298838260357,0.03400000000000003,-0.003839724354387503,0.10456593029507914,-0.0018538067626835547,0.0008380333333333385,0.0256854288251833,1426001158997,0,0,0,0,0,0,0
0.02668808162718724,0.06923060964312466,0.972,-0.0005410520681182247,-0.3451028137207031,-0.09816130828857422,0,0,1,0,-0.02668808162718724,-0.06923060964312466,0.028000000000000025,0.0005410520681182247,0.1273299669749104,0.02647839887826652,-0.010839796551724137,0.023200240460389227,1426001158997,0,0,0,0,0,0,0
0.010590672921777382,0.06310636489308792,0.981,-0.003909537524467326,-0.24141139221191407,-0.09199430084228516,0,0,1,0,-0.010590672921777382,-0.06310636489308792,0.019000000000000017,0.003909537524467326,0.07604276434517686,0.01966267949081477,-0.026064197183098617,0.01814257466397057,1426001158997,0,0,0,0,0,0,0
-0.001586381119931947,0.056477623766079205,0.988,-0.006894050545377621,-0.18226568603515625,-0.10014445495605469,0,0,1,-0.003909537524467325,0.001586381119931947,-0.056477623766079205,0.01200000000000001,0.0029845130209102963,0.0007931905599659735,-0.028238811883039602,0.00960000000000001,0.0029845130209102963,1426001158997,0,0,0,0,0,0,0
-0.005383651535998151,0.04869107691291036,0.997,-0.007365289443416083,-0.05615249633789063,-0.11718810272216797,0,0,1,-0.003909537524467325,0.005383651535998151,-0.04869107691291036,0.0030000000000000027,0.003455751918948758,0.02195705709079328,0.015117841491911081,-0.04323147391304351,0.005504616693029027,1426001159327,0,0,0,0,0,0,0
-0.006683095324367851,0.04341318399550949,1.003,-0.008901179185171141,-0.01890803527832031,-0.07930980682373047,0,0,1,-0.003909537524467325,0.006683095324367851,-0.04341318399550949,-0.0029999999999998916,0.004991641660703816,0.010805164085127612,0.008516321265959467,-0.03682382950819603,0.012545197767695904,1426001159388,0,0,0,0,0,0,0
-0.004547404967767252,0.03926856001378012,1.009,-0.011013027580084215,0.032587459564208984,-0.06188174819946289,0,0,1,-0.003909537524467325,0.004547404967767252,-0.03926856001378012,-0.008999999999999897,0.00710349005561689,-0.008393774707934227,0.0010012730244399817,-0.03726059999999994,0.016154268890958633,1426001159458,0,0,0,0,0,0,0
0.002177905349855646,0.03558083902869028,1.017,-0.011746065865921865,0.10148271942138672,-0.05420149230957031,0,0,1,-0.003909537524467325,-0.002177905349855646,-0.03558083902869028,-0.016999999999999904,0.00783652834145454,-0.04031026167975284,0.0036123708512781974,-0.060429266666666634,0.011501719770642793,1426001159518,0,0,0,0,0,0,0
0.004593191936243061,0.03261972897988826,1.026,-0.01350884841043615,0.03674850845336914,-0.04398804473876953,0,0,1,-0.003909537524467325,-0.004593191936243061,-0.03261972897988826,-0.026000000000000023,0.009599310885968826,-0.014196531613682943,-0.0018449185109199774,-0.0655133971830992,0.017047687834620736,1426001159589,0,0,0,0,0,0,0
0.009843345813162459,0.03134789199723871,1.024,-0.015393804002589998,0.07900283050537109,-0.018011993408203125,0,0,1,-0.003909537524467325,-0.009843345813162459,-0.03134789199723871,-0.02400000000000002,0.011484266478122673,-0.03554706984773179,-0.008405781056671738,-0.008024533333333339,0.02090904443889191,1426001159649,0,0,0,0,0,0,0
0.015358561077072178,0.03059405486528697,1.022,-0.01631882850614697,0.08289248657226563,-0.01003276538848877,0,0,1,-0.003909537524467325,-0.015358561077072178,-0.03059405486528697,-0.02200000000000002,0.012409290981679644,-0.03526560717662603,-0.011700141734798572,-0.008245200000000006,0.016373681711209516,1426001159719,0,0,0,0,0,0,0
0.019411661331192584,0.029597343801306852,1.02,-0.01870992958137924,0.06103237533569336,-0.013956591606140137,0,0,1,-0.003909537524467325,-0.019411661331192584,-0.029597343801306852,-0.020000000000000018,0.014800392056911915,-0.03337081279663873,-0.009174582395630654,-0.005098533333333334,0.026755897433073272,1426001159779,0,0,0,0,0,0,0
0.02424728376680799,0.02965746795208747,1.013,-0.01939060798965703,0.07250476837158203,0.002258737564086914,0,0,1,-0.003909537524467325,-0.02424728376680799,-0.02965746795208747,-0.0129999999999999,0.015481070465189706,-0.036340624475457856,-0.015340173325707869,0.02374380000000066,0.018398263643523094,1426001159849,0,0,0,0,0,0,0
0.0271294132932058,0.02945014085238234,1.003,-0.019757127132575884,0.043284114837646485,-0.002271080732345581,0,0,1,-0.003909537524467325,-0.0271294132932058,-0.02945014085238234,-0.0029999999999998916,0.01584758960810856,-0.030432276945876226,-0.013744151024850383,0.055059133333333475,0.017680185322702824,1426001159909,0,0,0,0,0,0,0
0.03006270935210111,0.03140816379891961,0.996,-0.020472712125893525,0.04341061782836914,0.030233858108520507,0,0,1,-0.003909537524467325,-0.03006270935210111,-0.03140816379891961,0.0040000000000000036,0.0165631746014262,-0.029774026929026316,-0.025744671027077844,0.03735379999999947,0.019629967429930378,1426001159979,0,0,0,0,0,0,0
0.03219513515417936,0.032377453439987866,0.995,-0.021519909677090113,0.031682044982910156,0.015191100120544433,0,0,1,-0.003909537524467325,-0.03219513515417936,-0.032377453439987866,0.0050000000000000044,0.01761037215262279,-0.02842862857995737,-0.022020449302079623,0.008922004918032798,0.02276052404375355,1426001160040,0,0,0,0,0,0,0
0.03342741728950497,0.03371415469186105,0.99,-0.02169444260228959,0.018048500061035155,0.02044362449645996,0,0,1,-0.003909537524467325,-0.03342741728950497,-0.03371415469186105,0.010000000000000009,0.017784905077822266,-0.022994349504426446,-0.023834408155110856,0.03225430000000003,0.01853290332867717,1426001160110,0,0,0,0,0,0,0
0.03483657981629882,0.03421813436568413,0.988,-0.022532200643246847,0.020968473434448243,0.00801644515991211,0,0,1,-0.003909537524467325,-0.03483657981629882,-0.03421813436568413,0.01200000000000001,0.018622663118779522,-0.025778536778715916,-0.020363304043910534,0.02059296666666669,0.0228114533235658,1426001160170,0,0,0,0,0,0,0
0.03466868669402464,0.03481967035957463,0.982,-0.023177972466484675,-0.0027210493087768553,0.008964009284973144,0,0,1,-0.003909537524467325,-0.03466868669402464,-0.03481967035957463,0.018000000000000016,0.01926843494201735,-0.016646765092115275,-0.020799485716996406,0.04428528260869569,0.022076138521312256,1426001160239,0,0,0,0,0,0,0
0.0346358135243601,0.0337443106377764,0.979,-0.024294983187761077,-0.00011912870407104492,-0.016137491226196288,0,0,1,-0.003909537524467325,-0.0346358135243601,-0.0337443106377764,0.02100000000000002,0.020385445663293752,-0.017321152129096417,-0.011257574560915092,0.0330494666666667,0.02570454433603852,1426001160302,0,0,0,0,0,0,0
0.03311810041652567,0.0327128181717205,0.976,-0.024940755010999016,-0.022383113861083985,-0.016020858764648437,0,0,1,-0.003909537524467325,-0.03311810041652567,-0.0327128181717205,0.02400000000000002,0.02103121748653169,-0.008955685960555584,-0.01142914132208359,0.03438717647058827,0.02388021082434613,1426001160370,0,0,0,0,0,0,0
0.03406569089999953,0.031884703149120563,0.973,-0.02457423586808022,0.014519211769104003,-0.01206339454650879,0,0,1,-0.003909537524467325,-0.03406569089999953,-0.031884703149120563,0.027000000000000024,0.020664698343612894,-0.022699014494315946,-0.011592206240653269,0.038723814754098404,0.01886214518171717,1426001160431,0,0,0,0,0,0,0
0.03376990339610124,0.03047067033233573,0.971,-0.0244695161129605,-0.003914293766021729,-0.021313108444213868,0,0,1,-0.003909537524467325,-0.03376990339610124,-0.03047067033233573,0.029000000000000026,0.020559978588493174,-0.015679995382885906,-0.00868771933797103,0.0331757549295775,0.020117500749959147,1426001160502,0,0,0,0,0,0,0
0.03288867770355658,0.028820414179629304,0.972,-0.025656340004316606,-0.012608774185180664,-0.025069847106933593,0,0,1,-0.003909537524467325,-0.03288867770355658,-0.028820414179629304,0.028000000000000025,0.02174680247984928,-0.011576739950308314,-0.005223973594099023,0.016851266666666684,0.027680921936629816,1426001160562,0,0,0,0,0,0,0
0.0320304617364101,0.02756607782106653,0.966,-0.026179938779914983,-0.012386330604553223,-0.019139097213745116,0,0,1,-0.003909537524467325,-0.0320304617364101,-0.02756607782106653,0.03400000000000003,0.022270401255447658,-0.01195694679327463,-0.007879744500794832,0.058153982608695705,0.024546917671092777,1426001160631,0,0,0,0,0,0,0
0.033005945548271645,0.02478010130370377,0.963,-0.026476644752753967,0.015721168518066406,-0.04139229965209961,0,0,1,-0.003909537524467325,-0.033005945548271645,-0.02478010130370377,0.03700000000000003,0.022567107228286643,-0.02250808390096244,0.0033873296498802604,0.04784120000000005,0.024050637092481564,1426001160691,0,0,0,0,0,0,0
0.032633908497106796,0.023049620731140693,0.961,-0.0263195651200745,-0.004891420364379883,-0.026095848083496093,0,0,1,-0.003909537524467325,-0.032633908497106796,-0.023049620731140693,0.039000000000000035,0.022410027595607174,-0.014794401619644754,-0.0033626916201507165,0.04221420000000004,0.02173682916983802,1426001160761,0,0,0,0,0,0,0
0.031353486005940595,0.02024041494612264,0.96,-0.027000243528352293,-0.018090757369995117,-0.042628936767578125,0,0,1,-0.003909537524467325,-0.031353486005940595,-0.02024041494612264,0.040000000000000036,0.023090706003884968,-0.008686814831625415,0.00549555560489003,0.03899590491803283,0.02643830473312002,1426001160822,0,0,0,0,0,0,0
0.030139108676818387,0.018077351330276308,0.966,-0.026790804018112964,-0.017333078384399413,-0.032925895690917965,0,0,1,-0.003909537524467325,-0.030139108676818387,-0.018077351330276308,0.03400000000000003,0.02288126649364564,-0.009287223573981615,0.0014182820114414484,-0.001741982608695642,0.021970659927387687,1426001160891,0,0,0,0,0,0,0
0.028615619594334552,0.015935749750312762,0.965,-0.02820452071222835,-0.021983610153198243,-0.03272465515136719,0,0,1,-0.003909537524467325,-0.028615619594334552,-0.015935749750312762,0.03500000000000003,0.024294983187761025,-0.0059614887623492905,0.003795178092388775,0.03544400491803282,0.03124768824078751,1426001160952,0,0,0,0,0,0,0
0.026906025060412942,0.0139537844462699,0.967,-0.027104963283472013,-0.024795324325561523,-0.030440834045410155,0,0,1,-0.003909537524467325,-0.026906025060412942,-0.0139537844462699,0.03300000000000003,0.023195425759004688,-0.005439546885972171,0.0022586271384325753,0.018481445070422556,0.018549408454400448,1426001161023,0,0,0,0,0,0,0
0.02426666114390317,0.011994321477123676,0.968,-0.02752384230395061,-0.03877934646606445,-0.03045411491394043,0,0,1,-0.003909537524467325,-0.02426666114390317,-0.011994321477123676,0.03200000000000003,0.023614304779483286,0.002581645044875373,0.004703610902875212,0.02199809508196724,0.025674365535935408,1426001161084,0,0,0,0,0,0,0
0.02217586463735149,0.00888209494758556,0.968,-0.027070056698432102,-0.030065324783325194,-0.04752880859375,0,0,1,-0.003909537524467325,-0.02217586463735149,-0.00888209494758556,0.03200000000000003,0.023160519173964778,-0.0009266598466981923,0.01079743151660833,0.027956600000000033,0.021187538280406044,1426001161153,0,0,0,0,0,0,0
0.01993939191423376,0.004432446221025739,0.971,-0.02581341963699613,-0.03172823715209961,-0.06762828826904296,0,0,1,-0.003909537524467325,-0.01993939191423376,-0.004432446221025739,0.029000000000000026,0.021903882112528805,0.0026202142385787983,0.02318922434116994,0.008230600000000012,0.015620696805348944,1426001161213,0,0,0,0,0,0,0
0.016771670030479226,0.00013856169538692658,0.973,-0.026406831582674265,-0.04583758544921875,-0.06561322021484375,0,0,1,-0.003909537524467325,-0.016771670030479226,-0.00013856169538692658,0.027000000000000024,0.02249729405820694,0.006984853545353956,0.020849208000731013,0.01431960000000002,0.025040488111113233,1426001161283,0,0,0,0,0,0,0
0.014632168257028358,-0.006297559950070729,0.974,-0.026232298657474784,-0.029532270431518556,-0.09735552978515626,0,0,1,-0.003909537524467325,-0.014632168257028358,0.006297559950070729,0.026000000000000023,0.02232276113300746,0.004687642724149239,0.04014566766307215,0.017842266666666686,0.021450096507010054,1426001161343,0,0,0,0,0,0,0
0.011102546190071446,-0.013751673960836666,0.976,-0.024940755010999016,-0.04999337387084961,-0.11316193389892579,0,0,1,-0.003909537524467325,-0.011102546190071446,0.013751673960836666,0.02400000000000002,0.02103121748653169,0.011612365298282471,0.04360887796222106,0.01224360000000002,0.015496030430206972,1426001161413,0,0,0,0,0,0,0
0.008662665895962438,-0.021191919024886204,0.985,-0.023387411976724056,-0.03380363082885742,-0.11248165893554687,0,0,1,-0.003909537524467325,-0.008662665895962438,0.021191919024886204,0.015000000000000013,0.01947787445225673,0.009178224047276421,0.05276128820638752,-0.03650424426229511,0.011838482480412665,1426001161474,0,0,0,0,0,0,0
0.004956497653755677,-0.030211310774141596,0.987,-0.023474678439323708,-0.05241350555419922,-0.13655392456054688,0,0,1,-0.003909537524467325,-0.004956497653755677,0.030211310774141596,0.013000000000000012,0.019565140914856383,0.015827979149213914,0.06035243704862502,0.0034798724637681248,0.019944560317463566,1426001161543,0,0,0,0,0,0,0
0.0010572016780656525,-0.038569667800846266,0.989,-0.023858650874762515,-0.05553044891357422,-0.12671370697021483,0,0,1,-0.003909537524467325,-0.0010572016780656525,0.038569667800846266,0.01100000000000001,0.01994911335029519,0.021350587813481675,0.06676239141959131,0.000616490163934431,0.02183750237704342,1426001161604,0,0,0,0,0,0,0
-0.0008199721712751748,-0.05348467614813524,0.991,-0.02429498318776107,-0.022812320709228517,-0.22433319091796874,0,0,1,-0.003909537524467325,0.0008199721712751748,0.05348467614813524,0.009000000000000008,0.020385445663293745,0.009302608268794005,0.10087459038418709,0.0005549000000000057,0.02225544129043041,1426001161674,0,0,0,0,0,0,0
-0.003911913891435672,-0.06252772732203794,0.994,-0.023649211364523182,-0.04307025146484375,-0.13673240661621094,0,0,1,-0.003909537524467325,0.003911913891435672,0.06252772732203794,0.006000000000000005,0.019739673840055857,0.019501383731441214,0.08360972271885254,-0.009309100000000004,0.01651081472386642,1426001161734,0,0,0,0,0,0,0
-0.005698765440160239,-0.07237638169935978,0.993,-0.023701571242082983,-0.023301910400390625,-0.14832231140136717,0,0,1,-0.003909537524467325,0.005698765440160239,0.07237638169935978,0.007000000000000006,0.01979203371761566,0.011296729684298207,0.08507685341354644,0.014039900000000015,0.020016433192871948,1426001161804,0,0,0,0,0,0,0
-0.00787290592411994,-0.08124115502325009,0.996,-0.02497566159603885,-0.02945160675048828,-0.13370713806152343,0,0,1,-0.003909537524467325,0.00787290592411994,0.08124115502325009,0.0040000000000000036,0.021066124071571525,0.016136752082641287,0.09202589060458984,-0.010836100000000006,0.02743657584135086,1426001161864,0,0,0,0,0,0,0
-0.008862846287735284,-0.08801626294563442,0.997,-0.0246440490381599,-0.012306546211242676,-0.10196575164794922,0,0,1,-0.003909537524467325,0.008862846287735284,0.08801626294563442,0.0030000000000000027,0.020734511513692575,0.008637944982721246,0.07581182824029686,0.0011563702702702744,0.019390136279048183,1426001161938,0,0,0,0,0,0,0
-0.00855764800384796,-0.09533223973758277,1.001,-0.02438224965036082,0.007280739784240722,-0.10959352111816406,0,0,1,-0.003909537524467325,0.00855764800384796,0.09533223973758277,-0.0009999999999998899,0.020472712125893494,0.001934048781503499,0.09240239116225649,-0.021881003508771174,0.019094820611161488,1426001161995,0,0,0,0,0,0,0
-0.008500815407516326,-0.10079220517561217,1.003,-0.02412045026256163,0.002848931312561035,-0.08185435485839844,0,0,1,-0.003909537524467325,0.008500815407516326,0.10079220517561217,-0.0029999999999998916,0.020210912738094305,0.0035014446226501053,0.07758009110307754,-0.008940599999999913,0.019088915361812068,0,0,0,0,0,0,0,0
-0.008583807850474896,-0.10548670257214296,1.005,-0.023527038316883495,0.0004538116455078125,-0.070427001953125,0,0,1,-0.003909537524467325,0.008583807850474896,0.10548670257214296,-0.004999999999999893,0.01961750079241617,0.004316376694422829,0.08007537277916879,-0.012237266666666585,0.016650441064025495,0,0,0,0,0,0,0,0
-0.00785367802171465,-0.11005593269325034,1.007,-0.02417281014012149,0.012561274528503417,-0.0682618408203125,0,0,1,-0.003909537524467325,0.00785367802171465,0.11005593269325034,-0.006999999999999895,0.020263272615654165,-0.0002309488684543422,0.07822861252435245,-0.0123638275362318,0.023070976194949796,0,0,0,0,0,0,0,0
-0.007650793475543488,-0.11444707165923602,1.013,-0.02518510110627817,0.004634416580200195,-0.06577428436279296,0,0,1,-0.003909537524467325,0.007650793475543488,0.11444707165923602,-0.0129999999999999,0.021275563581810847,0.0022305934663718456,0.0821065726654823,-0.04097046774193542,0.02617374567611737,0,0,0,0,0,0,0,0
-0.007814623630725138,-0.11476240659197784,1.014,-0.02373647782712288,-0.002337559461593628,-0.0047904086112976075,0,0,1,-0.003909537524467325,0.007814623630725138,0.11476240659197784,-0.014000000000000012,0.019826940302655555,0.004238479707488407,0.05905192560773306,-0.01273282972973026,0.013954143224998966,0,0,0,0,0,0,0,0
-0.0078043481221959045,-0.11639276379795005,1.015,-0.023753931119642833,0.0007345187664031983,-0.02444481086730957,0,0,1,-0.003909537524467325,0.0078043481221959045,0.11639276379795005,-0.014999999999999902,0.019844393595175508,0.0033986181042756185,0.06863056768956105,-0.015137099999999223,0.0199378933765324,0,0,0,0,0,0,0,0
-0.008433821442967586,-0.11904259277605533,1.015,-0.024521875990520334,-0.008495367050170899,-0.039960487365722656,0,0,1,-0.003909537524467325,0.008433821442967586,0.11904259277605533,-0.014999999999999902,0.02061233846605301,0.006930846971837653,0.07309822434675703,-0.008992099999999913,0.02390353076981373,0,0,0,0,0,0,0,0
-0.007371452346480927,-0.12041822571204405,1.014,-0.025097834643678405,0.016436691284179687,-0.020237560272216796,0,0,1,-0.003909537524467325,0.007371452346480927,0.12041822571204405,-0.014000000000000012,0.02118829711921108,-0.002940434371695034,0.06863367231958639,-0.002442766666667309,0.024068090385001434,0,0,0,0,0,0,0,0
-0.004398786625576684,-0.1212508301318712,1.013,-0.02497566159603884,0.044889358520507815,-0.011366138458251953,0,0,1,-0.003909537524467325,0.004398786625576684,0.1212508301318712,-0.0129999999999999,0.021066124071571515,-0.012880476978923661,0.0652159251440228,-0.0026388225352106266,0.020549899926615604,0,0,0,0,0,0,0,0
-0.0018422662978725632,-0.12394114936264539,1.015,-0.025970499269675568,0.0393436279296875,-0.03938454055786133,0,0,1,-0.003909537524467325,0.0018422662978725632,0.12394114936264539,-0.014999999999999902,0.022060961745208243,-0.0144166810798182,0.07822459031014685,-0.02092506666666659,0.027035150113391884,0,0,0,0,0,0,0,0
0.0002482962169142408,-0.12500998845822017,1.012,-0.026110125609835194,0.03176419067382812,-0.01521287727355957,0,0,1,-0.003909537524467325,-0.0002482962169142408,0.12500998845822017,-0.01200000000000001,0.02220058808536787,-0.010854693244209993,0.06842316322258746,0.007845132394365666,0.022790558536746573,0,0,0,0,0,0,0,0
0.0033534612977544473,-0.11956058631279795,1.01,-0.026389378290154284,0.044427574157714846,0.0829291763305664,0,0,1,-0.003909537524467325,-0.0033534612977544473,0.11956058631279795,-0.010000000000000009,0.02247984076568696,-0.020524135283714277,0.028173115897146897,0.006461806779661032,0.023899769648665383,0,0,0,0,0,0,0,0
0.006792854467309069,-0.12257619011072883,1.011,-0.0269478836507924,0.05276649475097656,-0.043857013702392575,0,0,1,-0.003909537524467325,-0.006792854467309069,0.12257619011072883,-0.010999999999999899,0.023038346126325077,-0.021274245356401704,0.07738899825090931,-0.011350963768115289,0.025466630303012543,0,0,0,0,0,0,0,0
0.00962173230800608,-0.13042250385723378,1.008,-0.025603980126756774,0.045589000701904296,-0.11650862884521485,0,0,1,-0.003909537524467325,-0.00962173230800608,0.13042250385723378,-0.008000000000000007,0.02169444260228945,-0.02121792419526399,0.11039018270605173,0.013007383870967136,0.015191683615020282,0,0,0,0,0,0,0,0
0.014040081988250486,-0.13070506232556986,1.008,-0.025097834643678405,0.06636203002929687,-0.0025402631759643556,0,0,1,-0.003909537524467325,-0.014040081988250486,0.13070506232556986,-0.008000000000000007,0.02118829711921108,-0.029879233678510406,0.06776120939273785,-0.003983299999999994,0.018987664584087738,0,0,0,0,0,0,0,0
0.018227801576300814,-0.12904364907570437,1.008,-0.025481807079117215,0.06217060852050781,0.02648972511291504,0,0,1,-0.003909537524467325,-0.018227801576300814,0.12904364907570437,-0.008000000000000007,0.02157226955464989,-0.03360019303928931,0.05604325282609411,-0.004032099999999994,0.023460658581398133,0,0,0,0,0,0,0,0
0.021813514791964264,-0.1368941164724355,1.007,-0.024242623310201192,0.056768573760986325,-0.11634837341308593,0,0,1,-0.003909537524467325,-0.021813514791964264,0.1368941164724355,-0.006999999999999895,0.020333085785733868,-0.029568602065936242,0.1094168538721578,0.001792063768116605,0.014945330268707684,0,0,0,0,0,0,0,0
0.025814431286354595,-0.1416134646993498,1.008,-0.02359685148696331,0.06171208572387695,-0.0693146743774414,0,0,1,-0.003909537524467325,-0.025814431286354595,0.1416134646993498,-0.008000000000000007,0.019687313962495984,-0.03635248499341063,0.09911992829786298,-0.009866904918033423,0.016511386962965408,0,0,0,0,0,0,0,0
0.029780532926375378,-0.14284126035566802,1.011,-0.02398082392240206,0.059909503936767576,-0.017008125305175783,0,0,1,-0.003909537524467325,-0.029780532926375378,0.14284126035566802,-0.010999999999999899,0.020071286397934734,-0.035230812140071496,0.07889456575838667,-0.02160619999999936,0.021716882549815096,0,0,0,0,0,0,0,0
0.0326014620187529,-0.14675008384661598,1.013,-0.023823744289722646,0.04370768737792969,-0.057600868225097655,0,0,1,-0.003909537524467325,-0.0326014620187529,0.14675008384661598,-0.0129999999999999,0.01991420676525532,-0.03301631410474406,0.09722719254115013,-0.01976090983606549,0.019141683981586076,0,0,0,0,0,0,0,0
0.035492653525615946,-0.1521486743421716,1.012,-0.022479840765686963,0.04528460311889648,-0.07992279052734375,0,0,1,-0.003909537524467325,-0.035492653525615946,0.1521486743421716,-0.01200000000000001,0.018570303241219638,-0.03216403785619254,0.10349353361434674,-0.0027785794520553183,0.013047412046552445,0,0,0,0,0,0,0,0
0.03727669557089328,-0.14987028977439082,1.013,-0.022706733568446245,0.025985668182373047,0.034768657684326174,0,0,1,-0.003909537524467325,-0.03727669557089328,0.14987028977439082,-0.0129999999999999,0.01879719604397892,-0.030170073645274943,0.06256603365538885,-0.014587550877192212,0.019991368690080405,0,0,0,0,0,0,0,0
0.0383572535834664,-0.1532057310999285,1.01,-0.023719024534602926,0.01734014892578125,-0.04965071487426758,0,0,1,-0.003909537524467325,-0.0383572535834664,0.1532057310999285,-0.010000000000000009,0.0198094870101356,-0.02518534865426766,0.09500828563697174,0.008882799999999462,0.02414787686509281,0,0,0,0,0,0,0,0
0.038323123194565316,-0.1573488156934317,1.008,-0.024469516112960474,0.0009620988368988037,-0.06214093017578125,0,0,1,-0.003909537524467325,-0.038323123194565316,0.1573488156934317,-0.008000000000000007,0.02055997858849315,-0.019593040401848085,0.10427040093157719,0.006909409836065592,0.02425092077713683,0,0,0,0,0,0,0,0
0.03741033484248671,-0.15291615531309607,1.007,-0.024068090385001826,-0.015314539909362794,0.06613500213623047,0,0,1,-0.003909537524467325,-0.03741033484248671,0.15291615531309607,-0.006999999999999895,0.0201585528605345,-0.014728203613225233,0.05590327686499068,0.0012581637681166073,0.018413223608540377,0,0,0,0,0,0,0,0
0.0341595950187928,-0.1525671981267349,1.01,-0.023509585024363653,-0.04887294387817383,0.00405936861038208,0,0,1,-0.003909537524467325,-0.0341595950187928,0.1525671981267349,-0.010000000000000009,0.019600047499896328,0.0008980289754368341,0.07630416007391543,-0.023488414754099005,0.016853299824626626,0,0,0,0,0,0,0,0
0.030234079643900243,-0.15429830832416067,1.009,-0.02424262331020119,-0.05825605010986328,-0.027343658447265624,0,0,1,-0.003909537524467325,-0.030234079643900243,0.15429830832416067,-0.008999999999999897,0.020333085785733864,0.004100173784599825,0.08805938812479774,-0.00046493623188339356,0.023520208767636195,0,0,0,0,0,0,0,0
0.028077037407937332,-0.14981508745071992,1.008,-0.02535963403147759,-0.033976242065429686,0.06644424438476562,0,0,1,-0.003909537524467325,-0.028077037407937332,0.14981508745071992,-0.008000000000000007,0.021450096507010265,-0.002373994754873302,0.05140477268219581,0.0009515049180321639,0.026943591857549944,0,0,0,0,0,0,0,0
0.024757604892176665,-0.14408750012689614,1.009,-0.025691246589356537,-0.05195398712158203,0.08462362670898438,0,0,1,-0.003909537524467325,-0.024757604892176665,0.14408750012689614,-0.008999999999999897,0.021781709064889212,0.0037298680768445332,0.04531081867072341,-0.010720763768115284,0.023223502794797676,0,0,0,0,0,0,0,0
0.019331587094394007,-0.13923045616850752,1.01,-0.026389378290154284,-0.08323495483398438,0.07074082946777344,0,0,1,-0.003909537524467325,-0.019331587094394007,0.13923045616850752,-0.010000000000000009,0.02247984076568696,0.020726272544377335,0.04415192144146032,-0.012247004918033419,0.02591327535977424,0,0,0,0,0,0,0,0
0.014380964763244113,-0.13059061301203093,1.012,-0.027768188399229763,-0.07765308380126953,0.12759309387207032,0,0,1,-0.003909537524467325,-0.014380964763244113,0.13059061301203093,-0.01200000000000001,0.023858650874762438,0.01681173968669649,0.02459248251709536,-0.018193300000000003,0.02976783705651449,0,0,0,0,0,0,0,0
0.008490389010959344,-0.1221262600272183,1.011,-0.029146998508305298,-0.09184971618652343,0.12446310424804688,0,0,1,-0.003909537524467325,-0.008490389010959344,0.1221262600272183,-0.010999999999999899,0.025237460983837973,0.02879712223372173,0.015068059076763667,-0.0017226950819664725,0.03201849430716027,0,0,0,0,0,0,0,0
0.002896686695886044,-0.1174513045122301,1.008,-0.030490902032340925,-0.08591352081298828,0.06764929962158203,0,0,1,-0.003909537524467325,-0.002896686695886044,0.1174513045122301,-0.008000000000000007,0.0265813645078736,0.026167441536344788,0.03766404000097648,0.010101791304347284,0.032424423308028506,0,0,0,0,0,0,0,0
-0.0025515310467739724,-0.11091044191975148,1.005,-0.03111922056305891,-0.0846763687133789,0.09557590484619141,0,0,1,-0.003909537524467325,0.0025515310467739724,0.11091044191975148,-0.004999999999999893,0.027209683038591587,0.03177952025535162,0.020645267076598417,0.014467014754099117,0.030299774173270205,0,0,0,0,0,0,0,0
-0.004957924336389642,-0.09951184436318808,1,-0.031939525311496214,-0.041398296356201174,0.16977308654785156,0,0,1,-0.003909537524467325,0.004957924336389642,0.09951184436318808,0,0.02802998778702889,0.013757888158699405,-0.004447821728404813,0.026253899999999483,0.0315455795660459,1426001164281,0,0,0,0,0,0,0
-0.007718386932761941,-0.08130706613247768,0.997,-0.03399901382884954,-0.050106117248535156,0.271610107421875,0,0,1,-0.003909537524467325,0.007718386932761941,0.08130706613247768,0.0030000000000000027,0.030089476304382214,0.019213482519805283,-0.06270297850040751,0.021171900000000035,0.04038691889114884,1426001164281,0,0,0,0,0,0,0
-0.008479553147007497,-0.07376969772050955,1,-0.035325464060365214,-0.015254100799560548,0.1126070785522461,0,0,1,-0.003909537524467325,0.008479553147007497,0.07376969772050955,0,0.03141592653589789,0.007303133906520329,0.0020876737013161353,-0.013728099999999993,0.037100713242393654,1426001164281,0,0,0,0,0,0,0
-0.009820829331019087,-0.06695572684576653,0.996,-0.03572688978832392,-0.023716440200805666,0.10143522644042968,0,0,1,-0.003909537524467325,0.009820829331019087,0.06695572684576653,0.0040000000000000036,0.031817352263856596,0.011869778590633812,-0.002688180882183998,0.02744711967213119,0.03379157715545678,1426001164281,0,0,0,0,0,0,0
-0.009916562252614308,-0.049100349183852435,0.993,-0.03591887600604329,-0.011001798629760742,0.26760845947265627,0,0,1,-0.003909537524467325,0.009916562252614308,0.049100349183852435,0.007000000000000006,0.03200933848157597,0.004714242298149826,-0.063056192528945,0.02216199130434786,0.03284406116731239,1426001164281,0,0,0,0,0,0,0
-0.008169966663676836,-0.0409779220919562,0.994,-0.035168384427685745,0.02180674934387207,0.12269865417480469,0,0,1,-0.003909537524467325,0.008169966663676836,0.0409779220919562,0.006000000000000005,0.031258846903218424,-0.006661123693322616,-0.02312574315786681,0.0004434950819672302,0.027567904714574744,1426001164602,0,0,0,0,0,0,0
-0.00673128554420212,-0.0362965572741161,0.992,-0.03429571980168852,0.019097841262817383,0.07093583679199218,0,0,1,-0.003909537524467325,0.00673128554420212,0.0362965572741161,0.008000000000000007,0.0303861822772212,-0.0045477078500917095,-0.0022437521943597105,0.017837200000000032,0.026646191022947376,1426001164672,0,0,0,0,0,0,0
-0.005452936123911139,-0.026022520430064887,0.992,-0.03361504139341079,0.013879669189453126,0.15467742919921876,0,0,1,-0.003909537524467325,0.005452936123911139,0.026022520430064887,0.008000000000000007,0.029705503868943463,-0.005447243486219992,-0.04389021460522549,0.007885200000000024,0.026302111827554788,1426001164732,0,0,0,0,0,0,0
-0.005010287222259498,-0.018006150952005532,0.991,-0.031869712141416456,0.0025946848392486574,0.12040076446533203,0,0,1,-0.003909537524467325,0.005010287222259498,0.018006150952005532,0.009000000000000008,0.02796017461694913,-0.000390044398482706,-0.027471047715242135,0.013678677464788763,0.02058554397471956,1426001164803,0,0,0,0,0,0,0
-0.005267760283773686,-0.01095956576405729,0.991,-0.030508355324860875,-0.007228154182434082,0.10552204132080079,0,0,1,-0.003909537524467325,0.005267760283773686,0.01095956576405729,0.009000000000000008,0.02659881780039355,0.003425851031006167,-0.03257553050432761,0.008803100000000025,0.019792033717615645,1426001164863,0,0,0,0,0,0,0
-0.0016904279371430671,-0.0036061086760882013,0.991,-0.029269171555944856,0.05027040863037109,0.1118873519897461,0,0,1,-0.003909537524467325,0.0016904279371430671,0.0036061086760882013,0.009000000000000008,0.02535963403147753,-0.018009463653991604,-0.03244483521941282,0.008865200000000024,0.019971878514451362,1426001164932,0,0,0,0,0,0,0
0.002151159127521829,-0.006388163763515569,0.993,-0.029548424236263998,0.058820377349853514,-0.04002659225463867,0,0,1,-0.003909537524467325,-0.002151159127521829,0.006388163763515569,0.007000000000000006,0.025638886711796673,-0.02382757367257776,0.022212844910685314,-0.00416750983606556,0.0270122605494318,1426001164993,0,0,0,0,0,0,0
0.0030450686124999624,-0.0014831746857574615,0.995,-0.030211649352021835,0.011229084968566895,0.0739388656616211,0,0,1,-0.003909537524467325,-0.0030450686124999624,0.0014831746857574615,0.0050000000000000044,0.02630211182755451,-0.00670431439400733,-0.020726167952074385,-0.004257099999999986,0.029144505180802385,1426001165063,0,0,0,0,0,0,0
0.005283892776600125,0.006167422171026155,0.994,-0.029914943379182796,0.030100507736206053,0.11572100830078125,0,0,1,-0.003909537524467325,-0.005283892776600125,-0.006167422171026155,0.006000000000000005,0.02600540585471547,-0.01641715701075032,-0.04465870310954937,0.012412233333333363,0.024521875990520272,1426001165123,0,0,0,0,0,0,0
0.009393948347947666,-0.0004808575540660642,0.993,-0.02982767691658303,0.06460604858398437,-0.0978355712890625,0,0,1,-0.003909537524467325,-0.009393948347947666,0.0004808575540660642,0.007000000000000006,0.025918139392115704,-0.02539857762047866,0.03561229107642727,0.012290411111111139,0.025554529131283345,1426001165195,0,0,0,0,0,0,0
0.01298719047681171,-0.00021527233097058706,0.995,-0.031189033733138666,0.0537558479309082,0.005589438915252686,0,0,1,-0.003909537524467325,-0.01298719047681171,0.00021527233097058706,0.0050000000000000044,0.02727949620867134,-0.02890665212440515,0.0015589274316969016,-0.006210665517241367,0.034320996983959115,1426001165253,0,0,0,0,0,0,0
0.018541371124680853,-0.0014093202563370316,0.998,-0.031869712141416456,0.08383071899414063,-0.015303986549377441,0,0,1,-0.003909537524467325,-0.018541371124680853,0.0014093202563370316,0.0020000000000000018,0.02796017461694913,-0.03739331290476008,0.009645773206240374,-0.011316232394366191,0.030836280567418668,1426001165324,0,0,0,0,0,0,0
0.022517886203567802,-0.0097696502520918,1.007,-0.03155555287605746,0.06361338043212891,-0.12344063568115235,0,0,1,-0.003909537524467325,-0.022517886203567802,0.0097696502520918,-0.006999999999999895,0.02764601535159014,-0.03521165537899815,0.05671423989140766,-0.0562694999999993,0.026075219024795173,1426001165384,0,0,0,0,0,0,0
0.02655124718640778,-0.012596946186485396,1.008,-0.032131511529215645,0.06180832672119141,-0.04047951889038086,0,0,1,-0.003909537524467325,-0.02655124718640778,0.012596946186485396,-0.008000000000000007,0.02822197400474832,-0.03421738869747465,0.023504593751000162,-0.009625500000000547,0.0306903682325691,1426001165454,0,0,0,0,0,0,0
0.03247431634806437,-0.019246853595663804,1.01,-0.03265511030481391,0.09200469970703125,-0.09684285736083985,0,0,1,-0.003909537524467325,-0.03247431634806437,0.019246853595663804,-0.010000000000000009,0.028745572780346586,-0.051016750755760724,0.050860014810420365,-0.017761909836065574,0.03132064872591183,1426001165515,0,0,0,0,0,0,0
0.03812541452561327,-0.02495723973800467,1.013,-0.03396410724380963,0.08751788330078125,-0.08284255981445313,0,0,1,-0.003909537524467325,-0.03812541452561327,0.02495723973800467,-0.0129999999999999,0.030054569719342308,-0.048969936805111275,0.04496866573820266,-0.024216076470587575,0.03582955621491166,1426001165583,0,0,0,0,0,0,0
0.042017907803677715,-0.030377850859479485,1.017,-0.03577924966588378,0.06111478805541992,-0.07927957916259766,0,0,1,-0.003909537524467325,-0.042017907803677715,0.030377850859479485,-0.016999999999999904,0.031869712141416456,-0.04382945218576798,0.048906336259619,-0.034660945161290244,0.04065265934500105,1426001165645,0,0,0,0,0,0,0
0.043998885056133794,-0.033228097208779714,1.019,-0.03701843343479974,0.03122500991821289,-0.04166339111328125,0,0,1,-0.003909537524467325,-0.043998885056133794,0.033228097208779714,-0.018999999999999906,0.03310889591033242,-0.03292498300505983,0.03421193408553162,-0.023956327536231795,0.03849665142735835,1426001165714,0,0,0,0,0,0,0
0.04763460783402851,-0.03582868072860868,1.021,-0.03857177646907464,0.05594219207763672,-0.03696365737915039,0,0,1,-0.003909537524467325,-0.04763460783402851,0.03582868072860868,-0.020999999999999908,0.03466223894460732,-0.04558417062957096,0.0359976908551381,-0.02701490983606549,0.042301630916451095,1426001165775,0,0,0,0,0,0,0
0.049409856052526166,-0.0371336893362522,1.027,-0.03988077340807042,0.02736377716064453,-0.018533706665039062,0,0,1,-0.003909537524467325,-0.049409856052526166,0.0371336893362522,-0.026999999999999913,0.0359712358836031,-0.034158623531697935,0.02801281248528983,-0.04930372328767117,0.04135067535892821,1426001165848,0,0,0,0,0,0,0
0.050440036865614074,-0.03828769024927042,1.026,-0.040125119503349654,0.016130578994750976,-0.016680147171020506,0,0,1,-0.003909537524467325,-0.050440036865614074,0.03828769024927042,-0.026000000000000023,0.03621558197888233,-0.03240811345317463,0.029318927830592343,-0.013852917241379974,0.03747944109239562,1426001165906,0,0,0,0,0,0,0
0.05042495987289272,-0.03533629142443637,1.025,-0.04028219913602912,-0.0020018746852874755,0.04422627639770508,0,0,1,-0.003909537524467325,-0.05042495987289272,0.03533629142443637,-0.02499999999999991,0.0363726616115618,-0.02614228232497422,0.005932948241986443,-0.0141874362318834,0.037055616536255144,1426001165975,0,0,0,0,0,0,0
0.04858649783572218,-0.034342983452828844,1.021,-0.040125119503349654,-0.028154586791992186,0.013776973724365234,0,0,1,-0.003909537524467325,-0.04858649783572218,0.034342983452828844,-0.020999999999999908,0.03621558197888233,-0.014780613897089944,0.01472879904650597,0.006762819672131264,0.03544305919521282,1426001166036,0,0,0,0,0,0,0
0.044048484231918164,-0.031351243222460995,1.016,-0.040945424251786905,-0.06981558990478516,0.04210939025878906,0,0,1,-0.003909537524467325,-0.044048484231918164,0.031351243222460995,-0.016000000000000014,0.037035886727319584,-0.00007164363708485333,0.0037783754008034395,0.013063918840579176,0.04060242911182937,1426001166105,0,0,0,0,0,0,0
0.03954391301152246,-0.027057235591671207,1.029,-0.039095375244672964,-0.07014849853515626,0.061590278625488284,0,0,1,-0.003909537524467325,-0.03954391301152246,0.027057235591671207,-0.028999999999999915,0.03518583772020564,0.004983511046556265,-0.007814378279977652,-0.09746546393442557,0.026087236045874786,1426001166166,0,0,0,0,0,0,0
0.03397944460037343,-0.024525366286906214,1.026,-0.038589229761594644,-0.08488763427734375,0.03468667602539063,0,0,1,-0.003909537524467325,-0.03397944460037343,0.024525366286906214,-0.026000000000000023,0.034679692237127316,0.008944878827988438,0.003267396023345021,-0.006079166666667191,0.032570752724300954,1426001166238,0,0,0,0,0,0,0
0.027416350429202218,-0.020338744121449003,1.025,-0.03822271061867579,-0.1007958984375,0.058954551696777345,0,0,1,-0.003909537524467325,-0.027416350429202218,0.020338744121449003,-0.02499999999999991,0.03431317309420846,0.02409436053595619,-0.011342111392942465,-0.014077796610168735,0.03244951643529904,1426001166297,0,0,0,0,0,0,0
0.01941377814034381,-0.013015223778086657,1.022,-0.03694862026471992,-0.12414875793457031,0.10518548583984375,0,0,1,-0.003909537524467325,-0.01941377814034381,0.013015223778086657,-0.02200000000000002,0.03303908274025259,0.029741399670432784,-0.027307288455117464,-0.0025444086956527175,0.027499559462183593,1426001166366,0,0,0,0,0,0,0
0.012387188858223597,-0.006541521262136934,1.019,-0.0364250214891216,-0.10891400146484374,0.09314580535888672,0,0,1,-0.003909537524467325,-0.012387188858223597,0.006541521262136934,-0.018999999999999906,0.03251548396465427,0.032970876020344056,-0.030536052552002854,0.0017354147540991124,0.029940408019088753,1426001166427,0,0,0,0,0,0,0
0.00621179420647949,-0.002931585044961867,1.021,-0.036861353802120266,-0.09454141998291016,0.05073978805541992,0,0,1,-0.003909537524467325,-0.00621179420647949,0.002931585044961867,-0.020999999999999908,0.03295181627765294,0.026614702467974483,-0.013244454873288295,-0.027224699999999907,0.03482181190479008,1426001166497,0,0,0,0,0,0,0
0.0018280850168805073,0.0005681789590451336,1.022,-0.03721041965251911,-0.06764562225341797,0.05003750610351562,0,0,1,-0.003909537524467325,-0.0018280850168805073,-0.0005681789590451336,-0.02200000000000002,0.03330088212805178,0.023500123892370724,-0.01736028672016606,-0.023990033333333976,0.035046211380046,1426001166557,0,0,0,0,0,0,0
-0.004574419512287771,0.0044589175242052935,1.019,-0.03693116697219997,-0.09814222717285156,0.05474790573120117,0,0,1,-0.003909537524467325,0.004574419512287771,-0.0044589175242052935,-0.018999999999999906,0.03302162944773264,0.03314546395712745,-0.018347180047439713,-0.0008896999999993341,0.03182483224636489,1426001166627,0,0,0,0,0,0,0
-0.009687171193421716,0.009001764652084271,1.017,-0.03672172746196064,-0.07915499877929688,0.06526458740234375,0,0,1,-0.003909537524467325,0.009687171193421716,-0.009001764652084271,-0.016999999999999904,0.03281218993749331,0.03351951426118376,-0.027670253423663686,-0.002725033333333222,0.03176499238629667,1426001166687,0,0,0,0,0,0,0
-0.016013613516950884,0.011924776566096487,1.013,-0.03691371367968007,-0.09644236755371094,0.040331634521484375,0,0,1,-0.003909537524467325,0.016013613516950884,-0.011924776566096487,-0.0129999999999999,0.03300417615521274,0.03850177176344137,-0.01725522471503311,0.008717300000000119,0.03382697423115316,1426001166757,0,0,0,0,0,0,0
-0.0201183321649942,0.015274437056639067,1.007,-0.03689626038716012,-0.06338314056396484,0.04793838882446289,0,0,1,-0.003909537524467325,0.0201183321649942,-0.015274437056639067,-0.006999999999999895,0.03298672286269279,0.03210619165535886,-0.023233839278152355,0.02734486774193562,0.03290227144727366,1426001166819,0,0,0,0,0,0,0
