0,0,0.736,0,0.005316632747650147,0.0026830737590789796,0,0,0.5,0,0,0,-0.236,0,0,0,-0.1888,0,0,0,0,0,0,0,0,0
-0.0011628378550211588,0.0018965661366780598,0.736,-0.0007853981633971774,-0.017442567825317383,0.028448492050170898,0,0,0.5,0,0.0011628378550211588,-0.0018965661366780598,-0.236,0.0007853981633971774,0.006843609376076428,-0.011161795033825115,-0.190334,0.004410312763691842,0,0,0,0,0,0,0,0
-0.002788868661668782,0.002907045787605398,0.733,-0.00026179938779913314,-0.02440235900878906,0.015138033866882325,0,0,0.5,0,0.002788868661668782,-0.002907045787605398,-0.23299999999999998,0.00026179938779913314,0.010152553437403596,-0.006897689515777612,-0.17329465384615386,-0.0021548103457303017,0,0,0,0,0,0,0,0
-0.003437400895931575,0.0020690412964856964,0.729,0.00010471975511960885,-0.009724692344665527,-0.012572613716125489,0,0,0.5,0,0.003437400895931575,-0.0020690412964856964,-0.22899999999999998,-0.00010471975511960885,0.005215600013814415,0.0034733440024235828,-0.16619853846153843,-0.0017963465685907258,0,0,0,0,0,0,0,0
-0.004209871059510851,0.0036931370736780814,0.725,-0.0001919862177193199,-0.011584501266479492,0.02436264991760254,0,0,0.5,0,0.004209871059510851,-0.0036931370736780814,-0.22499999999999998,0.0001919862177193199,0.006208949650120579,-0.010466102353375936,-0.16480987878787876,0.0015406497306235413,0,0,0,0,0,0,0,0
-0.0056390953592316715,0.004057388904007874,0.716,-0.0005934119456780795,-0.02143941307067871,0.005459661483764648,0,0,0.5,0,0.0056390953592316715,-0.004057388904007874,-0.21599999999999997,0.0005934119456780795,0.010646808524461465,-0.004030198073080683,-0.13098564999999995,0.0024750950454847653,0,0,0,0,0,0,0,0
-0.005346516363004388,0.004056306034968154,0.709,-0.0007155849933178082,0.004388693809509277,-0.000013638734817504882,0,0,0.5,0,0.005346516363004388,-0.004056306034968154,-0.20899999999999996,0.0007155849933178082,0.0011821629642654074,-0.002034839138902931,-0.13999618823529408,0.0012545837329048465,0,0,0,0,0,0,0,0
-0.00592107251759002,0.004618749259343476,0.703,-0.0007504915783573819,-0.008624377250671387,0.008430479049682617,0,0,0.5,0,0.00592107251759002,-0.004618749259343476,-0.20299999999999996,0.0007504915783573819,0.006171071257942168,-0.005449228733632492,-0.13917116666666662,0.0009167134118791612,0,0,0,0,0,0,0,0
-0.0049768756628811375,0.00471034661976786,0.692,-0.00017453292519920016,0.014161917686462402,0.0013845891952514648,0,0,0.5,0,0.0049768756628811375,-0.00471034661976786,-0.19199999999999995,0.00017453292519920016,-0.002573907746789148,-0.0028666211154159374,-0.10572173076923067,-0.0024837377816847154,0,0,0,0,0,0,0,0
-0.004423541458285661,0.005796026581042252,0.682,-0.0005235987755980442,0.008297170639038086,0.01628664779663086,0,0,0.5,0,0.004423541458285661,-0.005796026581042252,-0.18200000000000005,0.0005235987755980442,-0.0006978664564264974,-0.008677463651496185,-0.10512339696969755,0.0021102617319564265,0,0,0,0,0,0,0,0
-0.0035374066970097107,0.00673837914758561,0.673,-0.00129154364647599,0.013284618377685548,0.01414224624633789,0,0,0.5,0,0.0035374066970097107,-0.00673837914758561,-0.17300000000000004,0.00129154364647599,-0.003050371317833254,-0.008549049361675441,-0.10284215000000002,0.0048912852287163605,0,0,0,0,0,0,0,0
-0.0025920114930991045,0.008582575926659945,0.664,-0.0011344640137962436,0.014145188331604004,0.027681243896484374,0,0,0.5,0,0.0025920114930991045,-0.008582575926659945,-0.16400000000000003,0.0011344640137962436,-0.0036139144585799134,-0.013957271250083326,-0.09894477462686566,0.0004311223749317079,0,0,0,0,0,0,0,0
-0.0005228771316381892,0.00992090325803497,0.655,-0.0012217304763961767,0.03101422119140625,0.020110107421875,0,0,0.5,0,0.0005228771316381892,-0.00992090325803497,-0.15500000000000003,0.0012217304763961767,-0.010851002822513996,-0.012205397669777929,-0.09130566153846154,0.0016244987653189448,0,0,0,0,0,0,0,0
0.0010670095992792836,0.010902440378434242,0.648,-0.0005585053606380619,0.02383029556274414,0.014752182006835937,0,0,0.5,0,-0.0010670095992792836,-0.010902440378434242,-0.14800000000000002,0.0005585053606380619,-0.009199829418262426,-0.01086454698083007,-0.09683314999999999,-0.0025503623694781014,0,0,0,0,0,0,0,0
0.003400266318302551,0.01013168051281562,0.641,-0.0004712388980381288,0.03500530242919922,-0.011541849136352538,0,0,0.5,0,-0.003400266318302551,-0.01013168051281562,-0.14100000000000001,0.0004712388980381288,-0.014237664916685927,-0.0009677260829164579,-0.0927385923076923,0.00006847060911536074,0,0,0,0,0,0,0,0
0.0034415279498923113,0.010383692852159624,0.637,0.00031415926535904854,0.0006171430349349975,0.0037804763317108156,0,0,0.5,0,-0.0034415279498923113,-0.010383692852159624,-0.137,-0.00031415926535904854,-0.0019190207163908943,-0.006607716602741113,-0.10658293846153846,-0.003939073865653713,0,0,0,0,0,0,0,0
0.004176110377008869,0.011478551698214566,0.636,0.00003490658503979555,0.011023895263671875,0.01641942024230957,0,0,0.5,0,-0.004176110377008869,-0.011478551698214566,-0.136,-0.00003490658503979555,-0.00579315817610016,-0.01135970853471064,-0.12318733623188406,0.0011792355033047824,0,0,0,0,0,0,0,0
0.005031037519361219,0.012376056593228232,0.631,-0.0002792526803192531,0.012824377059936524,0.013462125778198242,0,0,0.5,0,-0.005031037519361219,-0.012376056593228232,-0.131,0.0002792526803192531,-0.007323799854348523,-0.01132906220069653,-0.0968461935483871,0.0017993781578630368,0,0,0,0,0,0,0,0
0.005107107774509209,0.013132753061795005,0.627,-0.00027925268031925315,0.0011378841400146483,0.011350765228271484,0,0,0.5,0,-0.005107107774509209,-0.013132753061795005,-0.127,0.00027925268031925315,-0.0029485620581038412,-0.010723906279392684,-0.10115903846153845,0.0002792526803192534,0,0,0,0,0,0,0,0
0.003591828885309899,0.014723454386365808,0.621,-0.0002617993877991333,-0.022735845565795897,0.023854171752929688,0,0,0.5,0,-0.003591828885309899,-0.014723454386365808,-0.121,0.0002617993877991333,0.006375545782667359,-0.016019622565512454,-0.08637630769230767,0.0001812457300139648,0,0,0,0,0,0,0,0
0.0009740145341449501,0.016004225908308092,0.617,0.000017453292519897638,-0.03927224349975586,0.019201292037963866,0,0,0.5,0,-0.0009740145341449501,-0.016004225908308092,-0.11699999999999999,-0.000017453292519897638,0.013406964921827118,-0.014897226483089245,-0.09504407878787878,-0.0012867836576064017,0,0,0,0,0,0,0,0
-0.0004977256009848542,0.018418490077921748,0.611,-1.6263032587282567e-19,-0.022075469970703126,0.03621434783935547,0,0,0.5,0,0.0004977256009848542,-0.018418490077921748,-0.11099999999999999,1.6263032587282567e-19,0.0080654971911326,-0.02212746063021083,-0.08037061818181815,0.00007933314781771744,0,0,0,0,0,0,0,0
-0.003207746047762198,0.02081485797749857,0.606,0.00029670597283892864,-0.04065030670166016,0.035945518493652344,0,0,0.5,0,0.003207746047762198,-0.02081485797749857,-0.10599999999999998,-0.00029670597283892864,0.016438302155526174,-0.023641186988934082,-0.08152344999999997,-0.0016875152205214072,0,0,0,0,0,0,0,0
-0.0061292644745552976,0.02315856446037766,0.603,0.0005759586531579596,-0.04381234359741211,0.035168598175048825,0,0,0.5,0,0.0061292644745552976,-0.02315856446037766,-0.10299999999999998,-0.0005759586531579596,0.018813874139865044,-0.02434291433119568,-0.09098285384615382,-0.0018648171777073332,0,0,0,0,0,0,0,0
-0.00983007645392724,0.023484170108684962,0.598,0.00047123889803835073,-0.05550935745239258,0.004916056632995606,0,0,0.5,0,0.00983007645392724,-0.023484170108684962,-0.09799999999999998,-0.00047123889803835073,0.02486686573159368,-0.013654285064379594,-0.07685062307692306,0.000012083048667536228,1426080975047,0,0,0,0,0,0,0
-0.013929539763103117,0.02507935480248265,0.594,0.0002967059728389287,-0.061480667114257814,0.02395674514770508,0,0,0.5,0,0.013929539763103117,-0.02507935480248265,-0.09399999999999997,-0.0002967059728389287,0.02907223567058729,-0.021304373852232897,-0.07964623846153843,0.0005088306050045576,1426080975047,0,0,0,0,0,0,0
-0.019423481118976304,0.0274034328274038,0.589,0.0009075712110369061,-0.08239877319335938,0.0348856201171875,0,0,0.5,0,0.019423481118976304,-0.0274034328274038,-0.08899999999999997,-0.0009075712110369061,0.03845788052770269,-0.026036023221496174,-0.07166159701492533,-0.003642788695505461,1426080975047,0,0,0,0,0,0,0
-0.02622343693035242,0.028099826736944753,0.586,0.00043633231299855524,-0.10198981475830078,0.01053847599029541,0,0,0.5,0,0.02622343693035242,-0.028099826736944753,-0.08599999999999997,-0.00043633231299855524,0.05036220612640548,-0.018069902157846023,-0.07952514999999996,0.0017726000215562143,1426080975047,0,0,0,0,0,0,0
-0.03082094601630217,0.02866612061486474,0.581,0.0005759586531579597,-0.06895892333984376,0.008524497985839844,0,0,0.5,0,0.03082094601630217,-0.02866612061486474,-0.08099999999999996,-0.0005759586531579597,0.040249554095941865,-0.017612552609665055,-0.06553482307692304,-0.001220387915432134,1426080975047,0,0,0,0,0,0,0
-0.034576989739945815,0.029572369991294267,0.578,0.0007679448708777236,-0.05633281707763672,0.013626188278198241,0,0,0.5,0.0005759586531579597,0.034576989739945815,-0.029572369991294267,-0.07799999999999996,-0.00019198621771976388,0.017288494869972908,-0.014786184995647133,-0.06239999999999997,-0.00019198621771976388,1426080975047,0,0,0,0,0,0,0
-0.039045866179978087,0.029696886716069397,0.574,0.002216568150033016,-0.0670316925048828,0.0019192280769348145,0,0,0.5,0.0005759586531579597,0.039045866179978087,-0.029696886716069397,-0.07399999999999995,-0.0016406094968750562,0.04361149373394903,-0.01553822100626623,-0.038142538461538415,-0.008326563092976403,1426080975438,0,0,0,0,0,0,0
-0.041378577197417776,0.02828812937432694,0.571,0.003193952531149735,-0.035037418365478516,-0.021053749084472655,0,0,0.5,0.0005759586531579597,0.041378577197417776,-0.02828812937432694,-0.07099999999999995,-0.0026179938779917755,0.03292819588089428,-0.006823140566778968,-0.04232262352941171,-0.006929983794683184,1426080975505,0,0,0,0,0,0,0
-0.04490806383172208,0.02798598811495374,0.568,0.003961897402027237,-0.05295650482177734,-0.004363000869750977,0,0,0.5,0.0005759586531579597,0.04490806383172208,-0.02798598811495374,-0.06799999999999995,-0.003385938748869277,0.040974840524733304,-0.012471650830162826,-0.03990350909090904,-0.00687659725285792,1426080975572,0,0,0,0,0,0,0
-0.04922544019985049,0.028008545862563843,0.567,0.003682644721708206,-0.06475879669189454,0.0005949379205703735,0,0,0.5,0.0005759586531579597,0.04922544019985049,-0.028008545862563843,-0.06699999999999995,-0.003106686068550246,0.04909871768446768,-0.014205986988405387,-0.04978283870967737,-0.0017554634218452578,1426080975634,0,0,0,0,0,0,0
-0.05462277271506711,0.025469797711617802,0.568,0.004625122517784908,-0.08109967803955079,-0.037782817840576174,0,0,0.5,0.0005759586531579597,0.05462277271506711,-0.025469797711617802,-0.06799999999999995,-0.004049163864626948,0.05608336690668039,0.0006369775204123837,-0.06197983030303027,-0.008333153846793773,1426080975700,0,0,0,0,0,0,0
-0.059344261976691536,0.02448317544788981,0.566,0.005218534463463209,-0.07089002990722656,-0.014471614837646484,0,0,0.5,0.0005759586531579597,0.059344261976691536,-0.02448317544788981,-0.06599999999999995,-0.0046425758103052495,0.05568051838094179,-0.006952848451476828,-0.04456169999999995,-0.007424194305672288,1426080975764,0,0,0,0,0,0,0
-0.06321062136930924,0.024162061489481076,0.562,0.005951572749300692,-0.05801973724365234,-0.004513994216918945,0,0,0.5,0.0005759586531579597,0.06321062136930924,-0.024162061489481076,-0.062000000000000055,-0.005375614096142733,0.05203280460624156,-0.010526609581470808,-0.0318190776119409,-0.008657875077504597,1426080975831,0,0,0,0,0,0,0
-0.06600024181137723,0.024124956157236845,0.559,0.007155849933176749,-0.04184687805175781,-0.0003075321614742279,0,0,0.5,0.0005759586531579597,0.06600024181137723,-0.024124956157236845,-0.05900000000000005,-0.0065798912800187894,0.048294148321867736,-0.012001401170759396,-0.03454425384615388,-0.012138093667139051,1426080975896,0,0,0,0,0,0,0
-0.0687522562586312,0.0221006998534456,0.559,0.007190756518216545,-0.041496437072753904,-0.03006767463684082,0,0,0.5,0.0005759586531579597,0.0687522562586312,-0.0221006998534456,-0.05900000000000005,-0.006614797865058585,0.04974320284832353,-0.00013306374826516781,-0.05107570000000004,-0.006778422482432627,1426080975960,0,0,0,0,0,0,0
-0.06764269574297617,0.019617560140361975,0.558,0.004258603374866165,0.016375144958496093,-0.03736581039428711,0,0,0.5,0.0005759586531579597,0.06764269574297617,-0.019617560140361975,-0.05800000000000005,-0.003682644721708205,0.028207754711550972,0.0033963553340465667,-0.04526808461538465,0.009850369786062779,1426080976025,0,0,0,0,0,0,0
-0.06736057864920571,0.016629616272768197,0.558,0.0011693705988362602,0.0040408515930175784,-0.044836772918701175,0,0,0.5,0.0005759586531579597,0.06736057864920571,-0.016629616272768197,-0.05800000000000005,-0.0005934119456783005,0.03256594512016616,0.007597694233859285,-0.051029700000000046,0.013664585482152027,1426080976090,0,0,0,0,0,0,0
-0.06606029150621516,0.013423415430779646,0.558,-0.002914699850830261,0.019448055267333984,-0.04811578750610351,0,0,0.5,0.0005759586531579597,0.06606029150621516,-0.013423415430779646,-0.05800000000000005,0.0034906585039882207,0.02658303126252483,0.010105586905523156,-0.05141250000000005,0.022054615093381497,1426080976156,0,0,0,0,0,0,0
-0.06486479070472388,0.010118741182629232,0.557,-0.004188790204786575,0.01807691764831543,-0.049517635345458985,0,0,0.5,0.0005759586531579597,0.06486479070472388,-0.010118741182629232,-0.05700000000000005,0.004764748857944535,0.02648559308962687,0.012543166422896091,-0.04559838461538465,0.010645165876204446,1426080976221,0,0,0,0,0,0,0
-0.06415041668820454,0.006830377318243418,0.557,-0.004694935687864499,0.010922129631042481,-0.049280139923095705,0,0,0.5,0.0005759586531579597,0.06415041668820454,-0.006830377318243418,-0.05700000000000005,0.0052708943410224585,0.028760786540524944,0.014095083466484293,-0.051353500000000045,0.007606950416766721,1426080976286,0,0,0,0,0,0,0
-0.0615205851788728,0.000584148156353533,0.556,-0.00548033385126212,0.03988692092895508,-0.0935072021484375,0,0,0.5,0.0005759586531579597,0.0615205851788728,-0.000584148156353533,-0.05600000000000005,0.00605629250442008,0.017171857281850937,0.03314478533768799,-0.045532884615384656,0.009681207104716795,1426080976351,0,0,0,0,0,0,0
-0.059400475273395564,-0.003579849510468668,0.555,-0.007714355293814811,0.03214347076416016,-0.06228474426269531,0,0,0.5,0.0005759586531579597,0.059400475273395564,0.003579849510468668,-0.05500000000000005,0.008290313946972772,0.018895067428025783,0.024017095330608747,-0.04509038461538465,0.01860118214336981,1426080976416,0,0,0,0,0,0,0
-0.05838232692403875,-0.007760507835025858,0.556,-0.008744099552491669,0.015755532264709472,-0.06259019470214844,0,0,0.5,0.0005759586531579597,0.05838232692403875,0.007760507835025858,-0.05600000000000005,0.009320058205649628,0.024522400419406825,0.025530358039266655,-0.05687408059701497,0.013930853393754957,1426080976483,0,0,0,0,0,0,0
-0.055780266251175735,-0.011780204206930607,0.555,-0.009581857593448984,0.039556640625,-0.05995185470581055,0,0,0.5,0.0005759586531579597,0.055780266251175735,0.011780204206930607,-0.05500000000000005,0.010157816246606943,0.014119304430784681,0.0280400143600481,-0.045641144444444476,0.014147140251165586,1426080976546,0,0,0,0,0,0,0
-0.05316533043784015,-0.015984752451054723,0.555,-0.011344640137962879,0.0398265380859375,-0.06268949508666992,0,0,0.5,0.0005759586531579597,0.05316533043784015,0.015984752451054723,-0.05500000000000005,0.011920598791120838,0.013435734410624796,0.030118038657288952,-0.05155970000000004,0.01993324672072945,1426080976612,0,0,0,0,0,0,0
-0.05246070496193492,-0.019239818511981376,0.555,-0.013247049022637068,0.011122603416442872,-0.048702945709228514,0,0,0.5,0.0005759586531579597,0.05246070496193492,0.019239818511981376,-0.05500000000000005,0.013823007675795028,0.023190467811543984,0.02698850961024709,-0.051917200000000045,0.022603356374291284,1426080976677,0,0,0,0,0,0,0
-0.05009272690081265,-0.022550031800531452,0.554,-0.013299408900196982,0.036174293518066405,-0.04917832565307617,0,0,0.5,0.0005759586531579597,0.05009272690081265,0.022550031800531452,-0.05400000000000005,0.013875367553354941,0.013082525133068965,0.028955220385472435,-0.04608358461538466,0.014117028526708389,1426080976742,0,0,0,0,0,0,0
-0.048007041537330215,-0.02422206790360218,0.555,-0.014032447186034021,0.031616060256958005,-0.024662260055541993,0,0,0.5,0.0005759586531579597,0.048007041537330215,0.02422206790360218,-0.05500000000000005,0.014608405839191981,0.013927126965734508,0.02071775877895781,-0.057860580597014974,0.017890666820551862,1426080976809,0,0,0,0,0,0,0
-0.04516955137263293,-0.025552576450894253,0.554,-0.014206980111233888,0.04283820724487305,-0.019358428955078125,0,0,0.5,0.0005759586531579597,0.04516955137263293,0.025552576450894253,-0.05400000000000005,0.014782938764391847,0.00815432019902813,0.01982938206406848,-0.04680308461538466,0.015588475342237383,1426080976874,0,0,0,0,0,0,0
-0.04347072857655703,-0.026977708839272613,0.554,-0.014224433403753785,0.02578346252441406,-0.021012813568115234,0,0,0.5,0.0005759586531579597,0.04347072857655703,0.026977708839272613,-0.05400000000000005,0.014800392056911745,0.013321086095762987,0.02118862994774778,-0.05253330000000005,0.014882204365598766,1426080976938,0,0,0,0,0,0,0
-0.04119955490036175,-0.027722882199589603,0.55,-0.01586504290062862,0.034223148345947266,-0.010691893577575684,0,0,0.5,0.0005759586531579597,0.04119955490036175,0.027722882199589603,-0.050000000000000044,0.01644100155378658,0.009273319416416043,0.01779801569256026,-0.02811983846153849,0.02401304538551658,1426080977003,0,0,0,0,0,0,0
-0.03833580745155241,-0.027024274436000275,0.549,-0.016057029118347717,0.042784561157226564,0.011159271240234374,0,0,0.5,0.0005759586531579597,0.03833580745155241,0.027024274436000275,-0.049000000000000044,0.016632987771505677,0.004675582114317664,0.00969207153734575,-0.04379218461538466,0.01751907800713228,1426080977068,0,0,0,0,0,0,0
-0.036010922574229894,-0.027249837403085526,0.551,-0.01631882850614685,0.03492310333251953,-0.002823071241378784,0,0,0.5,0.0005759586531579597,0.036010922574229894,0.027249837403085526,-0.051000000000000045,0.01689478715930481,0.0068125245633544156,0.01476315853074504,-0.0615662611940299,0.018067023224077047,1426080977135,0,0,0,0,0,0,0
-0.03397286757666753,-0.02756757427363001,0.55,-0.01719149313214418,0.030644527435302736,-0.004266560554504395,0,0,0.5,0.0005759586531579597,0.03397286757666753,0.02756757427363001,-0.050000000000000044,0.01776745178530214,0.006637293207849716,0.015526285367006148,-0.045077944444444476,0.02192299762338466,1426080977198,0,0,0,0,0,0,0
-0.0322400949886243,-0.0274970050630899,0.552,-0.01837831702350034,0.02596955108642578,0.0015051939487457275,0,0,0.5,0.0005759586531579597,0.0322400949886243,0.0274970050630899,-0.052000000000000046,0.0189542756766583,0.00792576759810244,0.013369713286764371,-0.06318276060606066,0.024348929728277204,1426080977264,0,0,0,0,0,0,0
-0.030975210079967945,-0.026872490974121595,0.553,-0.019687313962496004,0.018797916412353517,0.00971480655670166,3,0,0.5,0,3.030975210079968,0.026872490974121595,-0.05300000000000005,0.019687313962496004,1.515487605039984,0.013436245487060797,-0.04240000000000004,0.019687313962496004,0,0,0,0,0,0,0,0
-0.029772257182655814,-0.025693112664058156,0.552,-0.02296853295624523,0.01769253730773926,0.01804246711730957,3,0,0.5,0,3.029772257182656,0.025693112664058156,-0.052000000000000046,0.02296853295624523,1.51063199370425,0.00670283924703335,-0.03672451940298511,0.037660558301391006,0,0,0,0,0,0,0,0
-0.03097121249344657,-0.02445538848970283,0.553,-0.02375393111964285,-0.01840597915649414,0.01814792823791504,3,0,0.5,0,3.0309712124934465,0.02445538848970283,-0.05300000000000005,0.02375393111964285,1.5257477075949528,0.005890899161798085,-0.04825585882352946,0.027218923016985298,0,0,0,0,0,0,0,0
-0.030887328256501728,-0.023683286365119738,0.555,-0.025865779514556035,0.0009828275442123413,0.011608150482177735,3,0,0.5,0,3.030887328256502,0.023683286365119738,-0.05500000000000005,0.025865779514556035,1.5209022102364327,0.007459839879456546,-0.05651970983606562,0.03625191916167006,0,0,0,0,0,0,0,0
-0.030920683539713882,-0.02212456817174611,0.554,-0.026441738167714217,-0.0011048563718795777,0.02336001205444336,3,0,0.5,0,3.030920683539714,0.02212456817174611,-0.05400000000000005,0.026441738167714217,1.5235223918194318,0.0026004945438315927,-0.039121150000000035,0.029141544354393194,0,0,0,0,0,0,0,0
-0.027651257072486963,-0.021854178050733152,0.548,-0.02867575961026691,0.048917022705078125,0.005351022720336914,3,0,0.5,0,3.027651257072487,0.021854178050733152,-0.04800000000000004,0.02867575961026691,1.5063656490811879,0.009570076355478865,-0.008288518181818194,0.03883040253096096,0,0,0,0,0,0,0,0
-0.017701377221172335,-0.020363249231937202,0.544,-0.03138101995085773,0.14854562377929686,0.026633956909179687,3,0,0.5,0,3.0177013772211723,0.020363249231937202,-0.04400000000000004,0.03138101995085773,1.467113806557494,0.002243656808398284,-0.015654238461538475,0.04386683690743075,0,0,0,0,0,0,0,0
-0.002751720452188473,-0.018761528450749722,0.541,-0.03295181627765275,0.223380615234375,0.03104986000061035,3,0,0.5,0,3.0027517204521885,0.018761528450749722,-0.041000000000000036,0.03295181627765275,1.4371318760206415,0.0011162467862407977,-0.019395758208955245,0.039985232666287174,0,0,0,0,0,0,0,0
0.019613242068953082,-0.018143887874992586,0.538,-0.03424335992412874,0.3349870910644531,0.020312070846557617,3,0,0.5,0,2.980386757931047,0.018143887874992586,-0.038000000000000034,0.03424335992412874,1.381672468560975,0.005754718726420255,-0.016240133333333347,0.040393567764490594,0,0,0,0,0,0,0,0
0.047996299511336715,-0.016426348666807054,0.536,-0.03452261260444799,0.4246142272949219,0.04032410430908203,3,0,0.5,0,2.9520037004886635,0.016426348666807054,-0.03600000000000003,0.03452261260444799,1.3454388710460026,-0.0006339284363344414,-0.02110023880597017,0.03577299774020584,0,0,0,0,0,0,0,0
0.08207565395462134,-0.015396506371882574,0.533,-0.035744343080843725,0.5103525390625,0.033082550048828124,3,0,0.5,0,2.9179243460453788,0.015396506371882574,-0.03300000000000003,0.035744343080843725,1.2921648988513437,0.002201273874165849,-0.012952950000000012,0.04147120468894872,0,0,0,0,0,0,0,0
0.12247586417718234,-0.013588106234560231,0.531,-0.03612831551628259,0.6046466674804688,0.0487652473449707,3,0,0.5,0,2.8775241358228176,0.013588106234560231,-0.031000000000000028,0.03612831551628259,1.2523507212656595,-0.002369678115164332,-0.017675882352941194,0.037822311554983445,0,0,0,0,0,0,0,0
0.17293665313052373,-0.013043665576911188,0.53,-0.036739180754480565,0.7561229248046875,0.03550128173828125,3,0,0.5,0,2.827063346869476,0.013043665576911188,-0.030000000000000027,0.036739180754480565,1.1651882359449375,0.0037429182807257465,-0.021980384615384638,0.03955855877693277,0,0,0,0,0,0,0,0
0.23037613202287663,-0.012492039226227995,0.528,-0.037716565135597284,0.8607068481445312,0.039915882110595706,3,0,0.5,0,2.7696238679771232,0.012492039226227995,-0.028000000000000025,0.037716565135597284,1.085642481035488,0.003292433989292891,-0.014648277419354854,0.04244584439906528,0,0,0,0,0,0,0,0
0.2927059295146506,-0.011564452158810974,0.527,-0.03769911184307739,0.9337573852539063,0.049158538818359375,3,0,0.5,0,2.707294070485349,0.011564452158810974,-0.027000000000000024,0.03769911184307739,1.0448704597206602,0.0009554774773023267,-0.019929484615384636,0.037618558185293284,0,0,0,0,0,0,0,0
0.36179554114841844,-0.012479021552915484,0.524,-0.03733259270015866,1.0361248779296874,0.0253512077331543,3,0,0.5,0,2.6382044588515816,0.012479021552915484,-0.02400000000000002,0.03733259270015866,0.9756414875759107,0.011340177561941446,-0.0069162538461538595,0.035640965886687574,0,0,0,0,0,0,0,0
0.4368317335149449,-0.013175064972887222,0.521,-0.03670427416944078,1.1251483154296875,0.03157629776000977,3,0,0.5,0,2.563168266485055,0.013175064972887222,-0.02100000000000002,0.03670427416944078,0.9139168662251129,0.010463429733350883,-0.004899609090909099,0.0338482808479959,0,0,0,0,0,0,0,0
0.5149776777061402,-0.014672437090465892,0.518,-0.036564647829281156,1.172223876953125,0.020569238662719726,3,0,0.5,0,2.48502232229386,0.014672437090465892,-0.018000000000000016,0.036564647829281156,0.8599929007011082,0.015471269966717287,-0.002618409090909095,0.0359299826467374,0,0,0,0,0,0,0,0
0.6040540395318931,-0.01669286769086169,0.514,-0.03731513940763875,1.3363602294921875,0.018558599472045897,3,0,0.5,0,2.395945960468107,0.01669286769086169,-0.014000000000000012,0.03731513940763875,0.7442620815731682,0.019600788833719525,0.006457900000000006,0.040833068681189987,0,0,0,0,0,0,0,0
0.6969990758865348,-0.020639990903172156,0.511,-0.0362504885639221,1.395413818359375,-0.007153850078582763,3,0,0.5,0,2.3030009241134652,0.020639990903172156,-0.01100000000000001,0.0362504885639221,0.6859495950522665,0.031792276962026716,0.003065246153846155,0.03133671543907601,0,0,0,0,0,0,0,0
0.7894159845871174,-0.02445408624195179,0.508,-0.03556981015564431,1.3874163818359375,-0.006932477474212647,3,0,0.5,0,2.2105840154128824,0.02445408624195179,-0.008000000000000007,0.03556981015564431,0.6515837314794124,0.03268798711455182,0.005167690909090913,0.03247581739074526,0,0,0,0,0,0,0,0
0.8826798496741716,-0.029977860316379473,0.504,-0.0346796922371273,1.4010196533203125,-0.033054023742675784,3,0,0.5,0,2.1173201503258285,0.029977860316379473,-0.0040000000000000036,0.0346796922371273,0.5942276816087291,0.04498649546307921,0.01397106153846155,0.030571455690125725,0,0,0,0,0,0,0,0
0.9833886256835098,-0.035501161928473995,0.502,-0.03391174736625002,1.512595947265625,-0.030421968460083007,3,0,0.5,0,2.01661137431649,0.035501161928473995,-0.0020000000000000018,0.03391174736625002,0.5290806379493255,0.04645764649448024,0.0043131176470588275,0.03052375528885026,0,0,0,0,0,0,0,0
1.0886801254024907,-0.04178406663936935,0.5,-0.03319616237293199,1.5816597900390625,-0.040640369415283206,3,0,0.5,0,1.9113198745975093,0.04178406663936935,0,0.03319616237293199,0.42019923788711544,0.055556717492740756,0.006556500000000007,0.029841857716753725,0,0,0,0,0,0,0,0
1.1982167787387255,-0.04827918067473081,0.497,-0.03281218993749335,1.645378173828125,-0.04284010314941406,3,0,0.5,0,1.8017832212612745,0.04827918067473081,0.0030000000000000027,0.03281218993749335,0.3338419607574862,0.060559022119656816,0.014704566666666679,0.030983749768737925,0,0,0,0,0,0,0,0
1.309744554140846,-0.055698171152175555,0.494,-0.03232349774693466,1.6756669921875,-0.05634274673461914,3,0,0.5,0,1.690255445859154,0.055698171152175555,0.006000000000000005,0.03232349774693466,0.29629543204277264,0.06756444260800314,0.016386590909090924,0.030102169608031512,0,0,0,0,0,0,0,0
1.4237968799456837,-0.062244253700741,0.49,-0.030927234345339505,1.7130645751953124,-0.042851024627685544,3,0,0.5,0,1.5762031200543163,0.062244253700741,0.010000000000000009,0.030927234345339505,0.20798955497898397,0.06733307782233887,0.025616500000000025,0.024382249650362217,0,0,0,0,0,0,0,0
1.539987080205987,-0.0675901020382098,0.491,-0.029670597283903533,1.7444991455078125,-0.02625634765625,3,0,0.5,0,1.460012919794013,0.0675901020382098,0.009000000000000008,0.029670597283903533,0.15842156722555567,0.0626009182499524,-0.0023021303030303034,0.023958610641012748,0,0,0,0,0,0,0,0
1.657483086283808,-0.0716589343553899,0.492,-0.028832839242946214,1.7634749755859376,-0.008720643997192383,3,0,0.5,0,1.342516913716192,0.0716589343553899,0.008000000000000007,0.028832839242946214,0.09363489752952814,0.057910574652170956,-0.0030493303030303034,0.02502484814768568,0,0,0,0,0,0,0,0
1.7755017327293656,-0.07451663024402287,0.497,-0.026651177677953435,1.7707796630859376,0.008187496185302734,3,0,0.5,0,1.2244982672706344,0.07451663024402287,0.0030000000000000027,0.026651177677953435,0.02302135957395879,0.05319831057667613,-0.028649876923076942,0.016581970454909837,0,0,0,0,0,0,0,0
1.8930261070549104,-0.0758433434649593,0.504,-0.025062928058638516,1.7627698974609376,0.027083251953125,3,0,0.5,0,1.1069738929450896,0.0758433434649593,-0.0040000000000000036,0.025062928058638516,-0.04225876706791776,0.04577807660747281,-0.04563365000000004,0.017618007968099834,0,0,0,0,0,0,0,0
2.0088839031953984,-0.07561802135968211,0.508,-0.024364796357840605,1.7372364501953126,0.04693024444580078,3,0,0.5,0,0.9911160968046016,0.07561802135968211,-0.008000000000000007,0.024364796357840605,-0.06203948853168639,0.03728356092831304,-0.03150152238805973,0.02123883351844698,0,0,0,0,0,0,0,0
2.122226602810887,-0.07416122625880227,0.507,-0.022933626371205437,1.699103515625,0.06326491928100586,3,0,0.5,0,0.8777733971891131,0.07416122625880227,-0.007000000000000006,0.022933626371205437,-0.13276465861622583,0.02981283412857818,-0.004382050000000002,0.016225017058853083,0,0,0,0,0,0,0,0
2.232263354936268,-0.07151398984704618,0.51,-0.020978857608971776,1.6492066650390624,0.07754791259765625,3,0,0.5,0,0.767736645063732,0.07151398984704618,-0.010000000000000009,0.020978857608971776,-0.15994670570485897,0.022248198314581524,-0.028469646153846173,0.011956847937124112,0,0,0,0,0,0,0,0
2.337627025263765,-0.06796825061721763,0.512,-0.017767451785302365,1.5789915771484375,0.08632809448242187,3,0,0.5,0,0.6623729747362348,0.06796825061721763,-0.01200000000000001,0.017767451785302365,-0.1784325229230571,0.01597137507210631,-0.024601060606060626,0.0031701525868050445,0,0,0,0,0,0,0,0
2.4372581147750276,-0.06412750014975388,0.515,-0.015289084247470438,1.4932069091796876,0.08415362548828124,3,0,0.5,0,0.5627418852249724,0.06412750014975388,-0.015000000000000013,0.015289084247470438,-0.20561064623641612,0.012214881240321863,-0.03264634615384618,0.003850464842092314,0,0,0,0,0,0,0,0
2.5300611381394265,-0.06073639266258517,0.518,-0.012252211349000229,1.39110498046875,0.07214293670654297,3,0,0.5,0,0.46993886186057354,0.06073639266258517,-0.018000000000000016,0.012252211349000229,-0.21494018763683292,0.012979960661249169,-0.035163346153846184,-0.0017641251054776597,0,0,0,0,0,0,0,0
2.6149599495537275,-0.05739140876391435,0.521,-0.008168140899333485,1.2727718505859376,0.06577357482910157,3,0,0.5,0,0.38504005044627254,0.05739140876391435,-0.02100000000000002,0.008168140899333485,-0.21457817604143575,0.011593130911829761,-0.03769984615384618,-0.01068141502220533,0,0,0,0,0,0,0,0
2.691738137566114,-0.05384448028317443,0.537,-0.00478220215046443,1.1511998291015626,0.06260907363891602,3,0,0.5,0,0.308261862433886,0.05384448028317443,-0.03700000000000003,0.00478220215046443,-0.20904046613443084,0.008767271680194803,-0.12074034615384625,-0.010845207459700438,0,0,0,0,0,0,0,0
2.7597050956650757,-0.04968915930751839,0.556,-0.004712388980384617,1.0191946411132813,0.06720455932617188,3,0,0.5,0,0.2402949043349243,0.04968915930751839,-0.05600000000000005,0.004712388980384617,-0.19542266934688313,0.003445949557906825,-0.15245819230769242,0.004390174349247017,0,0,0,0,0,0,0,0
2.8195251831665913,-0.04408998728264785,0.563,-0.0059341194567805716,0.8968955688476562,0.0882150650024414,3,0,0.5,0,0.1804748168334087,0.04408998728264785,-0.06299999999999994,0.0059341194567805716,-0.16266748370581063,-0.0053500063373751044,-0.09169244637681101,0.01124599109328472,0,0,0,0,0,0,0,0
2.8712503221713344,-0.03712988154934953,0.58,-0.0077667151713745036,0.775243896484375,0.10900386810302734,3,0,0.5,0,0.12874967782866564,0.03712988154934953,-0.07999999999999996,0.0077667151713745036,-0.17701175439709557,-0.019696360912027398,-0.16624894193548392,0.0166341137903774,0,0,0,0,0,0,0,0
2.9152363675359116,-0.029423982745638448,0.603,-0.008360127117052805,0.658873046875,0.1207093505859375,3,0,0.5,0,0.08476363246408836,0.029423982745638448,-0.10299999999999998,0.008360127117052805,-0.14021141211464663,-0.025103585891267696,-0.21133069696969706,0.011057454142863268,0,0,0,0,0,0,0,0
2.953052957851442,-0.021507226548803826,0.616,-0.009250245035570035,0.5662362670898438,0.12348941040039063,3,0,0.5,0,0.04694704214855783,0.021507226548803826,-0.11599999999999999,0.009250245035570035,-0.12945765422289923,-0.030812056637988357,-0.17051500000000006,0.013358481582572636,0,0,0,0,0,0,0,0
3.015900800470968,-0.01803475586545855,0.632,-0.01019272283164696,0.9421954956054688,0.06080507659912109,3,0,0.5,0,-0.01590080047096798,0.01803475586545855,-0.132,0.01019272283164696,-0.29054828994569487,-0.008322319087229241,-0.1990346848484849,0.014476712813814794,0,0,0,0,0,0,0,0
3.0717908533090523,-0.014843082084284639,0.64,-0.010995574287564256,0.8378192749023438,0.056417549133300784,3,0,0.5,0,-0.07179085330905233,0.014843082084284639,-0.14,0.010995574287564256,-0.28620240488687887,-0.008679826459079684,-0.16457312307692312,0.01470104254564409,0,0,0,0,0,0,0,0
3.121357669914333,-0.013647225139520382,0.639,-0.012601277199399073,0.7432600708007813,0.026111839294433593,3,0,0.5,0,-0.12135766991433306,0.013647225139520382,-0.139,0.012601277199399073,-0.2854870335253203,0.0012731288720239306,-0.11601634444444446,0.020247481541469627,0,0,0,0,0,0,0,0
3.1663041385628823,-0.013475715012884373,0.633,-0.014364059743913192,0.674111083984375,0.01106796646118164,3,0,0.5,0,-0.1663041385628823,0.013475715012884373,-0.133,0.014364059743913192,-0.27105131047583375,0.0069303940749218685,-0.08583151818181817,0.022376707673522823,0,0,0,0,0,0,0,0
3.2035693088410135,-0.015504483877266368,0.619,-0.015638150097869064,0.5593569946289062,-0.022399482727050782,3,0,0.5,0,-0.20356930884101354,0.015504483877266368,-0.119,0.015638150097869064,-0.2521223395981255,0.01978851985944038,-0.03183858461538458,0.021518567116126933,0,0,0,0,0,0,0,0
3.2335941677845805,-0.017871445203377814,0.604,-0.017104226669544476,0.4508730163574219,-0.028457366943359375,3,0,0.5,0,-0.23359416778458053,0.017871445203377814,-0.10399999999999998,0.017104226669544476,-0.2283003134774691,0.022804653294267653,-0.01512996923076916,0.023870733923430993,0,0,0,0,0,0,0,0
3.256974141845322,-0.020216501145305692,0.587,-0.018378317023500346,0.35124993896484374,-0.029172540664672852,3,0,0.5,0,-0.2569741418453222,0.020216501145305692,-0.08699999999999997,0.018378317023500346,-0.20247229698119568,0.023681250506962976,0.007278115151515233,0.024169636814208847,0,0,0,0,0,0,0,0
3.261748735273822,-0.02170835926382412,0.566,-0.020036379812894856,0.07201805114746093,-0.021057931900024415,3,0,0.5,0,-0.26174873527382214,0.02170835926382412,-0.06599999999999995,0.020036379812894856,-0.10675436867558254,0.020038469454036548,0.04657452307692321,0.027688977302407977,0,0,0,0,0,0,0,0
3.2595469018407197,-0.023979738896087167,0.545,-0.02241002759560695,-0.03233826446533203,-0.034725563049316406,3,0,0.5,0,-0.2595469018407197,0.023979738896087167,-0.04500000000000004,0.02241002759560695,-0.06806893615854612,0.02557803149036243,0.06485334999999945,0.0335365015770699,0,0,0,0,0,0,0,0
3.2482117290165218,-0.02625934298928337,0.52,-0.02389355745980248,-0.1692186737060547,-0.037995479583740235,3,0,0.5,0,-0.24821172901652178,0.02625934298928337,-0.020000000000000018,0.02389355745980248,-0.015395338812028668,0.026222199524148247,0.10047261492537321,0.0305362284935138,0,0,0,0,0,0,0,0
3.232480013919841,-0.028542436947808017,0.498,-0.02523746098383816,-0.2350901794433594,-0.039874397277832034,3,0,0.5,0,-0.23248001391984108,0.028542436947808017,0.0020000000000000018,0.02523746098383816,0.019140959082237077,0.0279593041574154,0.10780090000000009,0.03153700875275541,0,0,0,0,0,0,0,0
3.2120035328831067,-0.03070030569441,0.475,-0.026930430358272243,-0.3062326049804687,-0.040108516693115236,3,0,0.5,0,-0.2120035328831067,0.03070030569441,0.025000000000000022,0.026930430358272243,0.048595872658227575,0.027680122025123002,0.12444075294117657,0.034399412892540254,0,0,0,0,0,0,0,0
3.1916604605469168,-0.03180071948186655,0.455,-0.0285710398551473,-0.3045909729003906,-0.024716943740844727,3,0,0.5,0,-0.19166046054691677,0.03180071948186655,0.044999999999999984,0.0285710398551473,0.06627007887561007,0.023257095930222953,0.13345301111111085,0.03638346603074281,0,0,0,0,0,0,0,0
3.1699766572575707,-0.034757505090924054,0.434,-0.029164451800825157,-0.3238572998046875,-0.05362535095214844,3,0,0.5,0,-0.16997665725757072,0.034757505090924054,0.066,0.029164451800825157,0.08256942616386097,0.034814244907228925,0.1544080500000001,0.031946070296190114,0,0,0,0,0,0,0,0
3.1435614694825897,-0.0362378629122034,0.42,-0.031049407392979008,-0.39541180419921873,-0.03375005340576172,3,0,0.5,0,-0.14356146948258974,0.0362378629122034,0.08000000000000002,0.031049407392979008,0.11717951147384145,0.027258801893429722,0.12553472424242432,0.039617387357314696,0,0,0,0,0,0,0,0
3.1163791741026845,-0.03776543002397353,0.41,-0.032271137869374966,-0.4068265686035156,-0.03556034088134766,3,0,0.5,0,-0.1163791741026845,0.03776543002397353,0.09000000000000002,0.032271137869374966,0.13476184378348469,0.028297862931187794,0.11291660303030308,0.037824458216629324,0,0,0,0,0,0,0,0
3.0935435166342358,-0.03636625641412031,0.402,-0.03333578871309184,-0.34303369140625,0.00992460536956787,3,0,0.5,0,-0.09354351663423577,0.03636625641412031,0.09799999999999998,0.03333578871309184,0.12493156564875497,0.011987167763937403,0.11000022307692278,0.038249561837938956,1426080981241,0,0,0,0,0,0,0
3.0720021992208406,-0.0346753815996068,0.399,-0.03399901382884951,-0.32378558349609377,0.01457957363128662,3,0,0.5,0,-0.07200219922084061,0.0346753815996068,0.10099999999999998,0.03399901382884951,0.12868589955259357,0.00959357056039577,0.08613364615384614,0.03706005282465415,0,0,0,0,0,0,0,0
3.0525780913180878,-0.03172200213540975,0.4,-0.03380702761113019,-0.29269912719726565,0.034370990753173826,3,0,0.5,0,-0.05257809131808777,0.03172200213540975,0.09999999999999998,0.03380702761113019,0.12859818446965518,0.00109059950452442,0.06435104999999998,0.03290709221557088,1426080981370,0,0,0,0,0,0,0
3.038829345893505,-0.027420207981944025,0.403,-0.03448770601940776,-0.20829438781738283,0.05751930618286133,3,0,0.5,0,-0.038829345893505174,0.027420207981944025,0.09699999999999998,0.03448770601940776,0.10213135333568792,-0.007703451043340099,0.05215090909090906,0.0375816987843058,1426080981370,0,0,0,0,0,0,0
3.0314102424956824,-0.02222519683380947,0.406,-0.03403392041388931,-0.11390730285644532,0.07404157257080078,3,0,0.5,0,-0.03141024249568236,0.02222519683380947,0.09399999999999997,0.03403392041388931,0.07285949305773537,-0.015447102437731819,0.05011715384615382,0.03193952531149645,1426080981370,0,0,0,0,0,0,0
3.024539633347549,-0.0174895767699118,0.413,-0.0323758576244948,-0.10541656494140625,0.06748633575439453,3,0,0.5,0,-0.02453963334754894,0.0174895767699118,0.08700000000000002,0.0323758576244948,0.06972690526991587,-0.012849558333526218,0.027269622222222484,0.025467262668684338,1426080981370,0,0,0,0,0,0,0
3.0170337726936873,-0.013284880493874805,0.42,-0.03206169835913597,-0.11457051086425782,0.05939289855957031,3,0,0.5,-0.0323758576244948,-0.017033772693687332,0.013284880493874805,0.08000000000000002,-0.00031415926535882654,-0.008516886346843666,0.006642440246937402,0.06400000000000002,-0.00031415926535882654,1426080981370,0,0,0,0,0,0,0
3.0116953406493274,-0.008372713422457717,0.429,-0.032498030672134526,-0.08239730834960937,0.07107769012451172,3,0,0.5,-0.0323758576244948,-0.011695340649327424,0.008372713422457717,0.07100000000000001,0.0001221730476397287,0.022454477652416337,-0.021857488131184752,0.009541327272727253,0.002105501743087707,1426080981697,0,0,0,0,0,0,0
3.0096193345246016,-0.003209028352301844,0.439,-0.03387684078121001,-0.033640350341796875,0.0764025650024414,3,0,0.5,-0.0323758576244948,-0.00961933452460162,0.003209028352301844,0.061,0.0015009831567152146,0.006354855763183973,-0.026192332034631338,-0.00418105384615388,0.007864722121678994,1426080981762,0,0,0,0,0,0,0
3.0087837733901046,0.0015035803405284748,0.45,-0.03626794185644223,-0.014920492172241211,0.07022406005859375,3,0,0.5,-0.0323758576244948,-0.00878377339010461,-0.0015035803405284748,0.04999999999999999,0.0038920842319474305,0.00008760769957386061,-0.026120740907284095,-0.018040669230769288,0.01492793534840381,1426080981827,0,0,0,0,0,0,0
3.0072524756959007,0.007212832175493969,0.459,-0.03876376268679405,-0.026059621810913085,0.08474958801269532,3,0,0.5,-0.0323758576244948,-0.007252475695900706,-0.007212832175493969,0.04099999999999998,0.006387905062299255,0.004469812648440968,-0.03388087751336971,-0.013466572727272766,0.017732545200262094,1426080981893,0,0,0,0,0,0,0
3.0055757560815217,0.011196429929688466,0.468,-0.04075343803406751,-0.027447608947753905,0.05873438262939453,3,0,0.5,-0.0323758576244948,-0.005575756081521721,-0.011196429929688466,0.03199999999999997,0.008377580409572712,0.006353646287549632,-0.02738880683541974,-0.021953250000000053,0.017704183599917038,1426080981957,0,0,0,0,0,0,0
3.0023374767541107,0.01675558204483798,0.477,-0.04342379178961898,-0.05193123626708984,0.08133902740478516,3,0,0.5,-0.0323758576244948,-0.002337476754110668,-0.01675558204483798,0.02300000000000002,0.01104793416512418,0.016238594886289426,-0.03832786980772371,-0.028246538461538184,0.02337264380613096,1426080982022,0,0,0,0,0,0,0
2.9962573859349435,0.020337402917647462,0.483,-0.0451342144565734,-0.09344770050048828,0.04971760177612305,3,0,0.5,-0.0323758576244948,0.003742614065056493,-0.020337402917647462,0.017000000000000015,0.012758356832078606,0.03408712759431622,-0.029192811553938013,-0.01629098181818183,0.020533005318235084,1426080982088,0,0,0,0,0,0,0
2.9904365815453517,0.02247589949820236,0.488,-0.04696681017116711,-0.08867044830322265,0.028105358123779296,3,0,0.5,-0.0323758576244948,0.009563418454648254,-0.02247589949820236,0.01200000000000001,0.014590952546672316,0.03610363301892038,-0.02279714613795744,-0.015317876923076932,0.0230490866140279,1426080982153,0,0,0,0,0,0,0
2.982458114143001,0.024818405708050474,0.491,-0.048659779545602085,-0.12119473266601563,0.029480064392089844,3,0,0.5,-0.0323758576244948,0.017541885856998896,-0.024818405708050474,0.009000000000000008,0.016283921921107287,0.05107170590413368,-0.024892179218906744,-0.006644490909090915,0.023979237259448068,1426080982219,0,0,0,0,0,0,0
2.9738908293256583,0.025228649000469297,0.489,-0.050998520743274385,-0.12865647888183593,-0.00010439984500408172,3,0,0.5,-0.0323758576244948,0.02610917067434171,-0.025228649000469297,0.01100000000000001,0.018622663118779588,0.059914342620475264,-0.014934583790030674,0.021872500000000017,0.029585512482868496,1426080982283,0,0,0,0,0,0,0
2.9647181596334686,0.025930026009864136,0.49,-0.05333726194094668,-0.1379474639892578,0.003493129253387451,3,0,0.5,-0.0323758576244948,0.03528184036653137,-0.025930026009864136,0.010000000000000009,0.02096140431645188,0.06706257016052454,-0.016835254241422046,0.004815384615384619,0.031755594459554774,1426080982348,0,0,0,0,0,0,0
2.953832887868498,0.02356636645362117,0.49,-0.05490805826774148,-0.16115670776367189,-0.044109203338623046,3,0,0.5,-0.0323758576244948,0.04616711213150193,-0.02356636645362117,0.010000000000000009,0.02253220064324668,0.08000819963184233,0.0004549068001850221,0.010267000000000007,0.029565617031880105,1426080982415,0,0,0,0,0,0,0
2.9438245919583026,0.023891153572842928,0.485,-0.05677556056737565,-0.15016555786132812,-0.0033744354248046874,3,0,0.5,-0.0323758576244948,0.056175408041697406,-0.023891153572842928,0.015000000000000013,0.024399702942880852,0.08207632576772483,-0.013819345021941125,0.041287576923076955,0.0330189443258078,1426080982480,0,0,0,0,0,0,0
2.934637752880244,0.023488939115847433,0.483,-0.057700585070932675,-0.13723818969726562,-0.013843111991882324,3,0,0.5,-0.0323758576244948,0.06536224711975613,-0.023488939115847433,0.017000000000000015,0.025324727446437878,0.08081366428827214,-0.009784001366026949,0.02652616119402987,0.029466628208633515,1426080982547,0,0,0,0,0,0,0
2.925889447925456,0.024059765706445316,0.479,-0.05824163713905061,-0.13149996948242187,0.0009806152582168578,3,0,0.5,-0.0323758576244948,0.07411055207454398,-0.024059765706445316,0.02100000000000002,0.025865779514555813,0.08435129566560265,-0.015259855448453648,0.040953361538461575,0.02836294290586936,1426080982612,0,0,0,0,0,0,0
2.917528611564414,0.023082018334140825,0.476,-0.060039326268604976,-0.12434619903564453,-0.02194144630432129,3,0,0.5,-0.0323758576244948,0.08247138843558588,-0.023082018334140825,0.02400000000000002,0.02766346864411018,0.0886748584381713,-0.006192069354139733,0.038899183870967774,0.03636196443227646,1426080982674,0,0,0,0,0,0,0
2.913038506626386,0.023937470851309896,0.476,-0.061121430404841304,-0.06800016784667968,0.008767353057861329,3,0,0.5,-0.0323758576244948,0.08696149337361403,-0.023937470851309896,0.02400000000000002,0.028745572780346507,0.067590198262886,-0.016691626582685196,0.02212210000000002,0.033664227945057086,1426080982740,0,0,0,0,0,0,0
2.908084201651469,0.0227509745325063,0.474,-0.062081361493438354,-0.07308867645263672,-0.02230359649658203,3,0,0.5,-0.0323758576244948,0.09191579834853103,-0.0227509745325063,0.026000000000000023,0.029705503868943557,0.07258968203954388,-0.0052848775120743425,0.03449976060606064,0.03406882699893015,1426080982806,0,0,0,0,0,0,0
2.906011264967434,0.021883472882584454,0.474,-0.06305874587455529,-0.03022683334350586,-0.014916578292846679,3,0,0.5,-0.0323758576244948,0.09398873503256588,-0.021883472882584454,0.026000000000000023,0.03068288825006049,0.05874984625035912,-0.00641300839479756,0.024060100000000022,0.03526437753654612,1426080982870,0,0,0,0,0,0,0
2.905131620659295,0.021962634016243758,0.476,-0.06391395720803228,-0.013243267059326172,0.00035356926918029787,3,0,0.5,-0.0323758576244948,0.09486837934070502,-0.021962634016243758,0.02400000000000002,0.03153809958353748,0.05258068946592792,-0.011631027838705541,0.012012439393939407,0.03542542382661471,1426080982936,0,0,0,0,0,0,0
2.9067779267546503,0.02036628494847653,0.479,-0.06454227573875038,0.02617356300354004,-0.022319089889526366,3,0,0.5,-0.0323758576244948,0.0932220732453497,-0.02036628494847653,0.02100000000000002,0.03216641811425558,0.0381491816642029,-0.0016960598722193972,0.003946650000000003,0.03511166122699666,1426080983000,0,0,0,0,0,0,0
2.9080575257241668,0.019297240577789435,0.481,-0.06436774281355075,0.02018828010559082,-0.01476431369781494,3,0,0.5,-0.0323758576244948,0.09194247427583324,-0.019297240577789435,0.019000000000000017,0.03199188518905595,0.039682232949302045,-0.004147722092365251,0.008107169230769238,0.0311863486112115,1426080983065,0,0,0,0,0,0,0
2.91041066579981,0.018718524078256225,0.481,-0.0647691685415095,0.03578237915039063,-0.006392344474792481,3,0,0.5,-0.0323758576244948,0.08958933420018989,-0.018718524078256225,0.019000000000000017,0.03239331091701471,0.03334498156679202,-0.006648797338965597,0.019005600000000015,0.034164306775656295,1426080983133,0,0,0,0,0,0,0
2.9131120072314034,0.015466526822334216,0.483,-0.06522295414702818,0.04359238815307617,-0.04605505752563477,3,0,0.5,-0.0323758576244948,0.0868879927685966,-0.015466526822334216,0.017000000000000015,0.032847096522533384,0.02915334827803992,0.010055420933641812,0.006401588888888893,0.0350079803583366,1426080983196,0,0,0,0,0,0,0
2.917797936756224,0.013616840086423302,0.486,-0.06468190207890959,0.07194783782958984,-0.02310510444641113,3,0,0.5,-0.0323758576244948,0.0822020632437761,-0.013616840086423302,0.014000000000000012,0.03230604445441479,0.016639339043906694,0.0028646135886570747,-0.0009501461538461535,0.0298088810630982,1426080983261,0,0,0,0,0,0,0
2.9211180929831007,0.010127973808425186,0.488,-0.06513568768442848,0.05308083724975586,-0.04900449371337891,3,0,0.5,-0.0323758576244948,0.07888190701689934,-0.010127973808425186,0.01200000000000001,0.03275983005993369,0.022656362117749178,0.01314407420548221,0.003076839393939398,0.0348224919032014,1426080983327,0,0,0,0,0,0,0
2.924871007626955,0.008633020431231762,0.488,-0.06511823439190859,0.05763393402099609,-0.018712610244750977,3,0,0.5,-0.0323758576244948,0.07512899237304493,-0.008633020431231762,0.01200000000000001,0.03274237676741379,0.017911124474284112,0.0035599884470849177,0.01375970000000001,0.03266056445872677,1426080983391,0,0,0,0,0,0,0
2.928980265213771,0.006744983915385816,0.49,-0.06417575659583166,0.06335110473632813,-0.02424954605102539,3,0,0.5,-0.0323758576244948,0.07101973478622892,-0.006744983915385816,0.010000000000000009,0.031799898971336865,0.01496155988585712,0.006186838605841342,0.0017789388059701507,0.02757984913815661,1426080983458,0,0,0,0,0,0,0
2.934782131703193,0.005402508421801233,0.49,-0.06466444878638991,0.08814027404785156,-0.014514424324035645,3,0,0.5,-0.0323758576244948,0.06521786829680698,-0.005402508421801233,0.010000000000000009,0.032288591161895114,0.0018396796887344552,0.00433340428120107,0.012290700000000009,0.034579335805136904,1426080983522,0,0,0,0,0,0,0
2.9386187177477123,0.003976228142244026,0.49,-0.0647342619564695,0.05881099319458008,-0.017630722045898436,3,0,0.5,-0.0323758576244948,0.06138128225228767,-0.003976228142244026,0.010000000000000009,0.032358404331974705,0.011031701624245657,0.005382267753223797,0.012355700000000008,0.03268061896311128,1426080983587,0,0,0,0,0,0,0
2.9433585707931864,0.00181464493157545,0.483,-0.06592108584782566,0.07304634094238281,-0.0277565860748291,3,0,0.5,-0.0323758576244948,0.05664142920681359,-0.00181464493157545,0.017000000000000015,0.033545228223330864,0.00383484664073655,0.010421203314567619,0.05575850769230774,0.039022876952666985,1426080983652,0,0,0,0,0,0,0
2.946483335778869,0.0009131831464339867,0.483,-0.06670648401122306,0.04766040420532226,-0.01040497589111328,3,0,0.5,-0.0323758576244948,0.053516664221131105,-0.0009131831464339867,0.017000000000000015,0.034330626386728263,0.011003877993901519,0.004086071423716412,0.018176700000000014,0.03795554098702395,1426080983717,0,0,0,0,0,0,0
2.948725482441421,0.00038467616895295934,0.486,-0.06749188217462068,0.034085830688476565,-0.005668150901794434,3,0,0.5,-0.0323758576244948,0.051274517558578925,-0.00038467616895295934,0.014000000000000012,0.035116024550125885,0.015030109758434938,0.002256899527558298,0.00019885820895522432,0.03863273274444359,1426080983784,0,0,0,0,0,0,0
2.9508573205699657,-0.00022735299145815256,0.49,-0.0682947336305382,0.032523902893066406,-0.007002947807312011,3,0,0.5,-0.0323758576244948,0.04914267943003425,0.00022735299145815256,0.010000000000000009,0.035918876006043404,0.014049858689687254,0.0031492367396265134,-0.00914050000000001,0.039682242205656776,1426080983848,0,0,0,0,0,0,0
2.9527723804658543,-0.001356412654207328,0.491,-0.07021459580773207,0.029814666748046875,-0.014936111450195312,3,0,0.5,-0.0323758576244948,0.04722761953414567,0.001356412654207328,0.009000000000000008,0.03783873818323727,0.014469655482057236,0.006447165798415934,0.00660838461538462,0.04669964053951665,1426080983913,0,0,0,0,0,0,0
2.9528969264447866,-0.0015706150398097514,0.493,-0.07152359274672773,0.002089003086090088,-0.003074052333831787,3,0,0.5,-0.0323758576244948,0.04710307355521337,0.0015706150398097514,0.007000000000000006,0.039147735122232935,0.024100189206954004,0.0015947349590887602,-0.000007861194029850846,0.045008915446094123,1426080983980,0,0,0,0,0,0,0
2.9521170911175525,-0.0021713090291538596,0.496,-0.07157595262428743,-0.011023715019226074,-0.00982330894470215,3,0,0.5,-0.0323758576244948,0.047882908882447506,0.0021713090291538596,0.0040000000000000036,0.03920009499979263,0.029370957384616828,0.00401203171511523,-0.008087946153846158,0.03944175597314506,1426080984045,0,0,0,0,0,0,0
2.9519600604728105,-0.001896890512825685,0.499,-0.07279768310068338,-0.002643803596496582,0.0039372878074646,3,0,0.5,-0.0323758576244948,0.048039939527189546,0.001896890512825685,0.0010000000000000009,0.04042182547618858,0.026127134992723088,-0.000836088825527812,-0.010481446153846162,0.04606058152109299,1426080984110,0,0,0,0,0,0,0
2.950622917981348,0.00041182310699612503,0.502,-0.07291985614832333,-0.022522823333740234,0.033080158233642576,3,0,0.5,-0.0323758576244948,0.049377082018652096,-0.00041182310699612503,-0.0020000000000000018,0.040543998523828534,0.03329425594559806,-0.013138848645783699,-0.013146650000000013,0.0411166846846408,1426080984174,0,0,0,0,0,0,0
2.9510977946084966,0.0013399847250727163,0.507,-0.0730420291959626,0.006089898109436035,0.01440438461303711,3,0,0.5,-0.0323758576244948,0.04890220539150336,-0.0013399847250727163,-0.007000000000000006,0.040666171571467805,0.023219078073003004,-0.005975816164597492,-0.027708976923076944,0.04123004717595675,1426080984239,0,0,0,0,0,0,0
2.9505545097048036,0.0034943401938405064,0.509,-0.07335618846132143,-0.010485823631286622,0.03163445663452148,3,0,0.5,-0.0323758576244948,0.049445490295196404,-0.0034943401938405064,-0.009000000000000008,0.04098033083682663,0.028961438848246798,-0.013482119169779245,-0.013051360606060616,0.04240832749754857,1426080984305,0,0,0,0,0,0,0
2.9492646760622243,0.006085658925941494,0.51,-0.07401941357707954,-0.022144254684448243,0.03734725952148438,3,0,0.5,-0.0323758576244948,0.05073532393777569,-0.006085658925941494,-0.010000000000000009,0.041643555952584746,0.033811547702248985,-0.017528335339344975,-0.00877805000000001,0.04475242368270091,1426080984369,0,0,0,0,0,0,0
2.9482413659129296,0.007389718943693682,0.514,-0.07478735844795704,-0.016754186630249024,0.018372203826904295,3,0,0.5,-0.0323758576244948,0.051758634087070376,-0.007389718943693682,-0.014000000000000012,0.04241150082346225,0.03264975336250816,-0.010826295967814658,-0.027498622388059724,0.04585005994679434,1426080984436,0,0,0,0,0,0,0
2.9471525401565586,0.010175301567771248,0.514,-0.0752062374684357,-0.019408716201782226,0.040446624755859376,3,0,0.5,-0.0323758576244948,0.05284745984344141,-0.010175301567771248,-0.014000000000000012,0.042830379843940905,0.033836854436518626,-0.020647000624202407,-0.006692700000000008,0.04479387525243461,1426080984500,0,0,0,0,0,0,0
2.945369215414437,0.012654895080039778,0.515,-0.07522369076095538,-0.029468835830688475,0.035078907012939455,3,0,0.5,-0.0323758576244948,0.05463078458556314,-0.012654895080039778,-0.015000000000000013,0.04284783313646058,0.038412028804599915,-0.020013025460468136,-0.012974815384615397,0.0429283867942437,1426080984565,0,0,0,0,0,0,0
