0,0,0.482,0,0.019857358932495118,0.04219088363647461,0,0,0.5,0,0,0,0.018000000000000016,0,0,0,0.014400000000000013,0,1426165305970,0,0,0,0,0,0,0
-0.0005867991129557291,0.001453344980875651,0.482,0.00012217304763950665,-0.008801986694335937,0.021800174713134765,0,0,0.5,0,0.0005867991129557291,-0.001453344980875651,0.018000000000000016,-0.00012217304763950665,0.0035028327568867993,-0.008675582995389302,0.014515200000000013,-0.0006948592084496941,1426165305970,0,0,0,0,0,0,0
-0.0020965031681451723,0.00129796189692656,0.48,0.00001745329251978678,-0.022645845413208007,-0.0023279795646667482,0,0,0.5,0,0.0020965031681451723,-0.00129796189692656,0.020000000000000018,-0.00001745329251978678,0.009306162949349757,0.00019900945548151784,0.027180700000000023,0.0004734205596039001,1426165305970,0,0,0,0,0,0,0
-0.00007544075344170297,0.00178924898953394,0.478,-0.0005585053606382839,0.030316064834594727,0.007368777275085449,0,0,0.5,0,0.00007544075344170297,-0.00178924898953394,0.02200000000000002,0.0005585053606382839,-0.010843157044809724,-0.0035429403801286222,0.028755430769230792,0.003216776067521687,1426165305970,0,0,0,0,0,0,0
0.0041272879568844635,0.0016709265036897532,0.476,-0.000052359877559915446,0.06304191207885743,-0.0017396283149719238,0,0,0.5,0,-0.0041272879568844635,-0.0016709265036897532,0.02400000000000002,0.000052359877559915446,-0.02469463803665161,-0.00020235212469472096,0.030511430769230796,-0.0022836961981864004,1426165305970,0,0,0,0,0,0,0
0.008889859899250679,0.00048029144304912786,0.477,0.00043633231299855524,0.07143951416015625,-0.017855785369873048,0,0,0.5,-0.000052359877559915446,-0.008889859899250679,-0.00048029144304912786,0.02300000000000002,-0.0004886921905584707,-0.0044449299496253395,-0.00024014572152456393,0.018400000000000017,-0.0004886921905584707,1426165305970,0,0,0,0,0,0,0
0.016189426486557343,0.0002197492668088622,0.475,-0.00006981317007981325,0.10949178314208985,-0.003955907821655273,0,0,0.5,-0.000052359877559915446,-0.016189426486557343,-0.0002197492668088622,0.025000000000000022,0.0000174532925198978,-0.04802457925056338,0.001314824753378764,0.031097500000000028,0.00239001024444975,1426165306359,0,0,0,0,0,0,0
0.023731887058256653,-0.0001529446937270651,0.472,0.00006981317007970222,0.11313729858398437,-0.005582510948181152,0,0,0.5,-0.000052359877559915446,-0.023731887058256653,0.0001529446937270651,0.028000000000000025,-0.00012217304763961767,-0.05250497972089464,0.00208324475503869,0.038895846153846184,-0.0007666023099143044,1426165306424,0,0,0,0,0,0,0
0.033288655029110416,-0.0011898682977816875,0.469,0.0006108652381978663,0.14335043334960937,-0.015563861846923828,0,0,0.5,-0.000052359877559915446,-0.033288655029110416,0.0011898682977816875,0.031000000000000028,-0.0006632251157577818,-0.06815127194292211,0.006179101128867917,0.04149734615384619,-0.003160388507072385,1426165306489,0,0,0,0,0,0,0
0.042043494315615396,-0.0031175901142380855,0.468,0.0012566370614358613,0.13130490112304688,-0.028996042251586914,0,0,0.5,-0.000052359877559915446,-0.042043494315615396,0.0031175901142380855,0.03199999999999997,-0.0013089969389957767,-0.06752409848386029,0.011784352063989059,0.03165773030302999,-0.00424432340825939,1426165306555,0,0,0,0,0,0,0
0.05309225298565339,-0.004598292298924677,0.466,0.0019896753472733453,0.16570333862304687,-0.022418779373168947,0,0,0.5,-0.000052359877559915446,-0.05309225298565339,0.004598292298924677,0.033999999999999975,-0.0020420352248332607,-0.08614912566441306,0.010277936601542791,0.03894493076923076,-0.005425288851775494,1426165306620,0,0,0,0,0,0,0
0.06660336801243347,-0.007516202448930025,0.467,0.0022340214425526916,0.20257923889160157,-0.04417180633544922,0,0,0.5,-0.000052359877559915446,-0.06660336801243347,0.007516202448930025,0.032999999999999974,-0.002286381320112607,-0.10510517789984493,0.01924260655346278,0.022290469696969673,-0.0033970453895641813,1426165306686,0,0,0,0,0,0,0
0.07900000979989628,-0.009451575732979466,0.473,0.0022689280275925983,0.18588430786132812,-0.02944594192504883,0,0,0.5,-0.000052359877559915446,-0.07900000979989628,0.009451575732979466,0.027000000000000024,-0.0023212879051525137,-0.10857364853757864,0.015494555541475896,-0.010369733333333034,-0.0024875097386758784,1426165306749,0,0,0,0,0,0,0
0.08965784429475343,-0.011833007883467108,0.471,0.0020071286397934647,0.15978605651855468,-0.0360841178894043,0,0,0.5,-0.000052359877559915446,-0.08965784429475343,0.011833007883467108,0.029000000000000026,-0.00205948851735338,-0.10247895081891993,0.018763985466502757,0.0355213307692308,-0.0008511836505881484,1426165306814,0,0,0,0,0,0,0
0.09890935812169727,-0.014663514087189395,0.47,0.002076941809873278,0.1386872100830078,-0.042736042022705076,0,0,0.5,-0.000052359877559915446,-0.09890935812169727,0.014663514087189395,0.030000000000000027,-0.0021293016874331934,-0.09811144098822827,0.02215219336522409,0.030976980597014953,-0.0024418979713726557,1426165306881,0,0,0,0,0,0,0
0.10877772108448644,-0.01617234504564126,0.47,0.0016580627893945093,0.14797811889648438,-0.022939855575561524,0,0,0.5,-0.000052359877559915446,-0.10877772108448644,0.01617234504564126,0.030000000000000027,-0.0017104226669544247,-0.10960958754248096,0.01651296519809501,0.025942100000000023,0.000284239335325426,0,0,0,0,0,0,0,0
0.11600956574773023,-0.01835666025085256,0.47,0.002652900463031348,0.10842319488525391,-0.03294454574584961,0,0,0.5,-0.000052359877559915446,-0.11600956574773023,0.01835666025085256,0.030000000000000027,-0.0027052603405912637,-0.09741737944252801,0.02099635767507234,0.02613710000000002,-0.007296818834299751,0,0,0,0,0,0,0,0
0.12233468691076604,-0.019647055762415117,0.472,0.001727875959474322,0.09482513427734375,-0.01960756301879883,0,0,0.5,-0.000052359877559915446,-0.12233468691076604,0.019647055762415117,0.028000000000000025,-0.0017802358370342375,-0.09577710026172567,0.016840912282067477,0.013949869230769244,0.002489108025536652,0,0,0,0,0,0,0,0
0.12559270607288406,-0.021590529072005277,0.472,0.001361356816555469,0.04881984329223633,-0.02923649787902832,0,0,0.5,-0.000052359877559915446,-0.12559270607288406,0.021590529072005277,0.028000000000000025,-0.0014137166941153845,-0.08070803064931904,0.021184913016138916,0.02490390000000002,0.00025227941006122,0,0,0,0,0,0,0,0
0.12552697369968316,-0.023166248297965604,0.474,0.0016755160819144066,-0.001018161416053772,-0.023634424209594728,0,0,0.5,-0.000052359877559915446,-0.12552697369968316,0.023166248297965604,0.026000000000000023,-0.001727875959474322,-0.06312543910305332,0.02016617482256576,0.012703669230769245,-0.0031778417995924953,0,0,0,0,0,0,0,0
0.12408797864098041,-0.02558855818277248,0.477,0.0006632251157577807,-0.021645774841308595,-0.03629843139648437,0,0,0.5,-0.000052359877559915446,-0.12408797864098041,0.02558855818277248,0.02300000000000002,-0.0007155849933176961,-0.05509210737634708,0.025952527413884798,0.005068553846153855,0.003956527158174423,0,0,0,0,0,0,0,0
0.12178729741057796,-0.028571134818068573,0.479,0.0007679448708773894,-0.03453988265991211,-0.04471575164794922,0,0,0.5,-0.000052359877559915446,-0.12178729741057796,0.028571134818068573,0.02100000000000002,-0.0008203047484373049,-0.049569999026475964,0.0302361598865611,0.009154939393939404,-0.0012963036353446171,0,0,0,0,0,0,0,0
0.11789415844251959,-0.03218283633290748,0.483,0.0005585053606380607,-0.058438671112060546,-0.05413066101074219,0,0,0.5,-0.000052359877559915446,-0.11789415844251959,0.03218283633290748,0.017000000000000015,-0.0006108652381979761,-0.03860886035471797,0.035997406040423535,-0.005205200000000004,0.00037088246604887723,0,0,0,0,0,0,0,0
0.1131538588136931,-0.03483218426127886,0.484,-0.00010471975511972106,-0.07112667846679688,-0.03970050048828125,0,0,0.5,-0.000052359877559915446,-0.1131538588136931,0.03483218426127886,0.016000000000000014,0.00005235987755980562,-0.03284236810221536,0.03143380214654997,0.010753119402985086,0.003022024574982709,0,0,0,0,0,0,0,0
0.10751770167798641,-0.037813233922690856,0.484,-0.00026179938779924536,-0.08453767395019532,-0.0447245979309082,0,0,0.5,-0.000052359877559915446,-0.10751770167798641,0.037813233922690856,0.016000000000000014,0.0002094395102393299,-0.023542800854223563,0.03566965908471072,0.016077800000000017,0.0009574377610942074,0,0,0,0,0,0,0,0
0.10137221565019874,-0.04135450032234714,0.486,-0.0003665191429188542,-0.09216838073730468,-0.05314312744140625,0,0,0.5,-0.000052359877559915446,-0.10137221565019874,0.04135450032234714,0.014000000000000012,0.00031415926535893876,-0.018756855256597364,0.03997414323851472,0.0037995692307692362,0.0007974812120648257,0,0,0,0,0,0,0,0
0.0945725589593639,-0.04576069320812432,0.49,-0.0008377580409573161,-0.10197061920166016,-0.06613027191162109,0,0,0.5,-0.000052359877559915446,-0.0945725589593639,0.04576069320812432,0.010000000000000009,0.0007853981633974006,-0.012451737929557519,0.046505258596582874,-0.009777321212121218,0.0029273931544813183,1426165307660,0,0,0,0,0,0,0
0.0885156460931222,-0.048719877069255915,0.493,-0.000855211333477325,-0.09081647491455078,-0.04446385574340821,0,0,0.5,-0.000052359877559915446,-0.0885156460931222,0.048719877069255915,0.007000000000000006,0.0008028514559174096,-0.012925455945257229,0.04058441099752548,-0.007073546153846158,0.0008834051137020662,1426165307660,0,0,0,0,0,0,0
0.08323540304746764,-0.05499165351595823,0.495,-0.0013788101090755915,-0.07912316131591797,-0.09414434814453125,0,0,0.5,-0.000052359877559915446,-0.08323540304746764,0.05499165351595823,0.0050000000000000044,0.001326450231515676,-0.014953127112810091,0.06108194731833652,-0.003092760606060608,0.0037064446660532505,1426165307660,0,0,0,0,0,0,0
0.07756704889953289,-0.05762076594015061,0.495,-0.0018325957145941556,-0.08497085571289062,-0.039553882598876954,0,0,0.5,-0.000052359877559915446,-0.07756704889953289,0.05762076594015061,0.0050000000000000044,0.0017802358370342401,-0.009171070082091382,0.04355191883974239,0.007545300000000006,0.003907355862902509,1426165307660,0,0,0,0,0,0,0
0.07309179177297168,-0.05938032955578214,0.502,-0.0018151424220741467,-0.06708037567138672,-0.026516429901123045,0,0,0.5,-0.000052359877559915446,-0.07309179177297168,0.05938032955578214,-0.0020000000000000018,0.0017627825445142313,-0.013882224556190193,0.039566912606906354,-0.03576000769230772,0.0016822288867295752,1426165307660,0,0,0,0,0,0,0
0.06802721671355187,-0.060070306359168484,0.503,-0.0024260076602722353,-0.07594971466064453,-0.010487528800964355,0,0,0.5,-0.000052359877559915446,-0.06802721671355187,0.060070306359168484,-0.0030000000000000027,0.00237364778271232,-0.008220904309644013,0.03419163310333583,-0.004271815384615389,0.005193025805165036,1426165307986,0,0,0,0,0,0,0
0.06344224185663254,-0.06018537378164208,0.506,-0.0024609142453120305,-0.06877023315429688,-0.001892853856086731,0,0,0.5,-0.000052359877559915446,-0.06344224185663254,0.06018537378164208,-0.006000000000000005,0.002408554367752115,-0.009985861970110782,0.0311591103433279,-0.016545991304347838,0.0025603221287947026,1426165308055,0,0,0,0,0,0,0
0.06053285015892238,-0.06029440028292322,0.509,-0.0026354471705115636,-0.04363671875,-0.0017427889108657837,0,0,0.5,-0.000052359877559915446,-0.06053285015892238,0.06029440028292322,-0.009000000000000008,0.002583087292951648,-0.015663133446800842,0.03127363651965413,-0.020451966666666686,0.0034141964605684727,1426165308118,0,0,0,0,0,0,0
0.057421092255455414,-0.05956328536302139,0.51,-0.00246091424531203,-0.046705108642578125,0.010843672752380372,0,0,0.5,-0.000052359877559915446,-0.057421092255455414,0.05956328536302139,-0.010000000000000009,0.0024085543677521146,-0.013289865169026745,0.026342212059227224,-0.01011805000000001,0.0015904312808793012,1426165308182,0,0,0,0,0,0,0
0.05453958532769994,-0.05859590706637124,0.512,-0.0010122909661567378,-0.043258182525634764,0.014404263496398926,3,0,0.5,0,2.9454604146723002,0.05859590706637124,-0.01200000000000001,0.0010122909661567378,1.4727302073361501,0.02929795353318562,-0.00960000000000001,0.0010122909661567378,0,0,0,0,0,0,0,0
0.051409341083211296,-0.05645971291157281,0.515,-0.001832595714594155,-0.04698607635498047,0.031995365142822266,3,0,0.5,0,2.9485906589167885,0.05645971291157281,-0.015000000000000013,0.001832595714594155,1.4930670747031656,0.01676397135872587,-0.028251346153846175,0.0056186176304591565,0,0,0,0,0,0,0,0
0.04708129912044848,-0.05467689382931415,0.518,-0.0015358897417551151,-0.06496952819824219,0.026623268127441407,3,0,0.5,0,2.9529187008795517,0.05467689382931415,-0.018000000000000016,0.0015358897417551151,1.503276598391972,0.01795688885993858,-0.030525390909090934,0.00018722622885038892,0,0,0,0,0,0,0,0
0.0440241748775013,-0.053379817134780023,0.523,-0.0021293016874331947,-0.04588669204711914,0.019385696411132813,3,0,0.5,0,2.955975825122499,0.053379817134780023,-0.02300000000000002,0.0021293016874331947,1.5000163893771838,0.01991948779354999,-0.04528325151515155,0.004826628713242647,0,0,0,0,0,0,0,0
0.04447717829805468,-0.05184873186245434,0.522,-0.0033510321638291493,0.006746133804321289,0.022980695724487306,3,0,0.5,0,2.9555228217019454,0.05184873186245434,-0.02200000000000002,0.0033510321638291493,1.4829231588743608,0.017559017584231094,-0.012551144444444454,0.00916879633714322,0,0,0,0,0,0,0,0
0.047068381075958704,-0.05015607828597245,0.518,-0.003839724354387509,0.03878274154663086,0.025519908905029295,3,0,0.5,0,2.9529316189240413,0.05015607828597245,-0.018000000000000016,0.003839724354387509,1.4723519511711185,0.01627562988974104,0.006186621212121213,0.006061052493289144,0,0,0,0,0,0,0,0
0.05741666918767566,-0.04869654243565502,0.519,-0.005480333851262232,0.15513911437988281,0.02248889350891113,3,0,0.5,0,2.942583330812324,0.04869654243565502,-0.019000000000000017,0.005480333851262232,1.4271101617620248,0.016694668731764693,-0.021333615384615402,0.013052377682991723,0,0,0,0,0,0,0,0
0.07563415047602211,-0.04859336134890854,0.514,-0.0047123889803848415,0.2732496337890625,0.0030452537536621092,3,0,0.5,0,2.9243658495239777,0.04859336134890854,-0.014000000000000012,0.0047123889803848415,1.3775296802766537,0.023978112600188724,0.014883076923076931,0.0011680280378738085,0,0,0,0,0,0,0,0
0.10157035836599652,-0.047734914651933184,0.514,-0.0066846110351384,0.38897811889648437,0.01470987319946289,3,0,0.5,0,2.8984296416340034,0.047734914651933184,-0.014000000000000012,0.0066846110351384,1.3270281735230907,0.019583615914871153,-0.012132400000000012,0.015649256738563665,0,0,0,0,0,0,0,0
0.13670379061546223,-0.04679420200159616,0.516,-0.007923794804054363,0.5268953857421875,0.017633148193359375,3,0,0.5,0,2.8632962093845378,0.04679420200159616,-0.016000000000000014,0.007923794804054363,1.2566985057443263,0.01855105442004966,-0.024772300000000025,0.013732468720847938,0,0,0,0,0,0,0,0
0.177094604572305,-0.04576879045845918,0.514,-0.009529497715889068,0.6057213134765626,0.020181367874145508,3,0,0.5,0,2.822905395427695,0.04576879045845918,-0.014000000000000012,0.009529497715889068,1.2129849466580447,0.01769117389807216,-0.0015565692307692343,0.016940434232049245,0,0,0,0,0,0,0,0
0.22117478244183195,-0.04436754219658075,0.515,-0.01089085453244465,0.6609723510742187,0.027318603515625,3,0,0.5,0,2.7788252175581682,0.04436754219658075,-0.015000000000000013,0.01089085453244465,1.172885288431011,0.014995652491722172,-0.018607915384615398,0.017174039839624254,0,0,0,0,0,0,0,0
0.27757126443736174,-0.044308340956072556,0.515,-0.011170107212763791,0.8458873901367188,0.010100872039794921,3,0,0.5,0,2.722428735562638,0.044308340956072556,-0.015000000000000013,0.011170107212763791,1.0801380654328825,0.022221259331236955,-0.013320800000000011,0.012458965737313678,0,0,0,0,0,0,0,0
0.34355219430440864,-0.04258501311526067,0.516,-0.012479104151759568,0.9893634643554687,0.03690328598022461,3,0,0.5,0,2.656447805695591,0.04258501311526067,-0.016000000000000014,0.012479104151759568,1.007924285815021,0.012704444410134106,-0.019451880597014942,0.018340284475621256,0,0,0,0,0,0,0,0
0.4138918899629917,-0.042107114657647576,0.517,-0.012775810124598608,1.054923828125,0.0203342227935791,3,0,0.5,0,2.5861081100370082,0.042107114657647576,-0.017000000000000015,0.012775810124598608,0.9282840984083954,0.01883949010229089,-0.020690655555555576,0.014188695709546416,0,0,0,0,0,0,0,0
0.49051747659697825,-0.04290803872935615,0.513,-0.01176351915844187,1.1494434814453125,0.0026710290908813477,3,0,0.5,0,2.5094825234030216,0.04290803872935615,-0.013000000000000012,0.01176351915844187,0.8697792430791975,0.026235501872933865,0.009518861538461543,0.007091407006949239,0,0,0,0,0,0,0,0
0.5707380111098018,-0.04348276852046828,0.51,-0.011536626355682644,1.203326171875,0.005534460067749023,3,0,0.5,0,2.429261988890198,0.04348276852046828,-0.010000000000000009,0.011536626355682644,0.8184596759332056,0.025286706815604576,0.006223490909090912,0.010505295434049797,0,0,0,0,0,0,0,0
0.6543283813449193,-0.044911842456167805,0.503,-0.009826203688728219,1.2540194091796875,-0.006969740390777588,3,0,0.5,0,2.345671618655081,0.044911842456167805,-0.0030000000000000027,0.009826203688728219,0.7534991092408556,0.03067764048264948,0.03358720769230772,0.001931945225861641,0,0,0,0,0,0,0,0
0.7431466973341436,-0.04561600529398793,0.499,-0.008569566627292247,1.332314208984375,0.002529059648513794,3,0,0.5,0,2.2568533026658564,0.04561600529398793,0.0010000000000000009,0.008569566627292247,0.7035735080624039,0.026990094832842513,0.019689935294117663,0.0030255795915453106,0,0,0,0,0,0,0,0
0.8366106503236964,-0.04659525327245627,0.498,-0.008028514559173971,1.40203369140625,-0.0026741437911987306,3,0,0.5,0,2.1633893496763035,0.04659525327245627,0.0020000000000000018,0.008028514559173971,0.6121333924737622,0.029158511919314303,0.005299315384615389,0.005531351167858856,0,0,0,0,0,0,0,0
0.9406917192897236,-0.04674570876342536,0.494,-0.008901179185171082,1.561183837890625,0.010277351379394532,3,0,0.5,0,2.0593082807102765,0.04674570876342536,0.006000000000000005,0.008901179185171082,0.4770826467168944,0.024839193787553254,0.02573254516129034,0.013123749956124843,0,0,0,0,0,0,0,0
1.052915262915125,-0.04642960222480005,0.491,-0.010088003076527352,1.6832442626953126,0.019725040435791017,3,0,0.5,0,1.947084737084875,0.04642960222480005,0.009000000000000008,0.010088003076527352,0.4055102820443163,0.022159862115092133,0.02176424615384617,0.015565651805863983,0,0,0,0,0,0,0,0
1.1637530751799994,-0.04746110957119697,0.488,-0.01097812099504436,1.662638671875,0.0012998754978179932,3,0,0.5,0,1.8362469248200006,0.04746110957119697,0.01200000000000001,0.01097812099504436,0.36780764124144083,0.029879166967408242,0.02399869090909093,0.015024111533758034,0,0,0,0,0,0,0,0
1.2859405435811555,-0.049763345872599146,0.486,-0.011292280260403298,1.8330806884765625,-0.014411035537719727,3,0,0.5,0,1.7140594564188445,0.049763345872599146,0.014000000000000012,0.011292280260403298,0.22737446443636056,0.03818237371701966,0.02071670000000002,0.012764901816773318,0,0,0,0,0,0,0,0
1.403517316507827,-0.05670593142977143,0.487,-0.011554079648202431,1.764715087890625,-0.0842169189453125,3,0,0.5,0,1.596482683492173,0.05670593142977143,0.013000000000000012,0.011554079648202431,0.2327098374822837,0.06483576800583635,0.003920541176470593,0.012709076947316253,0,0,0,0,0,0,0,0
1.5298010895542993,-0.06064451590037744,0.471,-0.012234758056480333,1.894812744140625,-0.037188919067382815,3,0,0.5,0,1.4701989104457007,0.06064451590037744,0.029000000000000026,0.012234758056480333,0.06276177362003477,0.05334270818297687,0.11236998064516138,0.015528363257825018,0,0,0,0,0,0,0,0
1.6611321401036876,-0.06716542309046826,0.481,-0.01206022513128091,1.9710150146484375,-0.073704833984375,3,0,0.5,0,1.3388678598963124,0.06716542309046826,0.019000000000000017,0.01206022513128091,0.01441962753848891,0.06899411479743105,-0.03885750303030305,0.011266893653101719,0,0,0,0,0,0,0,0
1.7951334918725907,-0.07381783216269663,0.484,-0.012007865253721106,2.0110775146484374,-0.07553816986083985,3,0,0.5,0,1.2048665081274093,0.07381783216269663,0.016000000000000014,0.012007865253721106,-0.08817728547473958,0.07416735642757849,-0.004531050000000002,0.011762428327659523,0,0,0,0,0,0,0,0
1.9304715231145209,-0.07982306083859803,0.489,-0.012007865253721106,2.0310057373046875,-0.06569570922851563,3,0,0.5,0,1.0695284768854791,0.07982306083859803,0.01100000000000001,0.012007865253721106,-0.09896789488534607,0.07087162817387425,-0.01704780000000001,0.012007865253721106,0,0,0,0,0,0,0,0
2.079868141552451,-0.0894435933407082,0.493,-0.00923279174305014,2.2425205078125,-0.11738921356201172,3,0,0.5,0,0.9201318584475491,0.0894435933407082,0.007000000000000006,0.00923279174305014,-0.3536084798097867,0.10091008828881202,-0.018155919672131163,-0.004415110768446419,0,0,0,0,0,0,0,0
2.2267969811508252,-0.09506339068371357,0.497,-0.006771877497737999,2.204616943359375,-0.06394520568847656,3,0,0.5,0,0.7732030188491748,0.09506339068371357,0.0030000000000000027,0.006771877497737999,-0.3605318954430354,0.07884244874437468,-0.019924061538461553,-0.004586188249856493,0,0,0,0,0,0,0,0
2.3668569543923845,-0.09832626642308895,0.502,-0.0033684854563490463,2.101182861328125,-0.034715087890625,3,0,0.5,0,0.6331430456076155,0.09832626642308895,-0.0020000000000000018,0.0033684854563490463,-0.3931641356243966,0.06784668235999897,-0.029321676923076943,-0.012339477811599966,0,0,0,0,0,0,0,0
2.49835689158292,-0.09934432121014142,0.51,-0.000052359877559915446,1.972539306640625,-0.008626413345336915,3,0,0.5,0,0.5016431084170798,0.09934432121014142,-0.010000000000000009,0.000052359877559915446,-0.41249553438598924,0.056332786126726896,-0.051940523076923116,-0.015252835101466841,0,0,0,0,0,0,0,0
2.6197585994666253,-0.09812512274857546,0.514,0.0023038346126325045,1.821024658203125,0.018383325576782225,3,0,0.5,0,0.38024140053337474,0.09812512274857546,-0.014000000000000012,-0.0023038346126325045,-0.39905306797553014,0.043938150072156554,-0.03305292238805973,-0.01285395919558364,0,0,0,0,0,0,0,0
2.728906768150021,-0.09484839300368486,0.542,0.00401425727958693,1.6373314208984375,0.045378929138183595,3,0,0.5,0,0.2710932318499788,0.09484839300368486,-0.04200000000000004,-0.00401425727958693,-0.42564705223075705,0.030524432736307314,-0.1903775555555557,-0.012159127122227052,0,0,0,0,0,0,0,0
2.8254691757616364,-0.09026682031116774,0.553,0.005288347633542689,1.4487003173828126,0.06290865707397461,3,0,0.5,0,0.17453082423836364,0.09026682031116774,-0.05300000000000005,-0.005288347633542689,-0.3873875216940592,0.021826367155670715,-0.10319726923076933,-0.011168764651800039,0,0,0,0,0,0,0,0
2.9077064263183985,-0.08441611768340149,0.574,0.006405358354819035,1.234005615234375,0.08123585510253906,3,0,0.5,0,0.09229357368160152,0.08441611768340149,-0.07399999999999995,-0.006405358354819035,-0.35131069508495394,0.01212210974386338,-0.17432442307692253,-0.011560792453017554,1426165310589,0,0,0,0,0,0,0
2.9753250595826968,-0.07731422087028081,0.599,0.0073827427359359765,1.0149410400390626,0.10002948760986329,3,0,0.5,0,0.024674940417303226,0.07731422087028081,-0.09899999999999998,-0.0073827427359359765,-0.3008714229700829,0.0024643980943839586,-0.21447665757575768,-0.011825399013740256,1426165310589,0,0,0,0,0,0,0
3.0506458107606114,-0.0699327714863839,0.613,0.00832522053201279,1.130597900390625,0.10237769317626953,3,0,0.5,0,-0.050645810760611365,0.0699327714863839,-0.11299999999999999,-0.00832522053201279,-0.379409789487562,-0.00266264672249987,-0.16808912424242428,-0.01260921051418012,0,0,0,0,0,0,0,0
3.111904709774262,-0.0634255309496506,0.625,0.007557275661135399,0.9196642456054688,0.08995540618896485,3,0,0.5,0,-0.11190470977426203,0.0634255309496506,-0.125,-0.007557275661135399,-0.34569223604605853,-0.0023180965732292613,-0.16987170000000007,-0.00395753407889763,0,0,0,0,0,0,0,0
3.160124787801197,-0.05705806490203198,0.626,0.007033676885537133,0.7240023193359375,0.09004312896728515,3,0,0.5,0,-0.16012478780119688,0.05705806490203198,-0.126,-0.007033676885537133,-0.2945433261818823,-0.0041646258106153855,-0.1112503153846154,-0.004617067152006677,0,0,0,0,0,0,0,0
3.198064230256458,-0.05029630220677346,0.624,0.006248278722139622,0.5697909545898437,0.09742115783691406,3,0,0.5,0,-0.19806423025645792,0.05029630220677346,-0.124,-0.006248278722139622,-0.2582845206963205,-0.009635950356794334,-0.09430246923076924,-0.002623364121843416,0,0,0,0,0,0,0,0
3.222188985881888,-0.0439935539371587,0.619,0.004153883619746446,0.3624549865722656,0.0922783203125,3,0,0.5,0,-0.22218898588188818,0.0439935539371587,-0.119,-0.004153883619746446,-0.19610454611230854,-0.010287112543460757,-0.07492212307692307,0.005512555314375904,0,0,0,0,0,0,0,0
3.2344623253924696,-0.0378696661384429,0.606,0.0016580627893945097,0.18448007202148436,0.0910927963256836,3,0,0.5,0,-0.23446232539246958,0.0378696661384429,-0.10599999999999998,-0.0016580627893945097,-0.13857829883761053,-0.012361346316526606,-0.022134199999999923,0.00986111027376827,0,0,0,0,0,0,0,0
3.236651507552527,-0.032122632442742646,0.585,-0.0009948376736368394,0.03298062133789063,0.08615093994140625,3,0,0.5,0,-0.23665150755252684,0.032122632442742646,-0.08499999999999996,0.0009948376736368394,-0.08552740458703365,-0.013184769052435982,0.0371902230769232,0.013238993656858449,0,0,0,0,0,0,0,0
3.2316828257353896,-0.026156730648918908,0.565,-0.004747295565424636,-0.07461921691894531,0.08941433715820313,3,0,0.5,0,-0.23168282573538956,0.026156730648918908,-0.06499999999999995,0.004747295565424636,-0.04465131302260707,-0.017329238602783285,0.0473831076923078,0.02206633198906062,0,0,0,0,0,0,0,0
3.219541632750627,-0.021455798688182832,0.542,-0.005707226654021458,-0.18245059204101563,0.06964862060546875,3,0,0.5,0,-0.219541632750627,0.021455798688182832,-0.04200000000000004,0.005707226654021458,-0.0020581075202698723,-0.012098349873478933,0.07795865373134275,0.010005425558186329,0,0,0,0,0,0,0,0
3.1999525610413317,-0.017674506626586352,0.521,-0.006981317007977328,-0.29415499877929685,0.05504147720336914,3,0,0.5,0,-0.19995256104133174,0.017674506626586352,-0.02100000000000002,0.006981317007977328,0.05301449192595815,-0.010427931827506353,0.09114376666666675,0.01304841393157671,0,0,0,0,0,0,0,0
3.178605255015099,-0.01271189786520784,0.504,-0.010035643198967548,-0.3207214660644531,0.07220185089111328,3,0,0.5,0,-0.17860525501509894,0.01271189786520784,-0.0040000000000000036,0.010035643198967548,0.0696909078095092,-0.018615534838948615,0.07958956153846161,0.0241325333112301,0,0,0,0,0,0,0,0
3.1534473099872806,-0.00878163632314858,0.492,-0.012409290981679755,-0.37794180297851565,0.05516387557983399,3,0,0.5,0,-0.15344730998728062,0.00878163632314858,0.008000000000000007,0.012409290981679755,0.09864213906836924,-0.014384259440053225,0.06039126716417916,0.02303756463561501,0,0,0,0,0,0,0,0
3.1279977365987914,-0.005511434141193703,0.475,-0.01411971364863418,-0.38232290649414064,0.044312210083007814,3,0,0.5,0,-0.12799773659879143,0.005511434141193703,0.025000000000000022,0.01411971364863418,0.11904026078790265,-0.013368534384988705,0.1044334500000001,0.02213731989998305,0,0,0,0,0,0,0,0
3.1012196818436615,-0.00272111229137685,0.466,-0.014852751934471775,-0.40222174072265626,0.036179367065429686,3,0,0.5,0,-0.10121968184366148,0.00272111229137685,0.033999999999999975,0.014852751934471775,0.13306947717145876,-0.011454262152781232,0.06590742537313404,0.01813501291583414,0,0,0,0,0,0,0,0
3.0757642985641414,-0.0016083872739977552,0.458,-0.014538592669112727,-0.38203652954101563,0.01101800537109375,3,0,0.5,0,-0.07576429856414135,0.0016083872739977552,0.04199999999999998,0.014538592669112727,0.14728287263933082,-0.0036151088589091913,0.07000154444444447,0.013042596167402972,1426165311631,0,0,0,0,0,0,0
3.053989781845505,-0.0009312537921766085,0.453,-0.015952309363228223,-0.32673089599609373,0.005407533645629883,3,0,0.5,0,-0.05398978184550485,0.0009312537921766085,0.046999999999999986,0.015952309363228223,0.13218662373806633,-0.001362114693504805,0.056382451515151526,0.022378294336480482,1426165311631,0,0,0,0,0,0,0
3.034880479706378,0.00028254988357028345,0.451,-0.01755801227506304,-0.28689349365234373,0.013632369995117187,3,0,0.5,0,-0.034880479706377976,-0.00028254988357028345,0.04899999999999999,0.01755801227506304,0.12914392279065753,-0.004914206761838029,0.04255503076923077,0.02496894879122373,1426165311631,0,0,0,0,0,0,0
3.0204493932174294,0.0008882734754858682,0.45,-0.01724385300970399,-0.21659245300292967,0.005283930778503418,3,0,0.5,0,-0.020449393217429446,-0.0008882734754858682,0.04999999999999999,0.01724385300970399,0.1123701403723037,-0.00199432199977907,0.03837454999999999,0.01577123145333345,1426165311631,0,0,0,0,0,0,0
3.0051241704542764,0.0022057993354902485,0.452,-0.01717403983962429,-0.2301849365234375,0.015796157836914064,3,0,0.5,0,-0.005124170454276378,-0.0022057993354902485,0.04799999999999999,0.01717403983962429,0.12116644816060536,-0.006224609698189968,0.021179638805970128,0.016861443555685324,1426165311631,0,0,0,0,0,0,0
2.996203745601962,0.0038754381418867417,0.455,-0.01764527873766275,-0.13421673583984375,0.022743005752563477,3,0,0.5,-0.01717403983962429,0.0037962543980381014,-0.0038754381418867417,0.044999999999999984,0.00047123889803846186,0.0018981271990190507,-0.0019377190709433708,0.03599999999999999,0.00047123889803846186,1426165311631,0,0,0,0,0,0,0
2.9928879815331704,0.006764477172133958,0.461,-0.019530234329816598,-0.05049334716796875,0.042451271057128905,3,0,0.5,-0.01717403983962429,0.007112018466829628,-0.006764477172133958,0.03899999999999998,0.0023561944901923093,0.021414746261988013,-0.018942999505252335,-0.0008541923076923474,0.011055989530902373,1426165312021,0,0,0,0,0,0,0
2.989729640531459,0.00981944326450814,0.463,-0.02040289895581382,-0.048260986328125,0.04489056396484375,3,0,0.5,-0.01717403983962429,0.010270359468540935,-0.00981944326450814,0.03699999999999998,0.003228859116189531,0.022152929827604723,-0.02137031860101425,0.019324769230769208,0.007256542005407476,1426165312086,0,0,0,0,0,0,0
2.9865689722129325,0.011874233625423771,0.467,-0.021048670779051704,-0.048028968811035154,0.02984820556640625,3,0,0.5,-0.01717403983962429,0.013431027787067507,-0.011874233625423771,0.032999999999999974,0.0038746309394274148,0.023754525860857953,-0.017019870402397934,0.005570038461538425,0.006855116277448418,1426165312151,0,0,0,0,0,0,0
2.984526748965955,0.013309980076336771,0.47,-0.020734511513692766,-0.031079837799072266,0.020886682510375978,3,0,0.5,-0.01717403983962429,0.015473251034045177,-0.013309980076336771,0.030000000000000027,0.003560471674068477,0.018278619224418625,-0.014072410063283428,0.009471323529412061,0.002174474915131988,1426165312219,0,0,0,0,0,0,0
2.9832301778069907,0.014979206553403237,0.473,-0.021118483949131517,-0.019963508605957032,0.02462978744506836,3,0,0.5,-0.01717403983962429,0.016769822193009265,-0.014979206553403237,0.027000000000000024,0.003944444109507228,0.01562919971426501,-0.016800069191569546,0.006015933333333341,0.005772884278263184,1426165312282,0,0,0,0,0,0,0
2.9806993548964758,0.01642349314806059,0.474,-0.021415189921970557,-0.03841136169433594,0.020857820510864256,3,0,0.5,-0.01717403983962429,0.01930064510352425,-0.01642349314806059,0.026000000000000023,0.004241150082346268,0.023331491463179817,-0.016036335148683172,0.016666984615384628,0.005610562264680297,1426165312347,0,0,0,0,0,0,0
2.9783367376609418,0.01703651319874554,0.477,-0.021223203704251126,-0.035628036499023436,0.008434311866760254,3,0,0.5,-0.01717403983962429,0.021663262339058242,-0.01703651319874554,0.02300000000000002,0.004049163864626837,0.023428620648892964,-0.011828025360498548,0.003894309090909095,0.0031764992386294237,1426165312413,0,0,0,0,0,0,0
2.975976922251513,0.01767880223063289,0.483,-0.02083923126881238,-0.03559371566772461,0.008880979537963867,3,0,0.5,-0.01717403983962429,0.024023077748486887,-0.01767880223063289,0.017000000000000015,0.0036651914291880895,0.02500011284918078,-0.012422138547856308,-0.017700300000000016,0.0018653206380689616,1426165312477,0,0,0,0,0,0,0
2.974529197259679,0.017328042920723093,0.48,-0.020874137853852177,-0.021601524353027344,-0.005712756633758545,3,0,0.5,-0.01717403983962429,0.025470802740321208,-0.017328042920723093,0.020000000000000018,0.0037000980142278886,0.02028758066391334,-0.006940645017947236,0.03308937647058826,0.003854097654109355,1426165312545,0,0,0,0,0,0,0
2.9712625402438646,0.015866130984735945,0.478,-0.020437805540853622,-0.04853147125244141,-0.02294665718078613,3,0,0.5,-0.01717403983962429,0.028737459756135397,-0.015866130984735945,0.02200000000000002,0.0032637657012293333,0.03235230600803332,-0.00003039127486048794,0.030326500000000024,0.0012184579840486057,1426165312609,0,0,0,0,0,0,0
2.9690086117809793,0.011286534251466234,0.478,-0.020786871391252574,-0.03239801025390625,-0.06937053680419922,3,0,0.5,-0.01717403983962429,0.0309913882190207,-0.011286534251466234,0.02200000000000002,0.003612831551628285,0.027960745454106293,0.019302022444992434,0.019529800000000014,0.005249077725373371,1426165312673,0,0,0,0,0,0,0
2.965119494831761,0.007413197622297095,0.471,-0.021397736629450555,-0.05711651992797852,-0.059300048828125,3,0,0.5,-0.01717403983962429,0.03488050516823904,-0.007413197622297095,0.029000000000000026,0.004223696789826266,0.038543203933000356,0.017045630549272224,0.06301060769230774,0.007043074812278485,1426165312738,0,0,0,0,0,0,0
2.9595168493037907,0.003882077896383638,0.47,-0.022479840765687105,-0.08288716125488281,-0.05475279235839844,3,0,0.5,-0.01717403983962429,0.040483150696209336,-0.003882077896383638,0.030000000000000027,0.005305800926062816,0.0510685046871891,0.017263088880246042,0.03177905000000003,0.010378164064671645,1426165312802,0,0,0,0,0,0,0
2.9557430759359664,-0.001172579529333851,0.465,-0.024399702942880862,-0.054888023376464846,-0.07707310485839844,3,0,0.5,-0.01717403983962429,0.04425692406403359,0.001172579529333851,0.034999999999999976,0.007225663103256574,0.04205931725284535,0.026885319071063226,0.05666420298507434,0.015822060911586833,1426165312869,0,0,0,0,0,0,0
2.9518555993234936,-0.007175142595990851,0.465,-0.024853488548399312,-0.056098098754882815,-0.09143430328369141,3,0,0.5,-0.01717403983962429,0.04814440067650638,0.007175142595990851,0.034999999999999976,0.007679448708775023,0.04557976422626654,0.03631278261567063,0.030768799999999985,0.009806568734642754,1426165312933,0,0,0,0,0,0,0
2.948435320949854,-0.010451937557084477,0.467,-0.025516713664157205,-0.05006686019897461,-0.05041170120239258,3,0,0.5,-0.01717403983962429,0.051564679050145834,0.010451937557084477,0.032999999999999974,0.008342673824532916,0.044767914439058504,0.02305132500895428,0.01844249999999997,0.011451541554648038,1426165312997,0,0,0,0,0,0,0
2.945078601737942,-0.012620055522160983,0.466,-0.027070056698432106,-0.049504638671875,-0.03379582977294922,3,0,0.5,-0.01717403983962429,0.05492139826205822,0.012620055522160983,0.033999999999999975,0.009896016858807817,0.045313524386745865,0.01754985635501425,0.03563168059701491,0.016851284176456628,1426165313064,0,0,0,0,0,0,0
2.9429109151820203,-0.015101513363318705,0.467,-0.028623399732707118,-0.03149591064453125,-0.03808831405639648,3,0,0.5,-0.01717403983962429,0.057089084817979696,0.015101513363318705,0.032999999999999974,0.01144935989308283,0.04075334017094935,0.021044733443174292,0.024350249999999973,0.01873065536624695,1426165313128,0,0,0,0,0,0,0
2.9416072358607974,-0.01844422543382035,0.469,-0.02871066619530683,-0.018112178802490234,-0.05067980194091797,3,0,0.5,-0.01717403983962429,0.05839276413920258,0.01844422543382035,0.031000000000000028,0.01153662635568254,0.036608411005217376,0.027156824497288495,0.017651269230769543,0.011939394644604284,1426165313193,0,0,0,0,0,0,0
2.941140049934116,-0.02100822215907388,0.469,-0.028187067419708563,-0.00590084171295166,-0.03864527130126953,3,0,0.5,-0.01717403983962429,0.05885995006588418,0.02100822215907388,0.031000000000000028,0.011013027580084274,0.03237606773472487,0.024259395576059585,0.028622000000000022,0.008596417846553815,1426165313258,0,0,0,0,0,0,0
2.9425268365323296,-0.022056993828251024,0.472,-0.029042278753185664,0.02123690414428711,-0.01513906192779541,3,0,0.5,-0.01717403983962429,0.057473163467670396,0.022056993828251024,0.028000000000000025,0.011868238913561376,0.021737103011666037,0.016639214308532907,0.010250153846153857,0.015815368144994152,1426165313323,0,0,0,0,0,0,0
2.9428693204254044,-0.022996634286881975,0.472,-0.029234264970905206,0.005544373989105225,-0.013939486503601075,3,0,0.5,-0.01717403983962429,0.05713067957459561,0.022996634286881975,0.028000000000000025,0.012060225131280917,0.02722616441913905,0.016536352754886123,0.026586000000000023,0.012946315366909572,1426165313388,0,0,0,0,0,0,0
2.942570116435423,-0.023727750496445515,0.477,-0.03042108886226125,-0.00416558313369751,-0.011093243598937989,3,0,0.5,-0.01717403983962429,0.05742988356457701,0.023727750496445515,0.02300000000000002,0.013247049022636962,0.030821394393564763,0.015677469764251314,-0.0033793029850746267,0.018561185849604325,1426165313455,0,0,0,0,0,0,0
2.9442168318584803,-0.02394296771960721,0.48,-0.0315904594610974,0.024787494659423828,-0.0024754574298858642,3,0,0.5,-0.01717403983962429,0.055783168141519734,0.02394296771960721,0.020000000000000018,0.014416419621473109,0.019321755143167127,0.013176549903980624,0.0037994333333333345,0.01998485104450238,1426165313518,0,0,0,0,0,0,0
2.9476485354505995,-0.023291299550869518,0.484,-0.03293436298513309,0.0511411247253418,0.011396011352539063,3,0,0.5,-0.01717403983962429,0.05235146454940054,0.023291299550869518,0.016000000000000014,0.0157603231455088,0.008590446190668968,0.00821462079119192,-0.003840421212121213,0.02186897552748921,1426165313584,0,0,0,0,0,0,0
2.9507238367104303,-0.021890424750507644,0.487,-0.03321361566545212,0.045412574768066406,0.022520698547363282,3,0,0.5,-0.01717403983962429,0.04927616328956974,0.021890424750507644,0.013000000000000012,0.01603957582582783,0.00846470668058525,0.0033229752447085543,-0.001351350000000003,0.017348572764823288,1426165313648,0,0,0,0,0,0,0
2.9525031934494392,-0.01948340836944849,0.491,-0.03406882699892933,0.025476665496826173,0.036971652984619144,3,0,0.5,-0.01717403983962429,0.047496806550560766,0.01948340836944849,0.009000000000000008,0.016894787159305043,0.014988447261238037,-0.0029711206404652215,-0.00929782121212122,0.020782111402383282,1426165313714,0,0,0,0,0,0,0
2.954253954499368,-0.016562711942970154,0.492,-0.0352731041828055,0.024753894805908203,0.04467954635620117,3,0,0.5,-0.01717403983962429,0.04574604550063199,0.016562711942970154,0.008000000000000007,0.01809906434318121,0.014433932614892455,-0.006913260420106574,0.005944019402985079,0.0234913502411342,1426165313781,0,0,0,0,0,0,0
2.9561671349014045,-0.013483464788254655,0.497,-0.03565707661824425,0.027050973892211914,0.04717202377319336,3,0,0.5,-0.01717403983962429,0.04383286509859552,0.013483464788254655,0.0030000000000000027,0.01848303677861996,0.012021943786304981,-0.010293948659905044,-0.020590977777777793,0.02031147694737592,1426165313844,0,0,0,0,0,0,0
2.9580640044497306,-0.010682837242880912,0.503,-0.03546509040052493,0.026937341690063475,0.042997047424316405,3,0,0.5,-0.01717403983962429,0.04193599555026939,0.010682837242880912,-0.0030000000000000027,0.01829105056090064,0.011515634468038022,-0.009660692118472789,-0.02994039230769233,0.01740496032527301,1426165313909,0,0,0,0,0,0,0
2.960202082692327,-0.0055750970763283145,0.503,-0.03764675196551781,0.029334379196166993,0.07770509338378906,3,0,0.5,-0.01717403983962429,0.039797917307673014,0.0055750970763283145,-0.0030000000000000027,0.020472712125893522,0.009173647946919272,-0.024633852502689464,0.0023477999999999993,0.03054191934893758,1426165313974,0,0,0,0,0,0,0
2.9622665622243076,-0.000499305931728292,0.506,-0.039112828537193,0.028079622268676756,0.07724845886230469,3,0,0.5,-0.01717403983962429,0.03773343777569238,0.000499305931728292,-0.006000000000000005,0.021938788697568712,0.00856223566495253,-0.026999390331004604,-0.016245046153846168,0.028705295951454202,1426165314039,0,0,0,0,0,0,0
2.9641540403412,0.0045969338005718615,0.509,-0.03918264170727271,0.025301355361938477,0.07749221801757812,3,0,0.5,-0.01717403983962429,0.03584595965880011,-0.0045969338005718615,-0.009000000000000008,0.02200860186764842,0.008898981336480474,-0.028841554911792557,-0.018223141791044794,0.022321198151587417,1426165314106,0,0,0,0,0,0,0
2.9660507781329293,0.009128283960824924,0.511,-0.03935717463247224,0.02576665687561035,0.06903258514404297,3,0,0.5,-0.01717403983962429,0.03394922186707072,-0.009128283960824924,-0.01100000000000001,0.022183134792847954,0.007459515456214434,-0.02927174542723864,-0.015159400000000017,0.023001257879720766,1426165314170,0,0,0,0,0,0,0
2.9680770180239557,0.014396811069397284,0.51,-0.03940953451003204,0.027260549545288087,0.08016260528564453,3,0,0.5,-0.01717403983962429,0.03192298197604426,-0.014396811069397284,-0.010000000000000009,0.02223549467040775,0.005929407757363232,-0.03550353784291793,0.0018977153846153833,0.02247715564376066,1426165314235,0,0,0,0,0,0,0
2.9687517043263725,0.019744459619823032,0.51,-0.03974114706791099,0.006952029705047607,0.08055117797851563,3,0,0.5,-0.01717403983962429,0.031248295673627524,-0.019744459619823032,-0.010000000000000009,0.022567107228286698,0.012889972244702761,-0.0386162345499404,-0.0035519000000000054,0.02409762672618953,1426165314300,0,0,0,0,0,0,0
2.968680076984671,0.021918958470778238,0.511,-0.03871140280923436,-0.0023694767951965333,0.032549041748046875,3,0,0.5,-0.01717403983962429,0.03131992301532893,-0.021918958470778238,-0.01100000000000001,0.02153736296961007,0.01697046893499529,-0.02281427204386194,-0.009891050000000012,0.016710436757063376,1426165314364,0,0,0,0,0,0,0
2.967721662208113,0.02331473135061439,0.511,-0.03710569989739943,-0.01517573356628418,0.02036452293395996,3,0,0.5,-0.01717403983962429,0.03227833779188716,-0.02331473135061439,-0.01100000000000001,0.019931660057775143,0.022161770604247757,-0.019037581493229122,-0.004494900000000006,0.012633010458525473,1426165314430,0,0,0,0,0,0,0
2.9666616941970894,0.02436051860526646,0.511,-0.037070793312359636,-0.016470512390136718,0.015086183547973633,3,0,0.5,-0.01717403983962429,0.03333830580291064,-0.02436051860526646,-0.01100000000000001,0.019896753472735347,0.023252297771329415,-0.017720568686858444,-0.004567500000000006,0.019738087177099913,1426165314496,0,0,0,0,0,0,0
2.965559601877333,0.025045492021912905,0.509,-0.03768165855055761,-0.016900827407836914,0.009654850959777831,3,0,0.5,-0.01717403983962429,0.03444039812266686,-0.025045492021912905,-0.009000000000000008,0.020507618710933324,0.02423141067697258,-0.01627919138041814,0.007912400000000003,0.023371049514986343,1426165314560,0,0,0,0,0,0,0
2.9637265457606454,0.02524728200086148,0.51,-0.037559485502917996,-0.02759035301208496,0.0019888572692871092,3,0,0.5,-0.01717403983962429,0.036273454239354574,-0.02524728200086148,-0.010000000000000009,0.020385445663293707,0.02901475127368519,-0.01373711015601546,-0.009274715384615394,0.019821570058803164,1426165314625,0,0,0,0,0,0,0
2.9624041354008313,0.024917749089529602,0.513,-0.037559485502917996,-0.019636552810668947,-0.005684368133544922,3,0,0.5,-0.01717403983962429,0.03759586459916875,-0.024917749089529602,-0.013000000000000012,0.020385445663293707,0.026843249768583502,-0.010754704975002144,-0.02228499090909093,0.020385445663293707,1426165314691,0,0,0,0,0,0,0
2.962862731199311,0.023326534238778732,0.513,-0.03885102914939376,0.007770352840423584,-0.023593080520629882,3,0,0.5,-0.01717403983962429,0.037137268800688794,-0.023326534238778732,-0.013000000000000012,0.021676989309769475,0.017155946891113057,-0.0031537028459390614,-0.006460400000000008,0.02763795998581148,1426165314756,0,0,0,0,0,0,0
2.9623776166825295,0.02136620386062436,0.514,-0.04000294645571013,-0.006129101276397705,-0.029665403366088867,3,0,0.5,-0.01717403983962429,0.037622383317470476,-0.02136620386062436,-0.014000000000000012,0.022828906616085838,0.022465273897241726,-0.0003600279176880043,-0.012655830303030316,0.02806489437206931,1426165314822,0,0,0,0,0,0,0
2.962042581932532,0.019490948431333165,0.513,-0.041486476319905326,-0.0038965647220611573,-0.02830731010437012,3,0,0.5,-0.01717403983962429,0.03795741806746822,-0.019490948431333165,-0.013000000000000012,0.024312436480281037,0.02194543162934407,0.000587714818426786,-0.0010791444444444472,0.03137686440502008,1426165314885,0,0,0,0,0,0,0
2.961283013391876,0.017286923903525604,0.513,-0.04300491276914032,-0.01001255989074707,-0.033504463195800784,3,0,0.5,-0.01717403983962429,0.03871698660812406,-0.017286923903525604,-0.013000000000000012,0.02583087292951603,0.024579062223998447,0.0031282292440111027,-0.006719200000000008,0.03283904115675447,1426165314950,0,0,0,0,0,0,0
2.960669454048374,0.011830378060494265,0.516,-0.04337143191205917,-0.00567609167098999,-0.08216818237304688,3,0,0.5,-0.01717403983962429,0.03933054595162622,-0.011830378060494265,-0.016000000000000014,0.026197392072434884,0.024075539397691616,0.022917097690973817,-0.025133890909090933,0.02786338817661149,1426165315016,0,0,0,0,0,0,0
2.9607579617118533,0.008018848048500867,0.514,-0.0450469479939738,0.0038052618503570555,-0.0570616226196289,3,0,0.5,-0.01717403983962429,0.03924203828814665,-0.008018848048500867,-0.014000000000000012,0.027872908154349514,0.020318650394503063,0.01672580743183915,0.0032231000000000013,0.03572688978832434,1426165315080,0,0,0,0,0,0,0
2.962454577461104,0.002662514856273737,0.517,-0.044924774946334074,0.029041492462158203,-0.07911746978759765,3,0,0.5,-0.01717403983962429,0.037545422538896034,-0.002662514856273737,-0.017000000000000015,0.027750735106709785,0.01111660614453244,0.02653873042393243,-0.025899941791044802,0.027203691609815478,1426165315147,0,0,0,0,0,0,0
2.963881993846798,-0.00014757830032338833,0.517,-0.045238934211693116,0.023282648086547852,-0.04114729690551758,3,0,0.5,-0.01717403983962429,0.03611800615320204,0.00014757830032338833,-0.017000000000000015,0.028064894372068827,0.011482748209459721,0.015330723368461419,-0.01033710000000001,0.029537515928439336,1426165315211,0,0,0,0,0,0,0
2.9650956057485165,-0.003122092903578872,0.52,-0.04462806897349503,0.020203323364257814,-0.04374881362915039,3,0,0.5,-0.01717403983962429,0.034904394251483506,0.003122092903578872,-0.020000000000000018,0.02745402913387074,0.012169980157181966,0.01746893017478856,-0.029020946153846178,0.024634651111418025,1426165315276,0,0,0,0,0,0,0
2.966956949242969,-0.006286461289567992,0.521,-0.044505895925855514,0.030009944915771483,-0.046172657012939454,3,0,0.5,-0.01717403983962429,0.03304305075703118,0.006286461289567992,-0.02100000000000002,0.027331856086231225,0.007925189184972398,0.019819387778633023,-0.01910873030303032,0.026776524051506163,1426165315342,0,0,0,0,0,0,0
2.969356389863703,-0.009576033813122567,0.523,-0.04178318229274436,0.03815132522583008,-0.04769341659545898,3,0,0.5,-0.01717403983962429,0.030643610136297017,0.009576033813122567,-0.02300000000000002,0.02460914245312007,0.004082369746483013,0.021874182620483875,-0.026007561194029874,0.012417887379488032,1426165315409,0,0,0,0,0,0,0
2.9722147062137423,-0.011522887319388466,0.527,-0.040142572795869635,0.04405715560913086,-0.02738639259338379,3,0,0.5,-0.01717403983962429,0.027785293786257714,0.011522887319388466,-0.027000000000000024,0.022968532956245347,-0.00042603207744823686,0.016317505055622704,-0.04080760000000004,0.015278175939645082,1426165315473,0,0,0,0,0,0,0
2.9735955125706406,-0.01237230504222067,0.527,-0.038676496224194445,0.02120673942565918,-0.011899787902832032,3,0,0.5,-0.01717403983962429,0.026404487429359413,0.01237230504222067,-0.027000000000000024,0.021502456384570157,0.0068604706832477635,0.010822140705891568,-0.01910270000000002,0.014521139376593061,1426165315536,0,0,0,0,0,0,0
2.9751255011192637,-0.013038360238381543,0.531,-0.03652974124424147,0.023318979263305666,-0.009095958709716797,3,0,0.5,-0.01717403983962429,0.02487449888073634,0.013038360238381543,-0.031000000000000028,0.019355701404617183,0.005544391383220323,0.010031106945310007,-0.04404266153846158,0.009447601497141921,1426165315601,0,0,0,0,0,0,0
2.9749218491184664,-0.013494506510427723,0.529,-0.03448770601940799,-0.002802854061126709,-0.00694919490814209,3,0,0.5,-0.01717403983962429,0.025078150881533645,0.013494506510427723,-0.029000000000000026,0.0173136661797837,0.01499750575549401,0.009137672688408838,-0.010323469230769246,0.007888888219013781,1426165315666,0,0,0,0,0,0,0
2.9746375349420346,-0.01404455161103755,0.529,-0.03270747018237386,-0.003977686166763306,-0.008392821311950684,3,0,0.5,-0.01717403983962429,0.025362465057965355,0.01404455161103755,-0.029000000000000026,0.015533430342749573,0.01559048323787511,0.0099274332741421,-0.02128120000000002,0.007316957248745908,1426165315731,0,0,0,0,0,0,0
2.9745624207767363,-0.017435604080466318,0.524,-0.03131120678077848,0.0005372847318649292,-0.05087542724609375,3,0,0.5,-0.01717403983962429,0.02543757922326373,0.017435604080466318,-0.02400000000000002,0.014137166941154189,0.014506548440788587,0.0263873132511229,0.008677402985074627,0.007885241262368888,1426165315798,0,0,0,0,0,0,0
2.9745461844580112,-0.017496449612919785,0.523,-0.030717794835100176,-0.00021485286951065062,-0.000919860064983368,3,0,0.5,-0.01717403983962429,0.025453815541988778,0.017496449612919785,-0.02300000000000002,0.013543754995475887,0.014227361979462453,0.009047229552198308,-0.011320450000000013,0.010762136500108849,1426165315862,0,0,0,0,0,0,0
2.973982833778312,-0.018210163335320384,0.519,-0.029565877528784038,-0.008117469787597656,-0.010960187911987305,3,0,0.5,-0.01717403983962429,0.026017166221687926,0.018210163335320384,-0.019000000000000017,0.01239183768915975,0.017470582846170077,0.012926247903811045,0.007825761538461542,0.007075296275392959,1426165315927,0,0,0,0,0,0,0
2.9736035306763395,-0.019438537934565847,0.516,-0.028413960222467786,-0.005142369747161865,-0.018585758209228517,3,0,0.5,-0.01717403983962429,0.026396469323660465,0.019438537934565847,-0.016000000000000014,0.011239920382843497,0.016686366683688832,0.016324321128409744,0.004737146153846152,0.005923378969076179,1426165315992,0,0,0,0,0,0,0
2.974014953147483,-0.01994864353667838,0.515,-0.026354471705114405,0.006386228561401367,-0.007473166942596436,3,0,0.5,-0.01717403983962429,0.025985046852516902,0.01994864353667838,-0.015000000000000013,0.009180431865490116,0.012239792642561406,0.012724738255510617,-0.005329584615384622,-0.0003248997530639463,1426165316057,0,0,0,0,0,0,0
2.9741412792499617,-0.020716969098235977,0.515,-0.02434734306532105,0.0021979305744171144,-0.011470948219299316,3,0,0.5,-0.01717403983962429,0.025858720750038255,0.020716969098235977,-0.015000000000000013,0.007173303225696762,0.013739136965205243,0.014450305498513312,-0.01081320000000001,-0.0019500087733639385,1426165316123,0,0,0,0,0,0,0
2.975449679535618,-0.02162617431829954,0.515,-0.022392574303087387,0.019952205657958983,-0.013156242370605468,3,0,0.5,-0.01717403983962429,0.024550320464382214,0.02162617431829954,-0.015000000000000013,0.005218534463463098,0.006725573372808358,0.01574023180204617,-0.010910700000000011,-0.003803475208384581,1426165316188,0,0,0,0,0,0,0
