0,0,0.725,0,0.000515322208404541,0.013262579917907715,0,0,1,0,0,0,0.275,0,0,0,0.22000000000000003,0,0,0,0,0,0,0,0,0
0.00025704930623372395,0.00072036501566569,0.724,-0.00038397243543869536,0.0038557395935058594,0.01080547523498535,0,0,1,0,-0.00025704930623372395,-0.00072036501566569,0.276,0.00038397243543869536,-0.0015344275581385294,-0.004239539290985204,0.2279786153846154,0.002156152906694212,0,0,0,0,0,0,0,0
0.002443115163537316,0.0008323554711203195,0.721,-0.0014137166941153856,0.03279034042358398,0.0016924475431442261,0,0,1,0,-0.002443115163537316,-0.0008323554711203195,0.279,0.0014137166941153856,-0.012994433965200291,-0.0010296264835893644,0.24318585000000004,0.006240642906662371,0,0,0,0,0,0,0,0
0.0017097387123136496,0.0014354064478859932,0.72,-0.0013439035240356834,-0.011013423919677735,0.009030203819274902,0,0,1,0,-0.0017097387123136496,-0.0014354064478859932,0.28,0.0013439035240356834,0.0030912168992414703,-0.003917649141020691,0.23473063030303035,0.0010265709327643097,0,0,0,0,0,0,0,0
0.00337094137729769,0.0024490938538434532,0.719,-0.0020245819323134184,0.0248975830078125,0.015238784790039062,0,0,1,0,-0.00337094137729769,-0.0024490938538434532,0.281,0.0020245819323134184,-0.010368517455266542,-0.006603726673475158,0.23738523030303033,0.005118574697212214,0,0,0,0,0,0,0,0
0.006985676949405619,0.004052477516543978,0.721,-0.0017627825445142853,0.0541722297668457,0.024160480499267577,0,0,1,0,-0.006985676949405619,-0.004052477516543978,0.279,0.0017627825445142853,-0.023270516865213746,-0.010800901464236913,0.2213303,0.0005355979142058487,0,0,0,0,0,0,0,0
0.012093175620328071,0.004493183385346702,0.723,-0.002286381320112607,0.0766007080078125,0.006745628833770752,0,0,1,0,-0.012093175620328071,-0.004493183385346702,0.277,0.002286381320112607,-0.033565957525214615,-0.004628702163690691,0.22169906923076924,0.0047029910536433225,0,0,0,0,0,0,0,0
0.018537660027484932,0.005112684833478917,0.727,-0.002879793265790687,0.09664576721191406,0.00951351547241211,0,0,1,0,-0.018537660027484932,-0.005112684833478917,0.273,0.002879793265790687,-0.04399940317215004,-0.005904521560057359,0.2095043384615385,0.005618617630458748,0,0,0,0,0,0,0,0
0.025237571476175502,0.006934738692815041,0.734,-0.0028099800957109293,0.10041954803466797,0.02762010955810547,0,0,1,0,-0.025237571476175502,-0.006934738692815041,0.266,0.0028099800957109293,-0.04819477924900456,-0.01314675521867122,0.19007718787878786,0.0024926475044393034,0,0,0,0,0,0,0,0
0.034564362017167415,0.008377358297599417,0.741,-0.0015358897417550592,0.13984049987792968,0.022032329559326172,0,0,1,0,-0.034564362017167415,-0.008377358297599417,0.259,0.0015358897417550592,-0.0668114064273026,-0.011861442727644195,0.1861865878787879,-0.004255430048953441,0,0,0,0,0,0,0,0
0.04070335963824459,0.010734298326317608,0.749,-0.0026005405854716,0.09203055572509766,0.03549549102783203,0,0,1,0,-0.04070335963824459,-0.010734298326317608,0.251,0.0026005405854716,-0.054019345759378966,-0.018286042995067593,0.17476419999999995,0.007591091415392885,0,0,0,0,0,0,0,0
0.04807237898643423,0.012352680567908956,0.76,-0.000959931088596877,0.11047178649902344,0.024563102722167968,0,0,1,0,-0.04807237898643423,-0.012352680567908956,0.24,0.000959931088596877,-0.0632410728704053,-0.014796201172030505,0.15296486666666662,-0.006497384806288227,0,0,0,0,0,0,0,0
0.05782424516445494,0.014180805287633458,0.77,0.0002967059728389843,0.14625160217285157,0.027562274932861328,0,0,1,0,-0.05782424516445494,-0.014180805287633458,0.22999999999999998,-0.0002967059728389843,-0.08079147890729803,-0.016831893580755385,0.15178589696969694,-0.006008692615729262,0,0,0,0,0,0,0,0
0.06741918066355601,0.016148832836658925,0.777,0.0008552113334771573,0.1439327850341797,0.02947770881652832,0,0,1,0,-0.06741918066355601,-0.016148832836658925,0.22299999999999998,-0.0008552113334771573,-0.08638995659004212,-0.018894292480598783,0.16236214999999998,-0.0034732052114685927,0,0,0,0,0,0,0,0
0.07510965032073587,0.016717369732288472,0.786,0.00045378560551850866,0.11536429595947266,0.008429395675659179,0,0,1,0,-0.07510965032073587,-0.016717369732288472,0.21399999999999997,-0.00045378560551850866,-0.0785952539136946,-0.011441912119618116,0.14712852727272724,0.0013708767942935303,0,0,0,0,0,0,0,0
0.08128876048590582,0.017261360811513603,0.79,0.0010821041362364947,0.09269034576416016,0.008117805480957032,0,0,1,0,-0.08128876048590582,-0.017261360811513603,0.20999999999999996,-0.0010821041362364947,-0.07474604888220385,-0.011684937758748215,0.17112479999999997,-0.004027347248977055,0,0,0,0,0,0,0,0
0.08711880898428598,0.014247009653478587,0.798,0.0005235987755982662,0.08740174865722657,-0.04530987167358398,0,0,1,0,-0.08711880898428598,-0.014247009653478587,0.20199999999999996,-0.0005235987755982662,-0.07484348668459671,0.008772981543444603,0.1455087575757575,0.0020150619545754997,0,0,0,0,0,0,0,0
0.09316406458833888,0.010943739348987314,0.807,0.0018151424220740897,0.09065287780761719,-0.04959652709960938,0,0,1,0,-0.09316406458833888,-0.010943739348987314,0.19299999999999995,-0.0018151424220740897,-0.07956112360307492,0.012219147831186074,0.13352596153846147,-0.007776113098116351,0,0,0,0,0,0,0,0
0.09623548242005592,0.006411651301051346,0.816,0.001745329251994332,0.04594779586791992,-0.06806483459472656,0,0,1,0,-0.09623548242005592,-0.006411651301051346,0.18400000000000005,-0.001745329251994332,-0.06514641296223642,0.02109773520804904,0.12752196153846218,-0.0014231146208569887,0,0,0,0,0,0,0,0
0.09726726624935612,0.002776834373705022,0.825,0.0014137166941153856,0.015381574630737305,-0.0545491828918457,0,0,1,0,-0.09726726624935612,-0.002776834373705022,0.17500000000000004,-0.0014137166941153856,-0.05465967847632115,0.01778530424537309,0.12221122727272729,0.00009361311442527978,0,0,0,0,0,0,0,0
0.09652368845039906,-0.002628637620894424,0.836,0.0019722220547535585,-0.011268282890319824,-0.08106623077392579,0,0,1,0,-0.09652368845039906,0.002628637620894424,0.16400000000000003,-0.0019722220547535585,-0.044811642736448803,0.030775353229530858,0.10203185000000001,-0.004590215932744994,0,0,0,0,0,0,0,0
0.09495285334880477,-0.008042446154968099,0.846,0.002007128639793409,-0.023722639083862306,-0.08116049957275391,0,0,1,0,-0.09495285334880477,0.008042446154968099,0.15400000000000003,-0.002007128639793409,-0.0396960427736363,0.033077586838037874,0.10134294615384615,-0.0021682359553619507,0,0,0,0,0,0,0,0
0.09174214721085296,-0.014691696609649727,0.854,0.0029670597283903413,-0.04836068344116211,-0.09964189147949219,0,0,1,0,-0.09174214721085296,0.014691696609649727,0.14600000000000002,-0.0029670597283903413,-0.029320247289191602,0.043064141240679324,0.1066611769230769,-0.007397510906530028,0,0,0,0,0,0,0,0
0.08792459880430743,-0.021141198848718182,0.86,0.003351032163829092,-0.05755001449584961,-0.09657220458984375,0,0,1,0,-0.08792459880430743,0.021141198848718182,0.14,-0.003351032163829092,-0.02451334610382809,0.04470109507025598,0.11404391818181818,-0.005096361415823414,0,0,0,0,0,0,0,0
0.08362367205078128,-0.025248033258513568,0.87,0.004014257279586929,-0.064719970703125,-0.061385982513427736,0,0,1,0,-0.08362367205078128,0.025248033258513568,0.13,-0.004014257279586929,-0.01985470432875154,0.03434793748853498,0.08568979696969695,-0.007028916896668008,0,0,0,0,0,0,0,0
0.07826708280128966,-0.031020455748613035,0.881,0.003036872898470099,-0.08069577026367188,-0.08626309967041015,0,0,1,0,-0.07826708280128966,0.031020455748613035,0.119,-0.003036872898470099,-0.010740598083904228,0.047043269993322784,0.07052544999999996,0.0015446163880150432,0,0,0,0,0,0,0,0
0.07256928312253177,-0.03419019845364177,0.886,0.0030019663134301924,-0.08561099243164062,-0.04728636932373047,0,0,1,0,-0.07256928312253177,0.03419019845364177,0.11399999999999999,-0.0030019663134301924,-0.006552255928015893,0.03415027481687066,0.10049962307692306,-0.0028408589978613924,0,0,0,0,0,0,0,0
0.06677118142595907,-0.03665789448849915,0.892,0.0038397243543875073,-0.0870822525024414,-0.036754188537597654,0,0,1,0,-0.06677118142595907,0.03665789448849915,0.10799999999999998,-0.0038397243543875073,-0.0031565185594227864,0.0316276991647942,0.09101700769230768,-0.0077062999280366525,0,0,0,0,0,0,0,0
0.06089927390289503,-0.0384696341605993,0.898,0.004607669225264953,-0.08818231201171875,-0.026837697982788088,0,0,1,0,-0.06089927390289503,0.0384696341605993,0.10199999999999998,-0.004607669225264953,-0.0003424023841964094,0.028879075307892146,0.08737971818181817,-0.008098327729253344,0,0,0,0,0,0,0,0
0.055955130635567,-0.040950918670897674,0.906,0.004677482395344767,-0.07433285522460938,-0.036877159118652345,0,0,1,0,-0.055955130635567,0.040950918670897674,0.09399999999999997,-0.004677482395344767,-0.0032191101364015436,0.03350137830522289,0.07163665522388057,-0.004990078679284229,1427126921087,0,0,0,0,0,0,0
0.049758324972425036,-0.04423318393916994,0.916,0.004729842272904627,-0.09318135833740235,-0.04879866027832031,0,0,1,0,-0.049758324972425036,0.04423318393916994,0.08399999999999996,-0.004729842272904627,0.008447028995946394,0.040443250882176374,0.0504013444444444,-0.004979175023189674,1427126921087,0,0,0,0,0,0,0
0.045147215820117124,-0.04535692681959263,0.925,0.004904375198103993,-0.06924559020996093,-0.01652880859375,0,0,1,0,-0.045147215820117124,0.04535692681959263,0.07499999999999996,-0.004904375198103993,0.0007489398463618284,0.028759493395827705,0.05152462727272723,-0.005697706676282932,1427126921087,0,0,0,0,0,0,0
0.04130969815178972,-0.04607443827612395,0.934,0.0063879050622992475,-0.0576148567199707,-0.010480234146118164,0,0,1,0,-0.04130969815178972,0.04607443827612395,0.06599999999999995,-0.0063879050622992475,-0.0008251663428953358,0.02711238499479968,0.04325554999999995,-0.013234965973969653,1427126921087,0,0,0,0,0,0,0
0.03640705273945236,-0.04821843600586675,0.943,0.005166174585903182,-0.07374361419677734,-0.03168954849243164,0,0,1,0,-0.03640705273945236,0.04821843600586675,0.05700000000000005,-0.005166174585903182,0.007014926942912954,0.03583643822532273,0.037183261538462166,0.0005606870222033761,1427126921087,0,0,0,0,0,0,0
0.033792328488212973,-0.04931575527583536,0.944,0.0035430183815484675,-0.03930537414550781,-0.016256948471069337,0,0,1,0.005166174585903182,-0.033792328488212973,0.04931575527583536,0.05600000000000005,0.0016231562043547143,-0.016896164244106487,0.02465787763791768,0.04480000000000004,0.0016231562043547143,1427126921087,0,0,0,0,0,0,0
0.0292189077169807,-0.05104710730428473,0.951,0.0033684854563490454,-0.0686928939819336,-0.025727062225341796,0,0,1,0.005166174585903182,-0.0292189077169807,0.05104710730428473,0.049000000000000044,0.0017976891295541364,0.010382740883247279,0.03502455520639962,0.001232350000000007,0.0026158122164264275,1427126921476,0,0,0,0,0,0,0
0.025639560101514497,-0.05390389787664536,0.951,0.0030717794835100056,-0.05383425521850586,-0.04267076110839844,0,0,1,0.005166174585903182,-0.025639560101514497,0.05390389787664536,0.049000000000000044,0.002094395102393176,0.006418264371363605,0.042402375087174475,0.039832100000000044,0.0034638072847272055,1427126921541,0,0,0,0,0,0,0
0.02252855932616178,-0.05508837087576344,0.95,0.002757620218151068,-0.04671936798095703,-0.017623666763305665,0,0,1,0.005166174585903182,-0.02252855932616178,0.05508837087576344,0.050000000000000044,0.0024085543677521137,0.005437253594866872,0.03402563209495826,0.04634171538461543,0.003858520207870287,1427126921606,0,0,0,0,0,0,0
0.01879540313486551,-0.05734609330423475,0.955,0.003909537524467264,-0.056090518951416014,-0.033711288452148436,0,0,1,0.005166174585903182,-0.01879540313486551,0.05734609330423475,0.04500000000000004,0.0012566370614359177,0.0106416823027888,0.04097080365866676,0.010326523076923094,-0.00405990435233114,1427126921671,0,0,0,0,0,0,0
0.015464951102222017,-0.06069223212332308,0.958,0.005218534463463041,-0.05015262603759765,-0.04999639129638672,0,0,1,0.005166174585903182,-0.015464951102222017,0.06069223212332308,0.04200000000000004,-0.00005235987755985907,0.009592820293661243,0.04800739959314969,0.01945935820895525,-0.005913540201421545,1427126921738,0,0,0,0,0,0,0
0.01317403958861325,-0.06496800993594819,0.961,0.00630063859969948,-0.03469790267944336,-0.06395646667480469,0,0,1,0.005166174585903182,-0.01317403958861325,0.06496800993594819,0.039000000000000035,-0.0011344640137962983,0.0058603832525615926,0.05609019828666084,0.01657435000000002,-0.006206827152404607,1427126921802,0,0,0,0,0,0,0
0.01321554046511746,-0.06757759130943926,0.964,0.006632251157578371,0.0003758719861507416,-0.03914686584472656,0,0,1,0.005166174585903182,-0.01321554046511746,0.06757759130943926,0.03600000000000003,-0.0014660765716751891,-0.006917592188149569,0.047895119372723644,0.014909109090909107,-0.002973406380215602,1427126921868,0,0,0,0,0,0,0
0.011182687350779583,-0.07035198565462683,0.971,0.006003932626860496,-0.030768131256103514,-0.04141276550292969,0,0,1,0.005166174585903182,-0.011182687350779583,0.07035198565462683,0.029000000000000026,-0.000837758040957314,0.005428923323854276,0.05066112178953434,-0.012877450000000006,0.0021074850717827257,1427126921932,0,0,0,0,0,0,0
0.009788003979206351,-0.07273264076497911,0.971,0.006178465552059862,-0.0211342716217041,-0.03558358001708985,0,0,1,0.005166174585903182,-0.009788003979206351,0.07273264076497911,0.029000000000000026,-0.0010122909661566806,0.0025125708772596187,0.049545168618629294,0.025592300000000026,-0.0018178275439999108,1427126921997,0,0,0,0,0,0,0
0.00880671746958139,-0.07500170159200341,0.971,0.005393067388662463,-0.014929305076599121,-0.033944320678710935,0,0,1,0.005166174585903182,-0.00880671746958139,0.07500170159200341,0.029000000000000026,-0.00022689280275928116,0.0006913602557977079,0.04994318634765491,0.025783700000000027,0.0033430988490470792,1427126922063,0,0,0,0,0,0,0
0.008941063568094803,-0.07630043632878239,0.97,0.006056292504420299,0.0019101002216339112,-0.019491605758666992,0,0,1,0.005166174585903182,-0.008941063568094803,0.07630043632878239,0.030000000000000027,-0.0008901179185171176,-0.005320032396883816,0.04571094326192601,0.03224445000000003,-0.003998985648631975,1427126922127,0,0,0,0,0,0,0
0.008813776322839457,-0.07752988271412645,0.97,0.00589921287174083,-0.002020961284637451,-0.01842979431152344,0,0,1,0.005166174585903182,-0.008813776322839457,0.07752988271412645,0.030000000000000027,-0.0007330382858376479,-0.0038420196435535133,0.04589370120768555,0.026970700000000025,-0.000008055365778557267,1427126922192,0,0,0,0,0,0,0
0.010100619291647683,-0.07791254371611618,0.974,0.007365289443416075,0.019268447875976563,-0.005853684902191162,0,0,1,0.005166174585903182,-0.010100619291647683,0.07791254371611618,0.026000000000000023,-0.0021991148575128934,-0.012001667654588863,0.041545620955789175,0.0027301787878787967,-0.008863099274218553,1427126922258,0,0,0,0,0,0,0
0.011388024137634768,-0.07692639901178626,0.974,0.007784168463894733,0.019419496536254882,0.01464953899383545,0,0,1,0.005166174585903182,-0.011388024137634768,0.07692639901178626,0.026000000000000023,-0.002617993877991551,-0.012760784974370823,0.033763277927250486,0.024111300000000023,-0.004551281664816123,1427126922323,0,0,0,0,0,0,0
0.011368225229134714,-0.07604189142275654,0.976,0.007557275661135395,-0.00019369833171367645,0.013269523620605468,0,0,1,0.005166174585903182,-0.011368225229134714,0.07604189142275654,0.02400000000000002,-0.0023911010752322133,-0.005721214397098855,0.03399065117958165,0.012063639393939408,-0.001359770153598861,1427126922389,0,0,0,0,0,0,0
0.012735884827477529,-0.07400778753082984,0.978,0.008080874436733717,0.020744890213012696,0.03035565185546875,0,0,1,0.005166174585903182,-0.012735884827477529,0.07400778753082984,0.02200000000000002,-0.002914699850830535,-0.01399757780273983,0.026587529106548803,0.010273000000000008,-0.0053690691114476686,1427126922453,0,0,0,0,0,0,0
0.01422863953304877,-0.0712335796229677,0.981,0.007330382858376168,0.022726856231689452,0.04143082046508789,0,0,1,0.005166174585903182,-0.01422863953304877,0.0712335796229677,0.019000000000000017,-0.002164208272472986,-0.015311725295860576,0.0214326900575506,0.0027801538461538523,0.0012995990122541636,1427126922518,0,0,0,0,0,0,0
0.015198226918095806,-0.06776415241293728,0.984,0.0077667151713747785,0.01492490005493164,0.051933399200439455,0,0,1,0.005166174585903182,-0.015198226918095806,0.06776415241293728,0.016000000000000014,-0.0026005405854715967,-0.01291039114941447,0.016282265744974902,0.0007305090909090969,-0.004583869280919827,1427126922584,0,0,0,0,0,0,0
0.015968622381618326,-0.0652390623648653,0.983,0.009581857593448814,0.01184975528717041,0.037785457611083983,0,0,1,0.005166174585903182,-0.015968622381618326,0.0652390623648653,0.017000000000000015,-0.004415683007545632,-0.012312500466504691,0.01986396502003774,0.022934715384615403,-0.0127932634171181,1427126922649,0,0,0,0,0,0,0
0.017127100225263005,-0.06200896292287612,0.985,0.008674286382411796,0.01784061813354492,0.048282764434814454,0,0,1,0.005166174585903182,-0.017127100225263005,0.06200896292287612,0.015000000000000013,-0.0035081117965086147,-0.014898203119591388,0.014757164712289841,0.0054430393939394,0.0006172118900232811,1427126922715,0,0,0,0,0,0,0
0.017639030149159685,-0.05880095317569433,0.989,0.006928957130417409,0.008096062660217285,0.048051727294921874,0,0,1,0.005166174585903182,-0.017639030149159685,0.05880095317569433,0.01100000000000001,-0.0017627825445142272,-0.011821630721908215,0.01277630436650094,-0.008955500000000009,0.006418448324209464,1427126922779,0,0,0,0,0,0,0
0.018255601450687102,-0.05607004151378892,0.99,0.0049567350756638505,0.009532180786132813,0.040898609161376956,0,0,1,0.005166174585903182,-0.018255601450687102,0.05607004151378892,0.010000000000000009,0.00020943951023933132,-0.012662165058221769,0.014286188418711166,0.0067998846153846226,0.009312002839871138,1427126922844,0,0,0,0,0,0,0
0.0176119999831662,-0.05357548678472353,0.99,0.002373647782712259,-0.009468431472778321,0.037465713500976563,0,0,1,0.005166174585903182,-0.0176119999831662,0.05357548678472353,0.010000000000000009,0.0027925268031909227,-0.005566266444959432,0.014346426297419381,0.01224950000000001,0.01471446815527519,1427126922909,0,0,0,0,0,0,0
0.017568057392729555,-0.051270210703468704,0.992,0.0006108652381979739,-0.0005770583748817444,0.03458060836791992,0,0,1,0.005166174585903182,-0.017568057392729555,0.051270210703468704,0.008000000000000007,0.004555309347705208,-0.008788407542515211,0.014434895452001563,0.00009623939393939643,0.012567957277315595,1427126922975,0,0,0,0,0,0,0
0.016905255193927125,-0.048362945722138444,0.994,-0.0009250245035570849,-0.00991539192199707,0.043615039825439454,0,0,1,0.005166174585903182,-0.016905255193927125,0.048362945722138444,0.006000000000000005,0.006091199089460267,-0.005238962306790267,0.010051409924363442,-0.0013052611940298497,0.012968317336124708,1427126923042,0,0,0,0,0,0,0
0.016346527132642803,-0.04652539425490142,0.99,-0.001518436449235109,-0.008406414031982421,0.02755550765991211,0,0,1,0.005166174585903182,-0.016346527132642803,0.04652539425490142,0.010000000000000009,0.006684611035138291,-0.005328251349311608,0.014140531053049694,0.034627722222222254,0.009510382205033644,1427126923105,0,0,0,0,0,0,0
0.015240948185458564,-0.0445437784001811,0.993,-0.0013264502315157335,-0.016628799438476564,0.02969902229309082,0,0,1,0.005166174585903182,-0.015240948185458564,0.0445437784001811,0.007000000000000006,0.006492624817418915,-0.0019362958690378115,0.01271705662635281,-0.006102846153846157,0.005606534581791029,1427126923170,0,0,0,0,0,0,0
0.014333084463152653,-0.04241333848492855,0.994,-0.0012042771838760601,-0.013660332679748536,0.03193850708007812,0,0,1,0.005166174585903182,-0.014333084463152653,0.04241333848492855,0.006000000000000005,0.006370451769779242,-0.0025563009544384363,0.01087804501279892,0.0039053846153846196,0.005806576165288443,1427126923235,0,0,0,0,0,0,0
0.013066039048496746,-0.04127408849834931,0.992,-0.0008028514559174115,-0.019026247024536133,0.01706584930419922,0,0,1,0.005166174585903182,-0.013066039048496746,0.04127408849834931,0.008000000000000007,0.0059690260418205935,-0.00010071856990922189,0.0157657832600292,0.02154886060606062,0.004144363642008555,1427126923301,0,0,0,0,0,0,0
0.01230277445297365,-0.041015624503214436,0.991,-0.0011170107212764046,-0.011452077865600586,0.003867766857147217,2.5,0,1,0,2.487697225547026,0.041015624503214436,0.009000000000000008,0.0011170107212764046,1.243848612773513,0.020507812251607218,0.007200000000000007,0.0011170107212764046,0,0,0,0,0,0,0,0
0.011959453386316847,-0.040890864984833374,0.994,-0.0012915436464758267,-0.0051519031524658206,0.0018656392097473145,2.5,0,1,0,2.488040546613683,0.040890864984833374,0.006000000000000005,0.0012915436464758267,1.2474950781104126,0.019778085301906785,-0.011828866666666675,0.0021226528140921223,0,0,0,0,0,0,0,0
0.010007367926930579,-0.04142270091498868,0.993,-0.004974188368183922,-0.029270954132080078,-0.008015350341796875,2.5,0,1,0,2.4899926320730694,0.04142270091498868,0.007000000000000006,0.004974188368183922,1.2585591450633005,0.023584792738892586,0.010987030303030311,0.02171348255776617,0,0,0,0,0,0,0,0
0.012038702276976603,-0.04167494189863815,0.994,-0.008115781021773686,0.030488458633422852,-0.003632004976272583,2.5,0,1,0,2.4879612977230234,0.04167494189863815,0.006000000000000005,0.008115781021773686,1.2376749450467752,0.02229668601901157,-0.0005463500000000001,0.022841996585475706,0,0,0,0,0,0,0,0
0.013917840129100661,-0.04116119309836905,0.994,-0.007557275661135458,0.028123598098754882,0.007934735774993897,2.5,0,1,0,2.4860821598708993,0.04116119309836905,0.006000000000000005,0.007557275661135458,1.2393417546630827,0.017920783821301224,0.004961400000000005,0.004979558612035942,0,0,0,0,0,0,0,0
0.021667450613895786,-0.042170268395727045,0.993,-0.007993607974134013,0.116355224609375,-0.014257216453552246,2.5,0,1,0,2.478332549386104,0.042170268395727045,0.007000000000000006,0.007993607974134013,1.2067628269711896,0.026491204110357575,0.011032180597014933,0.00994733474875441,0,0,0,0,0,0,0,0
0.03913276263807443,-0.04263835449533454,0.996,-0.0064228116473391585,0.26202743530273437,-0.0049269266128540035,2.5,0,1,0,2.4608672373619256,0.04263835449533454,0.0040000000000000036,0.0064228116473391585,1.1445747407047302,0.024041092697471317,-0.012972350000000011,-0.0009402961345117214,0,0,0,0,0,0,0,0
0.05797438199217496,-0.04285004028928027,1.002,-0.005253441048502897,0.28263885498046876,-0.0013599913120269775,2.5,0,1,0,2.442025618007825,0.04285004028928027,-0.0020000000000000018,0.005253441048502897,1.1307997993664547,0.022754788846188433,-0.03368679230769233,-0.0001436540230490774,0,0,0,0,0,0,0,0
0.08241394953038142,-0.04428160489082473,1.004,-0.0041713369122665135,0.36670126342773435,-0.019547304153442382,2.5,0,1,0,2.4175860504696187,0.04428160489082473,-0.0040000000000000036,0.0041713369122665135,1.0920267285877547,0.029951580886139653,-0.013611560606060617,-0.0007473182524443218,0,0,0,0,0,0,0,0
0.11581150331206408,-0.045118648051693154,1.016,-0.002513274122871837,0.5010113220214844,-0.01046585750579834,2.5,0,1,0,2.384188496687936,0.045118648051693154,-0.016000000000000014,0.002513274122871837,1.0266484595664562,0.027314954606670924,-0.07732488461538467,-0.005139323366642054,0,0,0,0,0,0,0,0
0.15065102716247988,-0.046945959572276236,1.008,-0.00047123889803857635,0.5226600952148438,-0.026096168518066405,2.5,0,1,0,2.3493489728375203,0.046945959572276236,-0.008000000000000007,0.00047123889803857635,1.0058571991427874,0.03344272758540942,0.036061942424242446,-0.008810739396658062,0,0,0,0,0,0,0,0
0.1865585386083351,-0.04802501227140796,1.002,0.0024434609527920724,0.5386202392578125,-0.015931973457336424,2.5,0,1,0,2.313441461391665,0.04802501227140796,-0.0020000000000000018,-0.0024434609527920724,0.9777698934575307,0.030223771024477118,0.031237400000000026,-0.01610611650356074,0,0,0,0,0,0,0,0
0.23109492456231934,-0.04591934517626119,1.001,0.003368485456349043,0.6681209716796875,0.02995256996154785,2.5,0,1,0,2.2689050754376807,0.04591934517626119,-0.0009999999999998899,-0.003368485456349043,0.9135343830161026,0.011961508167486052,0.004603015384616076,-0.007637829318919675,0,0,0,0,0,0,0,0
0.2902742608477245,-0.04477802555386477,0.994,0.003735004599267785,0.88774267578125,0.014129531860351563,2.5,0,1,0,2.2097257391522755,0.04477802555386477,0.006000000000000005,-0.003735004599267785,0.8065343809731208,0.016612594310784316,0.04254970769230713,-0.0054266314127389016,0,0,0,0,0,0,0,0
0.3562384903156462,-0.043116601318246496,0.991,0.0021467549799530326,0.9895496215820313,0.021225547790527342,2.5,0,1,0,2.143761509684354,0.043116601318246496,0.009000000000000008,-0.0021467549799530326,0.7384116710069044,0.013009344681868202,0.02346974615384617,0.005183627878422746,0,0,0,0,0,0,0,0
0.42316212920111296,-0.03827681057802778,0.988,-0.0002443460952792388,1.0040081176757814,0.07044166564941406,2.5,0,1,0,2.076837870798887,0.03827681057802778,0.01200000000000001,0.0002443460952792388,0.7119322391094531,-0.005721263667111901,0.0254679417910448,0.010950768820199856,0,0,0,0,0,0,0,0
0.4962961118770982,-0.035228610950564634,0.987,-0.003909537524467324,1.09699853515625,0.04599104309082031,2.5,0,1,0,2.0037038881229017,0.035228610950564634,0.013000000000000012,0.003909537524467324,0.6262972491559877,0.0013898300589168626,0.016148250000000017,0.021090122348786475,0,0,0,0,0,0,0,0
0.5975489208978492,-0.024957878183665544,0.987,-0.004415683007545692,1.51817822265625,0.15999757385253907,2.5,0,1,0,1.9024510791021507,0.024957878183665544,0.013000000000000012,0.004415683007545692,0.43165147241766466,-0.0423634176589424,0.010764000000000011,0.006751739083292003,0,0,0,0,0,0,0,0
0.7008675516938475,-0.01206511468786758,0.988,-0.005026548245743669,1.548910400390625,0.20023287963867187,2.5,0,1,0,1.7991324483061524,0.01206511468786758,0.01200000000000001,0.005026548245743669,0.3700379373981939,-0.06292058408405743,0.004657384615384622,0.007845926268195871,0,0,0,0,0,0,0,0
0.8067706628685827,0.001498831663840584,0.988,-0.006370451769779297,1.58750390625,0.21144149780273438,2.5,0,1,0,1.6932293371314173,-0.001498831663840584,0.01200000000000001,0.006370451769779297,0.30427054807137954,-0.07331759303231716,0.010120000000000011,0.012573083419174501,0,0,0,0,0,0,0,0
0.9185522213507794,0.01773447188343909,0.99,-0.008953539062731,1.675137939453125,0.25421107482910155,0.964333409679719,0.35884536692626967,1,0,0.045781188328939626,0.3411108950428306,0.010000000000000009,0.008953539062731,-8.070396768720643,1.860187281248637,-0.0012681549295774659,0.01986799241323115,0,1,0,0,0,0,0,0
1.0285117183419636,0.030408939109335356,0.99,-0.010053096491487336,1.6476241455078124,0.20487709045410157,0.9868856538536043,0.36891314040626333,1,0,-0.04162606448835937,0.338504201296928,0.010000000000000009,0.010053096491487336,-0.5027777434576206,0.15496013538806594,0.00865100000000001,0.015550883635269023,0,1,0,0,0,0,0,0
1.1494204277775488,0.036157686637627036,0.99,-0.012828170002158303,1.812672119140625,0.10445915222167969,0.9948345280866537,0.3537755570480109,1,0,-0.1545858996908951,0.31761787041038386,0.010000000000000009,0.012828170002158303,-0.6577277669346357,0.04746427645847291,0.008716000000000008,0.025636201589870455,0,1,0,0,0,0,0,0
1.2744848236931108,0.03759048875739884,0.99,-0.013473941825396242,1.875535888671875,0.04555481338500977,0.9948345280866537,0.3537755570480109,1,0,-0.27965029560645704,0.31618506829061205,0.010000000000000009,0.013473941825396242,-0.7856201414239329,0.15170316597559602,0.00878100000000001,0.016454427163417502,0,0,0,0,0,0,0,0
1.4130421048972708,0.03687247390405756,0.992,-0.011571532940722442,2.078315673828125,0.017233598709106446,0.9948345280866537,0.3537755570480109,1,0,-0.41820757681061704,0.3169030831439533,0.008000000000000007,0.011571532940722442,-0.9278246146587754,0.16384948256922685,-0.00353623076923077,0.0027911842422279776,0,0,0,0,0,0,0,0
1.5533451730082581,0.03933736260915962,0.995,-0.009389871375729499,2.103977294921875,0.06132313537597656,0.9948345280866537,0.3537755570480109,1,0,-0.5585106449216044,0.3144381944388513,0.0050000000000000044,0.009389871375729499,-0.985199158030617,0.14608519370088235,-0.010805141791044783,-0.0003787624973732272,0,0,0,0,0,0,0,0
1.6920445893817602,0.04013899739923883,1.003,-0.007976154681614169,2.08028662109375,0.031559249877929685,0.9948345280866537,0.3537755570480109,1,0,-0.6972100612951064,0.3136365596487721,-0.0029999999999998916,0.007976154681614169,-1.0805810387425359,0.15437744772615594,-0.04530269999999934,0.001349357677948559,0,0,0,0,0,0,0,0
1.816359200397314,0.04403093791092341,1.011,-0.006789330790257953,1.8641942138671874,0.07325038146972657,0.9948345280866537,0.3537755570480109,1,0,-0.8215246723106602,0.3097446191370875,-0.010999999999999899,0.006789330790257953,-1.0440122665663547,0.13638077070613538,-0.05044954242424237,0.0013946767386387926,0,0,0,0,0,0,0,0
1.92444391415193,0.05120912693248939,1.023,-0.005934119456780685,1.6205023193359376,0.1186776123046875,0.9948345280866537,0.3537755570480109,1,0,-0.9296093860652763,0.3025664301155215,-0.02299999999999991,0.005934119456780685,-1.021409332744555,0.11497563580678027,-0.08239018461538458,0.0019869902253471404,0,0,0,0,0,0,0,0
2.0155490229483046,0.06199748784230331,1.037,-0.00774926187885483,1.36559228515625,0.16993194580078125,0.9948345280866537,0.3537755570480109,1,0,-1.020714494861651,0.2917780692057076,-0.03699999999999992,0.00774926187885483,-0.9838515956247711,0.08942113162982196,-0.1057741,0.016257741982327385,0,0,0,0,0,0,0,0
2.0911465490365853,0.07573705476561407,1.044,-0.010245082709206765,1.132331787109375,0.2148746032714844,0.9948345280866537,0.3537755570480109,1,0,-1.0963120209499315,0.2780385022823968,-0.04400000000000004,0.010245082709206765,-0.9190662737076731,0.06996262562816916,-0.07167356417910511,0.021420399860036323,0,0,0,0,0,0,0,0
2.1517837494088083,0.0920983602560482,1.054,-0.012130038301360613,0.9069959716796875,0.25472503662109375,0.9948345280866537,0.3537755570480109,1,0,-1.1569492213221546,0.26167719679196266,-0.05400000000000005,0.012130038301360613,-0.8920746375895583,0.04282454496547941,-0.09900215555555564,0.02110601731161703,0,0,0,0,0,0,0,0
2.186996500308495,0.10872061017955914,1.057,-0.015166911199830768,0.5251280517578125,0.25572222900390623,0.9948345280866537,0.3537755570480109,1,0,-1.192161972221841,0.24505494686845175,-0.05699999999999994,0.015166911199830768,-0.7603287896139235,0.03742300283325857,-0.062131890909090284,0.028970878920149656,0,0,0,0,0,0,0,0
2.2128498223385615,0.12538992243661723,1.059,-0.017767451785302313,0.3839630432128906,0.2558924255371094,0.9948345280866537,0.3537755570480109,1,0,-1.2180152942519078,0.22838563461139366,-0.05899999999999994,0.017767451785302313,-0.7265230710426389,0.027627257185835655,-0.05897553076923073,0.02976994679517098,0,0,0,0,0,0,0,0
2.225821018897413,0.14126105490848306,1.062,-0.019058995431778136,0.1903076171875,0.2414862060546875,0.9948345280866537,0.3537755570480109,1,0,-1.230986490810759,0.21251450213952783,-0.062000000000000055,0.019058995431778136,-0.6644435195422389,0.024127716527328633,-0.0671631461538468,0.025019966107820396,0,0,0,0,0,0,0,0
2.2294525552096385,0.15731123811096848,1.059,-0.02054252529597328,0.04987492370605469,0.24174716186523437,0.9948345280866537,0.3537755570480109,1,0,-1.2346180271229847,0.19646431893704241,-0.05899999999999994,0.02054252529597328,-0.6164873781588801,0.016577627563893846,-0.03308960909090844,0.027285842860496658,0,0,0,0,0,0,0,0
2.223138542917582,0.17463070959098784,1.057,-0.02124065699677102,-0.100026611328125,0.25779180908203125,0.9948345280866537,0.3537755570480109,1,0,-1.2283040148309283,0.17914484745702305,-0.05699999999999994,0.02124065699677102,-0.5603285847498723,-0.0015687072381311146,-0.036825999999999935,0.024513149344260427,0,0,0,0,0,0,0,0
2.2101093120975746,0.1926466075147299,1.049,-0.021013764194011738,-0.2011339874267578,0.26602658081054686,0.9948345280866537,0.3537755570480109,1,0,-1.2152747840109208,0.161128949533281,-0.04899999999999993,0.021013764194011738,-0.5200513995558232,-0.011293304062859152,0.0007373424242425111,0.019982433272378638,0,0,0,0,0,0,0,0
2.1857498990854944,0.2120706208958939,1.042,-0.020176006153054423,-0.3714326477050781,0.28361819458007814,0.9948345280866537,0.3537755570480109,1,0,-1.1909153709988407,0.141704936152117,-0.04200000000000004,0.020176006153054423,-0.44657412383956185,-0.029965191202228222,0.0013324076923070943,0.016309430579405277,0,0,0,0,0,0,0,0
2.1550605000326097,0.22957238934204155,1.034,-0.01949532774477669,-0.46554367065429686,0.2531858825683594,0.9948345280866537,0.3537755570480109,1,0,-1.160225971945956,0.12420316770596934,-0.03400000000000003,0.01949532774477669,-0.3978990309751674,-0.028284793716205084,0.012896023076923089,0.01635373509118716,0,0,0,0,0,0,0,0
2.116421943578057,0.2469176449930477,1.026,-0.019163715186897745,-0.5845401611328125,0.24883103942871093,0.9948345280866537,0.3537755570480109,1,0,-1.1215874154914032,0.1068579120549632,-0.026000000000000023,0.019163715186897745,-0.3427386212414296,-0.03325507955308308,0.017835944776119418,0.017678882838186045,0,0,0,0,0,0,0,0
2.0675246523561617,0.2621356044400798,1.019,-0.017767451785302313,-0.7376989135742188,0.2141725311279297,0.9948345280866537,0.3537755570480109,1,0,-1.072690124269508,0.09163995260793112,-0.018999999999999906,0.017767451785302313,-0.2491573578689582,-0.034741000811079885,0.020414088888889615,0.011118578444371682,0,0,0,0,0,0,0,0
2.010204012100538,0.2775046656495314,1.015,-0.01640609496874673,-0.8637697143554688,0.2152237091064453,0.9948345280866537,0.3537755570480109,1,0,-1.015369484013884,0.07627089139847948,-0.014999999999999902,0.01640609496874673,-0.18415904442873693,-0.04058821962172729,0.006166161538461638,0.010122909661567127,0,0,0,0,0,0,0,0
1.9483579689811557,0.2925823486617052,1.012,-0.015812683023068597,-0.931276123046875,0.21091571044921875,0.9948345280866537,0.3537755570480109,1,0,-0.9535234408945019,0.06119320838630571,-0.01200000000000001,0.015812683023068597,-0.13454350893187034,-0.0452876000878131,0.0028575909090903275,0.013115355997258892,0,0,0,0,0,0,0,0
1.8853378126310412,0.30492436810736806,1.002,-0.013857914260834993,-0.9481114501953125,0.17016000366210937,0.9948345280866537,0.3537755570480109,1,0,-0.8905032845443874,0.04885118894064283,-0.0020000000000000018,0.013857914260834993,-0.0922443952526758,-0.03792647440912899,0.04878165384615389,0.004835904588987593,0,0,0,0,0,0,0,0
1.8149970893262608,0.31657211925452017,0.995,-0.012025318546241007,-1.0574306640625,0.1600783233642578,0.9948345280866537,0.3537755570480109,1,0,-0.8201625612396071,0.03720343779349072,0.0050000000000000044,0.012025318546241007,-0.029511306288171835,-0.038114857111511066,0.037136164179104515,0.003819666092835102,0,0,0,0,0,0,0,0
1.7383094945486406,0.3262610405366049,0.99,-0.011013027580084215,-1.1519783935546875,0.13149075317382813,0.9948345280866537,0.3537755570480109,1,0,-0.7434749664619869,0.027514516511406018,0.010000000000000009,0.011013027580084215,0.06695475542893076,-0.035922862846711145,0.03240977777777781,0.006192594407909013,0,0,0,0,0,0,0,0
1.6597995596609796,0.3336582061792026,0.977,-0.011327186845443208,-1.178799560546875,0.09798153686523438,0.9948345280866537,0.3537755570480109,1,0,-0.6649650315743258,0.02011735086880828,0.02300000000000002,0.011327186845443208,0.10248110563448826,-0.025611920855599258,0.08518150000000009,0.012777152685561637,0,0,0,0,0,0,0,0
1.5806938189032678,0.33870410914594246,0.968,-0.011484266478122732,-1.1873673095703126,0.06224329376220703,0.9948345280866537,0.3537755570480109,1,0,-0.585859290816614,0.015071447902068436,0.03200000000000003,0.011484266478122732,0.132134591303949,-0.014653077149567005,0.0696108253731344,0.012187608116986274,0,0,0,0,0,0,0,0
1.507553887978692,0.3407718828681315,0.963,-0.011100294042683926,-1.0973828125,0.01841546058654785,0.9948345280866537,0.3537755570480109,1,0,-0.5127193598920383,0.01300367417987941,0.03700000000000003,0.011100294042683926,0.15512146936297588,-0.0006275846000353066,0.054176450000000057,0.009300423251564521,0,0,0,0,0,0,0,0
1.4352264164607764,0.34232238203882764,0.962,-0.010454522219446098,-1.0851033935546874,0.011213459014892579,0.9948345280866537,0.3537755570480109,1,0,-0.4403918883741227,0.011453175009183247,0.038000000000000034,0.010454522219446098,0.17456532243290107,0.0016905183663188071,0.03318653030303034,0.007519195750183241,0,0,0,0,0,0,0,0
1.366197997755456,0.344192530473192,0.961,-0.012758356832078602,-1.0356629638671875,0.017226003646850587,0.9948345280866537,0.3537755570480109,1,0,-0.3713634696688022,0.00958302657481891,0.039000000000000035,0.012758356832078602,0.20278625075862713,-0.0012434528772603502,0.03440185000000004,0.02355758157879347,0,0,0,0,0,0,0,0
1.29446117197153,0.34805248876132433,0.962,-0.012863076587198211,-1.0767034912109374,0.04416637420654297,0.9948345280866537,0.3537755570480109,1,0,-0.29962664388487625,0.005723068286686561,0.038000000000000034,0.012863076587198211,0.23569936130855634,-0.013106184521805985,0.023163819402985106,0.013331971013106908,0,0,0,0,0,0,0,0
1.225264595220125,0.35086164815094767,0.965,-0.014102260356114175,-1.03840478515625,0.028783060073852538,0.9948345280866537,0.3537755570480109,1,0,-0.23043006713347136,0.002913908897063222,0.03500000000000003,0.014102260356114175,0.27983329283456787,-0.009951408300813983,0.009541533333333352,0.02000313544619019,0,0,0,0,0,0,0,0
1.1630179836997072,0.35572620557749024,0.968,-0.01570796326794899,-0.9346353149414063,0.05979427337646484,0.9478087617008656,0.3059012310448604,1,0,-0.21520922199884163,-0.04982497453262985,0.03200000000000003,0.01570796326794899,-0.01640714609465746,-0.3004231904210341,0.008110309090909113,0.023006612867198156,0,1,0,0,0,0,0,0
1.1093356193455124,0.3584140558968772,0.972,-0.016388641676226782,-0.8057694091796875,0.027664691925048827,0.9660343679582876,0.3114416449309398,1,0,-0.14330125138722483,-0.046972410965937406,0.028000000000000025,0.016388641676226782,0.31437287683479304,-0.004451031709593663,0.00011147761194031311,0.0194364554446348,0,1,0,0,0,0,0,0
1.0648767525496614,0.3607363907466466,0.978,-0.017959438003021688,-0.6673643188476562,0.023901527404785156,0.9770248969736286,0.3068515544828431,1,0,-0.08785185557603281,-0.05388483626380347,0.02200000000000002,0.017959438003021688,0.2560610844426954,-0.05895448305845745,-0.014988883582089555,0.0249928543916556,1427126927020,1,0,0,0,0,0,0
1.0281566436414569,0.36309062593650515,0.984,-0.0191811684794177,-0.5513469848632813,0.025416276931762696,0.9796738590913703,0.28155608848123725,1,0,-0.04848278455008659,-0.0815345374552679,0.016000000000000014,0.0191811684794177,0.21194313500676001,-0.19536521183860214,-0.02277422950819673,0.025189679019070207,1427126927020,1,0,0,0,0,0,0
0.9977230282867676,0.3627239358013931,0.994,-0.019984019935335107,-0.4563147583007813,-0.014255087852478027,0.9791829174747246,0.24168982521546178,1,0,-0.018540110812042987,-0.12103411058593133,0.006000000000000005,0.019984019935335107,0.159801029145287,-0.26601648767718783,-0.049338703030303056,0.02363334473495969,0,1,0,0,0,0,0,0
0.9731917121739185,0.3597753285074962,1,-0.0217817090648893,-0.367012451171875,-0.05157330322265625,0.9816788947358449,0.22657309086482982,1,0,0.008487182561926376,-0.1332022376426664,0,0.0217817090648893,0.16006486602033093,-0.12824038354300377,-0.03341609230769232,0.030078735816677877,0,1,0,0,0,0,0,0
0.9567575834322533,0.3530547941167343,1.014,-0.022479840765686987,-0.2442578582763672,-0.10615312957763672,0.9845379738042823,0.20475419364316388,1,0,0.027780390372029062,-0.1483006004735704,-0.014000000000000012,0.022479840765686987,0.1249839170143149,-0.14924028684817353,-0.08553652835820902,0.02560580360507962,0,1,0,0,0,0,0,0
0.9469001287774985,0.3433731827393783,1.018,-0.022357667718047425,-0.14456011962890625,-0.1485111083984375,0.981804240475889,0.19793911973808895,1,0,0.03490411169839047,-0.14543406300128933,-0.018000000000000016,0.022357667718047425,0.06735858292539008,-0.05310138875333367,-0.03793782222222225,0.021775891300716176,0,1,0,0,0,0,0,0
0.9412411181074016,0.3273240800578544,1.013,-0.02436479635784089,-0.07948208618164063,-0.24257405090332032,0.9782585841367093,0.19129911348627504,1,0,0.037017466029307666,-0.13602496657157936,-0.0129999999999999,0.02436479635784089,0.04024269209627129,-0.01374609955534356,0.015122976923077633,0.0336284670030415,0,1,0,0,0,0,0,0
0.9402422671598218,0.30727590110386444,1.015,-0.02656391121535373,-0.007651995182037354,-0.30099844360351563,0.9682779772827317,0.1881873081057629,1,0,0.02803571012290984,-0.11908859299810154,-0.014999999999999902,0.02656391121535373,-0.023972863923197835,0.03517617195854275,-0.02426683076923069,0.0365598878404121,0,1,0,0,0,0,0,0
0.9432410575442665,0.28526019190014856,1.011,-0.027593655474030365,0.0537373046875,-0.32892437744140623,0.95384159443711,0.20192616533494467,1,0,0.01060053689284357,-0.08333402656520389,-0.010999999999999899,0.027593655474030365,-0.07677940512705603,0.15141014627948268,0.010841921212121318,0.03234632128330714,1427126927538,1,0,0,0,0,0,0
0.9496435165761837,0.2615698187212209,1.009,-0.026598817800393637,0.10580464172363281,-0.35257064819335937,0.936621521351298,0.22275011056641386,1,0,-0.013021995224885785,-0.038819708154807064,-0.008999999999999897,0.026598817800393637,-0.12141101737977031,0.22009491466100667,0.0017764606060607056,0.022076828374772144,1427126927538,1,0,0,0,0,0,0
0.9618213546509117,0.23417624118591177,1.01,-0.025830872929516135,0.19353121948242188,-0.405900146484375,0.9172455145644117,0.24379940573852207,1,0,-0.04457584008649995,0.009623164552610308,-0.010000000000000009,0.025830872929516135,-0.18450555378055988,0.27318369050964375,-0.015162350000000609,0.022231131347277847,1427126927538,1,0,0,0,0,0,0
0.9747102774741815,0.20576803662847273,1.009,-0.023841197582242568,0.20427525329589843,-0.42098748779296874,0.8970782710512349,0.2748613722245695,1,0,-0.07763200642294654,0.06909333559609679,-0.008999999999999897,0.023841197582242568,-0.2065187504776411,0.3582657245073014,-0.00356748461538392,0.014658080594826104,1427126927538,1,0,0,0,0,0,0
0.9872950293999346,0.18156406035949527,1.007,-0.021921335405048814,0.19737258911132813,-0.3584563598632812,0.8759846930157245,0.32353257148494974,1,0,-0.11131033638421017,0.14196851112545447,-0.006999999999999895,0.021921335405048814,-0.2240338428086854,0.4610322777336935,0.003207760606060709,0.013194689145077204,0,1,0,0,0,0,0,0
0.9970782174834728,0.15944579611768475,1.004,-0.01755801227506293,0.1539849090576172,-0.32847760009765625,0.8449504708956976,0.3762619456602273,1,0,-0.15212774658777517,0.21681614954254255,-0.0040000000000000036,0.01755801227506293,-0.2857302815479886,0.5151635085913859,0.011129546153845576,-0.0025804021710257724,0,1,0,0,0,0,0,0
1.0056873110418802,0.14200572463390676,1.005,-0.013020156219877677,0.13370945739746093,-0.25929348754882814,0.8243315421458076,0.4163003215158866,1,0,-0.18135576889607263,0.2742945968819798,-0.004999999999999893,0.013020156219877677,-0.23567502056588285,0.4458679693844321,-0.01116033030302962,-0.00760646221278256,0,1,0,0,0,0,0,0
1.0090543698036578,0.1292408244168923,1,-0.008953539062730997,0.052994544982910154,-0.19079969787597656,0.8032027546245861,0.4559913206790429,1,0,-0.2058516151790717,0.3267504962621506,0,0.008953539062730997,-0.22701926010270093,0.45436329111526674,0.02548644999999943,-0.010108728861394058,0,1,0,0,0,0,0,0
1.0065616842479925,0.1296183548475394,1.004,-0.008045967851693871,-0.03743948745727539,0.005327958583831787,0.8032027546245861,0.4559913206790429,1,0,-0.2033589296234064,0.32637296583150355,-0.0040000000000000036,0.008045967851693871,-0.07852128827692857,0.1654856124274024,-0.026621761538461547,0.0038571776469071345,0,0,0,0,0,0,0,0
0.9988475537771787,0.1367178795104063,1.001,-0.00991347015132782,-0.11656504058837891,0.10555841827392579,1.1652211090913767,0.06647325525951356,1,0,0.16637355531419795,-0.07024462425089273,-0.0009999999999998899,0.00991347015132782,2.053735179385148,-2.1341117868225767,0.013219190909091613,0.018402116967845772,0,1,0,0,0,0,0,0
0.9821994983009851,0.15171901363508217,1.002,-0.014398966328953213,-0.25193922424316406,0.2225303955078125,1.1566168344732133,0.0779930000660065,1,0,0.1744173361722282,-0.07372601356907567,-0.0020000000000000018,0.014398966328953213,0.1404805356024887,-0.05137124695121373,-0.008887515384615977,0.035101256379531945,0,1,0,0,0,0,0,0
0.9597236691108875,0.17899878548777956,1.006,-0.0211359372416513,-0.3429942932128906,0.4042998962402344,1.1566168344732133,0.0779930000660065,1,0,0.19689316536232582,-0.10100578542177306,-0.006000000000000005,0.0211359372416513,0.2277257368088728,-0.19099731100802464,-0.02795462121212122,0.05175853229936987,0,0,0,0,0,0,0,0
0.9371325366864989,0.20963922464886173,1.001,-0.02773328181418988,-0.34850479125976563,0.45234219360351563,0.7625137238704144,0.4872562109768186,1,0,-0.1746188128160845,0.27761698632795684,-0.0009999999999998899,0.02773328181418988,-2.109038142264536,2.213750489539033,0.02459485000000073,0.058658334497964475,0,1,0,0,0,0,0,0
0.9177890420465347,0.24043507235322656,0.988,-0.02930407814098479,-0.30285025024414064,0.4537142333984375,0.7976748063085287,0.4395848051475518,1,0,-0.12011423573800595,0.19914973279432527,0.01200000000000001,0.02930407814098479,0.23888042544099825,-0.3120592046948838,0.07666969393939344,0.03644406144459802,0,1,0,0,0,0,0,0
0.8947137640154212,0.27132459593632324,0.983,-0.027506389011430654,-0.35955645751953125,0.45300238037109375,0.8305301829956477,0.3902361628404589,1,0,-0.0641835810197735,0.11891156690413568,0.017000000000000015,0.027506389011430654,0.2836360193996941,-0.3747904306647244,0.03918285000000005,0.01907972121664564,0,1,0,0,0,0,0,0
0.8753499393107184,0.3040985632782526,0.983,-0.027366762671271135,-0.30386819458007813,0.48343511962890623,0.8370601799197561,0.37689624173975056,1,0,-0.03828975939096224,0.07279767846149798,0.017000000000000015,0.027366762671271135,0.13011554418914567,-0.20730313983573345,0.011949600000000027,0.02672233340899643,1427126928515,1,0,0,0,0,0,0
0.8533013921016727,0.3359051627853408,0.974,-0.026703537555513242,-0.3436593933105469,0.46787051391601564,0.8497093536933176,0.3330760642009129,1,0,-0.0035920384083550916,-0.002829098584427925,0.026000000000000023,0.026703537555513242,0.18662490272523755,-0.38606836908239384,0.06564992941176478,0.023777544397757835,1427126928515,1,0,0,0,0,0,0
0.8321364382474474,0.36419680004602084,0.972,-0.024731315500759684,-0.32869207763671876,0.41574658203125,0.8733806129385893,0.27521731562299107,1,0,0.04124417469114183,-0.08897948442302978,0.028000000000000025,0.024731315500759684,0.27956785494013464,-0.518557403646456,0.03221391111111116,0.01533978190669512,1427126928515,1,0,0,0,0,0,0
0.8188562568069723,0.387431714163587,0.97,-0.022497294058206937,-0.2077603759765625,0.3434910888671875,0.8888026718244414,0.23519361702501287,1,0,0.06994641501746912,-0.15223809713857414,0.030000000000000027,0.022497294058206937,0.19942489233214675,-0.4122957093460156,0.03366703076923082,0.012186425861809643,0,1,0,0,0,0,0,0
0.8085837879645289,0.40324832859773696,0.974,-0.022060961745208385,-0.1593850555419922,0.23372293090820312,0.9005516918170202,0.20140538238815844,1,0,0.09196790385249132,-0.20184294620957852,0.026000000000000023,0.022060961745208385,0.17272643334209664,-0.3596640687892503,-0.0013427212121211937,0.020077633049760422,0,1,0,0,0,0,0,0
0.8044294589483917,0.41157907515298814,0.984,-0.021956241990088665,-0.06505631256103515,0.12355617523193359,0.9212449694143888,0.16548542791259566,1,0,0.11681551046599714,-0.24609364724039248,0.016000000000000014,0.021956241990088665,0.20224034896264073,-0.3571663679251195,-0.041872753846153854,0.021472920043382266,0,1,0,0,0,0,0,0
0.8067047060626684,0.4133971452171907,0.996,-0.023771384412162755,0.033521759033203126,0.028013755798339843,0.9212449694143888,0.16548542791259566,1,0,0.1145402633517204,-0.24791171730459502,0.0040000000000000036,0.023771384412162755,0.05531781274346828,-0.12960729978360339,-0.061236563636363664,0.0320220317852268,0,0,0,0,0,0,0,0
0.8103379411792216,0.40678991732970543,1.012,-0.023649211364523245,0.05683885192871094,-0.0977850341796875,0.9212449694143888,0.16548542791259566,1,0,0.11090702823516718,-0.24130448941710977,-0.01200000000000001,0.023649211364523245,0.04576862553350351,-0.08068356255990447,-0.09797700000000008,0.02307652520371304,0,0,0,0,0,0,0,0
0.8200744273942846,0.3930306184596139,1.011,-0.026197392072434985,0.15088694763183594,-0.20287818908691407,0.9212449694143888,0.16548542791259566,1,0,0.10117054202010423,-0.22754519054701824,-0.010999999999999899,0.026197392072434985,0.008408164356211938,-0.03599656263098329,-0.004363884615383916,0.03795822610895071,0,0,0,0,0,0,0,0
0.8334084170073155,0.370746366711093,1.01,-0.029094638630745514,0.20869705200195313,-0.3289099426269531,0.9212449694143888,0.16548542791259566,1,0,0.08783655240707333,-0.20526093879849736,-0.010000000000000009,0.029094638630745514,-0.017572908834143183,0.020915736055370074,-0.003628884615385201,0.042466545822947954,0,0,0,0,0,0,0,0
0.8510204713381143,0.3365585836686551,1.01,-0.03045599544730104,0.27898712158203126,-0.50491455078125,0.9212449694143888,0.16548542791259566,1,0,0.07022449807627451,-0.17107315575605944,-0.010000000000000009,0.03045599544730104,-0.04936902317146648,0.10199436776182386,-0.009078499999999991,0.03673918075448039,0,0,0,0,0,0,0,0
0.871446911243107,0.3036176094441861,1.005,-0.030438542154781086,0.3213009338378906,-0.4845552978515625,0.925899550502481,0.15536081751398384,1,0,0.054452639259373936,-0.14825679193020225,-0.004999999999999893,0.030438542154781086,-0.04356247116790729,0.04665083927077132,0.020622794117647752,0.030361542334840116,0,1,0,0,0,0,0,0
0.8935348968064543,0.26482614879656924,0.996,-0.028448866807507574,0.34887490844726565,-0.57151904296875,0.9131171896056955,0.19278303794701726,1,0,0.019582292799241285,-0.07204311084955198,0.0040000000000000036,0.028448866807507574,-0.16472453895298678,0.3714364248833758,0.04984117272727219,0.01940488795626434,1427126929301,1,0,0,0,0,0,0
0.9140535640521837,0.22627346857179348,0.988,-0.025080381351158584,0.3241049499511719,-0.5693013916015625,0.8982371718085632,0.23138494844586285,1,0,-0.015816392243620525,0.0051114798740693745,0.01200000000000001,0.025080381351158584,-0.19734647021464424,0.4414035380102017,0.053749590322580705,0.00878125817527637,1427126929301,1,0,0,0,0,0,0
0.9358282831418001,0.18791936145446628,0.984,-0.021502456384570153,0.3409455871582031,-0.5669397583007812,0.8869001885916292,0.27020683506820264,1,0,-0.048928094550170886,0.08228747361373637,0.016000000000000014,0.021502456384570153,-0.1923966197477484,0.46005795602780675,0.033430761538461584,0.004988956538777397,1427126929301,1,0,0,0,0,0,0
0.9577997863424104,0.15395732866744236,0.978,-0.01649336143134644,0.34044952392578126,-0.5022266540527344,0.8723832715870116,0.3125268396322464,1,0,-0.0854165147553988,0.15856951096480407,0.02200000000000002,0.01649336143134644,-0.22887867773167864,0.4934884335622407,0.04914299230769236,-0.006625538352763007,0,1,0,0,0,0,0,0
0.9793447636577473,0.11995759875306329,0.98,-0.009546951008409073,0.3315418701171875,-0.5045965881347656,0.8504266285659454,0.36522121999002627,1,0,-0.12891813509180183,0.245263621236963,0.020000000000000018,0.009546951008409073,-0.2814870246670563,0.5791300639603877,0.004921538805970172,-0.021556379243549275,0,1,0,0,0,0,0,0
0.9968284768457588,0.09357308259924521,0.982,-0.0027750735106709633,0.2660220642089844,-0.39324600219726563,0.8343719135826009,0.40411259049412784,1,0,-0.16245656326315794,0.3105395078948826,0.018000000000000016,0.0027750735106709633,-0.25452621960128075,0.5160645772086948,0.002947000000000021,-0.02896810225997643,0,1,0,0,0,0,0,0
1.0116085048345005,0.07344876602871524,0.986,0.00001745329251995678,0.22253726196289061,-0.30124835205078127,0.8209891116596977,0.4324010566201111,1,0,-0.1906193931748028,0.35895229059139583,0.014000000000000012,-0.00001745329251995678,-0.23696426531711245,0.4442109969050246,-0.010762961538461529,-0.01290603853801651,0,1,0,0,0,0,0,0
1.0172676261366824,0.06717714136869751,0.991,0.0006108652381979808,0.08488517761230469,-0.09407585144042968,0.8209891116596977,0.4324010566201111,1,0,-0.19627851447698474,0.36522391525141357,0.009000000000000008,-0.0006108652381979808,-0.11874759141319764,0.220670276891125,-0.020089076923076918,-0.0033496896028657836,0,0,0,0,0,0,0,0
1.0158106636372066,0.06961179792732287,0.997,-0.0006806784082777871,-0.021832124710083008,0.036533191680908204,1.1821842189514045,0.04007781862477896,1,0,0.16637355531419784,-0.029533979302543915,0.0030000000000000027,0.0006806784082777871,2.045900692180695,-2.1361175863168818,-0.03025419230769231,0.006641649084319793,0,1,0,0,0,0,0,0
1.006647111733091,0.07878488216968868,1.01,-0.004729842272904624,-0.13754690551757812,0.13750267028808594,1.1628216832577296,0.05471658677891998,1,0,0.15617457152463854,-0.0240682953907687,-0.010000000000000009,0.004729842272904624,0.03488564946107464,0.020770642230849866,-0.07632394776119407,0.022860426741382996,0,1,0,0,0,0,0,0
0.9937828634152213,0.09810647046343574,1.018,-0.011239920382843433,-0.19433238220214843,0.28890789794921873,1.160156418729419,0.06857249116089181,1,0,0.16637355531419784,-0.029533979302543922,-0.018000000000000016,0.011239920382843433,0.1491455865579564,-0.040423640500451316,-0.058678700000000035,0.041755911523181595,0,1,0,0,0,0,0,0
0.9791809339797779,0.12075319678645298,1.02,-0.019076448724298083,-0.22283323669433594,0.3372176208496094,0.7970516345909586,0.46724039002367196,1,0,-0.18212929938881928,0.346487193237219,-0.020000000000000018,0.019076448724298083,-1.9291229379129675,2.171757758768836,-0.027266760606060612,0.05469703209454649,0,1,0,0,0,0,0,0
0.9619964244025445,0.14743533233364292,1.012,-0.02115339053417125,-0.26535528564453126,0.39524221801757814,0.8341722526203164,0.4141196929536481,1,0,-0.12782417178222816,0.26668436062000517,-0.01200000000000001,0.02115339053417125,0.2430501842015989,-0.2984463929837108,0.033412500000000046,0.030889055267951722,0,1,0,0,0,0,0,0
0.9442440633246966,0.17418612125455255,1.005,-0.019285888234537356,-0.2747132568359375,0.39553964233398436,0.8588658376412819,0.3833939213617225,1,0,-0.08537822568341469,0.20920780010716997,-0.004999999999999893,0.019285888234537356,0.19579158918399256,-0.2001161192868601,0.03292230769230842,0.010666646851611691,0,1,0,0,0,0,0,0
0.9258826488344547,0.2025982152663839,1,-0.01844813019358004,-0.28358877563476564,0.42079074096679686,0.8508923353251546,0.3930688948057387,1,0,-0.07499031350930008,0.1904706795393548,0,0.01844813019358004,0.02664542023262475,0.002251627198574205,0.02534940298507409,0.014696974786308482,0,1,0,0,0,0,0,0
0.9092160555791089,0.23095058176166558,0.997,-0.020071286397934755,-0.2578016357421875,0.42060137939453124,0.86295124686147,0.3498763779445146,1,0,-0.04626480871763894,0.11892579618284901,0.0030000000000000027,0.020071286397934755,0.14380595463042042,-0.32682530224787365,0.018055450000000035,0.02767983110584748,0,1,0,0,0,0,0,0
0.8964520262086723,0.2581615340164672,0.997,-0.01933824811209716,-0.19961370849609375,0.4042394714355469,0.866267542276279,0.33758775706865274,1,0,-0.030184483932393258,0.07942622305218555,0.0030000000000000027,0.01933824811209716,0.082673470793242,-0.1712764657328768,0.0016684000000000195,0.015902131147233434,1427126930340,1,0,0,0,0,0,0
0.8846398642468265,0.2823488857138306,1.002,-0.020559978588493226,-0.18416497802734375,0.3593162536621094,0.8852186642209123,0.2861589055415508,1,0,0.0005787999740858307,0.0038100198277202235,-0.0020000000000000018,0.020559978588493226,0.17325484536193517,-0.3940637792731446,-0.028859951515151517,0.02611329893574807,1427126930340,1,0,0,0,0,0,0
0.8766666820559156,0.30320633231944794,1.001,-0.020734511513692648,-0.12600443267822264,0.31033682250976563,0.9000948179642737,0.23435204308604207,1,0,0.023428135908358128,-0.06885428923340586,-0.0009999999999998899,0.020734511513692648,0.14459100064055647,-0.42071502847525866,0.003833315384616093,0.021540048091536135,1427126930340,1,0,0,0,0,0,0
0.8715027386885451,0.3182679513622821,0.998,-0.0214675497995303,-0.08212659454345703,0.22426976013183594,0.9106335590487699,0.1850657137196157,1,0,0.03913082036022475,-0.1332022376426664,0.0020000000000000018,0.0214675497995303,0.11146262334535736,-0.39785489084897646,0.016533741791044228,0.024749810780892913,0,1,0,0,0,0,0,0
0.8702002513410946,0.32407685808065967,0.999,-0.020490165418413468,-0.021403209686279297,0.0866941375732422,0.9183958561903622,0.15431548333388323,1,0,0.04819560484926766,-0.16976137474677644,0.0010000000000000009,0.020490165418413468,0.08435634401979604,-0.28320172715932423,-0.005487155555555541,0.015835954079761894,0,1,0,0,0,0,0,0
0.8735116509905292,0.3233039531655454,0.996,-0.022602013813326653,0.04989810562133789,-0.010573444366455078,0.9324041357527163,0.10501246219369129,1,0,0.058892484762187114,-0.2182914909718541,0.0040000000000000036,0.022602013813326653,0.09610961751427066,-0.3618612173620181,0.01840389090909094,0.03220132469929567,0,1,0,0,0,0,0,0
0.8803686042527553,0.3136048333063199,0.999,-0.025481807079117232,0.10611604309082032,-0.1431251220703125,0.9392610890149424,0.08356594570291709,1,0,0.058892484762187114,-0.2300388876034028,0.0010000000000000009,0.025481807079117232,0.03942201930327807,-0.17378297663498132,-0.016052546153846145,0.03877316061353529,0,1,0,0,0,0,0,0
0.8898179067518588,0.2933883275496323,0.999,-0.027244589623631518,0.14941998291015626,-0.29953775024414064,0.940084348712852,0.0687713153146366,1,0,0.05026644196099317,-0.2246170122349957,0.0010000000000000009,0.027244589623631518,-0.011306251685703955,-0.07876811385512239,0.00010780000000001867,0.035380509059851295,0,1,0,0,0,0,0,0
0.9029167305277966,0.2633992053716907,1.002,-0.029304078140984787,0.20866354370117188,-0.4443174743652344,0.9423084360232684,0.05305760879539309,1,0,0.039391705495471774,-0.2103415965762976,-0.0020000000000000018,0.029304078140984787,-0.026241819061486968,-0.027491747707985445,-0.017746976470588233,0.03839005689401392,0,1,0,0,0,0,0,0
0.9171306917115074,0.22937444915009397,1.008,-0.02956587752878398,0.22807170104980468,-0.5039052124023438,0.9352894634713539,0.06514674101643406,1,0,0.01815877175984648,-0.16422770813365992,-0.008000000000000007,0.02956587752878398,-0.10073745481672589,0.1823073091912708,-0.04102636774193549,0.030832648760070393,0,1,0,0,0,0,0,0
0.9339652394595312,0.1865453395022224,0.995,-0.029880036794142972,0.2713992919921875,-0.6346910400390625,0.9313573117841427,0.09097948757839563,1,0,-0.0026079276753885328,-0.09556585192382677,0.0050000000000000044,0.029880036794142972,-0.10138562656124639,0.3203707299943401,0.07221699393939401,0.031308033454865665,1427126930993,1,0,0,0,0,0,0
0.9519202352804432,0.1390787470466231,0.993,-0.028344147052387914,0.2904761047363281,-0.7036348266601562,0.92173575134805,0.13160590921134913,1,0,-0.030184483932393258,-0.007472837835273971,0.007000000000000006,0.028344147052387914,-0.15355623728151052,0.47464347448933014,0.0156923307692308,0.021255425167364568,1427126930993,1,0,0,0,0,0,0
0.96906313976296,0.09129646016225597,0.989,-0.026878070480712724,0.277352783203125,-0.7091588745117188,0.892933454814846,0.2278399512082998,1,0,-0.07612968494811401,0.13654349104604385,0.01100000000000001,0.026878070480712724,-0.2754864092469042,0.8478659333909807,0.02973306153846158,0.020111563226827233,0,1,0,0,0,0,0,0
0.9883335690905108,0.044115805746369564,0.985,-0.021694442602289532,0.30797161865234374,-0.6996858520507813,0.8801060074728239,0.2775450422072482,1,0,-0.10822756161768698,0.23342923646087863,0.015000000000000013,0.021694442602289532,-0.21188609894903856,0.6271122291565371,0.032390622388059745,-0.0015158314802023697,0,1,0,0,0,0,0,0
1.0062073490299257,0.00017726468550827157,0.986,-0.015481070465189761,0.2823408203125,-0.6531070556640625,0.8601044636931514,0.34937539560693076,1,0,-0.1461028853367743,0.3491981309214225,0.014000000000000012,0.015481070465189761,-0.2736587955928247,0.8222576303902056,0.0052277444444444685,-0.014106415901952003,0,1,0,0,0,0,0,0
1.0222227793044947,-0.03904055454747011,0.985,-0.00921533845053002,0.24930931091308595,-0.5844779052734375,0.8601044636931514,0.34937539560693076,1,0,-0.16211831561134327,0.3884159501544009,0.015000000000000013,0.00921533845053002,-0.157590354776895,0.41013135838645653,0.017065415384615416,-0.019703424694053402,0,0,0,0,0,0,0,0
1.0303668078981412,-0.07080263326485067,0.991,-0.003752457891787797,0.126545654296875,-0.47528521728515627,0.8601044636931514,0.34937539560693076,1,0,-0.17026234420498976,0.42017802887178146,0.009000000000000008,0.003752457891787797,-0.1193885690078689,0.3861392183799252,-0.025368392307692306,-0.02146083699471477,0,0,0,0,0,0,0,0
1.0321591863269626,-0.09186505342401025,0.997,-0.002583087292951647,0.028071022033691405,-0.31583319091796874,1.1778784513832916,0.010625542959951204,1,0,0.14571926505632904,0.10249059638396145,0.0030000000000000027,0.002583087292951647,1.7582109211088783,-1.6283695131541467,-0.02965908181818182,-0.002732233610849036,0,1,0,0,0,0,0,0
1.0286008133236726,-0.0991533837198324,1.001,-0.006265732014659742,-0.053093021392822265,-0.10946246337890625,1.1674778321799038,0.031769452568559425,1,0,0.13887701885623116,0.13092283628839183,-0.0009999999999998899,0.006265732014659742,0.04347971933371849,0.21916703283961206,-0.02194312238805903,0.02275518599245718,0,1,0,0,0,0,0,0
1.0203286321741836,-0.099571739541436,1.002,-0.016004669240788087,-0.12404096221923828,-0.007052678108215332,1.1711795818805861,0.040490031001951254,1,0,0.15085094970640256,0.14006177054338725,-0.0020000000000000018,0.016004669240788087,0.15078874086818153,0.12527805984083645,-0.0073291500000005946,0.0616559374882647,0,1,0,0,0,0,0,0
1.0101438424393312,-0.09053750877999721,1.003,-0.02357939819444344,-0.15492103576660157,0.1330511474609375,1.1711795818805861,0.040490031001951254,1,0,0.16103573944125493,0.13102753978194848,-0.0029999999999998916,0.02357939819444344,0.1453445501247286,0.022221707707760302,-0.008064515384614685,0.058539685672852754,0,0,0,0,0,0,0,0
0.9975561983252851,-0.07557120736360638,1.001,-0.0263021118275546,-0.1940551300048828,0.2199803924560547,1.1711795818805861,0.040490031001951254,1,0,0.17362338355530105,0.11606123836555764,-0.0009999999999998899,0.0263021118275546,0.16468967403825968,-0.01712792210677784,0.009682830769230885,0.038868482441913814,0,0,0,0,0,0,0,0
0.9821679692856325,-0.05500181191758756,0.995,-0.026459191460234014,-0.23885794067382812,0.30236376953125,1.1711795818805861,0.040490031001951254,1,0,0.18901161259495358,0.09549184291953881,0.0050000000000000044,0.026459191460234014,0.18758671878261496,-0.05752105644527099,0.036053792307691755,0.027184174380292844,0,0,0,0,0,0,0,0
0.9687668416597369,-0.032855212620005056,0.994,-0.025935592684635748,-0.20973524475097657,0.32676458740234376,0.9062379519105945,0.382719225220763,1,0,-0.06252888974914239,0.4155744378407681,0.006000000000000005,0.025935592684635748,-1.3755327297725695,1.9370703125312758,0.009969715384615413,0.02351898295110529,0,1,0,0,0,0,0,0
0.9563137063266511,-0.01294258716133265,0.989,-0.02384119758224257,-0.19448002624511718,0.2937447814941406,0.9296909159027937,0.3474069757929796,1,0,-0.0266227904238574,0.36034956295431225,0.01100000000000001,0.02384119758224257,0.18726274040989668,-0.1066851441647998,0.035172851515151565,0.01432121984409177,0,1,0,0,0,0,0,0
0.9511121568502989,0.007870988114458006,0.988,-0.021921335405048818,-0.08544367218017578,0.31025491333007815,0.9473387023607138,0.3265596805403913,1,0,-0.003773454489585104,0.3186886924259333,0.01200000000000001,0.021921335405048818,0.13323116647110894,-0.06228531936397669,0.015003250000000036,0.012921981449453095,0,1,0,0,0,0,0,0
0.9472123038463227,0.02809368475247328,0.986,-0.020559978588493236,-0.0651328353881836,0.3019853210449219,0.9390865948930667,0.334187230274478,1,0,-0.008125708953256039,0.30609354552200474,0.014000000000000012,0.020559978588493236,-0.01698776692653316,0.09265956892352464,0.021832960606060645,0.01437199305869514,0,1,0,0,0,0,0,0
0.9428514409557629,0.049988241767149735,0.987,-0.020821777976292425,-0.07215091705322266,0.327004150390625,0.9254771912672062,0.3318603509354457,1,0,-0.01737424968855672,0.28187210916829597,0.013000000000000012,0.020821777976292425,-0.048343027977677325,0.01710139449261841,0.005126784615384641,0.02203008284305791,0,1,0,0,0,0,0,0
0.9437344725863482,0.07206515338512204,0.986,-0.01993166005777525,0.006347893238067627,0.331357666015625,0.9220079684341207,0.3239026814748193,1,0,-0.021726504152227544,0.2518375280896973,0.014000000000000012,0.01993166005777525,-0.024168659051512456,-0.029053750172060633,0.016787015384615418,0.015823423510772906,0,1,0,0,0,0,0,0
0.9452008707909056,0.09266978505755084,0.988,-0.020926497731412034,0.015831744194030762,0.3094464721679687,0.9185780803670482,0.3202858767935395,1,0,-0.0266227904238574,0.22761609173598862,0.01200000000000001,0.020926497731412034,-0.028777037965866233,-0.005817189621121835,-0.0005649611940298279,0.025380994777546885,0,1,0,0,0,0,0,0
0.9490936586371385,0.11207508065428726,0.991,-0.02242748088812713,0.05228820419311524,0.292237548828125,0.9137663592859392,0.31546973603656714,1,0,-0.03532729935119927,0.20339465538227988,0.009000000000000008,0.02242748088812713,-0.05444507300800468,-0.02168892869966957,-0.008612546153846136,0.029355095457581422,0,1,0,0,0,0,0,0
0.9529789152744615,0.13269271533164176,0.996,-0.021485003092050262,0.05132875061035156,0.3104936828613281,0.9084030751879616,0.311865934360213,1,0,-0.04457584008649995,0.17917321902857122,0.0040000000000000036,0.021485003092050262,-0.06360777533200407,-0.03782718421925488,-0.024211277777777773,0.016997013586922318,0,1,0,0,0,0,0,0
0.9571226396637869,0.15261175009805672,0.999,-0.02225294796292771,0.055722606658935546,0.3000518798828125,0.908194545113616,0.3191898222226994,1,0,-0.048928094550170886,0.1665780721246427,0.0010000000000000009,0.02225294796292771,-0.037515550550806964,0.023756273452113327,-0.014735990909090899,0.0257436064669161,0,1,0,0,0,0,0,0
0.9616190726027836,0.1701724274649816,1,-0.024085543677521807,0.06156862640380859,0.264845703125,0.8990901828536412,0.3125290632359155,1,0,-0.06252888974914239,0.1423566357709339,0,0.024085543677521807,-0.0945115056926688,-0.0518925860365015,-0.005011515384615368,0.032543677744879186,0,1,0,0,0,0,0,0
0.9641602005547812,0.18769013183761876,1.004,-0.025848326222036092,0.031777624130249024,0.26360733032226563,0.8879527180990987,0.2918035880964689,1,0,-0.07620748245568254,0.10411345625885013,-0.0040000000000000036,0.025848326222036092,-0.1007040395385663,-0.1433270819205577,-0.02406542121212121,0.033860974151646475,0,1,0,0,0,0,0,0
0.9668811935493317,0.20334102390209208,1.005,-0.028937558998066052,0.03473369598388672,0.23573983764648437,0.881502967865917,0.2856284975158284,1,0,-0.08537822568341469,0.08228747361373634,-0.004999999999999893,0.028937558998066052,-0.08295856361793827,-0.07074351201365993,-0.009154049999999291,0.04341833763570649,1427126932622,1,0,0,0,0,0,0
0.9671571985793246,0.2192369272048394,1.004,-0.0316602726311771,-0.00276052451133728,0.23845851135253907,0.8815233188357394,0.2927382142874253,1,0,-0.08563387974358516,0.07350128708258591,-0.0040000000000000036,0.0316602726311771,-0.03436614942872997,-0.0030382220198985205,0.00247331538461481,0.04422664324553578,1427126932622,1,0,0,0,0,0,0
0.9679605739158635,0.23223679271850733,1.006,-0.0338942940737299,0.005871932983398437,0.19528172302246094,0.8733338074971482,0.27770768307460647,1,0,-0.09462676641871537,0.045470890356099136,-0.006000000000000005,0.0338942940737299,-0.08523799819653101,-0.11835921767429455,-0.015156960606060596,0.044048936994424456,1427126932622,1,0,0,0,0,0,0
0.9665439353623986,0.24259363293699981,1.007,-0.035447637108004804,-0.02650193214416504,0.15454327392578124,0.8675649144800123,0.25802994221450015,1,0,-0.0989790208823863,0.015436309277500337,-0.006999999999999895,0.035447637108004804,-0.06322412758485062,-0.146445098712344,-0.010781015384614685,0.042616912650812036,1427126932622,1,0,0,0,0,0,0
0.9647709165371386,0.2506944193596294,1.007,-0.03666936758440087,-0.030884979248046875,0.120492919921875,0.8657918956547523,0.236096147558531,1,0,-0.0989790208823863,-0.014598271801098378,-0.006999999999999895,0.03666936758440087,-0.03985522718599832,-0.15664456808341234,-0.005443299999999893,0.042139802553338476,1427126932622,1,0,0,0,0,0,0
0.9619582582584342,0.2550032864395389,1.005,-0.040142572795869635,-0.04453103256225586,0.06304282760620117,0.8668910786054214,0.2187147420228846,1,-0.03666936758440087,-0.09506717965301281,-0.0362885444166543,-0.004999999999999893,0.003473205211468766,-0.047533589826506406,-0.01814427220832715,-0.003999999999999915,0.003473205211468766,1427126932622,1,0,0,0,0,0,0
0.9572428172178765,0.25563228432351137,1.005,-0.04492477494633407,-0.07105327606201171,0.006588780879974365,0.8675123370707909,0.20421742926477573,1,-0.03666936758440087,-0.08973048014708562,-0.05141485505873564,-0.004999999999999893,0.008255407361933198,-0.017047078494129182,-0.10475991614984624,-0.004033499999999915,0.029668252811773935,1427126933015,1,0,0,0,0,0,0
0.9524363350857453,0.2565249872901618,1.01,-0.049078658566080624,-0.0726258544921875,0.010139171600341796,0.8795593759073623,0.22588190073133352,1,-0.03666936758440087,-0.072876959178383,-0.030643086558828303,-0.010000000000000009,0.012409290981679755,0.05562245253282829,0.09822000617616707,-0.03544125000000063,0.03188062044924174,1427126933079,1,0,0,0,0,0,0
0.9468468560033828,0.2551355498637139,1.011,-0.05337216852598665,-0.08271876525878906,-0.024929676055908203,0.8843179662542404,0.24053727806261552,1,-0.03666936758440087,-0.06252888974914239,-0.014598271801098378,-0.010999999999999899,0.01670280094158578,0.024308524521276235,0.0790324720822696,-0.014353615384614708,0.036519000756536656,1427126933144,1,0,0,0,0,0,0
0.9405948768606843,0.25050255164785384,1.011,-0.05841617006425026,-0.08993881225585937,-0.07439886474609375,0.8867704960388837,0.2475305692965356,1,-0.03666936758440087,-0.05382438082180063,-0.0029719823513182364,-0.010999999999999899,0.021746802479849392,0.01906515565853878,0.06010306417501689,-0.009041599999999917,0.044674082199229456,1427126933210,1,0,0,0,0,0,0
0.9354526710379385,0.24750546702416198,1.014,-0.06368706440527316,-0.07437683868408203,-0.04938284301757812,0.8908768309514385,0.2629417763016623,1,-0.03666936758440087,-0.04457584008649995,0.015436309277500337,-0.014000000000000012,0.027017696820872295,0.02730001184398388,0.10678424863549403,-0.027686446153846772,0.05134490147174722,1427126933275,1,0,0,0,0,0,0
0.9312827191560331,0.2444903605507409,1.011,-0.06820746716793846,-0.0595440673828125,-0.04911579513549805,0.8910591335332041,0.27252181673216985,1,-0.03666936758440087,-0.04022358562282902,0.028031456181428965,-0.010999999999999899,0.03153809958353759,0.003451952850679039,0.08285790154125107,0.007203250000000706,0.05272748753353118,1427126933339,1,0,0,0,0,0,0
0.9290502942299155,0.2398857237171822,1.01,-0.07108726043372904,-0.02870110321044922,-0.07119120025634766,0.8937229948787162,0.28535661407328133,1,-0.03666936758440087,-0.03532729935119927,0.045470890356099136,-0.010000000000000009,0.03441789284932817,0.008440360029413837,0.11663211063237425,-0.003083384615385214,0.04770924638374621,1427126933404,1,0,0,0,0,0,0
0.9254716691833217,0.23576327888900087,1.007,-0.0749793446656764,-0.04915170288085938,-0.06549320220947266,0.8922201037096349,0.29356569876944577,1,-0.03666936758440087,-0.033251565473686795,0.057802419880444905,-0.006999999999999895,0.03830997708127554,-0.005900657797265941,0.09432585418607038,0.009794890909091598,0.05600126904467266,1427126933470,1,0,0,0,0,0,0
0.9237856611635065,0.2316573325929071,1.012,-0.07916813487046281,-0.020605472564697264,-0.06331061172485351,0.8928106162759781,0.301349659302715,1,-0.03666936758440087,-0.030975044887528336,0.0696923267098079,-0.01200000000000001,0.042498767286061945,-0.0037180630334171117,0.09797486600238083,-0.036708551515152135,0.0615387227623638,1427126933536,1,0,0,0,0,0,0
0.9240952601841802,0.22892931522712473,1.008,-0.08375835080320788,0.007865637302398682,-0.04042481994628906,0.8887679608329809,0.31121678884086107,1,-0.03666936758440087,-0.03532729935119927,0.08228747361373634,-0.008000000000000007,0.047088983218807015,-0.041790648988908385,0.11015227685199751,0.014830400000000016,0.06860562040354953,1427126933600,1,0,0,0,0,0,0
0.9256822871969017,0.22539296686682542,1.008,-0.08625417163355982,0.028159738540649414,-0.05086769485473633,0.8903549878457024,0.3193067299303419,1,-0.03666936758440087,-0.03532729935119927,0.09391376306351651,-0.008000000000000007,0.04958480404915895,-0.018012573408279754,0.10880226029363664,-0.007097400000000004,0.060929444187122296,1427126933666,1,0,0,0,0,0,0
0.9261753819461765,0.2252779405899441,1.016,-0.08950048404226925,0.007517562389373779,-0.0010817984342575073,0.8815995418596766,0.32597370583249907,1,-0.03666936758440087,-0.04457584008649995,0.10069576524255497,-0.016000000000000014,0.05283111645786838,-0.07171155560849686,0.08657031839488871,-0.056027242424242465,0.06758708195200214,0,1,0,0,0,0,0,0
0.9259220691627084,0.22604915792888858,1.022,-0.09417796643761406,-0.004818466663360596,0.011182337760925294,0.8769939746125375,0.32674492317144355,1,-0.03666936758440087,-0.048928094550170886,0.10069576524255497,-0.02200000000000002,0.05750859885321319,-0.04867509664093519,0.050669600613985455,-0.05135630000000004,0.07943429758139198,0,1,0,0,0,0,0,0
0.9276548948149214,0.22838775654086305,1.02,-0.09592329568960839,0.02257841491699219,0.037367820739746094,0.8738305139931207,0.3348966665083081,1,-0.03666936758440087,-0.05382438082180063,0.10650890996744508,-0.020000000000000018,0.05925392810520752,-0.05372145241178244,0.08494695228654842,-0.006304569230769233,0.0673092938836429,0,1,0,0,0,0,0,0
0.9307307160809438,0.23070697701406692,1.011,-0.09834930334988057,0.04259332656860351,0.0390472412109375,0.8710622214707929,0.3299094211852355,1,-0.03666936758440087,-0.05966849461015089,0.09920244417116855,-0.010999999999999899,0.0616799357654797,-0.06178598045594923,0.010714144324685648,0.03851623846153919,0.07287689419750513,1427126933926,1,0,0,0,0,0,0
0.9313756317202418,0.2337185714858374,1.006,-0.10121164332315119,0.005191322803497315,0.04590549087524414,0.8639504556994696,0.3276323345493539,1,-0.03666936758440087,-0.06742517602077225,0.09391376306351651,-0.006000000000000005,0.06454227573875032,-0.0747611685331714,0.019847795503845966,0.02013390298507407,0.07735872338026056,1427126933926,1,0,0,0,0,0,0
0.9306779172029651,0.23998707161942817,1.015,-0.10337585159562414,-0.01991259765625,0.0924888687133789,0.858900486718522,0.3280876899580546,1,-0.03666936758440087,-0.07177743048444307,0.08810061833862642,-0.014999999999999902,0.06670648401122327,-0.060641729492878646,0.012328916681405587,-0.06327999999999934,0.07701223768966588,1427126933926,1,0,0,0,0,0,0
0.9298649404511184,0.24573779943680724,1.009,-0.1030093324527054,-0.02103097152709961,0.08454202270507813,0.8580875099666754,0.3280252730505436,1,-0.03666936758440087,-0.07177743048444307,0.08228747361373634,-0.008999999999999897,0.06633996486830453,-0.03650919335785563,0.01046953112978214,0.023769192307692415,0.06464833805483342,1427126933926,1,0,0,0,0,0,0
0.9290665031069304,0.25302359761300286,1.004,-0.10379473061610274,-0.023150754928588868,0.10747615051269531,0.8572890726224873,0.32271592432281077,1,-0.03666936758440087,-0.07177743048444307,0.0696923267098079,-0.0040000000000000036,0.06712536303170187,-0.03655656646197536,-0.03127294257056547,0.021950251515150947,0.07069535468350797,1427126933926,1,0,0,0,0,0,0
0.9256337399242676,0.25968391007593744,1.005,-0.10728538912009146,-0.06156529998779297,0.09403206634521484,0.8538563094398245,0.3177499473359651,1,-0.03666936758440087,-0.07177743048444307,0.05806603726002768,-0.004999999999999893,0.07061602153569059,-0.0366025040174854,-0.03383774975744398,-0.010865649999999307,0.08697848327313772,1427126934251,1,0,0,0,0,0,0
0.9242927135619604,0.2680175628164701,1.006,-0.10742501546025104,-0.033385215759277345,0.12213211822509766,0.859869171707246,0.3079426994804662,1,-0.03666936758440087,-0.06442354185471444,0.03992513666399611,-0.006000000000000005,0.07075564787585018,0.004881529647815075,-0.07267206301361692,-0.011384758823529986,0.07137164643537776,1427126934319,1,0,0,0,0,0,0
0.9216992722639895,0.2733134060086509,1.01,-0.10793116094332947,-0.04719455718994141,0.07480875396728516,0.863522636978518,0.29456286001104137,1,-0.03666936758440087,-0.058176635285471456,0.021249454002390478,-0.010000000000000009,0.0712617933589286,0.004822470789103694,-0.09237802727329969,-0.03172292222222224,0.07367200994501633,1427126934382,1,0,0,0,0,0,0
0.9178536571695701,0.2802550454992413,1.007,-0.10937978422248465,-0.06856504821777344,0.09730485534667968,0.8689255626193992,0.2840650653269615,1,-0.03666936758440087,-0.048928094550170886,0.0038100198277202235,-0.006999999999999895,0.07271041663808378,0.023022195335449816,-0.08844292089085345,0.008524041791045458,0.0791967895298234,1427126934449,1,0,0,0,0,0,0
0.9165745125103768,0.2868269456251918,1.003,-0.11119492664455874,-0.029833515167236327,0.09589488983154297,0.8763509268875478,0.2722286738240934,1,-0.03666936758440087,-0.04022358562282902,-0.014598271801098406,-0.0029999999999998916,0.07452555906015787,0.02739421937201663,-0.10882302863528868,0.018255722222222333,0.08316909440336782,1427126934512,1,0,0,0,0,0,0
0.912814562877307,0.2903130401712476,1,-0.10983356982800323,-0.061853500366210935,0.0457100830078125,0.8837897060654544,0.2540244957545933,1,-0.03666936758440087,-0.02902485681185263,-0.0362885444166543,0,0.07316420224360236,0.044003242682358244,-0.1324480015168927,0.014342590909090338,0.06697621671380458,1427126934578,1,0,0,0,0,0,0
0.9104715338655729,0.2926967656601621,0.997,-0.11136945956975818,-0.03885296630859375,0.03168803787231445,0.8930972841770162,0.23546876587653637,1,-0.03666936758440087,-0.01737424968855672,-0.05722799978362575,0.0030000000000000027,0.0747000919853573,0.05221340362272435,-0.13897389305895447,0.01676239090909093,0.08168140899333434,1427126934644,1,0,0,0,0,0,0
0.9075549999240979,0.2925423047761852,0.994,-0.11372565405995054,-0.043219482421875,-0.0071646862030029295,0.8945330046992122,0.22950116026766937,1,-0.03666936758440087,-0.013021995224885785,-0.06304114450851583,0.006000000000000005,0.07705628647554967,0.01639906575227742,-0.06266888062812752,0.019697950000000027,0.08810094814832638,1427126934708,1,0,0,0,0,0,0
0.9069005583222011,0.2898914488559528,0.99,-0.11421434625050896,-0.005240897178649903,-0.04061997604370117,0.9042926306468125,0.21784833800640083,1,-0.03666936758440087,-0.0026079276753885328,-0.07204311084955198,0.010000000000000009,0.07754497866610809,0.053878761119283344,-0.08389818305818823,0.028095161538461567,0.07980048108407001,1427126934773,1,0,0,0,0,0,0
0.9061496264502197,0.28421092658141295,0.997,-0.11463322527098767,-0.0014797769784927368,-0.08593638610839843,0.9116247126959353,0.2027614904440785,1,-0.03666936758440087,0.005475086245715577,-0.08144943613733444,0.0030000000000000027,0.0779638576865868,0.04471260105674172,-0.09006500391946763,-0.03614471212121214,0.07986785323421731,1427126934839,1,0,0,0,0,0,0
0.904605736925766,0.27534936948006966,0.993,-0.1164832742781016,-0.007802267074584961,-0.13469985961914063,0.9139606093318166,0.20334943823168516,1,-0.03666936758440087,0.009354872406050596,-0.0719999312483845,0.007000000000000006,0.07981390669370073,0.024368824166800536,0.014605267386388537,0.02543482121212124,0.08822322036240039,1427126934905,1,0,0,0,0,0,0
0.9058258374953467,0.264190156025982,0.993,-0.11697196646866007,0.03763135147094727,-0.16412689208984374,0.9164263743881903,0.198733412677227,1,-0.03666936758440087,0.01060053689284357,-0.06545674334875501,0.007000000000000006,0.0803025988842592,0.011131347341297658,0.002955853907066229,0.004268200000000012,0.08255810130222137,1427126934970,1,0,0,0,0,0,0
0.9109088594770152,0.24645007556595877,0.989,-0.1162214748903024,0.1067797622680664,-0.2553845825195312,0.9202637318830658,0.1919734219257766,1,-0.03666936758440087,0.009354872406050596,-0.05447665364018217,0.01100000000000001,0.07955210730590154,-0.0030051496055625124,0.03322584906800647,0.029413600000000033,0.07603417803235,1427126935034,1,0,0,0,0,0,0
0.9150300254068066,0.22683345465837693,0.982,-0.11582004916234376,0.09552161407470704,-0.28509591674804685,0.9202418863522474,0.1954137452395136,1,-0.03666936758440087,0.005211860945440794,-0.03141970941886332,0.018000000000000016,0.07915068157794289,-0.02056956321354119,0.10883930935011817,0.05094790769230774,0.07729794744890298,1427126935099,1,0,0,0,0,0,0
0.9209307394163053,0.20733152463921134,0.986,-0.11773991133953746,0.12172274017333984,-0.2803406982421875,0.9128050304630493,0.22276783391671168,1,-0.03666936758440087,-0.008125708953256039,0.015436309277500337,0.014000000000000012,0.08107054375513659,-0.0746091417435836,0.25289513137048636,-0.0107461223880597,0.08966694156346658,1427126935166,1,0,0,0,0,0,0
0.9275011483744267,0.18554104863751394,0.987,-0.11613420842770275,0.13626907348632813,-0.31301699829101565,0.9074580474689719,0.2311116431593359,1,-0.03666936758440087,-0.020043100905454803,0.04557059452182197,0.013000000000000012,0.07946484084330188,-0.07711432533589162,0.19063343234768007,0.0038757444444444573,0.07181863650123185,1427126935229,1,0,0,0,0,0,0
0.9337922633606899,0.1629194955542911,0.979,-0.1139176402776699,0.13304959106445313,-0.32610302734375,0.8955025039697276,0.24678450724202206,1,-0.03666936758440087,-0.03828975939096224,0.08386501168773094,0.02100000000000002,0.07724827269326903,-0.11397258310501915,0.23952859110250335,0.05715057058823535,0.06746929556077116,1427126935297,1,0,0,0,0,0,0
0.9413286077798023,0.1394877069040729,0.965,-0.1111774733520389,0.15226531982421876,-0.33634869384765625,0.873002015299419,0.29252355125576046,1,-0.03666936758440087,-0.06832659248038331,0.15303584435168757,0.03500000000000003,0.07450810576763803,-0.2019887157864616,0.46138920593936317,0.10517237777777787,0.061459691836061814,0,1,0,0,0,0,0,0
0.9462908927671514,0.11812067136826775,0.956,-0.10946705068508436,0.10953436279296876,-0.3102684020996094,0.85587736407651,0.3145340344360149,1,-0.03666936758440087,-0.09041352869064134,0.19641336306774715,0.04400000000000004,0.07279768310068349,-0.1651493142607854,0.33249448491967526,0.08334213846153854,0.0649034246378164,0,1,0,0,0,0,0,0
0.951846670253013,0.1036221225767947,0.948,-0.10403907671138204,0.10659703063964844,-0.2070720977783203,0.8360931452730929,0.34571744089833195,1,-0.03666936758440087,-0.11575352497992009,0.24209531832153725,0.052000000000000046,0.06736970912698118,-0.1954110295452348,0.36790132893741284,0.08469552307692316,0.04231752155604741,0,1,0,0,0,0,0,0
0.9555587720692582,0.09016115906907035,0.946,-0.10136872295583069,0.07634956359863282,-0.19504005432128907,0.8134948863733634,0.3796106433465095,1,-0.03666936758440087,-0.1420638856958948,0.28944948427743916,0.05400000000000005,0.06469935537142982,-0.21173847836290627,0.39691026655499095,0.05418106060606066,0.05256138375528728,0,1,0,0,0,0,0,0
0.9508198984409465,0.08586409039012877,0.948,-0.10044369845227372,-0.06419556427001953,-0.07131842041015625,0.7913934059474774,0.4091642898562773,1,-0.03666936758440087,-0.15942649249346907,0.3233001994661485,0.052000000000000046,0.06377433086787285,-0.17307479307340357,0.34243979366709343,0.03171213939393944,0.05956967403352298,0,1,0,0,0,0,0,0
0.9457088872444473,0.09145167486169667,0.952,-0.09979792662903578,-0.08468317413330079,0.0757037353515625,0.7804095100497072,0.4383044500398994,1,-0.03666936758440087,-0.1652993771947402,0.3468527751782027,0.04800000000000004,0.06312855904463491,-0.11566747534661612,0.3017517289284579,0.017891738461538492,0.060148073706613646,0,1,0,0,0,0,0,0
0.9358120608013644,0.10521932255237362,0.958,-0.10217157441174811,-0.16828929138183593,0.1906965026855469,0.7705126836066242,0.46248731536267107,1,-0.03666936758440087,-0.1652993771947402,0.3572679928102974,0.04200000000000004,0.06550220682734724,-0.08415004163348397,0.23732464915897655,0.002086500000000012,0.0766286808088113,0,1,0,0,0,0,0,0
0.9134982026738162,0.13198569141646763,0.972,-0.10529571377281798,-0.3739124755859375,0.36526358032226564,0.7567441209258734,0.49219223342671625,1,-0.03666936758440087,-0.1567540817479428,0.3602065420102486,0.028000000000000025,0.0686263461884171,-0.03396615473431244,0.19789279381624703,-0.05150361538461541,0.08304545093181649,0,1,0,0,0,0,0,0
0.8925111636641683,0.16439218632815106,0.971,-0.10843730642640774,-0.3641514892578125,0.4503187255859375,0.7563629552612469,0.5183697665299776,1,-0.03666936758440087,-0.1361482084029214,0.3539775802018265,0.029000000000000026,0.07176793884200687,0.03787505526126361,0.14665316792970173,0.03009918059701496,0.08583477161927447,0,1,0,0,0,0,0,0
0.8675569410873679,0.20651830477408228,0.974,-0.1134638546721514,-0.440501220703125,0.5876702880859375,0.7581277858749695,0.538717366331416,1,-0.03666936758440087,-0.10942915521239838,0.3321990615573337,0.026000000000000023,0.07679448708775054,0.08739265582607984,0.05125024418076171,0.006490453846153866,0.09999394052964439,0,1,0,0,0,0,0,0
0.8396598717254339,0.25374287216040636,0.972,-0.11737339219661873,-0.4959671936035156,0.656435791015625,0.7721061411192178,0.5413126793516303,1,-0.03666936758440087,-0.06755373060621606,0.28756980719122394,0.028000000000000025,0.08070402461221786,0.19342153718459548,-0.09767762659308454,0.035361000000000045,0.09902998175815843,0,1,0,0,0,0,0,0
0.809414670304535,0.30414421545820863,0.979,-0.12025318546240943,-0.539089599609375,0.69769091796875,0.7887327096211645,0.5438741700820551,1,-0.03666936758440087,-0.02068196068337047,0.23972995462384644,0.02100000000000002,0.08358381787800856,0.23268986636500166,-0.12728037658329047,-0.01760296417910448,0.09647841459050423,0,1,0,0,0,0,0,0
0.7823130796929091,0.35685502786733525,0.974,-0.12306316555812019,-0.498438720703125,0.7361842041015625,0.8172171913912996,0.5238029663324152,1,-0.03666936758440087,0.03490411169839047,0.16694793846507994,0.026000000000000023,0.08639379797371932,0.3244638759305566,-0.31800106408603224,0.05090577777777783,0.099774655572342,0,1,0,0,0,0,0,0
0.756340330482708,0.40867435084599946,0.961,-0.12534954687823277,-0.4820593566894531,0.7235880126953125,0.8483050091158609,0.48717678287180616,1,-0.03666936758440087,0.09196467863315294,0.0785024320258067,0.039000000000000035,0.0886801792938319,0.351491629778842,-0.4340732911824924,0.10378150000000011,0.09923270846358227,1427126936207,1,0,0,0,0,0,0
0.7352042387618506,0.4611980538096347,0.953,-0.12524482712311316,-0.41305279541015627,0.7420370483398437,0.8483050091158609,0.48717678287180616,1,-0.03666936758440087,0.11310077035401034,0.02597872906217147,0.04700000000000004,0.08857545953871229,0.16529866602092474,-0.258450255037938,0.08228744477611948,0.0881065651128036,0,0,0,0,0,0,0,0
0.7199664849869618,0.5126928511840506,0.948,-0.12260937995260165,-0.3232651062011719,0.7378197021484375,0.8483050091158609,0.48717678287180616,1,-0.03666936758440087,0.12833852412889912,-0.025516068312244455,0.052000000000000046,0.08594001236820079,0.14724016437952664,-0.2959183836887173,0.07260177777777785,0.07339026393719361,0,0,0,0,0,0,0,0
0.7137006765460963,0.561186306716413,0.953,-0.12058479802028824,-0.18224455261230468,0.7104462890625,0.8483050091158609,0.48717678287180616,1,-0.03666936758440087,0.13460433256976467,-0.07400952384460685,0.04700000000000004,0.08391543043588737,0.09903549185607749,-0.29129401429176216,0.014619048484848511,0.0747127852890082,0,0,0,0,0,0,0,0
0.7126143636720557,0.6034381635936293,0.954,-0.120672064482888,-0.09241526794433594,0.6272155151367188,0.8483050091158609,0.48717678287180616,1,-0.03666936758440087,0.13569064544380527,-0.11626138072182318,0.04600000000000004,0.08400269689848713,0.07228845219180795,-0.2828432470106957,0.03524858461538465,0.08440546518740913,0,0,0,0,0,0,0,0
0.7174349590467198,0.6368138374573101,0.954,-0.12206832788448344,0.011516937255859375,0.505698974609375,0.8483050091158609,0.48717678287180616,1,-0.03666936758440087,0.1308700500691411,-0.14963705458550397,0.04600000000000004,0.08539896030008257,0.03855138837296493,-0.24911205571209177,0.040936800000000044,0.09174561212551635,0,0,0,0,0,0,0,0
0.7267679375403291,0.664125322806866,0.966,-0.12435470920459603,0.08906905364990235,0.4236703796386719,0.8483050091158609,0.48717678287180616,1,-0.03666936758440087,0.12153707157553184,-0.17694853993505982,0.03400000000000003,0.08768534162019516,0.010775727049484748,-0.2285660824186727,-0.031121967164179115,0.09792286991920676,0,0,0,0,0,0,0,0
0.74154134826059,0.6837742662104516,0.969,-0.1264141977219493,0.18333274841308594,0.3199443664550781,0.8483050091158609,0.48717678287180616,1,-0.03666936758440087,0.10676366085527089,-0.1965974833386454,0.031000000000000028,0.08974483013754844,-0.031188705899846215,-0.2067619608645938,0.012421316129032283,0.09971009715699981,0,0,0,0,0,0,0,0
0.7587554044864564,0.6920619838871891,0.989,-0.12793263417118436,0.2404769592285156,0.15587841796875,0.8483050091158609,0.48717678287180616,1,-0.03666936758440087,0.08954960462940453,-0.20488520101538293,0.01100000000000001,0.09126326658678349,-0.047625006753507,-0.1440696072206712,-0.09263120606060611,0.09816525044694281,0,0,0,0,0,0,0,0
0.7792203804506297,0.6930809118024013,0.993,-0.12896237842986105,0.3025159912109375,0.05432405090332031,0.8483050091158609,0.48717678287180616,1,-0.03666936758440087,0.06908462866523124,-0.20590412893059512,0.007000000000000006,0.09229301084546018,-0.07672195234559606,-0.1062494258074488,-0.011263561538461538,0.09704567665473722,0,0,0,0,0,0,0,0
0.799494776616036,0.6868220290380949,1.001,-0.12901473830742094,0.3136643981933594,-0.05399272918701172,0.8483050091158609,0.48717678287180616,1,-0.03666936758440087,0.04881023249982497,-0.1996452461662887,-0.0009999999999998899,0.09234537072302007,-0.08580122486073652,-0.06406154248404965,-0.039208523076922415,0.0925870316963734,0,0,0,0,0,0,0,0
0.8197373106476815,0.675147106610959,1,-0.12592550553139098,0.32364544677734375,-0.13460321044921875,0.8483050091158609,0.48717678287180616,1,-0.03666936758440087,0.028567698468179414,-0.18797032373915284,0,0.08925613794699011,-0.09408058306947506,-0.030137350690708414,0.00997143030302973,0.07521417078321757,0,0,0,0,0,0,0,0
0.839274171213315,0.6575691742228734,1.011,-0.12262683324512169,0.32384744262695314,-0.2247758331298828,0.8483050091158609,0.48717678287180616,1,-0.03666936758440087,0.009030837902545885,-0.17039239135106726,-0.010999999999999899,0.08595746566072082,-0.10333866845440402,0.012759414703583175,-0.06435824999999934,0.07049493931883354,0,0,0,0,0,0,0,0
0.8585556934994881,0.6366283074829109,1.009,-0.11714649939385952,0.32547320556640624,-0.2763765869140625,0.8483050091158609,0.48717678287180616,1,-0.03666936758440087,-0.010250684383627195,-0.14945152461110472,-0.008999999999999897,0.08047713180945865,-0.10996746786496353,0.039761900050407084,0.008108730769230871,0.05518328326517168,0,0,0,0,0,0,0,0
0.8764710498501873,0.6080977902490002,1.008,-0.1116836188351173,0.3169076843261719,-0.39361575317382813,0.8483050091158609,0.48717678287180616,1,-0.03666936758440087,-0.02816604073432638,-0.12092100737719408,-0.008000000000000007,0.07501425125071642,-0.11012583170360997,0.09248703503986704,0.0033897303030297242,0.05018297598370632,0,0,0,0,0,0,0,0
0.8928120798795951,0.5860630707585887,1.01,-0.10588912571849601,0.2804254150390625,-0.3011430969238281,0.8483050091158609,0.48717678287180616,1,-0.03666936758440087,-0.04450707076373417,-0.0988862878867825,-0.010000000000000009,0.06921975813409514,-0.1113097603937773,0.07079041080914462,-0.014347530769230772,0.04247594374968924,1427126937185,0,0,0,0,0,0,0
0.9052129607373622,0.5655057689031494,1.024,-0.09983283321407571,0.21756228637695313,-0.286972412109375,0.8656020795170664,0.21932409147243664,1,-0.03666936758440087,-0.03961088122029588,-0.34618167743071276,-0.02400000000000002,0.06316346562967484,0.0046790663396100544,-1.4635793024202386,-0.08807342835820903,0.03604573799794215,0,1,0,0,0,0,0,0
0.9142076042227237,0.5470947250645393,1.025,-0.09407324668249446,0.16177249145507813,-0.2613435363769531,0.8506770225332054,0.23609556825291372,1,-0.03666936758440087,-0.0635305816895183,-0.31099915681162554,-0.02499999999999991,0.057403879098093594,-0.16370941496361724,0.038058915234363666,-0.021367849999999314,0.030405817231306493,0,1,0,0,0,0,0,0
0.9164708517117701,0.5268900744580687,1.029,-0.08943067087218955,0.062267326354980466,-0.2985407409667969,0.8295537459647664,0.31764146903274004,1,-0.03666936758440087,-0.08691710574700373,-0.20924860542532864,-0.028999999999999915,0.05276130328778868,-0.17057574840264916,0.4442813540861049,-0.040826061538461474,0.0313340303171506,0,1,0,0,0,0,0,0
0.9199123467909515,0.5121484184417824,1.027,-0.08627162492607983,0.07116512298583984,-0.21563069152832032,0.8388053528443006,0.2950539071860736,1,-0.03666936758440087,-0.08110699394665088,-0.21709451125570878,-0.026999999999999913,0.04960225734167896,-0.010510757429408935,-0.1499174798896623,-0.007093869230769139,0.03502204528271104,0,1,0,0,0,0,0,0
0.9199514200509262,0.48405704058779225,1.025,-0.08138470302049573,0.03689117431640625,-0.4197530517578125,0.8427274964207281,0.2819164951385712,1,-0.03666936758440087,-0.07722392363019814,-0.20214054544922105,-0.02499999999999991,0.044715335436094863,-0.018995795042542757,-0.019803348757825814,-0.005656369230769138,0.02216031125647596,0,1,0,0,0,0,0,0
