0,0,0.735,0,-0.02746738624572754,-0.027887748718261718,0,0,1,0,0,0,0.265,0,0,0,0.21200000000000002,0,0,0,0,0,0,0,0,0
-0.0008764802932739258,-0.0023137957255045575,0.732,-0.0018151424220742562,-0.013147204399108887,-0.03470693588256836,0,0,1,0,0.0008764802932739258,0.0023137957255045575,0.268,0.0018151424220742562,0.004950131780381595,0.01306771394864849,0.23186724179104484,0.009942645804496298,0,0,0,0,0,0,0,0
-0.0008507039901255086,-0.004229318080824693,0.732,-0.0035604716740684776,0.0004387980699539185,-0.028732086181640627,0,0,1,0,0.0008507039901255086,0.004229318080824693,0.268,0.0035604716740684776,0.00027609665569048886,0.01329265041838831,0.21780360000000004,0.012287117934039584,0,0,0,0,0,0,0,0
-0.00031186848976694193,-0.007913469460718593,0.73,-0.0025830872929517583,0.008279240608215332,-0.055233142852783204,0,0,1,0,0.00031186848976694193,0.007913469460718593,0.27,0.0025830872929517583,-0.002324201584037888,0.02093334655702371,0.2306661263157895,-0.001275008948298449,0,0,0,0,0,0,0,0
0.0036994635380303625,-0.012013583721636984,0.732,-0.0025481807079117407,0.06032864379882812,-0.06134608459472656,0,0,1,0,-0.0036994635380303625,0.012013583721636984,0.268,0.0025481807079117407,-0.02449529827331556,0.029170171803093968,0.21022687741935486,0.0023792778770729455,0,0,0,0,0,0,0,0
0.006926548514337845,-0.017471127808904422,0.732,-0.002042035224833372,0.04861471939086914,-0.08173954772949218,0,0,1,0,-0.006926548514337845,0.017471127808904422,0.268,0.002042035224833372,-0.020845338142937538,0.03815126962268437,0.22325920000000005,-0.0002940208509129437,0,0,0,0,0,0,0,0
0.013785060558844467,-0.02252112896224425,0.736,-0.0010995574287564485,0.10303215026855468,-0.07553977966308593,0,0,1,0,-0.013785060558844467,0.02252112896224425,0.264,0.0010995574287564485,-0.046914240716928346,0.04076134708336366,0.1983098666666667,-0.003612831551628171,0,0,0,0,0,0,0,0
0.02183230698762298,-0.028918665319479536,0.74,-0.0003316125578791689,0.12081414031982422,-0.09583026123046876,0,0,1,0,-0.02183230698762298,0.028918665319479536,0.26,0.0003316125578791689,-0.054275394928762905,0.048968845026095345,0.19859473846153847,-0.003212748384631352,0,0,0,0,0,0,0,0
0.03366583936796338,-0.03536358306715549,0.746,-0.000034906585040018134,0.1775350341796875,-0.09661489868164062,0,0,1,0,-0.03366583936796338,0.03536358306715549,0.254,0.000034906585040018134,-0.0826238902309896,0.053570408862659964,0.18360006666666667,-0.0013779789999083189,0,0,0,0,0,0,0,0
0.04569816077175063,-0.04340024016019385,0.754,0.001326450231515563,0.18048902893066407,-0.12054355621337891,0,0,1,0,-0.04569816077175063,0.04340024016019385,0.246,-0.001326450231515563,-0.0776257619764456,0.058347316509713525,0.17606396363636362,-0.00663043782848536,0,0,0,0,0,0,0,0
0.05708274566272303,-0.05109107235892381,0.765,0.004502949470145401,0.1706156005859375,-0.11558889770507813,0,0,1,0,-0.05708274566272303,0.05109107235892381,0.235,-0.004502949470145401,-0.09398189359826539,0.06982136437982449,0.1419463459016393,-0.020125076873242963,0,0,0,0,0,0,0,0
0.07003968910526141,-0.0583462583755203,0.779,0.0028623399732705668,0.19386213684082032,-0.10970185089111328,0,0,1,0,-0.07003968910526141,0.0583462583755203,0.22099999999999997,-0.0028623399732705668,-0.10187675366132076,0.06670377631647047,0.12330507647058817,0.00437564310117723,0,0,0,0,0,0,0,0
0.08209440782481348,-0.06482227117442199,0.788,0.0015009831567152077,0.1805419921875,-0.09765736389160157,0,0,1,0,-0.08209440782481348,0.06482227117442199,0.21199999999999997,-0.0015009831567152077,-0.10823634197920472,0.0686176004264782,0.13949949999999994,0.004981668350691264,0,0,0,0,0,0,0,0
0.09518035286434745,-0.06966591407044073,0.797,-0.000366519142918742,0.19617990112304687,-0.07294918823242187,0,0,1,0,-0.09518035286434745,0.06966591407044073,0.20299999999999996,0.000366519142918742,-0.10977207170211745,0.05802224757360657,0.14123413243243238,0.007937474411705024,0,0,0,0,0,0,0,0
0.11051006918200579,-0.07312323581788212,0.806,-0.0035604716740684776,0.22996473693847655,-0.05177554321289062,0,0,1,0,-0.11051006918200579,0.07312323581788212,0.19399999999999995,0.0035604716740684776,-0.15878219470914387,0.060150245563006306,0.11703357692307684,0.021987120892240027,0,0,0,0,0,0,0,0
0.11996188553069698,-0.074903581677836,0.815,-0.005148721293383396,0.14187142944335937,-0.026200225830078125,0,0,1,0,-0.11996188553069698,0.074903581677836,0.18500000000000005,0.005148721293383396,-0.10573181985181546,0.04636056807705838,0.12861031506849369,0.011675774523444704,0,0,0,0,0,0,0,0
0.12821750025456527,-0.07476489829471607,0.824,-0.002827433388230993,0.12382186889648437,0.002717808246612549,0,0,1,0,-0.12821750025456527,0.07476489829471607,0.17600000000000005,0.002827433388230993,-0.10977265173586293,0.03704474636097176,0.11646865,-0.008053603667170894,0,0,0,0,0,0,0,0
0.13333966113786755,-0.0737946048556911,0.835,-0.0030717794835100065,0.07679095458984375,0.014771581649780274,0,0,1,0,-0.13333966113786755,0.0737946048556911,0.16500000000000004,0.0030717794835100065,-0.09572629249455551,0.03197399588826128,0.09681578888888887,0.0042353323181719745,0,0,0,0,0,0,0,0
0.13630640981380351,-0.0721395078582416,0.844,-0.0020769418098731673,0.04442475891113281,0.024963035583496093,0,0,1,0,-0.13630640981380351,0.0721395078582416,0.15600000000000003,0.0020769418098731673,-0.08481661720995527,0.027671796419841292,0.10327936153846151,-0.0025146166838353207,0,0,0,0,0,0,0,0
0.13667058709157712,-0.06984404397007112,0.849,-0.0025132741228719446,0.005391134262084961,0.034443229675292966,0,0,1,0,-0.13667058709157712,0.06984404397007112,0.15100000000000002,0.0025132741228719446,-0.07086973025606709,0.024481462604451998,0.12487059726027396,0.004306420614647742,0,0,0,0,0,0,0,0
0.13530511034740783,-0.06759787841843608,0.855,-0.0030543261909903308,-0.020566764831542968,0.033640899658203126,0,0,1,0,-0.13530511034740783,0.06759787841843608,0.14500000000000002,0.0030543261909903308,-0.06081648915199739,0.021725972468407285,0.1110712322580645,0.005672320068982522,0,0,0,0,0,0,0,0
0.13269655377335723,-0.06490405584176206,0.858,-0.0015184364492351055,-0.03925158309936523,0.040287639617919924,0,0,1,0,-0.13269655377335723,0.06490405584176206,0.14200000000000002,0.0015184364492351055,-0.053884386849415364,0.01923789949949614,0.12806662352941178,-0.0052575477055673584,0,0,0,0,0,0,0,0
0.1293450968175371,-0.061582317989888585,0.864,0.0000174532925198978,-0.05034745407104492,0.04974967575073242,0,0,1,0,-0.1293450968175371,0.061582317989888585,0.136,-0.0000174532925198978,-0.04548576344264617,0.011433041784498013,0.10328970344827584,-0.00796171057745957,0,0,0,0,0,0,0,0
0.12531208996472273,-0.05787800300259616,0.868,0.0011170107212761238,-0.06049413299560547,0.05556578063964844,0,0,1,0,-0.12531208996472273,0.05787800300259616,0.132,-0.0011170107212761238,-0.04390152111929785,0.011406239784935962,0.11751549014084507,-0.005763028025879895,0,0,0,0,0,0,0,0
0.11861954516563257,-0.055249167445178896,0.873,0.0012391837689160745,-0.10034406280517578,0.03954464340209961,0,0,1,0,-0.11861954516563257,0.055249167445178896,0.127,-0.0012391837689160745,-0.020119021551514835,0.012520911360697981,0.10379798620689651,-0.0018711133256744403,0,0,0,0,0,0,0,0
0.10928495157306511,-0.052168440331037104,0.876,0.001727875959474101,-0.13996153259277344,0.046384380340576174,0,0,1,0,-0.10928495157306511,0.052168440331037104,0.124,-0.001727875959474101,-0.009899761055372325,0.011694567285708592,0.1176620676056338,-0.0037927725392967477,0,0,0,0,0,0,0,0
0.10097498181605195,-0.04948090053029897,0.879,0.0034557519189486463,-0.12457970428466797,0.040528415679931644,0,0,1,0,-0.10097498181605195,0.04948090053029897,0.121,-0.0034557519189486463,0.004119603364835141,0.007474000213376401,0.11048769230769229,-0.013424267069763332,0,0,0,0,0,0,0,0
0.0912248383171568,-0.04809537049266058,0.883,0.004939281783143734,-0.14617945861816406,0.02128823661804199,0,0,1,0,-0.0912248383171568,0.04809537049266058,0.11699999999999999,-0.004939281783143734,-0.0008897764393435911,0.018352853355545783,0.10942688108108108,-0.01095359204339409,0,0,0,0,0,0,0,0
0.08441738983477551,-0.046364232646547925,0.89,0.004101523742186641,-0.10198222351074218,0.026471107482910157,0,0,1,0,-0.08441738983477551,0.046364232646547925,0.10999999999999999,-0.004101523742186641,-0.0032682330707320337,0.013798360141229427,0.0818693762711864,0.00015826290674772914,0,0,0,0,0,0,0,0
0.07782096174720748,-0.04482016013155524,0.894,0.003473205211468766,-0.09885059356689453,0.023566722869873047,0,0,1,0,-0.07782096174720748,0.04482016013155524,0.10599999999999998,-0.003473205211468766,-0.0025523008974040265,0.014463693517313896,0.09789058032786882,-0.0003831140767906918,0,0,0,0,0,0,0,0
0.07022676382753261,-0.04353810989814405,0.899,0.002216568150032572,-0.11384548950195313,0.019626279830932618,0,0,1,0,-0.07022676382753261,0.04353810989814405,0.10099999999999998,-0.002216568150032572,-0.00213855297213484,0.016888124147342736,0.09489182727272723,0.002679420401017536,0,0,0,0,0,0,0,0
0.06325302064172156,-0.043564195425498095,0.904,0.00043633231299855524,-0.10460675811767578,-0.00015941548347473143,0,0,1,0,-0.06325302064172156,0.043564195425498095,0.09599999999999997,-0.00043633231299855524,0.011995267851998552,0.02292126549998938,0.08173009259259253,0.00945386678163487,1426174244429,0,0,0,0,0,0,0
0.0569162539832866,-0.043688916976068325,0.908,0.001291543646475768,-0.09505230712890625,-0.0018293490409851073,0,0,1,0,-0.0569162539832866,0.043688916976068325,0.09199999999999997,-0.001291543646475768,0.00030367295176672235,0.023444426359167662,0.09243101780821913,-0.004758616620032036,1426174244429,0,0,0,0,0,0,0
0.050392760701753705,-0.04376690224350991,0.916,-0.00043633231299855524,-0.09785382843017579,-0.0010433974266052246,0,0,1,0,-0.050392760701753705,0.04376690224350991,0.08399999999999996,0.00043633231299855524,0.0013307774375137874,0.023257863524559157,0.07132159876543204,0.006915867161027267,1426174244429,0,0,0,0,0,0,0
0.04406255166299246,-0.0430700579059577,0.921,0.0001396263401596265,-0.09495768737792969,0.010411232948303222,0,0,1,0,-0.04406255166299246,0.0430700579059577,0.07899999999999996,-0.0001396263401596265,0.03032825222124687,0.016641455527464297,0.059530473170731624,-0.004353957948634126,1426174244429,0,0,0,0,0,0,0
0.03819024176032458,-0.042247007740402215,0.928,0.0010646508437164304,-0.08808292388916016,0.012358051300048828,0,0,1,0,-0.03819024176032458,0.042247007740402215,0.07199999999999995,-0.0010646508437164304,0.010341869132567856,0.01784182467516656,0.05996738787878779,-0.005269307678065539,1426174244429,0,0,0,0,0,0,0
0.03257786797338688,-0.04100746261719879,0.933,-0.0016929693744347496,-0.08416576385498047,0.018682794570922853,0,0,1,0.0010646508437164304,-0.03257786797338688,0.04100746261719879,0.06699999999999995,0.00275762021815118,-0.01628893398669344,0.020503731308599393,0.05359999999999996,0.00275762021815118,1426174244429,0,0,0,0,0,0,0
0.026775856554153595,-0.0385418752507594,0.937,-0.0012042771838760567,-0.08709265899658203,0.03683641815185547,0,0,1,0.0010646508437164304,-0.026775856554153595,0.0385418752507594,0.06299999999999994,0.0022689280275924872,0.01736264203231943,0.006221290744048468,0.029603678787878732,0.000047599888689338864,1426174244822,0,0,0,0,0,0,0
0.024870556413474243,-0.0362462064778572,0.943,0.0001919862177193201,-0.028620950698852538,0.03440058898925781,0,0,1,0.0010646508437164304,-0.024870556413474243,0.0362462064778572,0.05700000000000005,0.0008726646259971103,-0.003922925597888793,0.00787573509052157,0.019537323076923595,-0.004497579226292801,1426174244900,0,0,0,0,0,0,0
0.02160361958312202,-0.03483004403152479,0.947,0.0023212879051524027,-0.048999973297119144,0.02125184440612793,0,0,1,0.0010646508437164304,-0.02160361958312202,0.03483004403152479,0.05300000000000005,-0.0012566370614359723,0.011138883123529012,0.007954980697831921,0.01661292307692309,-0.013541069873549912,1426174244952,0,0,0,0,0,0,0
0.02115180126911797,-0.03372508043423223,0.951,0.003316125578789242,-0.006738782405853272,0.01659014129638672,0,0,1,0.0010646508437164304,-0.02115180126911797,0.03372508043423223,0.049000000000000044,-0.0022514747350728115,-0.008242159594280532,0.011096964631629534,0.019447278787878813,-0.006773464160694807,1426174245018,0,0,0,0,0,0,0
0.0194683330517695,-0.03277742319650798,0.955,0.0028972465583105844,-0.02520474624633789,0.014298519134521485,0,0,1,0.0010646508437164304,-0.0194683330517695,0.03277742319650798,0.04500000000000004,-0.001832595714594154,-0.0004560955385649601,0.01123867879776759,0.01552067777777779,0.00016206628768516713,1426174245081,0,0,0,0,0,0,0
0.018161971444746627,-0.03201057150835406,0.957,0.003665191429187864,-0.019562015533447264,0.011559499740600585,0,0,1,0.0010646508437164304,-0.018161971444746627,0.03201057150835406,0.04300000000000004,-0.0026005405854714336,-0.0022398276549409,0.012074504622477408,0.025820639393939422,-0.006091199089459068,1426174245147,0,0,0,0,0,0,0
0.01809944048189194,-0.030377885549463284,0.957,0.0028972465583105844,-0.0008481967449188232,0.02449356269836426,0,0,1,0.0010646508437164304,-0.01809944048189194,0.030377885549463284,0.04300000000000004,-0.001832595714594154,-0.008816579402093195,0.006686665672374937,0.036710500000000035,0.0016580627893934803,1426174245213,0,0,0,0,0,0,0
0.020278839111138598,-0.028537552119859987,0.96,0.0025481807079117402,0.032770820617675785,0.02751017189025879,0,0,1,0.0010646508437164304,-0.020278839111138598,0.028537552119859987,0.040000000000000036,-0.0014835298641953099,-0.021986286941286057,0.004533743783917172,0.018416653846153867,0.00012754329149166342,1426174245278,0,0,0,0,0,0,0
0.020130306635229783,-0.02635596221038338,0.964,0.0015882496193146967,-0.0021445937156677245,0.03272941970825195,0,0,1,0.0010646508437164304,-0.020130306635229783,0.02635596221038338,0.03600000000000003,-0.0005235987755982663,-0.009517150033422205,0.0034564128475965596,0.013465881818181834,0.0032163924786759294,1426174245355,0,0,0,0,0,0,0
0.02079595823231634,-0.024019591425059425,0.965,0.001186823891355937,0.010040422439575196,0.035029659271240236,0,0,1,0.0010646508437164304,-0.02079595823231634,0.024019591425059425,0.03500000000000003,-0.00012217304763950665,-0.014624311514000595,-0.002127900008716932,0.02490684912280704,0.001990593941617123,1426174245412,0,0,0,0,0,0,0
0.02294190157408923,-0.02295710901372586,0.968,-0.0007679448708777236,0.03220804214477539,0.015899022102355956,0,0,1,0.0010646508437164304,-0.02294190157408923,0.02295710901372586,0.03200000000000003,0.001832595714594154,-0.02283547167624711,0.0061520951965324516,0.01318995820895524,0.010585291664894126,1426174245479,0,0,0,0,0,0,0
0.02534558822063566,-0.02206605583574784,0.971,-0.0003141592653590484,0.03604502487182617,0.013393482208251954,0,0,1,0.0010646508437164304,-0.02534558822063566,0.02206605583574784,0.029000000000000026,0.0013788101090754787,-0.025400716792445138,0.006616878710840562,0.010984258208955235,-0.0006530657365305299,1426174245546,0,0,0,0,0,0,0
0.027875312868909242,-0.022044537540549133,0.974,0.00038397243543864,0.037945766448974606,0.0003346954584121704,0,0,1,0.0010646508437164304,-0.027875312868909242,0.022044537540549133,0.026000000000000023,0.0006806784082777904,-0.029658292973802833,0.01114131047418811,0.005983047368421059,-0.0029936989643416217,1426174245603,0,0,0,0,0,0,0
0.03110400208641958,-0.02251853289678904,0.977,0.0013788101090754794,0.048427604675292966,-0.007128525733947754,0,0,1,0.0010646508437164304,-0.03110400208641958,0.02251853289678904,0.02300000000000002,-0.000314159265359049,-0.030068132099206647,0.013628207102474942,0.008894660759493678,-0.004092023848790084,1426174245682,0,0,0,0,0,0,0
0.0342476486744161,-0.0237970280163239,0.978,0.005235987755982885,0.04712821197509766,-0.019242425918579102,0,0,1,0.0010646508437164304,-0.0342476486744161,0.0237970280163239,0.02200000000000002,-0.0041713369122664545,-0.038512604579331484,0.020785105302685382,0.01476943076923078,-0.026424284875193795,1426174245734,0,0,0,0,0,0,0
0.03781784024502565,-0.02492362212967129,0.979,0.0058293997016609644,0.05346365737915039,-0.017179080963134766,0,0,1,0.0010646508437164304,-0.03781784024502565,0.02492362212967129,0.02100000000000002,-0.004764748857944534,-0.03628350450650375,0.018162819616898064,0.016058979452054808,-0.00720342808675856,1426174245807,0,0,0,0,0,0,0
0.040910213538988216,-0.026223158118753382,0.981,0.005044001538263343,0.04627117919921875,-0.019763107299804687,0,0,1,0.0010646508437164304,-0.040910213538988216,0.026223158118753382,0.019000000000000017,-0.003979350694546913,-0.03739016676054169,0.020425655518250915,0.008607769230769238,-0.00035443609425019843,1426174245872,0,0,0,0,0,0,0
0.04303747021940164,-0.027846842116474528,0.984,0.0049043751981039385,0.03178559684753418,-0.02451589775085449,0,0,1,0.0010646508437164304,-0.04303747021940164,0.027846842116474528,0.016000000000000014,-0.003839724354387508,-0.03126110880180116,0.021455531741475277,0.003812260759493674,-0.003309497746187238,1426174245951,0,0,0,0,0,0,0
0.0463813295009594,-0.029516381401104803,0.988,0.0029845130209102955,0.050034465789794924,-0.025288780212402343,0,0,1,0.0010646508437164304,-0.0463813295009594,0.029516381401104803,0.01200000000000001,-0.001919862177193865,-0.05074588676953484,0.02869872997601893,-0.018603139534883743,0.011474525105552483,1426174245994,0,0,0,0,0,0,0
0.04990430714516608,-0.03210245855830444,0.995,0.001186823891355937,0.05272865676879883,-0.038948699951171874,0,0,1,0.0010646508437164304,-0.04990430714516608,0.03210245855830444,0.0050000000000000044,-0.00012217304763950665,-0.044292233745440515,0.0303483927521506,-0.029304807692307713,0.008174853704149838,1426174246059,0,0,0,0,0,0,0
0.05068779565952099,-0.03568560918139968,1,0.004415683007545689,0.011688530921936035,-0.05376116943359375,0,0,1,0.0010646508437164304,-0.05068779565952099,0.03568560918139968,0,-0.0033510321638292586,-0.02996582975521015,0.0375320208337194,-0.02253557692307694,-0.018253458853935804,1426174246124,0,0,0,0,0,0,0
0.05073847126461808,-0.03923942778224268,1,0.004537856055185196,0.000524739384651184,-0.05331011581420898,0,0,1,0.0010646508437164304,-0.05073847126461808,0.03923942778224268,0,-0.0034732052114687653,-0.026064442965648756,0.038068733460030424,0.0043875000000000025,-0.004004392375118794,1426174246193,0,0,0,0,0,0,0
0.05161520599074282,-0.042289932459772306,0.998,0.0028274333882307703,0.012943244934082032,-0.04581677627563477,0,0,1,0.0010646508437164304,-0.05161520599074282,0.042289932459772306,0.0020000000000000018,-0.00176278254451434,-0.03054482802490405,0.03642666064136934,0.015724122222222234,0.005363978567795766,1426174246265,0,0,0,0,0,0,0
0.05136370875890342,-0.0465531486386499,0.997,0.002391101075232215,-0.003953252553939819,-0.06393732070922852,0,0,1,0.0010646508437164304,-0.05136370875890342,0.0465531486386499,0.0030000000000000027,-0.0013264502315157847,-0.0246693097320269,0.049482731902292486,0.012853782758620699,0.0009304410426146732,1426174246323,0,0,0,0,0,0,0
0.05062984037562943,-0.049810514203691425,0.998,0.0035430183815481344,-0.011124824523925781,-0.04883402252197266,0,0,1,0.0010646508437164304,-0.05062984037562943,0.049810514203691425,0.0020000000000000018,-0.002478367537831704,-0.022077195803781376,0.04218483347976999,0.0008858411764705882,-0.007560355653931348,1426174246391,0,0,0,0,0,0,0
0.04926843387650663,-0.0529004072769286,1,0.003019419605949868,-0.020585182189941407,-0.046275753021240235,0,0,1,0.0010646508437164304,-0.04926843387650663,0.0529004072769286,0,-0.0019547687622334378,-0.018857477287827256,0.04142310415727859,-0.004900433333333338,0.00013962634015962736,1426174246466,0,0,0,0,0,0,0
0.04717650331468045,-0.055754515268400445,0.999,0.0002617993877991323,-0.03150808143615723,-0.04271667861938477,0,0,1,0.0010646508437164304,-0.04717650331468045,0.055754515268400445,0.0010000000000000009,0.0008028514559172981,-0.009544816655027976,0.04843729034251146,0.01223790000000001,0.017348572764821713,1426174246516,0,0,0,0,0,0,0
0.044751624839751036,-0.05847754017754087,0.998,0.000034906585039794734,-0.03638386917114258,-0.04083584976196289,0,0,1,0.0010646508437164304,-0.044751624839751036,0.05847754017754087,0.0020000000000000018,0.0010297442586766356,-0.0121299326661152,0.04208436085349096,0.010540679487179495,0.0019024088846740876,1426174246594,0,0,0,0,0,0,0
0.04287996618459508,-0.06032593162271882,0.999,0.002652900463031348,-0.028075847625732422,-0.027724891662597655,0,0,1,0.0010646508437164304,-0.04287996618459508,0.06032593162271882,0.0010000000000000009,-0.0015882496193149178,-0.00949956338593293,0.04326232081077084,-0.001472069230769234,-0.016692060453881573,1426174246646,0,0,0,0,0,0,0
0.03934241418456171,-0.06227112162075966,1,0.004153883619746556,-0.05314049911499023,-0.029036975860595702,3,0,1,0,2.9606575858154383,0.06227112162075966,0,-0.004153883619746556,1.4803287929077191,0.03113556081037983,0,-0.004153883619746556,0,0,0,0,0,0,0,0
0.034807904279282195,-0.06337579316140879,1,0.0050090949532235465,-0.06808589172363282,-0.01628739356994629,3,0,1,0,2.9651920957207176,0.06337579316140879,0,-0.0050090949532235465,1.5096558405766594,0.037864887445113474,0,-0.00908152987454255,0,0,0,0,0,0,0,0
0.03151113372840112,-0.06290638661906246,1.003,0.00879645943005114,-0.04941566848754883,0.007288716316223145,3,0,1,0,2.9684888662715987,0.06290638661906246,-0.0029999999999998916,-0.00879645943005114,1.5042757840954908,0.02925657529896067,-0.01700493333333272,-0.024577144750166112,0,0,0,0,0,0,0,0
0.03008287984071502,-0.060976648202689644,1.004,0.010733774899764903,-0.021168359756469725,0.029133407592773438,3,0,1,0,2.969917120159285,0.060976648202689644,-0.0040000000000000036,-0.010733774899764903,1.4974954807403655,0.02238685593836153,-0.007522692682927309,-0.017821514423107938,0,0,0,0,0,0,0,0
0.02950867656816913,-0.05944839025007468,1.002,0.009197885158010122,-0.008366497993469238,0.023014997482299803,3,0,1,0,2.970491323431831,0.05944839025007468,-0.0020000000000000018,-0.009197885158010122,1.497637435594778,0.017445669215795063,0.014616069767441876,0.0015176246681860277,0,0,0,0,0,0,0,0
0.03097954722377128,-0.05668507653126927,1.001,0.006981317007977106,0.0224433708190918,0.04124502182006836,3,0,1,0,2.9690204527762285,0.05668507653126927,-0.0009999999999998899,-0.006981317007977106,1.4883847430141763,0.016755171309172985,0.0033970926829273965,0.001128078662875391,0,0,0,0,0,0,0,0
0.03910771790179359,-0.05331872177812524,0.993,0.0042760566673858405,0.12227210998535157,0.049642917633056644,3,0,1,0,2.9608922820982064,0.05331872177812524,0.007000000000000006,-0.0042760566673858405,1.450775998276366,0.009576056454718356,0.04675287058823476,0.007658915423457977,0,0,0,0,0,0,0,0
0.05252377547524701,-0.05017841780774235,0.994,0.002460914245311806,0.20144044494628907,0.04624361419677735,3,0,1,0,2.947476224524753,0.05017841780774235,0.006000000000000005,-0.002460914245311806,1.385181282231937,0.0014621953110618875,-0.0028046956521739132,0.009376971116040595,0,0,0,0,0,0,0,0
0.07612432461717894,-0.04614298246066576,0.991,-0.00031415926535904984,0.3541561279296875,0.05966016387939453,3,0,1,0,2.923875675382821,0.04614298246066576,0.009000000000000008,0.00031415926535904984,1.3522350372673526,0.001968513240437654,0.02317249090909093,0.012928129768408394,0,0,0,0,0,0,0,0
0.10779375756889951,-0.04179810768003262,0.992,-0.0033684854563493806,0.47502099609375,0.06532235717773438,3,0,1,0,2.8922062424311004,0.04179810768003262,0.008000000000000007,0.0033684854563493806,1.2980551899267836,-0.0014729905492754866,0.001293119402985079,0.017044572878694146,0,0,0,0,0,0,0,0
0.14495219267193915,-0.03843246899965582,0.995,-0.0019024088846739684,0.5572033081054687,0.052361804962158205,3,0,1,0,2.8550478073280607,0.03843246899965582,0.0050000000000000044,0.0019024088846739684,1.2555980899335604,0.0022442909858195227,-0.011290176470588243,-0.004565575990364615,0,0,0,0,0,0,0,0
0.19394945680762382,-0.033968973054093694,0.995,-0.0002792526803192541,0.7348302612304688,0.06835050964355469,3,0,1,0,2.8060505431923763,0.033968973054093694,0.0050000000000000044,0.0002792526803192541,1.1757554369411003,-0.005281799591905216,0.004185500000000005,-0.006777948208179503,0,0,0,0,0,0,0,0
0.24695182539522526,-0.028729271543065284,0.993,0.0016755160819144066,0.7950135498046875,0.07881753540039063,3,0,1,0,2.753048174604775,0.028729271543065284,0.007000000000000006,-0.0016755160819144066,1.0557438752514567,-0.019206243390011042,0.018786262962962978,-0.012535342538768077,0,0,0,0,0,0,0,0
0.3071935542508658,-0.0230137717145653,0.991,0.0029670597283901743,0.903768310546875,0.0842183380126953,3,0,1,0,2.692806445749134,0.0230137717145653,0.009000000000000008,-0.0029670597283901743,1.0900484181401535,-0.014758037196253859,0.01682413333333335,-0.008133234314293246,0,0,0,0,0,0,0,0
0.37513914151099303,-0.01837299738868207,0.993,0.00263544717051145,1.0193858642578124,0.06658733367919922,3,0,1,0,2.624860858489007,0.01837299738868207,0.007000000000000006,-0.00263544717051145,0.9730489975834902,-0.015382934209571843,-0.00483293076923077,-0.0011049276726096454,0,0,0,0,0,0,0,0
0.4488377821287526,-0.014255294560164231,0.991,0.0020245819323134726,1.1056385498046875,0.05885189819335938,3,0,1,0,2.5511622178712474,0.014255294560164231,0.009000000000000008,-0.0020245819323134726,0.9505732333737866,-0.01218500524878379,0.017191041095890428,0.0004858231561713656,0,0,0,0,0,0,0,0
0.527033474417312,-0.010151176976291261,0.986,-0.00017453292519964544,1.1730576171875,0.05918693542480469,3,0,1,0,2.472966525582688,0.010151176976291261,0.014000000000000012,0.00017453292519964544,0.7186916712698599,-0.023218400717682035,0.04667200000000005,0.013369222070278354,0,0,0,0,0,0,0,0
0.6075630954615304,-0.006855401521494924,0.983,-0.0010821041362365515,1.2079356689453125,0.04964745712280273,3,0,1,0,2.3924369045384695,0.006855401521494924,0.017000000000000015,0.0010821041362365515,0.8567548619009511,-0.011310168531480425,0.028016989473684237,0.004664622074540128,0,0,0,0,0,0,0,0
0.6991610720388273,-0.005285320650991948,0.98,-0.0023561944901924216,1.373943359375,0.02503797721862793,3,0,1,0,2.3008389279611725,0.005285320650991948,0.020000000000000018,0.0023561944901924216,0.6576573215831145,-0.00592273237486159,0.03393631475409839,0.008622212624401618,0,0,0,0,0,0,0,0
0.7945110907637835,-0.006180645182386925,0.979,-0.0023561944901924216,1.4302779541015624,-0.01005988597869873,3,0,1,0,2.2054889092362164,0.006180645182386925,0.02100000000000002,0.0023561944901924216,0.5712100070659079,0.008848484424027324,0.023579303389830532,0.0023561944901924216,0,0,0,0,0,0,0,0
0.8969553500025711,-0.008996833011202215,0.979,-0.0001570796326795256,1.5367591552734374,-0.03862202453613281,3,0,1,0,2.103044649997429,0.008996833011202215,0.02100000000000002,0.0001570796326795256,0.5267274876109801,0.02035211628025606,0.01778150000000002,-0.010151271261912174,0,0,0,0,0,0,0,0
1.0023518428287645,-0.013355010106205618,0.978,-0.002234021442552693,1.5809576416015625,-0.06512432098388672,3,0,1,0,1.9976481571712355,0.013355010106205618,0.02200000000000002,0.002234021442552693,0.45916270858734665,0.03097250583369197,0.024191050000000023,0.011969686176333165,0,0,0,0,0,0,0,0
1.1249669116522865,-0.015478531824922623,0.984,-0.007400196028456209,1.8392926025390626,-0.027743879318237304,3,0,1,0,1.8750330883477135,0.015478531824922623,0.016000000000000014,0.007400196028456209,0.3252483405778579,0.01947180155925434,-0.017790281818181826,0.030882807782563096,0,0,0,0,0,0,0,0
1.257286824546924,-0.01634434653433002,0.981,-0.009354964790689648,1.9848404541015625,0.0017009003162384033,3,0,1,0,1.742713175453076,0.01634434653433002,0.019000000000000017,0.009354964790689648,0.20877349263102818,0.013245837799968225,0.032462390909090935,0.018240277346296185,0,0,0,0,0,0,0,0
1.3830051974308382,-0.020603785424693943,0.982,-0.008709192967451875,1.886290771484375,-0.0462476806640625,3,0,1,0,1.6169948025691618,0.020603785424693943,0.018000000000000016,0.008709192967451875,0.29888652843859465,0.0294356437780353,0.011522300000000013,0.006287548630310226,0,0,0,0,0,0,0,0
1.5020349906559662,-0.025993302476629634,0.984,-0.00788888821901468,1.786083251953125,-0.06529008483886718,3,0,1,0,1.4979650093440338,0.025993302476629634,0.016000000000000014,0.00788888821901468,-0.02671765462844866,0.0504954954718945,0.000653409803921574,0.0030635661693841207,0,0,0,0,0,0,0,0
1.6136694367827096,-0.031812623669094334,0.985,-0.008168140899333489,1.6751531982421874,-0.07407716369628906,3,0,1,0,1.3863305632172904,0.031812623669094334,0.015000000000000013,0.008168140899333489,0.20011462778254452,0.04434235258679985,0.008893879452054804,0.00931575465406832,0,0,0,0,0,0,0,0
1.7256445040260353,-0.03729613080802116,0.987,-0.008953539062730888,1.6802418212890624,-0.0685305938720703,3,0,1,0,1.2743554959739647,0.03729613080802116,0.013000000000000012,0.008953539062730888,0.24504906508525565,0.040541567626340924,0.004427622222222229,0.01157153294072222,0,0,0,0,0,0,0,0
1.836842992098407,-0.04208025757076531,0.989,-0.008412486994612724,1.668552978515625,-0.05682492446899414,3,0,1,0,1.163157007901593,0.04208025757076531,0.01100000000000001,0.008412486994612724,-0.6720583311910746,0.0774363173322839,-0.012694933333333344,0.003001966313431083,0,0,0,0,0,0,0,0
1.9466035804751607,-0.045564922845102884,1.001,-0.008569566627292248,1.646790283203125,-0.03841790008544922,3,0,1,0,1.0533964195248393,0.045564922845102884,-0.0009999999999998899,0.008569566627292248,0.06570125623674516,0.03944626768430183,-0.05423235789473628,0.00918961780892195,0,0,0,0,0,0,0,0
