0,0,0.718,0,-0.031785615921020506,-0.007460843563079834,0,0,2,0,0,0,1.282,0,0,0,1.0256,0,0,0,0,0,0,0,0,0
-0.0030747113545735675,0.000044674583276112874,0.72,-0.0005235987755983217,-0.046120670318603514,0.0006701187491416932,0,0,2,0,0.0030747113545735675,-0.000044674583276112874,1.28,0.0005235987755983217,0.018095492302755697,-0.0002629217785270244,1.0215507692307693,0.0029402085091290373,0,0,0,0,0,0,0,0
-0.0037264297805239756,0.00006457647991658138,0.725,-0.001012290966156737,-0.009775931358337403,0.0002934098243713379,0,0,2,0,0.0037264297805239756,-0.00006457647991658138,1.275,0.001012290966156737,0.0053768886948096905,-0.0001395233119826579,1.0096844230769226,0.0032677933841186537,0,0,0,0,0,0,0,0
-0.003820849089353469,0.001051574675200285,0.737,-0.00200712863979352,-0.0014312758445739746,0.014803531646728516,0,0,2,0,0.003820849089353469,-0.001051574675200285,1.263,0.00200712863979352,0.0024257405012506686,-0.005841147541242348,0.9706016153846154,0.00659868713350175,0,0,0,0,0,0,0,0
-0.004410716400060753,0.0025310496087879177,0.756,-0.001064650843716541,-0.008892534255981445,0.022174320220947265,0,0,2,0,0.004410716400060753,-0.0025310496087879177,1.244,0.001064650843716541,0.005391338055452454,-0.009234328011918418,0.9257953076923082,-0.0032852466766387475,0,0,0,0,0,0,0,0
-0.0013723148097447187,0.003987780986151383,0.775,0.00019198621771937584,0.045552734375,0.02189948081970215,0,0,2,0,0.0013723148097447187,-0.003987780986151383,1.225,-0.00019198621771937584,-0.015663803279050943,-0.00984282045549563,0.9185578076923084,-0.005991849578192838,0,0,0,0,0,0,0,0
0.00022119143186204152,0.004425724413504038,0.802,-0.0007679448708775011,0.02390385437011719,0.006564562320709229,0,0,2,0,-0.00022119143186204152,-0.004425724413504038,1.198,0.0007679448708775011,-0.008550490325652358,-0.00454320222774568,0.8639904818181813,0.005131268000863305,0,0,0,0,0,0,0,0
0.0033549379510209336,0.005989822745255985,0.831,-0.0002617993877991326,0.04698816680908203,0.02349756622314453,0,0,2,0,-0.0033549379510209336,-0.005989822745255985,1.169,0.0002617993877991326,-0.018287518710086235,-0.011301238260569158,0.8378998212121218,-0.0020388618989207238,0,0,0,0,0,0,0,0
0.008731410100943433,0.0067416943912687495,0.858,-0.0003141592653589925,0.08064412689208984,0.011299187660217286,0,0,2,0,-0.008731410100943433,-0.0067416943912687495,1.142,0.0003141592653589925,-0.03376557220428542,-0.00749882598191854,0.8297402499999993,0.0005595961914208357,0,0,0,0,0,0,0,0
0.013557812633086115,0.006897154966877215,0.888,0.00017453292519936718,0.07239530181884765,0.0023546524047851564,0,0,2,0,-0.013557812633086115,-0.006897154966877215,1.112,-0.00017453292519936718,-0.032773325305601744,-0.004306336763441446,0.7990860384615397,-0.0024300353431610266,0,0,0,0,0,0,0,0
0.018682203993737892,0.0066459121221278585,0.913,0.0002967059728389849,0.07686521148681641,-0.0037820582389831545,0,0,2,0,-0.018682203993737892,-0.0066459121221278585,1.087,-0.0002967059728389849,-0.03695221964895714,-0.0019950936897117208,0.8130746153846147,-0.0008605815773295282,0,0,0,0,0,0,0,0
0.02343031391541192,0.005618147844945879,0.939,-0.0013264502315157294,0.07121707153320313,-0.01543759536743164,0,0,2,0,-0.02343031391541192,-0.005618147844945879,1.061,0.0013264502315157294,-0.03692823285637882,0.002612499490457754,0.7960138121212121,0.008704432978582612,0,0,0,0,0,0,0,0
0.02798265932878852,0.004069164578552881,0.962,-0.0013439035240356827,0.0683159408569336,-0.02314415168762207,0,0,2,0,-0.02798265932878852,-0.004069164578552881,1.038,0.0013439035240356827,-0.038555852643825536,0.006274760187141651,0.7983934461538467,0.0014244571818200827,0,0,0,0,0,0,0,0
0.0323685998298196,0.0023161368600980317,0.983,-0.0029670597283903964,0.06582438659667969,-0.026206977844238283,0,0,2,0,-0.0323685998298196,-0.0023161368600980317,1.017,0.0029670597283903964,-0.04024252176429495,0.008395982927347043,0.7971046499999993,0.010575604436303116,0,0,0,0,0,0,0,0
0.036767728991576674,0.00017912200097833968,1.004,-0.0034557519189488115,0.06608175659179688,-0.03185929489135742,0,0,2,0,-0.036767728991576674,-0.00017912200097833968,0.996,0.0034557519189488115,-0.04216799181731163,0.011384506679873866,0.7885454769230775,0.005711254336910727,0,0,0,0,0,0,0,0
0.03997752966592998,-0.0021962280062109616,1.025,-0.0019024088846738548,0.04826985168457031,-0.03546365356445313,0,0,2,0,-0.03997752966592998,0.0021962280062109616,0.9750000000000001,0.0019024088846738548,-0.037394801078135476,0.013856952336662757,0.7780829769230775,-0.005266866658133638,0,0,0,0,0,0,0,0
0.04360829908621788,-0.004914008454909925,1.044,-0.00015707963267952278,0.054538997650146484,-0.04066302490234375,0,0,2,0,-0.04360829908621788,0.004914008454909925,0.956,0.00015707963267952278,-0.04120950543210718,0.0168412116904686,0.7815119242424237,-0.007776235149112895,0,0,0,0,0,0,0,0
0.04731373035919117,-0.010438946141327256,1.067,0.002408554367752171,0.05559448623657227,-0.08286533355712891,0,0,2,0,-0.04731373035919117,0.010438946141327256,0.933,-0.002408554367752171,-0.04319657153928943,0.03405981733095009,0.7499713462686574,-0.013896467802520948,0,0,0,0,0,0,0,0
0.051374626754620956,-0.01608471905151962,1.09,0.005235987755982998,0.06070929718017578,-0.08483306121826172,0,0,2,0,-0.051374626754620956,0.01608471905151962,0.9099999999999999,-0.005235987755982998,-0.04846319075156776,0.03939662743588093,0.7296758222222215,-0.018699956271367883,0,0,0,0,0,0,0,0
0.05432042436868645,-0.02126008398299293,1.107,0.004694935687864722,0.04377988815307617,-0.07786077117919922,0,0,2,0,-0.05432042436868645,0.02126008398299293,0.893,-0.004694935687864722,-0.043272849456935006,0.03850007353059243,0.7581196384615391,-0.002197772296549602,0,0,0,0,0,0,0,0
0.05776776170889315,-0.026393431197224888,1.131,0.005078908123303527,0.05134798049926758,-0.07724213409423829,0,0,2,0,-0.05776776170889315,0.026393431197224888,0.869,-0.005078908123303527,-0.047734665697524895,0.0408576536213024,0.7068758307692307,-0.006851088594559553,0,0,0,0,0,0,0,0
0.06033208457547859,-0.030989584716166994,1.156,0.004974188368183863,0.03811419677734375,-0.06913677215576172,0,0,2,0,-0.06033208457547859,0.030989584716166994,0.8440000000000001,-0.004974188368183863,-0.04430134966629254,0.04028329217466284,0.686977215384616,-0.0044908664214777195,0,0,0,0,0,0,0,0
0.061432453171473674,-0.03553645992733816,1.18,0.00431096325242597,0.01616607093811035,-0.06828438568115235,0,0,2,0,-0.061432453171473674,0.03553645992733816,0.8200000000000001,-0.00431096325242597,-0.036832995507561285,0.04158435345293511,0.6825134656716418,-0.0013412985550025698,0,0,0,0,0,0,0,0
0.06213936648271719,-0.03783332292181818,1.205,0.0032812189937493352,0.010455076217651366,-0.034498336791992185,0,0,2,0,-0.06213936648271719,0.03783332292181818,0.7949999999999999,-0.0032812189937493352,-0.03534395937041167,0.03156563458522253,0.6562558499999993,0.0015457072187973903,0,0,0,0,0,0,0,0
0.06311473416675203,-0.03821355849365672,1.23,0.0014835298641951988,0.014611721992492676,-0.005751508712768555,0,0,2,0,-0.06311473416675203,0.03821355849365672,0.77,-0.0014835298641951988,-0.03725871545588524,0.021267043992999897,0.643364215384616,0.006813496887593123,0,0,0,0,0,0,0,0
0.06307520878842267,-0.03664546380397997,1.257,0.0013962634015954323,-0.0005579853057861328,0.023522274017333984,0,0,2,0,-0.06307520878842267,0.03664546380397997,0.7430000000000001,-0.0013962634015954323,-0.03181514285508726,0.01001580709916714,0.6158244846153853,-0.0009934951126734327,0,0,0,0,0,0,0,0
0.062279278222114806,-0.034866329206594215,1.288,0.0010646508437165414,-0.011901684761047363,0.026703662872314453,0,0,2,0,-0.062279278222114806,0.034866329206594215,0.712,-0.0010646508437165414,-0.027384708090585803,0.00801253418064085,0.5741140230769224,0.0004658686541860319,0,0,0,0,0,0,0,0
0.06317508206675054,-0.03210362974140618,1.322,0.000593411945678024,0.01348116970062256,0.041426162719726566,0,0,2,0,-0.06317508206675054,0.03210362974140618,0.6779999999999999,-0.000593411945678024,-0.03684028961303935,0.0018006372727791195,0.5407677597014925,0.001516612970912352,0,0,0,0,0,0,0,0
0.0641573173527959,-0.029273894456556,1.359,-0.0008028514559173527,0.01475871467590332,0.04243727874755859,0,0,2,0,-0.0641573173527959,0.029273894456556,0.641,0.0008028514559173527,-0.03806449483700433,-0.0006385977846389227,0.49053835000000046,0.007347836150895681,0,0,0,0,0,0,0,0
0.06357617445513308,-0.026145586707706475,1.395,-0.002199114857512896,-0.008754814147949219,0.0469176025390625,0,0,2,0,-0.06357617445513308,0.026145586707706475,0.605,0.002199114857512896,-0.029264887697670182,-0.003818836646067157,0.47107909999999986,0.008744099552492005,0,0,0,0,0,0,0,0
0.06227435949470349,-0.022446189858954264,1.435,-0.0009948376736368392,-0.019649208068847655,0.0554478759765625,0,0,2,0,-0.06227435949470349,0.022446189858954264,0.565,0.0009948376736368392,-0.02492964233221906,-0.008163801175483307,0.4275618878787877,-0.004479149525799783,0,0,0,0,0,0,0,0
0.06201087957607921,-0.019895724043879525,1.478,-0.0007853981633974549,-0.003990256309509278,0.03825303649902344,0,0,2,0,-0.06201087957607921,0.019895724043879525,0.522,0.0007853981633974549,-0.030345151744818964,-0.0033330868174681477,0.3806979969696975,-0.00016659961041792782,0,0,0,0,0,0,0,0
0.06347910569923958,-0.018287967591681786,1.516,-0.0010471975511966436,0.02200444412231445,0.024133636474609376,0,0,2,0,-0.06347910569923958,0.018287967591681786,0.484,0.0010471975511966436,-0.040423601188671665,0.0007429695123331997,0.37685891538461525,0.0022555024179621297,0,0,0,0,0,0,0,0
0.06540267293623468,-0.0175266291982376,1.554,-0.0012391837689159635,0.028841533660888673,0.011450284957885743,0,0,2,0,-0.06540267293623468,0.0175266291982376,0.44599999999999995,0.0012391837689159635,-0.04404091787430188,0.004867098146368675,0.3461161999999999,0.0021391191644752755,0,0,0,0,0,0,0,0
0.06359082171024082,-0.017442578052677914,1.595,-0.0011170107212763458,-0.027179309844970703,0.0012270879745483398,0,0,2,0,-0.06359082171024082,0.017442578052677914,0.405,0.0011170107212763458,-0.02290069598197881,0.008547396496995752,0.30299196923076965,0.0005531351167858028,0,0,0,0,0,0,0,0
0.061004670101568945,-0.016982579619516276,1.627,-0.0014311699866353944,-0.03879995727539062,0.006856640815734863,0,0,2,0,-0.061004670101568945,0.016982579619516276,0.373,0.0014311699866353944,-0.017477963460327324,0.0063041044085417105,0.3282780076923076,0.00288113582675408,0,0,0,0,0,0,0,0
0.05857351382440131,-0.0172600833510403,1.66,-0.002076941809873223,-0.03646134948730469,-0.004214742660522461,0,0,2,0,-0.05857351382440131,0.0172600833510403,0.3400000000000001,0.002076941809873223,-0.017714342682371903,0.010359835800986622,0.30664475882352993,0.004925935147687172,0,0,0,0,0,0,0,0
0.056135591968888524,-0.0181590978759111,1.691,-0.002391101075232216,-0.036540740966796874,-0.013561140060424805,0,0,2,0,-0.056135591968888524,0.0181590978759111,0.30899999999999994,0.002391101075232216,-0.01571222775391462,0.014309122539046728,0.2841440499999992,0.003863722631602496,0,0,0,0,0,0,0,0
0.0552223270261205,-0.01862647460257624,1.721,-0.0029496064358704444,-0.013682171821594239,-0.007043386459350586,0,0,2,0,-0.0552223270261205,0.01862647460257624,0.2789999999999999,0.0029496064358704444,-0.023628905063400273,0.012194212637187743,0.2673983999999998,0.00556760031386214,0,0,0,0,0,0,0,0
0.05311928271507302,-0.019630607743410716,1.751,-0.0044156830075456335,-0.031501100540161135,-0.015154978752136231,0,0,2,0,-0.05311928271507302,0.019630607743410716,0.2490000000000001,0.0044156830075456335,-0.016282243345609793,0.015559943387027705,0.24754093846153963,0.011182190261431121,0,0,0,0,0,0,0,0
0.050893345345779564,-0.02002112259718002,1.777,-0.0038746309394274694,-0.03336286926269531,-0.006005100727081299,0,0,2,0,-0.050893345345779564,0.02002112259718002,0.2230000000000001,0.0038746309394274694,-0.01454062348334414,0.012464116074788052,0.24972889999999998,0.0013774675481128661,0,0,0,0,0,0,0,0
0.04947623112875886,-0.020963814895031224,1.8,-0.0017802358370342377,-0.021201765060424805,-0.014222640037536621,0,0,2,0,-0.04947623112875886,0.020963814895031224,0.19999999999999996,0.0017802358370342377,-0.018219427514228444,0.015922351863836427,0.24878274615384544,-0.00788620309708837,0,0,0,0,0,0,0,0
0.04808951930052608,-0.020782125257911892,1.825,0.0008203047484373624,-0.020805496215820313,0.002688310146331787,0,0,2,0,-0.04808951930052608,0.020782125257911892,0.17500000000000004,-0.0008203047484373624,-0.017944889579613963,0.009820270649205182,0.2232043850746274,-0.01246451632517587,0,0,0,0,0,0,0,0
0.04595796669171171,-0.020470215565199658,1.844,0.0030543261909901096,-0.03196944046020508,0.004704871654510498,0,0,2,0,-0.04595796669171171,0.020470215565199658,0.15599999999999992,-0.0030543261909901096,-0.012310124869521266,0.008893505382502425,0.23402864444444374,-0.013692523536479383,0,0,0,0,0,0,0,0
0.04414592747037594,-0.01649731056352027,1.862,0.003193952531149625,-0.026998443603515623,0.05967631530761719,0,0,2,0,-0.04414592747037594,0.01649731056352027,0.1379999999999999,-0.003193952531149625,-0.013517624780835657,-0.012741957633950146,0.22915812307692296,-0.0038383817934243116,0,0,0,0,0,0,0,0
0.03888729968549549,-0.012486966186962276,1.876,0.0030892327760299607,-0.07868688201904298,0.060406795501708986,0,0,2,0,-0.03888729968549549,0.012486966186962276,0.12400000000000011,-0.0030892327760299607,0.007644966170511143,-0.014940609928169342,0.24030258461538592,-0.0026059108293238174,0,0,0,0,0,0,0,0
0.033202701313928475,-0.008720735940324128,1.89,0.0027227136331111077,-0.08509404754638672,0.05675659942626953,0,0,2,0,-0.033202701313928475,0.008720735940324128,0.1100000000000001,-0.0027227136331111077,0.01229526092597082,-0.015196240464259228,0.23097077575757582,-0.0010567175289345032,0,0,0,0,0,0,0,0
0.028428361581341495,-0.0049356027172384135,1.904,0.0031241393610698122,-0.07146024322509766,0.05697177505493164,0,0,2,0,-0.028428361581341495,0.0049356027172384135,0.09600000000000009,-0.0031241393610698122,0.009836538927514385,-0.017185792634927616,0.22040437575757585,-0.004948801760882106,1427129289248,0,0,0,0,0,0,0
0.022931293805035596,-0.001381514138724059,1.932,0.0017627825445142866,-0.0822890625,0.05356867218017578,0,0,2,0,-0.022931293805035596,0.001381514138724059,0.06800000000000006,-0.0017627825445142866,0.01685129491439395,-0.01802666279511854,0.12191956923076924,0.004520402762665061,1427129289248,0,0,0,0,0,0,0
0.01883239950818575,0.0022361752367114768,1.937,0.00038397243543875217,-0.061387660980224606,0.05437363815307617,0,0,2,0,-0.01883239950818575,-0.0022361752367114768,0.06299999999999994,-0.00038397243543875217,0.011704921794460997,-0.02048377736874667,0.24174824999999941,0.006079199950852815,1427129289248,0,0,0,0,0,0,0
0.01485553294921806,0.00338626701759911,1.945,-0.00012217304763961632,-0.05964636993408203,0.017274280548095704,0,0,2,0,-0.01485553294921806,-0.00338626701759911,0.05499999999999994,0.00012217304763961632,0.012681767647610132,-0.0074695874579261,0.21997257692307692,0.0024582291233859323,1427129289248,0,0,0,0,0,0,0
0.012747194077657268,0.0026062665424082605,1.95,-0.00005235987755985858,-0.03162365341186523,-0.011703870773315429,0,0,2,0,-0.012747194077657268,-0.0026062665424082605,0.050000000000000044,0.00005235987755985858,0.0036663484750490563,0.0033115231622239754,0.23245142307692376,-0.0002698547535774848,1427129289248,0,0,0,0,0,0,0
0.014509955158860471,0.0012079468051998977,1.96,-0.00106465084371654,0.026442514419555665,-0.020973411560058594,0,0,2,-0.00005235987755985858,-0.014509955158860471,-0.0012079468051998977,0.040000000000000036,0.0010122909661566815,-0.007254977579430236,-0.0006039734025999489,0.03200000000000003,0.0010122909661566815,1427129289248,0,0,0,0,0,0,0
0.016940090961567695,-0.0004093509568452549,1.973,-0.00106465084371654,0.03647784423828125,-0.024220643997192384,0,0,2,-0.00005235987755985858,-0.016940090961567695,0.0004093509568452549,0.026999999999999913,0.0010122909661566815,-0.022423781082951195,0.009484502505716195,-0.052825463934427,0.0010122909661566815,1427129289638,0,0,0,0,0,0,0
0.018981559198105083,-0.0029484938232386252,1.98,-0.0009075712110370713,0.03066255569458008,-0.03805451965332031,0,0,2,-0.00005235987755985858,-0.018981559198105083,0.0029484938232386252,0.020000000000000018,0.0008552113334772127,-0.020505972341680723,0.01514872087880624,-0.02139760769230711,0.00013022841341812604,1427129289703,0,0,0,0,0,0,0
0.02127267040697833,-0.007053853974059865,1.986,0.0007155849933176985,0.034422542572021486,-0.06154918670654297,0,0,2,-0.00005235987755985858,-0.02127267040697833,0.007053853974059865,0.014000000000000012,-0.0007679448708775571,-0.023009586571382662,0.025639463644680834,-0.020721992307692318,-0.008259435044822648,1427129289768,0,0,0,0,0,0,0
0.024899007841548207,-0.01038968964458976,1.99,0.0013439035240356292,0.054359241485595705,-0.050076446533203124,0,0,2,-0.00005235987755985858,-0.024899007841548207,0.01038968964458976,0.010000000000000009,-0.0013962634015954878,-0.031446238723436264,0.02263456437862007,-0.012442822388059709,-0.004209629957048908,1427129289835,0,0,0,0,0,0,0
0.027351967276810902,-0.012703701712948687,1.99,0.0019373154697137087,0.03674771118164062,-0.034759597778320314,0,0,2,-0.00005235987755985858,-0.027351967276810902,0.012703701712948687,0.010000000000000009,-0.0019896753472735673,-0.02695518657007205,0.0188338855682727,0.008517700000000007,-0.004728499711941626,1427129289900,0,0,0,0,0,0,0
0.02889291484980566,-0.014963011607644466,1.986,0.0025830872929515926,0.023048515319824218,-0.03393436431884766,0,0,2,-0.00005235987755985858,-0.02889291484980566,0.014963011607644466,0.014000000000000012,-0.0026354471705114513,-0.022586501624150372,0.019315865871471674,0.032707022388059726,-0.005526962796949737,1427129289967,0,0,0,0,0,0,0
0.028403613924503964,-0.017978982077711606,1.986,0.0033335788713091965,-0.007456346988677979,-0.045220447540283204,0,0,2,-0.00005235987755985858,-0.028403613924503964,0.017978982077711606,0.014000000000000012,-0.003385938748869055,-0.011501986912907398,0.026337201762773422,0.01189690000000001,-0.007076880937513008,1427129290028,0,0,0,0,0,0,0
0.027007844946696235,-0.019650771491929408,1.98,0.003089232776029961,-0.0210200138092041,-0.025006908416748047,0,0,2,-0.00005235987755985858,-0.027007844946696235,0.019650771491929408,0.020000000000000018,-0.0031415926535898198,-0.0062275867418258605,0.0187468673042034,0.04864708181818186,-0.00203092858413875,1427129290094,0,0,0,0,0,0,0
0.025743656858060807,-0.022150898249274176,1.977,0.0027052603405911544,-0.019078582763671876,-0.03744314193725586,0,0,2,-0.00005235987755985858,-0.025743656858060807,0.022150898249274176,0.02299999999999991,-0.002757620218151013,-0.006310260953614851,0.024404248307454215,0.03528979090909026,-0.0010122909661564369,1427129290160,0,0,0,0,0,0,0
0.026534275728677423,-0.024578326104780022,1.969,0.0031764992386296162,0.011760737419128418,-0.03644336700439453,0,0,2,-0.00005235987755985858,-0.026534275728677423,0.024578326104780022,0.030999999999999917,-0.003228859116189475,-0.017438292357531117,0.024689713171372023,0.0665743101449275,-0.005277723890269743,1427129290229,0,0,0,0,0,0,0
0.028240709826313576,-0.02870118926514259,1.963,0.003839724354387509,0.025399938583374023,-0.06192394256591797,0,0,2,-0.00005235987755985858,-0.028240709826313576,0.02870118926514259,0.03699999999999992,-0.0038920842319473676,-0.024089365978057498,0.03811138486182476,0.06544652950819668,-0.007153847096330447,1427129290290,0,0,0,0,0,0,0
0.03032577227172063,-0.03131754434439829,1.958,0.0043284165449458695,0.031125015258789062,-0.039365127563476564,0,0,2,-0.00005235987755985858,-0.03032577227172063,0.03131754434439829,0.04200000000000004,-0.004380776422505728,-0.026762975629028962,0.030092025237924133,0.06263285000000066,-0.00667152106574804,1427129290354,0,0,0,0,0,0,0
0.03426694410083605,-0.03309622206304484,1.953,0.004799655442984387,0.05900154113769531,-0.026935800552368164,0,0,2,-0.00005235987755985858,-0.03426694410083605,0.03309622206304484,0.04699999999999993,-0.004852015320544245,-0.03857484427340002,0.026272180210005595,0.0665176769230763,-0.007026964080722018,1427129290419,0,0,0,0,0,0,0
0.03713687214761457,-0.03523665606433463,1.948,0.005672320068981553,0.042894325256347655,-0.03231275939941406,0,0,2,-0.00005235987755985858,-0.03713687214761457,0.03523665606433463,0.052000000000000046,-0.005724679946541411,-0.03403193956752213,0.0291389443660323,0.07045295151515217,-0.00969133733743762,1427129290485,0,0,0,0,0,0,0
0.04099053744650064,-0.038129937498533176,1.945,0.008045967851693817,0.05755787658691406,-0.043726409912109375,0,0,2,-0.00005235987755985858,-0.04099053744650064,0.038129937498533176,0.05499999999999994,-0.008098327729253675,-0.0403153178912655,0.033937173615464035,0.06193469130434723,-0.018418535480176565,1427129290554,0,0,0,0,0,0,0
0.0438040770079014,-0.040968817765823035,1.943,0.010384709049366284,0.041859107971191405,-0.04292138671875,0,0,2,-0.00005235987755985858,-0.0438040770079014,0.040968817765823035,0.05699999999999994,-0.010437068926926142,-0.03834449033442432,0.03699419675334674,0.060140409836065535,-0.021939074817118605,1427129290615,0,0,0,0,0,0,0
0.04762885290944783,-0.04252037965192456,1.942,0.010786134777324933,0.057126861572265625,-0.023867950439453126,0,0,2,-0.00005235987755985858,-0.04762885290944783,0.04252037965192456,0.05800000000000005,-0.010838494654884791,-0.04473952442323283,0.029863522673921127,0.05522661538461603,-0.012691228783924707,1427129290680,0,0,0,0,0,0,0
0.05124938469856386,-0.04426012714346677,1.944,0.013334315485236673,0.05402334594726563,-0.026680456161499024,0,0,2,-0.00005235987755985858,-0.05124938469856386,0.04426012714346677,0.05600000000000005,-0.013386675362796531,-0.045483326427835084,0.03177547260855455,0.03783676923076926,-0.025147509399312255,1427129290745,0,0,0,0,0,0,0
0.05371296858741496,-0.04700427713827732,1.943,0.0158126830230686,0.03640161895751953,-0.041651329040527346,0,0,2,-0.00005235987755985858,-0.05371296858741496,0.04700427713827732,0.05699999999999994,-0.01586504290062846,-0.04052031233887741,0.0385864215575446,0.055161115384614746,-0.027303662306006594,1427129290810,0,0,0,0,0,0,0
0.055291045235314584,-0.049539348614554085,1.948,0.017016960206944712,0.023066921234130858,-0.038395606994628906,0,0,2,-0.00005235987755985858,-0.055291045235314584,0.049539348614554085,0.052000000000000046,-0.017069320084504572,-0.036324627935501896,0.03835386707647383,0.020005497014925967,-0.022461605982457312,1427129290877,0,0,0,0,0,0,0
0.05426339955196364,-0.05043735555215696,1.944,0.018046704465621347,-0.01564166259765625,-0.013205855369567872,0,0,2,-0.00005235987755985858,-0.05426339955196364,0.05043735555215696,0.05600000000000005,-0.018099064343181207,-0.02189216436869591,0.03058066281343203,0.07189992222222227,-0.023002608432117565,1427129290940,0,0,0,0,0,0,0
0.05250570940119608,-0.050415808507304496,1.939,0.019408061282176932,-0.02635522651672363,0.0007989349365234375,0,0,2,-0.00005235987755985858,-0.05250570940119608,0.050415808507304496,0.06099999999999994,-0.019460421159736792,-0.017436031613941694,0.02549997166170015,0.0805954515151509,-0.025648406689534903,1427129291006,0,0,0,0,0,0,0
0.050864526604440345,-0.05047075517466906,1.934,0.01979203371761568,-0.024629100799560547,-0.0003462921380996704,0,0,2,-0.00005235987755985858,-0.050864526604440345,0.05047075517466906,0.06600000000000006,-0.01984439359517554,-0.017266852831973326,0.025966404167675913,0.08503105151515218,-0.021589722847169847,1427129291072,0,0,0,0,0,0,0
0.05081758990777159,-0.04975493412482388,1.931,0.020804324683772416,-0.0004914131164550781,0.010749146461486817,0,0,2,-0.00005235987755985858,-0.05081758990777159,0.04975493412482388,0.06899999999999995,-0.020856684561332276,-0.02572246478528036,0.02143430659216755,0.07776374999999937,-0.02560179846519198,1427129291136,0,0,0,0,0,0,0
0.0509778481887587,-0.04859240046269105,1.933,0.021554816262129965,0.0027661137580871583,0.01738422393798828,0,0,2,-0.00005235987755985858,-0.0509778481887587,0.04859240046269105,0.06699999999999995,-0.021607176139689824,-0.026930604268527177,0.018727305994759594,0.049758638805970104,-0.024967586192037056,1427129291203,0,0,0,0,0,0,0
0.05264903182567309,-0.047291898974559474,1.933,0.021991148575128516,0.025482379913330078,0.01896270179748535,0,0,2,-0.00005235987755985858,-0.05264903182567309,0.047291898974559474,0.06699999999999995,-0.022043508452688376,-0.03624654839088827,0.016954777920642497,0.06062849999999996,-0.0241212813717291,1427129291266,0,0,0,0,0,0,0
0.05576423526073129,-0.04417564143217253,1.932,0.023160519173964722,0.04774462127685547,0.04570503997802734,0,0,2,-0.00005235987755985858,-0.05576423526073129,0.04417564143217253,0.06800000000000006,-0.023212879051524582,-0.043099235776721256,0.008112253950115072,0.06660516666666724,-0.027890361446869405,1427129291341,0,0,0,0,0,0,0
0.05714700799379609,-0.04246309538480669,1.928,0.024783675378319436,0.021330926895141603,0.025200958251953124,0,0,2,-0.00005235987755985858,-0.05714700799379609,0.04246309538480669,0.07200000000000006,-0.024836035255879296,-0.038083899814154595,0.010923850525280589,0.09098904545454553,-0.033689614552359554,1427129291396,0,0,0,0,0,0,0
0.06052064699737092,-0.03968048988717914,1.931,0.025499260371637134,0.05162338638305664,0.04047222518920898,0,0,2,-0.00005235987755985858,-0.06052064699737092,0.03968048988717914,0.06899999999999995,-0.025551620249196993,-0.04890170996362661,0.0057005159259136875,0.04768080909090845,-0.02880427930973198,1427129291462,0,0,0,0,0,0,0
0.06433630317144952,-0.03635551228889166,1.93,0.02586577951455593,0.05848786544799805,0.048399162292480466,2.5,0,2,0,2.4356636968285503,0.03635551228889166,0.07000000000000006,-0.02586577951455593,1.2178318484142752,0.01817775614444583,0.05600000000000005,-0.02586577951455593,0,0,0,0,0,0,0,0
0.06593796708541966,-0.03450641812292627,1.934,0.026441738167714113,0.02473426628112793,0.02710577964782715,2.5,0,2,0,2.4340620329145803,0.03450641812292627,0.06600000000000006,-0.026441738167714113,1.209325919381147,0.00666470128655277,0.030251780327868884,-0.029274321707836316,0,0,0,0,0,0,0,0
0.06560814964586385,-0.032192841123905754,1.934,0.026005405854715447,-0.004028014183044434,0.03482232284545898,2.5,0,2,0,2.434391850354136,0.032192841123905754,0.06600000000000006,-0.026005405854715447,1.222038997779023,0.0036806725213202347,0.05363160000000005,-0.02399156441010622,0,0,0,0,0,0,0,0
0.06680818777939981,-0.029009470556043707,1.936,0.02623229865747478,0.01923611831665039,0.047266353607177736,2.5,0,2,0,2.4331918122206,0.029009470556043707,0.06400000000000006,-0.02623229865747478,1.2147828695350873,-0.0025756604389729834,0.04167836923076927,-0.027279496208671705,0,0,0,0,0,0,0,0
0.06885786418640318,-0.026645595228232965,1.932,0.02574360646691631,0.03166460990905762,0.034639507293701174,2.5,0,2,0,2.4311421358135967,0.026645595228232965,0.06800000000000006,-0.02574360646691631,1.2111413755458413,0.0010528781218535222,0.07699872238805977,-0.023555432479341068,0,0,0,0,0,0,0,0
0.07475528406994984,-0.023224510291845163,1.929,0.02441715623540069,0.08975290679931641,0.04902220916748047,2.5,0,2,0,2.42524471593005,0.023224510291845163,0.07099999999999995,-0.02441715623540069,1.1887210016476442,-0.006715192536487552,0.07511854615384553,-0.01829507824379014,0,0,0,0,0,0,0,0
0.08736775276024834,-0.019230011566278002,1.933,0.024033183799961885,0.190593505859375,0.05528067016601562,2.5,0,2,0,2.4126322472397517,0.019230011566278002,0.06699999999999995,-0.024033183799961885,1.146739751625141,-0.012123823016764424,0.03431849999999994,-0.02223331300884248,0,0,0,0,0,0,0,0
0.10408642095118138,-0.015570422047469624,1.939,0.02481858196335934,0.2520267486572266,0.04885152816772461,2.5,0,2,0,2.3959135790488184,0.015570422047469624,0.06099999999999994,-0.02481858196335934,1.1188886015549464,-0.011804064120745148,0.019482307692307625,-0.028443496563655284,0,0,0,0,0,0,0,0
0.12769574547989743,-0.01298617308623678,1.934,0.027698375229149974,0.3549927673339844,0.029963449478149416,2.5,0,2,0,2.3723042545201025,0.01298617308623678,0.06600000000000006,-0.027698375229149974,1.0715224029295047,-0.0072974522788334115,0.0831420769230776,-0.04098972876356829,0,0,0,0,0,0,0,0
0.16435136726530705,-0.008710884058755591,1.94,0.028867745827986183,0.5513994750976563,0.048877166748046874,2.5,0,2,0,2.335648632734693,0.008710884058755591,0.06000000000000005,-0.028867745827986183,0.9844634707274198,-0.018535035074657674,0.019501307692307714,-0.03426484089953792,0,0,0,0,0,0,0,0
0.20607439001029942,-0.005133671936258327,1.939,0.03021164935202181,0.6271333618164062,0.03557159042358399,2.5,0,2,0,2.2939256099897007,0.005133671936258327,0.06099999999999994,-0.03021164935202181,0.9445592255455977,-0.01598634350277649,0.0582415805970143,-0.03622912781785298,0,0,0,0,0,0,0,0
0.2504737681741498,-0.002591513187078241,1.938,0.032183871406775366,0.666838623046875,0.017997364044189453,2.5,0,2,0,2.2495262318258504,0.002591513187078241,0.062000000000000055,-0.032183871406775366,0.8989462228848624,-0.012471265970385366,0.05968325000000066,-0.04142866228843266,0,0,0,0,0,0,0,0
0.3028899364457153,-0.0010304130582020712,1.932,0.035447637108004804,0.7865888671875,-0.0018955845832824708,2.5,0,2,0,2.197110063554285,0.0010304130582020712,0.06800000000000006,-0.035447637108004804,0.8303024682881864,-0.007885992240679159,0.09226220000000009,-0.05074653883251779,0,0,0,0,0,0,0,0
0.36232622610840876,0.00024018449839842643,1.936,0.037105699897399425,0.8916597290039062,-0.012549531936645509,2.5,0,2,0,2.137673773891591,-0.00024018449839842643,0.06400000000000006,-0.037105699897399425,0.7685831719227969,-0.0068258599600375695,0.0351272384615385,-0.04475829738691306,0,0,0,0,0,0,0,0
0.42713980309443866,0.003454679180251813,1.938,0.03628539514896212,0.9733231811523437,0.012118210792541504,2.5,0,2,0,2.0728601969055616,-0.003454679180251813,0.062000000000000055,-0.03628539514896212,0.7138776680772337,-0.018640270945095735,0.04486883939393944,-0.03255673720151982,0,0,0,0,0,0,0,0
0.49238878074022735,0.005545473367333609,1.933,0.034958944917446444,0.9792281494140626,-0.004164712429046631,2.5,0,2,0,2.007611219259773,-0.005545473367333609,0.06699999999999995,-0.034958944917446444,0.6802692597663889,-0.013730310275755185,0.08643225151515091,-0.028929625683284287,0,0,0,0,0,0,0,0
0.5679044824613595,0.009276958779647165,1.931,0.03389429407372985,1.133999755859375,0.016346908569335936,2.5,0,2,0,1.9320955175386405,-0.009276958779647165,0.06899999999999995,-0.03389429407372985,0.5767887619469696,-0.024921006152626317,0.07289619999999997,-0.0289037432438083,0,0,0,0,0,0,0,0
0.6448730319473032,0.014497455208308396,1.932,0.031084313978018974,1.156518798828125,0.03913804244995117,2.5,0,2,0,1.855126968052697,-0.014497455208308396,0.06800000000000006,-0.031084313978018974,0.5443388144861089,-0.03481871259685664,0.05630446969697034,-0.018311677179333186,0,0,0,0,0,0,0,0
0.7246156011699947,0.020539223436112943,1.935,0.026947883650792426,1.1983773193359375,0.053407585144042966,2.5,0,2,0,1.7753843988300053,-0.020539223436112943,0.06499999999999995,-0.026947883650792426,0.4776781507576655,-0.04320921105151216,0.043217249999999346,-0.007558366491917982,0,0,0,0,0,0,0,0
0.8087871558560313,0.025307218101895138,1.939,0.025272367568877907,1.2640419921875,0.03747439193725586,2.5,0,2,0,1.6912128441439687,-0.025307218101895138,0.06099999999999994,-0.025272367568877907,0.41955238889050744,-0.038242555511498265,0.0352815384615384,-0.01753921642158013,0,0,0,0,0,0,0,0
0.8977521730616181,0.029815745737348878,1.943,0.02282890661608583,1.335758056640625,0.033884559631347656,2.5,0,2,0,1.602247826938382,-0.029815745737348878,0.05699999999999994,-0.02282890661608583,0.3646322074478277,-0.038394988483686644,0.03310637761194024,-0.011888036678210865,0,0,0,0,0,0,0,0
0.99580992076828,0.03364880851717388,1.944,0.020176006153054427,1.47179541015625,0.023905609130859377,2.5,0,2,0,1.50419007923172,-0.03364880851717388,0.05600000000000005,-0.020176006153054427,0.24505533466776064,-0.03774310715226576,0.04809155000000065,-0.007740535232594718,0,0,0,0,0,0,0,0
1.0994244130420594,0.03601645937213526,1.945,0.01642354826126663,1.5546175537109375,0.004151762485504151,2.5,0,2,0,1.4005755869579406,-0.03601645937213526,0.05499999999999994,-0.01642354826126663,0.17248758126669694,-0.03073717042019315,0.04773318461538397,0.0008954881623693539,0,0,0,0,0,0,0,0
1.2081559030971178,0.039131074692567804,1.941,0.013281955607676867,1.6315196533203125,0.01992778015136719,2.5,0,2,0,1.2918440969028822,-0.039131074692567804,0.05899999999999994,-0.013281955607676867,0.09140846992603657,-0.03634202963149663,0.07823976153846152,0.0012177027935066503,0,0,0,0,0,0,0,0
1.32385540577969,0.041332075493373255,1.945,0.009407324668249397,1.7357779541015625,0.009962042808532716,2.5,0,2,0,1.17614459422031,-0.041332075493373255,0.05499999999999994,-0.009407324668249397,-0.0031968554233113844,-0.032549933082978016,0.0323203384615384,0.00847558735987739,0,0,0,0,0,0,0,0
1.4537014120846852,0.04193223035247823,1.948,0.0073652894434160805,1.9476885986328125,-0.009320358276367187,2.5,0,2,0,1.0462985879153148,-0.04193223035247823,0.052000000000000046,-0.0073652894434160805,-0.1227215493215198,-0.024161699656981544,0.03613555820895583,0.0017781518618077228,0,0,0,0,0,0,0,0
1.5951167672448632,0.041881943341343465,1.951,0.005218534463463044,2.121167236328125,-0.01637761878967285,2.5,0,2,0,0.9048832327551368,-0.041881943341343465,0.04899999999999993,-0.005218534463463044,-0.3001999795294204,-0.020748432167954498,0.03304923333333266,0.005004108298218081,0,0,0,0,0,0,0,0
1.7427139214651726,0.038548844992599376,1.955,0.004049163864626839,2.213666259765625,-0.061549354553222656,2.5,0,2,0,0.7572860785348274,-0.038548844992599376,0.04499999999999993,-0.004049163864626839,-0.38261936602766605,-0.0014388593798261053,0.02526993846153839,0.0013479312069248793,0,0,0,0,0,0,0,0
1.8942351427123587,0.0329956811465711,1.959,0.0017278759594744357,2.27246240234375,-0.09249976348876954,2.5,0,2,0,0.6057648572876413,-0.0329956811465711,0.040999999999999925,-0.0017278759594744357,-0.4791158211772048,0.013270474181972993,0.022336438461538384,0.008985760525844344,0,0,0,0,0,0,0,0
2.038344800881907,0.026249483119036673,1.965,-0.0009948376736368377,2.161466796875,-0.10492787170410156,2.5,0,2,0,0.46165519911809305,-0.026249483119036673,0.03499999999999992,0.0009948376736368377,-0.4877894894096162,0.021965667543094126,0.007966116417910361,0.013186092747269403,0,0,0,0,0,0,0,0
2.191340851205349,0.016673357579137498,1.977,-0.003054326190990107,2.29508251953125,-0.1413587188720703,2.5,0,2,0,0.30865914879465084,-0.016673357579137498,0.02299999999999991,0.003054326190990107,-0.6351001253272608,0.04306531255810922,-0.03475648461538473,0.012559657809543658,0,0,0,0,0,0,0,0
2.3430448900912144,0.0046710306459282185,1.988,-0.002652900463031403,2.276099853515625,-0.17308377075195314,2.5,0,2,0,0.15695510990878558,-0.0046710306459282185,0.01200000000000001,0.002652900463031403,-0.7166582697999309,0.0631374590739393,-0.03902054999999943,0.0007712173632249773,0,0,0,0,0,0,0,0
2.4788489944419703,-0.006861233543557509,1.999,-0.0028274333882307694,2.0375133056640626,-0.16757923889160156,2.5,0,2,0,0.021151005558029734,0.006861233543557509,0.0009999999999998899,0.0028274333882307694,-0.6861679807456136,0.06536713272865115,-0.046888569230769964,0.0036329699660739997,1427129293611,0,0,0,0,0,0,0
2.578536468132349,-0.013513412621714368,2.014,-0.003001966313430247,1.4955882568359375,-0.09555439758300781,2.5,0,2,0,-0.07853646813234905,0.013513412621714368,-0.01399999999999979,0.003001966313430247,-0.5415886012007509,0.04242462461723979,-0.08051803076922887,0.00380750289127399,1427129293611,0,0,0,0,0,0,0
2.650174954884421,-0.017350457042381775,2.024,-0.002722713633111216,1.0747452392578125,-0.054329566955566407,2.5,0,2,0,-0.15017495488442112,0.017350457042381775,-0.02400000000000002,0.002722713633111216,-0.42647245170657955,0.029196007238169376,-0.06175095384615511,0.0014338551085618426,0,0,0,0,0,0,0,0
2.705164550838067,-0.022289667523117562,2.04,-0.0035081117965086155,0.8250426025390625,-0.07184207153320313,2.5,0,2,0,-0.20516455083806706,0.022289667523117562,-0.040000000000000036,0.0035081117965086155,-0.3556180953766328,0.03682138393168786,-0.10455488955223889,0.007024819990825329,0,0,0,0,0,0,0,0
2.7466147283583373,-0.024931958896614884,2.053,-0.0052534410485029475,0.6218878784179688,-0.03745295333862304,2.5,0,2,0,-0.2466147283583373,0.024931958896614884,-0.052999999999999936,0.0052534410485029475,-0.31592259253695365,0.026806671226055387,-0.1028057499999994,0.013434671917226379,0,0,0,0,0,0,0,0
2.7848714295605204,-0.026323703317716374,2.06,-0.0068591439603377085,0.5739522705078125,-0.017861202239990236,2.5,0,2,0,-0.28487142956052036,0.026323703317716374,-0.06000000000000005,0.0068591439603377085,-0.31776893723842464,0.02068046196081477,-0.07597725000000069,0.01438587635956315,0,0,0,0,0,0,0,0
2.818453782749146,-0.026029181349860403,2.061,-0.00822050077689329,0.5036931457519531,0.007872891426086426,2.5,0,2,0,-0.3184537827491458,0.026029181349860403,-0.06099999999999994,0.00822050077689329,-0.29590878204077115,0.011446106798255789,-0.04398936376811534,0.01413944345756973,0,0,0,0,0,0,0,0
2.8435354378287503,-0.024530216472913223,2.055,-0.010314895879286466,0.37602728271484376,0.025576435089111327,2.5,0,2,0,-0.3435354378287503,0.024530216472913223,-0.05500000000000016,0.010314895879286466,-0.27338270363104145,0.004135171673945323,-0.0021667076923089917,0.019981334813408816,0,0,0,0,0,0,0,0
2.8566429068336996,-0.02113429662204616,2.051,-0.012583823906879118,0.19607615661621094,0.05296408462524414,2.5,0,2,0,-0.3566429068336996,0.02113429662204616,-0.051000000000000156,0.012583823906879118,-0.21679109490145135,-0.008049349648671445,-0.00972580000000011,0.023219424036219675,0,0,0,0,0,0,0,0
2.8582260990295714,-0.016436252846767446,2.043,-0.013753194505715324,0.022859235763549805,0.07076390838623046,2.5,0,2,0,-0.35822609902957137,0.016436252846767446,-0.04300000000000015,0.013753194505715324,-0.15492241452024702,-0.017916823208580963,0.018972744444444363,0.019321625928744875,0,0,0,0,0,0,0,0
2.8543223721681934,-0.010287527834930161,2.038,-0.013613568165555754,-0.059818794250488284,0.09141684722900391,2.5,0,2,0,-0.3543223721681934,0.010287527834930161,-0.03799999999999981,0.013613568165555754,-0.12338528071706759,-0.027992774919922494,0.005204376923078891,0.01296913890328082,0,0,0,0,0,0,0,0
2.8436381323594286,-0.003548749439267442,2.028,-0.01537635071007004,-0.16162478637695313,0.09889061737060546,2.5,0,2,0,-0.34363813235942864,0.003548749439267442,-0.028000000000000025,0.01537635071007004,-0.08175607126663609,-0.03453706795890912,0.03994545384615267,0.023512270146289815,0,0,0,0,0,0,0,0
2.827515238685525,0.002872514493969375,2.016,-0.016022122533307925,-0.24329579162597656,0.09258905029296875,2.5,0,2,0,-0.3275152386855251,-0.002872514493969375,-0.016000000000000014,0.016022122533307925,-0.04594111280916573,-0.035516023184004694,0.05923006363636367,0.018957449002571042,0,0,0,0,0,0,0,0
2.8115417681383605,0.008422708156252462,2.007,-0.014451326206513015,-0.24090513610839845,0.07940345001220703,2.5,0,2,0,-0.31154176813836054,-0.008422708156252462,-0.007000000000000117,0.014451326206513015,-0.03895239047162487,-0.033677366959592905,0.05047477272727208,0.00731134290289979,0,0,0,0,0,0,0,0
2.794171423990917,0.015275004010893455,2.004,-0.01382300767579514,-0.26201327514648437,0.09900846862792968,2.5,0,2,0,-0.294171423990917,-0.015275004010893455,-0.0040000000000000036,0.01382300767579514,-0.02016921690910123,-0.045153938665774364,0.021528150000000617,0.0108777645630551,0,0,0,0,0,0,0,0
2.7756407353402195,0.021673538104632566,1.998,-0.01244419756671955,-0.27926043701171877,0.09212671661376953,2.5,0,2,0,-0.2756407353402195,-0.021673538104632566,0.0020000000000000018,0.01244419756671955,-0.00629647742199195,-0.04534744567747768,0.042242592307692325,0.006080458601755289,0,0,0,0,0,0,0,0
2.753004286962642,0.026605901702435514,1.991,-0.011239920382843492,-0.34044110107421877,0.06975444793701172,2.5,0,2,0,-0.2530042869626419,-0.026605901702435514,0.008999999999999897,0.011239920382843492,0.026965230971163975,-0.039936157103598706,0.05328570769230704,0.005681717995723222,0,0,0,0,0,0,0,0
2.7299057788306236,0.028367942221976906,1.984,-0.00925024503556998,-0.3467528076171875,0.022534639358520507,2.5,0,2,0,-0.22990577883062358,-0.028367942221976906,0.016000000000000014,0.00925024503556998,0.04085306034330617,-0.023764646104405308,0.058989707692308324,0.00006712804815377227,0,0,0,0,0,0,0,0
2.707887215101754,0.027508969242029804,1.981,-0.008080874436733774,-0.3301451416015625,-0.0159391565322876,2.5,0,2,0,-0.20788721510175412,-0.027508969242029804,0.018999999999999906,0.008080874436733774,0.04236882336167115,-0.009378507850679898,0.03949634179104413,0.0028448866807507635,0,0,0,0,0,0,0,0
2.6886308848882323,0.0260496061897426,1.978,-0.007155849933176748,-0.28865863037109374,-0.024223825454711915,2.5,0,2,0,-0.18863088488823232,-0.0260496061897426,0.02200000000000002,0.007155849933176748,0.04383541547091807,-0.005044837347034901,0.04302996666666731,0.002750971344809958,0,0,0,0,0,0,0,0
2.6642083958678433,0.02372377018107604,1.985,-0.006003932626860496,-0.36607830810546876,-0.037508079528808594,2.5,0,2,0,-0.1642083958678433,-0.02372377018107604,0.014999999999999902,0.006003932626860496,0.07653719458295802,0.00014450281608223946,-0.015703364179105166,0.0008460939418623512,0,0,0,0,0,0,0,0
2.6399570917844994,0.020389298873674955,1.984,-0.003787364476827702,-0.36346270751953125,-0.05220020294189453,2.5,0,2,0,-0.13995709178449944,-0.020389298873674955,0.016000000000000014,0.003787364476827702,0.0957239742620736,0.008173844210653194,0.027320155555556187,-0.006767721951899888,0,0,0,0,0,0,0,0
2.6139997394318555,0.016499378789836983,1.989,-0.0017627825445142836,-0.38913650512695314,-0.05982302856445312,2.5,0,2,0,-0.11399973943185548,-0.016499378789836983,0.010999999999999899,0.0017627825445142836,0.10949491278814462,0.011903387122010146,-0.008281102985075312,-0.007302509689724903,0,0,0,0,0,0,0,0
2.5901369754311743,0.011393975270752879,1.993,0.0009075712110370743,-0.357805908203125,-0.07721190643310546,2.5,0,2,0,-0.09013697543117427,-0.011393975270752879,0.006999999999999895,-0.0009075712110370743,0.11426140260711268,0.02161883908125614,-0.006854661538461645,-0.01323228085204334,1427129295110,0,0,0,0,0,0,0
2.5679587743595835,0.004484823847210278,1.998,0.0014311699866353961,-0.3327669372558594,-0.1033353042602539,2.5,0,2,0,-0.06795877435958353,-0.004484823847210278,0.0020000000000000018,-0.0014311699866353961,0.11810224048006555,0.03536433201973404,-0.01664714999999942,-0.0038855392472525296,1427129295110,0,0,0,0,0,0,0
2.54754853355606,-0.004727954248058231,2.003,0.001570796326794856,-0.30635107421875,-0.13775337219238282,2.5,0,2,0,-0.047548533556060146,0.004727954248058231,-0.0030000000000001137,-0.001570796326794856,0.11689071385911061,0.05179663905696136,-0.02024597692307764,-0.0022152255890692868,1427129295110,0,0,0,0,0,0,0
2.531345202004205,-0.01677376730153403,2.004,0.0013439035240356296,-0.24333349609375,-0.18030519104003906,2.5,0,2,0,-0.031345202004204875,0.01677376730153403,-0.0040000000000000036,-0.0013439035240356296,0.10099715339689433,0.07210266125050797,0.0005476696969702738,-0.00031257260240278185,1427129295110,1,0,0,0,0,0,0
2.5213768589203287,-0.028577370167406118,2.006,0.0020420352248333735,-0.14976295471191406,-0.17685293579101563,2.5,0,2,0,-0.0213768589203287,0.028577370167406118,-0.005999999999999783,-0.0020420352248333735,0.07290288342720737,0.07673887578318939,-0.006394960606059265,-0.005215361137550391,1427129295110,1,0,0,0,0,0,0
2.5145875563989186,-0.03897985854319602,2.005,0.0010471975511965898,-0.102157958984375,-0.15582904052734375,2.5,0,2,0.0020420352248333735,-0.014587556398918622,0.03897985854319602,-0.004999999999999893,0.0009948376736367837,-0.007293778199459311,0.01948992927159801,-0.003999999999999915,0.0009948376736367837,1427129295110,1,0,0,0,0,0,0
2.5120117682596574,-0.04892375703279776,2.004,0.00024434609527918157,-0.03879299926757813,-0.14911793518066407,2.5,0,2,0.0020420352248333735,-0.01201176825965744,0.04892375703279776,-0.0040000000000000036,0.001797689129554192,0.008072769725069684,0.0788738845859094,0.0022431499999993943,0.005561055329167043,1427129295500,1,0,0,0,0,0,0
2.5125934196521684,-0.061322979495822875,2.002,0.0011868238913561053,0.008679325103759766,-0.18599046325683594,2.5,0,2,0.0020420352248333735,-0.012593419652168425,0.061322979495822875,-0.0019999999999997797,0.0008552113334772682,-0.009444552117141913,0.09749770492075839,0.009130630769232153,-0.0034946861868777636,1427129295565,1,0,0,0,0,0,0
2.5126409874149314,-0.076077571087197,2.001,0.0012740903539558718,0.0004508494734764099,-0.22131956481933593,2.5,0,2,0.0020420352248333735,-0.01264098741493136,0.076077571087197,-0.0009999999999998899,0.0007679448708775016,-0.006600717710930507,0.11760720798260833,0.004539515384614882,0.00036517658195550217,1427129295630,1,0,0,0,0,0,0
2.510073908961713,-0.0913869760283036,1.995,0.0024434609527920776,-0.03879872894287109,-0.22959182739257813,2.5,0,2,0.0020420352248333735,-0.010073908961712785,0.0913869760283036,0.004999999999999893,-0.0004014257279587041,0.008545601670623336,0.12706066330476062,0.03580608181818058,-0.0057167466317596385,1427129295696,0,0,0,0,0,0,0
2.5046844790649767,-0.10694541837331924,1.997,0.003228859116189477,-0.08141145324707032,-0.23317840576171875,2.5,0,2,0.0020420352248333735,-0.00468447906497671,0.10694541837331924,0.0029999999999998916,-0.0011868238913561036,0.026204240093583117,0.13623112135291238,-0.0081983606060607,-0.004756815543162464,0,0,0,0,0,0,0,0
2.5005635196748774,-0.11938336804097473,1.992,0.004171336912266456,-0.06241647338867187,-0.18636868286132813,2.5,0,2,0.0020420352248333735,-0.000563519674877444,0.11938336804097473,0.008000000000000007,-0.002129301687433083,0.022578273546673504,0.12911813686090204,0.03423587777777842,-0.006617291192561555,0,0,0,0,0,0,0,0
2.4955572390804064,-0.1310091015598951,1.985,0.004293509959906018,-0.07582097625732422,-0.17407124328613283,2.5,0,2,0.0020420352248333735,0.0044427609195936135,0.1310091015598951,0.014999999999999902,-0.002251474735072645,0.029146978313312265,0.12851654272392965,0.04984790769230704,-0.002815350339562932,0,0,0,0,0,0,0,0
2.491337708609479,-0.1397456691909311,1.978,0.004782202150464489,-0.06385503005981445,-0.13077555847167968,2.5,0,2,0.0020420352248333735,0.008662291390521215,0.1397456691909311,0.02200000000000002,-0.0027401669256311156,0.026681863104292297,0.1167072380095539,0.05502201212121275,-0.004961495064533255,0,0,0,0,0,0,0,0
2.486813463285646,-0.14758604797761746,1.977,0.00692895713041747,-0.0684253158569336,-0.11727980041503906,2.5,0,2,0.0020420352248333735,0.013186536714353991,0.14758604797761746,0.02299999999999991,-0.004886921905584096,0.03131809381252757,0.11726867107143624,0.024316749999999325,-0.014949835874113693,0,0,0,0,0,0,0,0
2.482659455977715,-0.1535691435206295,1.978,0.008342673824532855,-0.06293045806884766,-0.08931253814697265,2.5,0,2,0.0020420352248333735,0.01734054402228491,0.1535691435206295,0.02200000000000002,-0.006300638599699482,0.030364787192035992,0.10874101539663714,0.012971519402985665,-0.012630713349469865,0,0,0,0,0,0,0,0
2.4788415201370126,-0.15659514016592804,1.985,0.009651670763528688,-0.05764571380615234,-0.04491059875488281,2.5,0,2,0.0020420352248333735,0.021158479862987356,0.15659514016592804,0.014999999999999902,-0.007609635538695314,0.03146659499258251,0.0956476770457419,-0.02558985000000072,-0.013745558690238278,0,0,0,0,0,0,0,0
2.473985292587104,-0.16032902004902438,1.99,0.010646508437165416,-0.07338058471679687,-0.05530253982543945,2.5,0,2,0.0020420352248333735,0.0260147074128958,0.16032902004902438,0.010000000000000009,-0.008604473212332042,0.03918119927494368,0.10117591875917198,-0.018166676923076337,-0.013196031706040019,0,0,0,0,0,0,0,0
2.4680531700399833,-0.16453070276090512,1.994,0.012793263417118452,-0.08964778137207031,-0.0620743408203125,2.5,0,2,0.0020420352248333735,0.03194682996001674,0.16453070276090512,0.006000000000000005,-0.010751228192285078,0.047961306742199325,0.10590264338074597,-0.01594306153846155,-0.020659328099760628,0,0,0,0,0,0,0,0
2.4635001397882688,-0.16949099806459195,1.995,0.01394518072343465,-0.06924171447753906,-0.07352464294433594,2.5,0,2,0.0020420352248333735,0.03649986021173124,0.16949099806459195,0.004999999999999893,-0.011903145498601277,0.041755157973232745,0.11140453124976062,-0.0003176588235300733,-0.016985133614702153,0,1,0,0,0,0,0,0
2.4627106967969405,-0.1744524610737582,1.995,0.014608405839192543,-0.012878287315368652,-0.07424958038330078,2.5,0,2,0.0020420352248333735,0.037289303203059454,0.1744524610737582,0.004999999999999893,-0.01256637061435917,0.022926215983655858,0.11478025835347216,0.004862399999999913,-0.015581030231440501,0,1,0,0,0,0,0,0
2.462832330218578,-0.17800169850183067,1.999,0.01605702911834778,0.001046603798866272,-0.053259532928466795,2.5,0,2,0.0020420352248333735,0.03716766978142205,0.17800169850183067,0.0009999999999998899,-0.014014993893514406,0.01801536283913628,0.11039046717472582,-0.02091204516129043,-0.02102446137329781,0,1,0,0,0,0,0,0
2.462688275320277,-0.1812276748890897,1.998,0.01708677337702447,-0.002937505483627319,-0.04834871292114258,2.5,0,2,0.0020420352248333735,0.03731172467972321,0.1812276748890897,0.0020000000000000018,-0.015044738152191097,0.019585710300603295,0.10972548170898831,0.00795015000000061,-0.019871664364738084,0,1,0,0,0,0,0,0
2.465926703364789,-0.18146782446119444,2.011,0.01822123739082077,0.04850778198242187,-0.004431691646575928,2.5,0,2,0.0020420352248333735,0.03407329663521086,0.18146782446119444,-0.01100000000000012,-0.016179202165987394,0.00028436373545117494,0.09357959425970633,-0.07590274776119477,-0.021258891780000663,0,1,0,0,0,0,0,0
2.4715183908942873,-0.18150297113774683,2.012,0.02038544566329376,0.0838517837524414,-0.002055340051651001,2.5,0,2,0.0020420352248333735,0.028481609105712735,0.18150297113774683,-0.01200000000000001,-0.018343410438460384,-0.015684892254119696,0.0926498831744047,-0.014254915384614805,-0.028332064003720334,0,1,0,0,0,0,0,0
2.4744712314681756,-0.1800043312641292,2.01,0.021502456384570105,0.04474163055419922,0.021572065353393555,2.5,0,2,0.0020420352248333735,0.025528768531824397,0.1800043312641292,-0.009999999999999787,-0.01946042115973673,-0.002233310411472256,0.08412012726277687,0.002955817647060141,-0.024388409635955902,0,1,0,0,0,0,0,0
2.4785057575061678,-0.17973546187062925,2.007,0.02247984076568699,0.06059061431884766,0.0027309255599975587,2.5,0,2,0.0020420352248333735,0.02149424249383225,0.17973546187062925,-0.007000000000000117,-0.020437805540853615,-0.012187937702358355,0.09026622554117132,0.012232114754096367,-0.025244613972576005,0,1,0,0,0,0,0,0
2.4848713598892136,-0.17920951075699412,2.002,0.02408554367752175,0.09563724517822265,0.005740988254547119,2.5,0,2,0.0020420352248333735,0.015128640110786407,0.17920951075699412,-0.0019999999999997797,-0.022043508452688376,-0.02648830591178338,0.08883038494970373,0.025929076923078914,-0.02945444496884881,0,1,0,0,0,0,0,0
2.4908142830329147,-0.1775080027399215,2.003,0.02649409804527392,0.08973265838623047,0.02336834716796875,2.5,0,2,0.0020420352248333735,0.009185716967085256,0.1775080027399215,-0.0030000000000001137,-0.024452062820440545,-0.025322371137955445,0.08230331815333364,-0.006887163768117728,-0.034924038332406496,0,0,0,0,0,0,0,0
2.4960801501642425,-0.17365677048971076,2.001,0.02775073510670984,0.08049063110351562,0.055655738830566404,2.5,0,2,0.0020420352248333735,0.0039198498357575495,0.17365677048971076,-0.0009999999999998899,-0.02570869988187647,-0.026162163646791928,0.06838401227259445,0.01054803076923206,-0.03150856324234996,0,0,0,0,0,0,0,0
2.499516303622655,-0.16963834984654128,1.995,0.028920105705546047,0.05319495391845703,0.05882294845581055,2.5,0,2,0.0020420352248333735,0.00048369637734513304,0.16963834984654128,0.004999999999999893,-0.026878070480712675,-0.018615007914217295,0.06489451940690541,0.03794363333333204,-0.03244650190374222,0,0,0,0,0,0,0,0
2.5056401980506426,-0.16398526552220521,1.996,0.030787608005179996,0.09427198028564453,0.08210462188720703,2.5,0,2,0.0020420352248333735,-0.005640198050642642,0.16398526552220521,0.0040000000000000036,-0.028745572780346625,-0.034581485905813725,0.05497136898616825,-0.0013867805970143488,-0.03710752337572252,0,0,0,0,0,0,0,0
2.5132251266679253,-0.1548914377040883,1.996,0.03288200310757317,0.11791900634765624,0.13284049987792967,2.5,0,2,0.0020420352248333735,-0.013225126667925302,0.1548914377040883,0.0040000000000000036,-0.0308399678827398,-0.04920980193260007,0.028715400503982504,0.0038619000000000006,-0.04097413773302936,0,0,0,0,0,0,0,0
2.519296993711134,-0.14241036976445337,1.994,0.03319616237293211,0.09718370056152344,0.18412052917480468,2.5,0,2,0.0020420352248333735,-0.019296993711134025,0.14241036976445337,0.006000000000000005,-0.03115412714809874,-0.041639620976016596,0.007717500659837714,0.01610756060606062,-0.03258212380882118,0,0,0,0,0,0,0,0
2.523094190720987,-0.12734641776903982,1.998,0.03483677186980683,0.06442617797851563,0.22394435119628905,2.5,0,2,0.0020420352248333735,-0.02309419072098695,0.12734641776903982,0.0020000000000000018,-0.03279473664497346,-0.03211962598453082,-0.015926479607350663,-0.01956070000000002,-0.040485093661573726,0,0,0,0,0,0,0,0
2.5266453171612278,-0.11359502202817685,1.999,0.037035886727319674,0.06041893768310547,0.20429051208496093,2.5,0,2,0.0020420352248333735,-0.026645317161227755,0.11359502202817685,0.0009999999999998899,-0.0349938515024863,-0.03197858508883355,-0.01327028561108385,-0.003782130303030987,-0.044989828127544665,0,0,0,0,0,0,0,0
2.528933568705934,-0.09772674689995796,2.004,0.03701843343479972,0.043113655090332034,0.23658998107910156,2.5,0,2,0.0020420352248333735,-0.02893356870593422,0.09772674689995796,-0.0040000000000000036,-0.03497639820996635,-0.026823372857782954,-0.03499743934186625,-0.029848449999999423,-0.03489458590127907,1427129297453,0,0,0,0,0,0,0
2.5281888701674924,-0.08024281204203668,2.002,0.03679154063204044,-0.0014566241502761842,0.26249276733398436,2.5,0,2,0.0020420352248333735,-0.028188870167492386,0.08024281204203668,-0.0019999999999997797,-0.03474950540720707,-0.010006593691779673,-0.04962465327519645,0.009688160606061966,-0.033718174485573967,1427129297453,0,0,0,0,0,0,0
2.524914426867175,-0.06544785708380255,2.002,0.03710569989739943,-0.04092031478881836,0.223580810546875,2.5,0,2,0.0020420352248333735,-0.02491442686717482,0.06544785708380255,-0.0019999999999997797,-0.03506366467256606,0.005296892435876751,-0.04392689536224382,-0.000930899999999824,-0.03651363051268449,1427129297453,0,0,0,0,0,0,0
2.5214151870499815,-0.05449747013507646,1.997,0.03740240587023847,-0.04635903930664063,0.16608992004394532,2.5,0,2,0.0020420352248333735,-0.021415187049981466,0.05449747013507646,0.0029999999999998916,-0.0353603706454051,0.008243035256068279,-0.028665145429821886,0.030011676923075065,-0.03672978282773913,1427129297453,0,0,0,0,0,0,0
2.5178303747318136,-0.04766330285350552,2.003,0.03843215012891516,-0.0499012565612793,0.10445155334472657,2.5,0,2,0.0020420352248333735,-0.017830374731813592,0.04766330285350552,-0.0030000000000001137,-0.03639011490408179,0.010191981167631689,-0.009328945449270997,-0.033549381818181935,-0.041070770625339474,1427129297453,0,0,0,0,0,0,0
