0,0,0.741,0,-0.056387855529785154,-0.03134281921386719,0,0,2,0,0,0,1.259,0,0,0,1.0071999999999999,0,0,0,0,0,0,0,0,0
-0.003149836730957031,-0.0025377840677897135,0.742,0.0003490658503988997,-0.04724755096435547,-0.0380667610168457,0,0,2,0,0.003149836730957031,0.0025377840677897135,1.258,-0.0003490658503988997,0.01828067689158399,0.014728512785415954,1.0093997696969703,-0.0019357288067575347,0,0,0,0,0,0,0,0
-0.004994729059723801,-0.004919150501978997,0.745,-0.000872664625997166,-0.02768585205078125,-0.035710834503173826,0,0,2,0,0.004994729059723801,0.004919150501978997,1.255,0.000872664625997166,0.012286259868562075,0.015092955190930533,1.0046767090909086,0.006425984973252009,0,0,0,0,0,0,0,0
-0.006307231440670876,-0.007836394859541594,0.753,-0.0019198621771938096,-0.019649341583251954,-0.04377582931518555,0,0,2,0,0.006307231440670876,0.007836394859541594,1.2469999999999999,0.0019198621771938096,0.01034077515768363,0.019881814379717404,0.9784166,0.006828600698428076,0,0,0,0,0,0,0,0
-0.0058204283416214845,-0.011477754408021588,0.768,-0.002321287905152458,0.007406896591186524,-0.05460627365112305,0,0,2,0,0.0058204283416214845,0.011477754408021588,1.232,0.002321287905152458,0.00030216203435687707,0.025363595259563672,0.9374053692307698,0.004174022034192375,0,0,0,0,0,0,0,0
-0.004714608651420621,-0.014594187251443328,0.789,-0.0009424777960769792,0.016695762634277345,-0.046707862854003905,0,0,2,0,0.004714608651420621,0.014594187251443328,1.2109999999999999,0.0009424777960769792,-0.0035808495751665213,0.02410476949113583,0.8961691769230762,-0.00542126116888677,0,0,0,0,0,0,0,0
-0.0020113029859607926,-0.01674836260028447,0.816,-0.00013962634015957098,0.04058002090454101,-0.03227439880371094,0,0,2,0,0.0020113029859607926,0.01674836260028447,1.1840000000000002,0.00013962634015957098,-0.013533042620042294,0.020011357091966456,0.8499574846153863,-0.0035658419179207743,0,0,0,0,0,0,0,0
0.003957528467049866,-0.017618879344122484,0.841,0.0006457718232379395,0.08953429412841797,-0.013045249938964843,0,0,2,0,-0.003957528467049866,0.017618879344122484,1.159,-0.0006457718232379395,-0.0331443114293024,0.013406489916028807,0.8525103850746262,-0.00416248001755515,0,0,0,0,0,0,0,0
0.016251541126694555,-0.017300182418861103,0.872,0.0015358897417550033,0.18441323852539063,0.004661365985870362,0,0,2,0,-0.016251541126694555,0.017300182418861103,1.1280000000000001,-0.0015358897417550033,-0.07535413766364295,0.006967864232610994,0.7959953500000005,-0.00570831748480374,0,0,0,0,0,0,0,0
0.0328450722604056,-0.01741251608086789,0.909,0.0018500490071139963,0.24890008544921874,-0.0020672903060913084,0,0,2,0,-0.0328450722604056,0.01741251608086789,1.091,-0.0018500490071139963,-0.1057891538227107,0.009383096573742075,0.74378733076923,-0.003300014847232426,0,0,0,0,0,0,0,0
0.051502262215617066,-0.017194019340676707,0.949,0.0020245819323134184,0.27986343383789064,0.002759695053100586,0,0,2,0,-0.051502262215617066,0.017194019340676707,1.0510000000000002,-0.0020245819323134184,-0.12626323430960498,0.007503629842844219,0.7024649846153859,-0.002830118510156905,0,0,0,0,0,0,0,0
0.0688408965988861,-0.016346993341005586,0.989,0.0011519173063162527,0.2601047058105469,0.012178812026977539,0,0,2,0,-0.0688408965988861,0.016346993341005586,1.0110000000000001,-0.0011519173063162527,-0.12787738346587726,0.0037063540684037282,0.6770364846153847,0.002875765582901435,0,0,0,0,0,0,0,0
0.08478455135011628,-0.015273121235358834,1.032,0.0001570796326795245,0.2391732177734375,0.015832584381103517,0,0,2,0,-0.08478455135011628,0.015273121235358834,0.968,-0.0001570796326795245,-0.12583188774298132,0.002130780579442761,0.6398798343283574,0.004297417413455079,0,0,0,0,0,0,0,0
0.10260188670624637,-0.013518974232066105,1.074,-0.0010122909661566812,0.26726416015625,0.026270223617553712,0,0,2,0,-0.10260188670624637,0.013518974232066105,0.9259999999999999,0.0010122909661566812,-0.14895702465691862,-0.00272085254658856,0.6071455999999998,0.006493715648201396,0,0,0,0,0,0,0,0
0.11324890518534185,-0.011519538633198143,1.117,-0.0020245819323134184,0.15967483520507814,0.030153186798095703,0,0,2,0,-0.11324890518534185,0.011519538633198143,0.883,0.0020245819323134184,-0.11424569245882224,-0.004886282907865963,0.5766341384615389,0.006696694083806051,0,0,0,0,0,0,0,0
0.12090457144782676,-0.0097789282658142,1.158,-0.0028274333882308267,0.11478189849853515,0.026341594696044923,0,0,2,0,-0.12090457144782676,0.0097789282658142,0.8420000000000001,0.0028274333882308267,-0.10204483239514121,-0.004356557464809663,0.5600763692307698,0.006532901646311172,0,0,0,0,0,0,0,0
0.1296103001894613,-0.007603563906117546,1.195,-0.004502949470145401,0.13049314880371093,0.03299955749511719,0,0,2,0,-0.1296103001894613,0.007603563906117546,0.8049999999999999,0.004502949470145401,-0.11142716455447604,-0.007602727049246802,0.560346478787878,0.012118931660666191,0,0,0,0,0,0,0,0
0.13836037811998456,-0.004822535227351158,1.232,-0.0046774823953447675,0.13106199645996094,0.04230602264404297,0,0,2,0,-0.13836037811998456,0.004822535227351158,0.768,0.0046774823953447675,-0.11612870646188866,-0.01220191475287096,0.5358152787878792,0.005470813873523706,0,0,0,0,0,0,0,0
0.14673035218588348,-0.001675760615037249,1.263,-0.00411897703470665,0.12532745361328124,0.04778835678100586,0,0,2,0,-0.14673035218588348,0.001675760615037249,0.7370000000000001,0.00411897703470665,-0.1197789681736803,-0.0162352738762315,0.5424129500000006,0.0015009831567154748,0,0,0,0,0,0,0,0
0.15168197270903322,0.002062284405492747,1.296,-0.0034732052114687106,0.074042724609375,0.056376132965087894,0,0,2,0,-0.15168197270903322,-0.002062284405492747,0.704,0.0034732052114687106,-0.10324264809236063,-0.02102464793619913,0.5124278923076916,0.0004927198734474519,0,0,0,0,0,0,0,0
0.1545609014149772,0.006213658061829511,1.331,-0.0037699111843077504,0.04296739196777344,0.06242021560668945,0,0,2,0,-0.1545609014149772,-0.006213658061829511,0.669,0.0037699111843077504,-0.09362192878475978,-0.0253299893733749,0.478007161538462,0.00513932336664178,0,0,0,0,0,0,0,0
0.15977420492467248,0.01030286704283187,1.366,-0.004660029102824814,0.07796775817871093,0.061632503509521486,0,0,2,0,-0.15977420492467248,-0.01030286704283187,0.6339999999999999,0.004660029102824814,-0.10890214425454632,-0.02704655786026867,0.4541281615384608,0.008768265649826646,0,0,0,0,0,0,0,0
0.16367260818547646,0.014242523414620414,1.398,-0.005009094953223769,0.05820003128051758,0.059366703033447266,0,0,2,0,-0.16367260818547646,-0.014242523414620414,0.6020000000000001,0.005009094953223769,-0.10356108614885176,-0.027899085644724955,0.4512659303030314,0.006595757909582656,0,0,0,0,0,0,0,0
0.1663199439646635,0.017178137331398138,1.428,-0.004433136300065588,0.039488967895507814,0.04423256683349609,0,0,2,0,-0.1663199439646635,-0.017178137331398138,0.5720000000000001,0.004433136300065588,-0.09879546571953617,-0.02453990809526302,0.4365612,0.0017333301133866108,0,0,0,0,0,0,0,0
0.16858281425948435,0.018501506003391958,1.453,-0.004468042885105494,0.03385472106933594,0.02000080871582031,0,0,2,0,-0.16858281425948435,-0.018501506003391958,0.5469999999999999,0.004468042885105494,-0.0977435483566675,-0.016285311113519916,0.4495638153846147,0.004629150200674294,0,0,0,0,0,0,0,0
0.16870562192571367,0.020358473999916943,1.483,-0.004799655442984385,0.001717641830444336,0.027862472534179686,0,0,2,0,-0.16870562192571367,-0.020358473999916943,0.5169999999999999,0.004799655442984385,-0.0863911966900796,-0.020100255251973245,0.4020012384615383,0.006330174940886959,0,0,0,0,0,0,0,0
0.16697725974283217,0.02223362638592386,1.51,-0.004834562028024292,-0.026060134887695312,0.028002529144287108,0,0,2,0,-0.16697725974283217,-0.02223362638592386,0.49,0.004834562028024292,-0.07581039151070978,-0.020997437121358833,0.4019918818181824,0.004993228323660231,0,0,0,0,0,0,0,0
0.16520878536161093,0.02152172130901964,1.534,-0.004747295565424581,-0.026475179672241212,-0.010806697845458985,0,0,2,0,-0.16520878536161093,-0.02152172130901964,0.46599999999999997,0.004747295565424581,-0.074822475915121,-0.00693644479747221,0.4017765727272727,0.004350629826334985,0,0,0,0,0,0,0,0
0.16358144690623372,0.019584239815232964,1.557,-0.005078908123303471,-0.02427183532714844,-0.029177776336669924,0,0,2,0,-0.16358144690623372,-0.019584239815232964,0.44300000000000006,0.005078908123303471,-0.07459226486935726,0.0008401097593810601,0.3877032500000006,0.006633341988360767,0,0,0,0,0,0,0,0
0.1627437270109262,0.017139560330007145,1.578,-0.0052883476335427995,-0.012379392623901368,-0.03673353958129883,0,0,2,0,-0.1627437270109262,-0.017139560330007145,0.42199999999999993,0.0052883476335427995,-0.07866789608583355,0.004619365635234145,0.3863505769230762,0.006254991526955086,0,0,0,0,0,0,0,0
0.16166251406755863,0.014969574622842517,1.601,-0.004694935687864775,-0.016045833587646486,-0.03263509750366211,0,0,2,0,-0.16166251406755863,-0.014969574622842517,0.399,0.004694935687864775,-0.07692125383566255,0.004215507921905197,0.35977484615384675,0.0019561113231969674,0,0,0,0,0,0,0,0
0.16069781226055627,0.011434909792944483,1.623,-0.004031710572106881,-0.01422144317626953,-0.053087326049804685,0,0,2,0,-0.16069781226055627,-0.011434909792944483,0.377,0.004031710572106881,-0.07725103642123403,0.013035189577201445,0.3518425333333333,0.0010170509550255467,0,0,0,0,0,0,0,0
0.15781200164254425,0.0065531556364815755,1.647,-0.0033510321638290904,-0.04299158096313477,-0.07340023803710938,0,0,2,0,-0.15781200164254425,-0.0065531556364815755,0.353,0.0033510321638290904,-0.0657245887931094,0.02261539709237503,0.32436627272727264,0.00025703939893004235,0,0,0,0,0,0,0,0
0.15493747139690925,-0.0003432527585135311,1.672,-0.003473205211468708,-0.042771060943603514,-0.10359003448486329,0,0,2,0,-0.15493747139690925,0.0003432527585135311,0.32800000000000007,0.003473205211468708,-0.06396993752729385,0.03789046415810059,0.2970194500000006,0.004045891372279416,0,0,0,0,0,0,0,0
0.15324797039431165,-0.00935399085265464,1.699,-0.0024958208303518777,-0.024872920989990235,-0.13524827575683593,0,0,2,0,-0.15324797039431165,0.00935399085265464,0.30099999999999993,0.0024958208303518777,-0.0698475723966576,0.053206538857548,0.26871008461538387,-0.002015184005571954,0,0,0,0,0,0,0,0
0.15187834736847391,-0.017120695589340647,1.71,-0.0016755160819145161,-0.020253517150878905,-0.11655148315429688,0,0,2,0,-0.15187834736847391,0.017120695589340647,0.29000000000000004,0.0016755160819145161,-0.07098390168438906,0.0504023785224966,0.3479489307692314,-0.0021105058339502296,0,0,0,0,0,0,0,0
0.1502889525281509,-0.026115458286338,1.721,-0.001082104136236492,-0.023614826202392577,-0.13496119689941405,0,0,2,0,-0.1502889525281509,0.026115458286338,0.2789999999999999,0.001082104136236492,-0.0691035053899885,0.061529354705173255,0.34096243076923016,-0.0016567202284313107,0,0,0,0,0,0,0,0
0.14777564946032862,-0.03513401364605928,1.734,-0.0005410520681182724,-0.037553138732910156,-0.13531904602050782,0,0,2,0,-0.14777564946032862,0.03513401364605928,0.266,0.0005410520681182724,-0.06317454336479233,0.06545415559698209,0.3226094060606066,-0.0019182755142372714,0,0,0,0,0,0,0,0
0.14475247622605197,-0.04445579748862599,1.749,-0.0007504915783576012,-0.04527193832397461,-0.1398512725830078,0,0,2,0,-0.14475247622605197,0.04445579748862599,0.2509999999999999,0.0007504915783576012,-0.058550742036848825,0.07329633225553657,0.2991239499999993,0.001732239282604455,0,0,0,0,0,0,0,0
0.14309799730856845,-0.050175108472649534,1.765,-0.0004886921905584681,-0.02475279235839844,-0.08580826568603515,0,0,2,0,-0.14309799730856845,0.050175108472649534,0.2350000000000001,0.0004886921905584681,-0.06544076226870446,0.05600638609299177,0.2837288538461551,-0.0007196126762067617,0,0,0,0,0,0,0,0
0.14191807659237035,-0.05402706959690372,1.78,0.00012217304763962027,-0.017670572280883787,-0.05778805923461914,0,0,2,0,-0.14191807659237035,0.05402706959690372,0.21999999999999997,-0.00012217304763962027,-0.0674983620519273,0.04791252346698339,0.2785434692307686,-0.0029415510700923357,0,0,0,0,0,0,0,0
0.13913724183550671,-0.05603555436939466,1.793,0.00012217304763962027,-0.04171620178222656,-0.030122175216674804,0,0,2,0,-0.13913724183550671,0.05603555436939466,0.20700000000000007,-0.00012217304763962027,-0.057806343510805866,0.03886347580020761,0.2813395060606067,-0.00012217304763962027,0,0,0,0,0,0,0,0
0.13590565733659205,-0.05643270259140925,1.808,-0.0009250245035569678,-0.048474494934082034,-0.005951301097869873,0,0,2,0,-0.13590565733659205,0.05643270259140925,0.19199999999999995,0.0009250245035569678,-0.05388990945401097,0.030554328939368797,0.26000064545454477,0.005685013372632369,0,0,0,0,0,0,0,0
0.13333755161927582,-0.056184515176343854,1.822,-0.0009424777960769766,-0.038525012969970705,0.0036871762275695803,0,0,2,0,-0.13333755161927582,0.056184515176343854,0.17799999999999994,0.0009424777960769766,-0.05600145497367321,0.027024272337133705,0.25411848461538455,0.0010230314538616327,0,0,0,0,0,0,0,0
0.13089381428500668,-0.05482749733008827,1.837,-0.001326450231515672,-0.03667522811889649,0.02032071113586426,0,0,2,0,-0.13089381428500668,0.05482749733008827,0.16300000000000003,0.001326450231515672,-0.05532743135567633,0.02029605543901602,0.23651505000000062,0.003126321022634556,0,0,0,0,0,0,0,0
0.12964822945950114,-0.05178904842457011,1.852,-0.0007853981633974523,-0.018744211196899414,0.045551910400390624,0,0,2,0,-0.12964822945950114,0.05178904842457011,0.1479999999999999,0.0007853981633974523,-0.06144610362459597,0.009870806492422259,0.22673906923076853,-0.0017117652279174072,0,0,0,0,0,0,0,0
0.12940658169557093,-0.04689405986358621,1.871,0.00024434609527923794,-0.003682383060455322,0.07342195892333984,0,0,2,0,-0.12940658169557093,0.04689405986358621,0.129,-0.00024434609527923794,-0.06681520896767712,-0.0025429586401277335,0.19083910769230827,-0.004997011904556269,0,0,0,0,0,0,0,0
0.1298322505721986,-0.042699496194149714,1.88,-0.0008028514559174057,0.006400406837463379,0.0629168930053711,0,0,2,0,-0.1298322505721986,0.042699496194149714,0.1200000000000001,0.0008028514559174057,-0.07060845235104489,0.0001567599499272404,0.24043927058823594,0.005422840652373186,0,0,0,0,0,0,0,0
0.13068443939885038,-0.038447123177816546,1.887,-0.0015882496193148606,0.012731617927551269,0.06379583740234375,0,0,2,0,-0.13068443939885038,0.038447123177816546,0.11299999999999999,0.0015882496193148606,-0.07344903891866389,-0.002904848476716116,0.2447873878787873,0.005158241271121473,0,0,0,0,0,0,0,0
0.13045100157412787,-0.034882948893481106,1.893,-0.0014835298641951407,-0.003586474895477295,0.05345698547363281,0,0,2,0,-0.13045100157412787,0.034882948893481106,0.10699999999999998,0.0014835298641951407,-0.0676200123717206,-0.001605725683648286,0.2449809,0.0009926560120714538,0,0,0,0,0,0,0,0
0.1295839553734522,-0.02997380553862559,1.899,-0.001692969374434525,-0.013114921569824219,0.0736177749633789,0,0,2,0,-0.1295839553734522,0.02997380553862559,0.10099999999999998,0.001692969374434525,-0.06372781693013219,-0.01182285438421346,0.24029636666666662,0.0026903003755744496,0,0,0,0,0,0,0,0
0.1283739519591009,-0.02623988548913828,1.908,-0.002687807048071253,-0.01824484634399414,0.05597799301147461,0,0,2,0,-0.1283739519591009,0.02623988548913828,0.09200000000000008,0.002687807048071253,-0.06150777862846397,-0.0065054631886962005,0.2185661615384622,0.0072793655417792286,0,0,0,0,0,0,0,0
0.1279631604710704,-0.022498477015158287,1.916,-0.003857177646907459,-0.006312692642211914,0.05610436248779297,0,0,2,0,-0.1279631604710704,0.022498477015158287,0.08400000000000007,0.003857177646907459,-0.06575759551857603,-0.007800041235424127,0.21939945522388066,0.00909316540289047,0,0,0,0,0,0,0,0
0.12757132332967303,-0.017938849642888607,1.926,-0.005166174585903236,-0.006141322135925293,0.06837123107910156,0,0,2,0,-0.12757132332967303,0.017938849642888607,0.07400000000000007,0.005166174585903236,-0.06564638891153288,-0.015459165117156032,0.1989766,0.011302097737445938,0,0,0,0,0,0,0,0
0.12757997350180725,-0.014211781860605168,1.936,-0.006213372137099824,-0.00015906810760498046,0.05590594100952148,0,0,2,0,-0.12757997350180725,0.014211781860605168,0.06400000000000006,0.006213372137099824,-0.06792423941323587,-0.011847471993981232,0.1938540940298508,0.010902316396189023,0,0,0,0,0,0,0,0
0.127870079767958,-0.00956723415437046,1.947,-0.0068242373752978565,0.003918638229370117,0.06969390869140625,0,0,2,0,-0.127870079767958,0.00956723415437046,0.052999999999999936,0.0068242373752978565,-0.06971636470880754,-0.02049700423036648,0.1765156888888882,0.009733119461955155,0,0,0,0,0,0,0,0
0.1277083070674212,-0.005140918783396595,1.954,-0.006579891280018622,-0.0028796238899230957,0.06637662506103516,0,0,2,0,-0.1277083070674212,0.005140918783396595,0.04600000000000004,0.006579891280018622,-0.06723570350739645,-0.02073778334993458,0.19463349230769295,0.00545214007103754,0,0,0,0,0,0,0,0
0.12703238648849657,-0.001964975680406235,1.964,-0.008848819307611276,-0.01045204734802246,0.04757140350341797,0,0,2,0,-0.12703238648849657,0.001964975680406235,0.03600000000000003,0.008848819307611276,-0.06426824105265869,-0.015332574689633238,0.17153309696969699,0.01916212852394152,0,0,0,0,0,0,0,0
0.12749312050039743,0.00004418195401382531,1.971,-0.009093165402890457,0.006644062995910645,0.03019733810424805,0,0,2,0,-0.12749312050039743,-0.00004418195401382531,0.028999999999999915,0.009093165402890457,-0.07068427009579129,-0.010482640080670572,0.18086774999999933,0.010238537724511622,0,0,0,0,0,0,0,0
0.1276215673858008,0.00116151873200871,1.974,-0.009808750396208099,0.001774223804473877,0.016776878356933592,0,0,2,0,-0.1276215673858008,-0.00116151873200871,0.026000000000000023,0.009808750396208099,-0.06899424237100868,-0.00597976505119355,0.20101150909090976,0.013061409456742834,0,0,0,0,0,0,0,0
0.1264618366570424,0.00234149851614099,1.981,-0.010646508437165414,-0.01756873321533203,0.017528215408325196,0,0,2,0,-0.1264618366570424,-0.00234149851614099,0.018999999999999906,0.010646508437165414,-0.06157071555074889,-0.006999743424071884,0.17375179230769167,0.01451308401081456,0,0,0,0,0,0,0,0
0.12602549866379173,0.002067460097313733,1.992,-0.011501719770642627,-0.006500936508178711,-0.004180024147033692,0,0,2,0,-0.12602549866379173,-0.002067460097313733,0.008000000000000007,0.011501719770642627,-0.0653296547809891,0.0009652607214452298,0.14346533076923143,0.015448849002075916,0,0,0,0,0,0,0,0
0.12439466353412262,0.0013551091836119938,2,-0.01279326341711845,-0.0243380126953125,-0.010965911865234376,0,0,2,0,-0.12439466353412262,-0.0013551091836119938,0,0.01279326341711845,-0.05829748185355513,0.0036225688019936404,0.15387185757575764,0.01866391635564492,0,0,0,0,0,0,0,0
0.12147238045075451,0.0011604057643004005,2.01,-0.013142329267517294,-0.04379329681396484,-0.0034810800552368165,0,0,2,0,-0.12147238045075451,-0.0011604057643004005,-0.009999999999999787,0.013142329267517294,-0.049581215135071785,0.0010063436945689135,0.1335446000000014,0.014778575441261876,0,0,0,0,0,0,0,0
0.11953376185399078,-0.0002924508874022952,2.014,-0.012234758056480222,-0.028790367126464843,-0.022173126220703124,0,0,2,0,-0.11953376185399078,0.0002924508874022952,-0.01399999999999979,0.012234758056480222,-0.05423212287302896,0.008491252067535928,0.16340263846153869,0.008045967851693734,0,0,0,0,0,0,0,0
0.11680543843611746,-0.0012846859576896498,2.025,-0.011327186845443205,-0.040739696502685545,-0.015383105278015136,0,0,2,0,-0.11680543843611746,0.0012846859576896498,-0.02499999999999991,0.011327186845443205,-0.04869162797002409,0.00650793459477719,0.11674783076923029,0.007138396640656972,0,0,0,0,0,0,0,0
0.11343723173700541,-0.002209777979286631,2.029,-0.012845623294678254,-0.050362682342529295,-0.014447762489318847,0,0,2,0,-0.11343723173700541,0.002209777979286631,-0.028999999999999915,0.012845623294678254,-0.04363573346058093,0.006610377468314051,0.15105163846153857,0.019853791521916946,0,0,0,0,0,0,0,0
0.11061596881916999,-0.003822398814093784,2.037,-0.014625859131712493,-0.04200473403930664,-0.024730915069580077,0,0,2,0,-0.11061596881916999,0.003822398814093784,-0.03699999999999992,0.014625859131712493,-0.045915612276322425,0.01073827668203668,0.12476202941176483,0.022479840765687074,0,0,0,0,0,0,0,0
0.10822636514717876,-0.005618616494203212,2.041,-0.014765485471872009,-0.0354461669921875,-0.027464614868164063,0,0,2,0,-0.10822636514717876,0.005618616494203212,-0.040999999999999925,0.014765485471872009,-0.04624313642756011,0.013162792577944598,0.14060110000000015,0.015419983941369737,0,0,0,0,0,0,0,0
0.1071232384667283,-0.008817780514013551,2.046,-0.015149457907310815,-0.01583656406402588,-0.048226543426513675,0,0,2,0,-0.1071232384667283,0.008817780514013551,-0.04599999999999982,0.015149457907310815,-0.052795553007442195,0.022440380762618093,0.1308379500000008,0.01694932869843022,0,0,0,0,0,0,0,0
0.10605307248688092,-0.011897732063242272,2.052,-0.01583013631558855,-0.015350780487060546,-0.04643714904785156,0,0,2,0,-0.10605307248688092,0.011897732063242272,-0.052000000000000046,0.01583013631558855,-0.0525996963491702,0.023077016325582726,0.12073600769230652,0.018971728969178096,0,0,0,0,0,0,0,0
0.10327180914992948,-0.016031464809358312,2.056,-0.016388641676226723,-0.04073220062255859,-0.06265861129760743,0,0,2,0,-0.10327180914992948,0.016031464809358312,-0.05600000000000005,0.016388641676226723,-0.042511701410913504,0.030164395569896862,0.12857297761194034,0.01888941194774093,0,0,0,0,0,0,0,0
0.09910589280645049,-0.01926103004736006,2.062,-0.017872171540421977,-0.06168646621704101,-0.04946103286743164,0,0,2,0,-0.09910589280645049,0.01926103004736006,-0.06199999999999983,0.017872171540421977,-0.03223880358825907,0.027859063857769296,0.11145920000000141,0.024826217778837232,1427288513629,0,0,0,0,0,0,0
0.0952062743717946,-0.023122537212972458,2.068,-0.019024088846738178,-0.05744978713989258,-0.05895872116088867,0,0,2,0,-0.0952062743717946,0.023122537212972458,-0.06800000000000006,0.019024088846738178,-0.03213528803529564,0.03293589308620094,0.1067220076923065,0.024340630260505255,1427288513629,0,0,0,0,0,0,0
0.0929446993459739,-0.026928913029334492,2.074,-0.02001892652037496,-0.03283135986328125,-0.05773063278198242,0,0,2,0,-0.0929446993459739,0.026928913029334492,-0.07399999999999984,0.02001892652037496,-0.0398851483168419,0.03455972367650291,0.10144100769230908,0.024610485014083194,1427288513629,0,0,0,0,0,0,0
0.09138308692765662,-0.02995808769803965,2.079,-0.021048670779051596,-0.022509941101074217,-0.045897411346435546,0,0,2,0,-0.09138308692765662,0.02995808769803965,-0.07900000000000018,0.021048670779051596,-0.042932770539204745,0.031908854511245276,0.1023121230769212,0.025801336588328373,1427288513629,0,0,0,0,0,0,0
0.0895822331707113,-0.03104052878652586,2.08,-0.022584560520806655,-0.026665088653564453,-0.01680156135559082,0,0,2,0,-0.0895822331707113,0.03104052878652586,-0.08000000000000007,0.022584560520806655,-0.04095016814269539,0.02189983917417794,0.12260416969697031,0.029565877528784194,1427288513629,0,0,0,0,0,0,0
0.0883182819423147,-0.03173275846700395,2.081,-0.023736477827122963,-0.018719947814941407,-0.010808947563171387,0,0,2,-0.022584560520806655,-0.0883182819423147,0.03173275846700395,-0.08099999999999996,0.001151917306316308,-0.04415914097115735,0.015866379233501975,-0.06479999999999997,0.001151917306316308,1427288513629,0,0,0,0,0,0,0
0.08752993110201178,-0.03145425239607508,2.085,-0.02825688058978815,-0.011921083450317383,0.0038957505226135253,0,0,2,-0.022584560520806655,-0.08752993110201178,0.03145425239607508,-0.08499999999999996,0.005672320068981496,-0.039576893943052645,0.014247923387862602,-0.09009096153846152,0.026535717435128513,1427288514019,0,0,0,0,0,0,0
0.08649825275626107,-0.030858911505497213,2.09,-0.0320267917740959,-0.015721301078796386,0.008489326477050781,0,0,2,-0.022584560520806655,-0.08649825275626107,0.030858911505497213,-0.08999999999999986,0.009442231253289243,-0.03789208814966977,0.01231315711503222,-0.09966165151515083,0.02657819118196082,1427288514085,0,0,0,0,0,0,0
0.08720044413590616,-0.032350210469988476,2.088,-0.03319616237293216,0.011243769645690918,-0.02202073669433594,0,0,2,-0.022584560520806655,-0.08720044413590616,0.032350210469988476,-0.08800000000000008,0.010611601852125504,-0.047551916164458155,0.024267016364711454,-0.06134926923077048,0.016008696923677478,1427288514150,0,0,0,0,0,0,0
0.08969424899001543,-0.03395903766747764,2.086,-0.03625048856392227,0.03818741989135742,-0.022877569198608397,0,0,2,-0.022584560520806655,-0.08969424899001543,0.03395903766747764,-0.08599999999999985,0.013665928043115613,-0.05830170900125044,0.02559543096168028,-0.0604800393939381,0.02754922891125247,1427288514216,0,0,0,0,0,0,0
0.09366431809864341,-0.03503651620640088,2.081,-0.040491638646268424,0.060097671508789065,-0.013993278503417968,0,0,2,-0.022584560520806655,-0.09366431809864341,0.03503651620640088,-0.08099999999999996,0.01790707812546177,-0.06883328144577126,0.023517394980626105,-0.04026075000000055,0.037787469136459376,1427288514280,0,0,0,0,0,0,0
0.09599187724649587,-0.0350582214493104,2.08,-0.04375540434749786,0.03489794921875,0.0010880022048950196,0,0,2,-0.022584560520806655,-0.09599187724649587,0.0350582214493104,-0.08000000000000007,0.021170843826691207,-0.06069221691402792,0.017774028829384777,-0.06202946969697034,0.03600614246864319,1427288514346,0,0,0,0,0,0,0
0.0994113373117207,-0.03529425363583244,2.076,-0.047019170048727243,0.05139767456054688,-0.0012935123443603516,0,0,2,-0.022584560520806655,-0.0994113373117207,0.03529425363583244,-0.07600000000000007,0.02443460952792059,-0.06882262574106111,0.019090330704131294,-0.04274390000000003,0.039733511252433316,1427288514410,0,0,0,0,0,0,0
0.10113013178026721,-0.034589991896947885,2.074,-0.05063200160035553,0.02525689888000488,0.01176404857635498,0,0,2,-0.022584560520806655,-0.10113013178026721,0.034589991896947885,-0.07399999999999984,0.028047441079548877,-0.06030263246762069,0.01367770371538588,-0.0527306692307679,0.04472204824091021,0,0,0,0,0,0,0,0
0.10075478473477725,-0.033475048843824844,2.071,-0.054035393641744436,-0.006469405651092529,0.016417766571044923,0,0,2,-0.022584560520806655,-0.10075478473477725,0.033475048843824844,-0.07100000000000017,0.031450833120937785,-0.048966649364238744,0.011110509683557446,-0.045903958208957096,0.04668990196297767,0,0,0,0,0,0,0,0
0.10068677528965464,-0.03325526960597203,2.064,-0.05677556056737555,-0.0011967039108276368,0.0032367799282073976,0,0,2,-0.022584560520806655,-0.10068677528965464,0.03325526960597203,-0.06400000000000006,0.0341910000465689,-0.0506055997084136,0.015699129981007053,-0.019837235820894965,0.046460404191185835,0,0,0,0,0,0,0,0
0.10132287849288613,-0.03297011250640236,2.062,-0.057944931166211765,0.00928345489501953,0.0048119001388549805,0,0,2,-0.022584560520806655,-0.10132287849288613,0.03297011250640236,-0.06199999999999983,0.035360370645405106,-0.05493264989501729,0.01511533557707083,-0.04389847741935344,0.04101861547848352,0,0,0,0,0,0,0,0
0.10140259198061104,-0.0328884425098422,2.055,-0.0586081562819696,0.0011227498054504396,0.001292240023612976,0,0,2,-0.022584560520806655,-0.10140259198061104,0.0328884425098422,-0.05500000000000016,0.036023595761162944,-0.05186084523224278,0.016286262263436234,-0.013933388235295933,0.03894958891891811,0,0,0,0,0,0,0,0
0.10184276061021581,-0.032832773370316495,2.044,-0.060440751996563645,0.006542281150817871,0.0012203439474105834,0,0,2,-0.022584560520806655,-0.10184276061021581,0.032832773370316495,-0.04400000000000004,0.03785619147575699,-0.05421860495733391,0.016384883018059487,0.020661174193549035,0.04672359009476042,0,0,0,0,0,0,0,0
0.10073523487580865,-0.03305925208649856,2.038,-0.06213372137099817,-0.016377347946166992,-0.004394461631774902,0,0,2,-0.022584560520806655,-0.10073523487580865,0.03305925208649856,-0.03799999999999981,0.039549160850191514,-0.045461929593773646,0.018017631117664905,-0.005546916417909116,0.047129620735719246,0,0,0,0,0,0,0,0
0.09880407096438984,-0.03316670381710615,2.035,-0.06347762489503381,-0.028811479568481447,-0.0034073638916015626,0,0,2,-0.022584560520806655,-0.09880407096438984,0.03316670381710615,-0.03500000000000014,0.040893064374227156,-0.039615488000664875,0.017506108294204178,-0.018044033333335284,0.04729260496487307,1427288514931,0,0,0,0,0,0,0
0.09550205676326869,-0.0333445443063327,2.028,-0.06366961111275313,-0.04926123809814453,-0.005804183959960937,0,0,2,-0.022584560520806655,-0.09550205676326869,0.0333445443063327,-0.028000000000000025,0.041085050591946476,-0.031245519284757377,0.01796317538260269,0.007825712121212712,0.041957715217943385,1427288514931,0,0,0,0,0,0,0
0.09218702201636159,-0.03413620545050789,2.025,-0.06695083010650252,-0.048869205474853517,-0.015014721870422363,0,0,2,-0.022584560520806655,-0.09218702201636159,0.03413620545050789,-0.02499999999999991,0.04436626958569587,-0.0293084177464658,0.02170089176108696,-0.010904153846153168,0.05951035724915459,1427288514931,0,0,0,0,0,0,0
0.08907649188445964,-0.0346889361910854,2.018,-0.0686961593584968,-0.045998748779296876,-0.011393841743469238,0,0,2,-0.022584560520806655,-0.08907649188445964,0.0346889361910854,-0.017999999999999794,0.04611159883769014,-0.028912231096421312,0.02071325661283548,0.01611730769230848,0.05416696461612527,1427288514931,0,0,0,0,0,0,0
0.0847237404603671,-0.03390314269781827,2.018,-0.06928957130417494,-0.06594635009765625,0.007277368545532226,0,0,2,-0.022584560520806655,-0.0847237404603671,0.03390314269781827,-0.017999999999999794,0.04670501078336829,-0.02080337498508633,0.013261941139807209,-0.021695599999999836,0.04936207919685254,1427288514931,0,0,0,0,0,0,0
0.08002266623498722,-0.0315635693886598,2.018,-0.06946410422937437,-0.07277658081054687,0.030127267837524414,0,0,2,-0.022584560520806655,-0.08002266623498722,0.0315635693886598,-0.017999999999999794,0.046879543708567714,-0.01592962971519588,0.003619859754139086,-0.021812599999999835,0.0476850802864112,1427288515259,0,0,0,0,0,0,0
0.07560938662064164,-0.029475812458866678,2.016,-0.07042403531797126,-0.06821315765380859,0.026646059036254884,0,0,2,-0.022584560520806655,-0.07560938662064164,0.029475812458866678,-0.016000000000000014,0.047839474797164605,-0.014949733622707264,0.0037751275333403177,-0.009377500000001215,0.05233915177496253,1427288515323,0,0,0,0,0,0,0
0.0703644787851802,-0.02774942225978122,2.015,-0.0717155789644471,-0.08030078887939453,0.02029572868347168,0,0,2,-0.022584560520806655,-0.0703644787851802,0.02774942225978122,-0.015000000000000124,0.04913101844364044,-0.008266328085423925,0.0050514430422278,-0.014227884615385308,0.05509198911968277,1427288515388,0,0,0,0,0,0,0
0.06547085805245857,-0.02636385064927276,2.015,-0.07323401541368214,-0.0747048568725586,0.015470429420471192,0,0,2,-0.022584560520806655,-0.06547085805245857,0.02636385064927276,-0.015000000000000124,0.05064945489287549,-0.007753619714626868,0.006210970755310211,-0.0197100000000001,0.05765762312011419,1427288515453,0,0,0,0,0,0,0
0.06141587321350866,-0.025267145620450546,2.013,-0.07426375967235885,-0.06186540222167969,0.011956019401550293,0,0,2,-0.022584560520806655,-0.06141587321350866,0.025267145620450546,-0.0129999999999999,0.051679199151552196,-0.010613219776078705,0.007324204766108832,-0.007589739393938127,0.05635985487280994,1427288515519,0,0,0,0,0,0,0
0.05849923095504786,-0.02530145253604126,2.01,-0.07576474282907394,-0.04359086608886719,-0.0037592120170593262,0,0,2,-0.022584560520806655,-0.05849923095504786,0.02530145253604126,-0.009999999999999787,0.05318018230826729,-0.014745658282981886,0.013361027099493892,0.0005464500000007949,0.06021604085536931,1427288515583,0,0,0,0,0,0,0
0.0564871057541284,-0.02548356364153748,2.014,-0.07761479183618794,-0.029888526916503906,-0.005008365154266357,0,0,2,-0.022584560520806655,-0.0564871057541284,0.02548356364153748,-0.01399999999999979,0.05503023131538129,-0.018892179339576598,0.014261629284336563,-0.040689261538461384,0.06356891904052281,1427288515648,0,0,0,0,0,0,0
0.05470033879889412,-0.025189455458682647,2.016,-0.07949974742834179,-0.027062881469726564,0.0023202362060546875,0,0,2,-0.022584560520806655,-0.05470033879889412,0.025189455458682647,-0.016000000000000014,0.05691518690753514,-0.01924781855894507,0.011566690632451611,-0.03162403076923198,0.0656149819482452,1427288515713,0,0,0,0,0,0,0
0.05497469247284807,-0.026022423218246563,2.019,-0.08201302155121362,0.0050945720672607425,-0.0121282320022583,0,0,2,-0.022584560520806655,-0.05497469247284807,0.026022423218246563,-0.019000000000000128,0.05942846103040697,-0.030519070795504512,0.018068959546503307,-0.03953214615384686,0.07102818775135389,1427288515778,0,0,0,0,0,0,0
0.0568342067383742,-0.026368535378988575,2.019,-0.08313003227249002,0.02822426986694336,-0.0028892300128936766,0,0,2,-0.022584560520806655,-0.0568342067383742,0.026368535378988575,-0.019000000000000128,0.06054547175168337,-0.03972349832473848,0.015582520133432878,-0.0235056000000001,0.06554701229471203,1427288515845,0,0,0,0,0,0,0
0.060433875329513394,-0.027216162872395436,2.019,-0.0840899633610869,0.05486429977416992,-0.008187065124511719,2.5,0,2,0,2.4395661246704865,0.027216162872395436,-0.019000000000000128,0.0840899633610869,1.2197830623352433,0.013608081436197718,-0.015200000000000102,0.0840899633610869,0,0,0,0,0,0,0,0
0.06560782097988296,-0.027697356469788402,2.019,-0.08415977653116671,0.07794119262695312,-0.0006739346385002136,2.5,0,2,0,2.434392179020117,0.027697356469788402,-0.019000000000000128,0.08415977653116671,1.1913651977780697,0.016418742718763327,-0.015325400000000104,0.0844771091224386,0,0,0,0,0,0,0,0
0.06881810133274353,-0.027226299886858513,2.02,-0.08307767239493016,0.04738981246948242,0.011088705062866211,2.5,0,2,0,2.4311818986672566,0.027226299886858513,-0.020000000000000018,0.08307767239493016,1.2011973839072245,0.011072764342729075,-0.021722149999999413,0.07800530925632133,0,0,0,0,0,0,0,0
0.0732883667891322,-0.02204635899360128,2.02,-0.08326965861264954,0.06037507629394531,0.08299541473388672,2.5,0,2,0,2.426711633210868,0.02204635899360128,-0.020000000000000018,0.08326965861264954,1.1944141483588337,-0.016395948343914894,-0.016385400000000015,0.0841423232386467,0,0,0,0,0,0,0,0
0.08191897834721643,-0.014794498324472086,2.017,-0.08442157591896579,0.11996317291259766,0.11916857147216797,2.5,0,2,0,2.4180810216527835,0.014794498324472086,-0.016999999999999904,0.08442157591896579,1.1696323346056974,-0.030999567666482097,0.0018114909090915857,0.08965756367494876,0,0,0,0,0,0,0,0
0.09621583645343912,-0.006872029147693734,2.016,-0.08618435846348013,0.2036686248779297,0.13649676513671874,2.5,0,2,0,2.403784163546561,0.006872029147693734,-0.016000000000000014,0.08618435846348013,1.1303396947228121,-0.04051335364353113,-0.007842844444445071,0.09457856105640557,0,0,0,0,0,0,0,0
0.11536702838236493,0.0006514940653354444,2.014,-0.08733627576979633,0.276487548828125,0.13716134643554687,2.5,0,2,0,2.384632971617635,-0.0006514940653354444,-0.01399999999999979,0.08733627576979633,1.100205594860386,-0.04015929917160586,-0.001284739393938042,0.09257226352577905,0,0,0,0,0,0,0,0
0.14029708486764525,0.006754873856288222,2.016,-0.08702211650443734,0.3645400390625,0.12381973266601562,2.5,0,2,0,2.3597029151323548,-0.006754873856288222,-0.016000000000000014,0.08702211650443734,1.0565949589608548,-0.03618226087135815,-0.024364030769231985,0.0855721506643189,0,0,0,0,0,0,0,0
0.17687566925107376,0.011308106837406,2.01,-0.0860447321233205,0.5406665649414063,0.11572699737548828,2.5,0,2,0,2.3231243307489264,-0.011308106837406,-0.009999999999999787,0.0860447321233205,0.9770928550556383,-0.030119283270711353,0.023447892307693702,0.08153372728739668,0,0,0,0,0,0,0,0
0.22002486787299724,0.013990013267590275,2.008,-0.08545132017764248,0.6413862915039062,0.0957024917602539,2.5,0,2,0,2.279975132127003,-0.013990013267590275,-0.008000000000000007,0.08545132017764248,0.9286011858438527,-0.020962160398477016,0.0031343611940286946,0.08279425176415879,0,0,0,0,0,0,0,0
0.2702477503731675,0.014966939031377484,2.014,-0.08279841971461108,0.7493438110351562,0.07889627838134766,2.5,0,2,0,2.2297522496268325,-0.014966939031377484,-0.01399999999999979,0.08279841971461108,0.8556666588185304,-0.012792805928412806,-0.04501549999999865,0.07036294879415136,0,0,0,0,0,0,0,0
0.326942542456984,0.014084242263242463,2.009,-0.07887142889762386,0.848603515625,0.05713806915283203,2.5,0,2,0,2.173057457543016,-0.014084242263242463,-0.008999999999999897,0.07887142889762386,0.8027556689269262,-0.002337222663720805,0.01825275151515103,0.06102147063859104,0,0,0,0,0,0,0,0
0.3902690654481413,0.012813728319627161,2.004,-0.0750666111282762,0.9484464111328125,0.05584368515014648,2.5,0,2,0,2.109730934551859,-0.012813728319627161,-0.0040000000000000036,0.0750666111282762,0.7267799130660525,0.0005569889413015328,0.023055749999999417,0.05723152783445906,0,0,0,0,0,0,0,0
0.45416726566553145,0.009756959012491356,1.994,-0.07073819458333028,0.9592124633789062,0.026159353256225586,2.5,0,2,0,2.0458327343344687,-0.009756959012491356,0.006000000000000005,0.07073819458333028,0.6984102949027713,0.011590435480788704,0.057597153846153895,0.050760887452810634,0,0,0,0,0,0,0,0
0.5242378872325594,0.00557132488579289,1.99,-0.06630505828326469,1.0528682861328125,0.011660553932189942,2.5,0,2,0,1.9757621127674407,-0.00557132488579289,0.010000000000000009,0.06630505828326469,0.6427254162498321,0.019085245618704512,0.027913522388059726,0.046455194253120266,0,0,0,0,0,0,0,0
0.6052692900526854,0.003080684405270625,1.988,-0.06281439977927597,1.2152755126953125,0.04325532531738281,2.5,0,2,0,1.8947307099473147,-0.003080684405270625,0.01200000000000001,0.06281439977927597,0.5192694954999977,0.012300263685583727,0.019804711111111133,0.046192216426948735,0,0,0,0,0,0,0,0
0.6931768155764918,0.0012353807100698908,1.988,-0.060231312486324434,1.3177498779296875,0.05514845275878906,2.5,0,2,0,1.806823184423508,-0.0012353807100698908,0.01200000000000001,0.060231312486324434,0.4533164135608218,0.009321471643731013,0.008771600000000013,0.04830937113424042,0,0,0,0,0,0,0,0
0.7869311675425807,-0.00042035672947911273,1.988,-0.056723200689815824,1.4052601318359375,0.059861984252929684,2.5,0,2,0,1.7130688324574193,0.00042035672947911273,0.01200000000000001,0.056723200689815824,0.3760698207065861,0.009128872218793434,0.008849600000000013,0.040531915475160704,0,0,0,0,0,0,0,0
0.8836900165716567,-0.0014592318708776574,1.99,-0.0524645973149496,1.449931884765625,0.06672486877441407,2.5,0,2,0,1.6163099834283434,0.0014592318708776574,0.010000000000000009,0.0524645973149496,0.3204731782648351,0.00624294994854961,-0.003290460606060602,0.03310730924737587,0,0,0,0,0,0,0,0
0.9886181439647546,-0.0003537864400663419,1.992,-0.05019566928735706,1.57088671875,0.09909616851806641,2.5,0,2,0,1.5113818560352454,0.0003537864400663419,0.008000000000000007,0.05019566928735706,0.2575415533895443,-0.005345938626305951,-0.004228399999999997,0.04047169202624616,0,0,0,0,0,0,0,0
1.097020539631579,0.005610043521164928,1.99,-0.04855505979048234,1.6194993896484375,0.1709304656982422,2.5,0,2,0,1.402979460368421,-0.005610043521164928,0.010000000000000009,0.04855505979048234,0.09647547214136643,-0.03759300058616012,0.01909826666666669,0.04035201230610872,0,0,0,0,0,0,0,0
1.2107019539597539,0.014790740634025343,1.988,-0.0463908515180094,1.696527587890625,0.220312744140625,2.5,0,2,0,1.2892980460402461,-0.014790740634025343,0.01200000000000001,0.0463908515180094,0.06068942422735579,-0.056838477932222256,0.01987883076923079,0.03640219795274971,0,0,0,0,0,0,0,0
1.3289097347505674,0.022657738512415357,1.985,-0.044017203735297085,1.7657366943359376,0.2001049041748047,2.5,0,2,0,1.1710902652494326,-0.022657738512415357,0.014999999999999902,0.044017203735297085,-0.02202599998677035,-0.053712939292763565,0.027760946153845494,0.03306190627662485,0,0,0,0,0,0,0,0
1.4563320934747022,0.030296309118116732,1.985,-0.040753438034067696,1.9044422607421876,0.19857205200195313,2.5,0,2,0,1.0436679065252978,-0.030296309118116732,0.014999999999999902,0.040753438034067696,-0.13467575331209536,-0.056321924189756054,0.011704599999999926,0.025689904028393593,0,0,0,0,0,0,0,0
1.5947424639687273,0.03986538471917228,1.984,-0.037035886727319695,2.068583740234375,0.22800401306152343,2.5,0,2,0,0.9052575360312727,-0.03986538471917228,0.016000000000000014,0.037035886727319695,-0.24019327172939553,-0.0699901153618382,0.017835680597015527,0.020390134607552526,0,0,0,0,0,0,0,0
1.7407053034440825,0.04602155948113385,1.985,-0.03572688978832403,2.18452197265625,0.17334870910644531,2.5,0,2,0,0.7592946965559175,-0.04602155948113385,0.014999999999999902,0.03572688978832403,-0.3755956520860699,-0.05625904172639794,0.006524684615383938,0.02968536545449788,0,0,0,0,0,0,0,0
1.8857778372321332,0.05220520818280014,1.989,-0.03602359576116307,2.17138623046875,0.1704238586425781,2.5,0,2,0,0.6142221627678668,-0.05220520818280014,0.010999999999999899,0.03602359576116307,-0.4551504849281833,-0.06005247291406636,-0.013095300000000098,0.03741440500884607,0,0,0,0,0,0,0,0
2.0253180677697538,0.05734371686814281,1.993,-0.0351683844276858,2.088969482421875,0.15241242980957032,2.5,0,2,0,0.47468193223024624,-0.05734371686814281,0.006999999999999895,0.0351683844276858,-0.49436202035957594,-0.05694281777126353,-0.0162505000000001,0.031159581302011106,0,0,0,0,0,0,0,0
2.165713742203351,0.06262745403987455,2.005,-0.03532546406036527,2.10184619140625,0.15325411987304688,2.5,0,2,0,0.334286257796649,-0.06262745403987455,-0.004999999999999893,0.03532546406036527,-0.5457511088293593,-0.05954461943876901,-0.06764486363636242,0.036039462390726494,0,0,0,0,0,0,0,0
2.2991789979371506,0.06705149958793721,2.021,-0.036267941856442304,1.9983861083984376,0.13702540588378906,2.5,0,2,0,0.20082100206284936,-0.06705149958793721,-0.020999999999999908,0.036267941856442304,-0.565033230492565,-0.05689243408141806,-0.10053128955223879,0.040487991689623054,0,0,0,0,0,0,0,0
2.4262962005906035,0.07020366863007722,2.034,-0.037035886727319695,1.9037896728515624,0.11639047241210937,2.5,0,2,0,0.07370379940939653,-0.07020366863007722,-0.03399999999999981,0.037035886727319695,-0.6375455200303038,-0.05291411144900135,-0.09978562222222151,0.040692767064831076,1427288517863,0,0,0,0,0,0,0
2.5320046319274776,0.07115061191301911,2.052,-0.03726277953007903,1.58401318359375,0.07290606689453125,2.5,0,2,0,-0.0320046319274776,-0.07115061191301911,-0.052000000000000046,0.03726277953007903,-0.553413102961514,-0.04102070612379166,-0.13922447692307824,0.038309977081275974,1427288517863,0,0,0,0,0,0,0
2.6184400439441164,0.0716649313811885,2.068,-0.037175513067479314,1.29534375,0.05601061248779297,2.5,0,2,0,-0.11844004394411645,-0.0716649313811885,-0.06800000000000006,0.037175513067479314,-0.4858793429178905,-0.038953691068041585,-0.14039868484848494,0.03677884732838969,0,0,0,0,0,0,0,0
2.685114139434867,0.07429673104190782,2.078,-0.035953782591083304,0.9979531860351563,0.07662081146240235,2.5,0,2,0,-0.1851141394348672,-0.07429673104190782,-0.07799999999999985,0.035953782591083304,-0.41998146600956493,-0.05176166099077255,-0.11790335384615255,0.030315026546178642,0,0,0,0,0,0,0,0
2.7418922638832286,0.0771932328047013,2.086,-0.0348542251623268,0.8495596923828125,0.07403367614746094,2.5,0,2,0,-0.2418922638832286,-0.0771932328047013,-0.08599999999999985,0.0348542251623268,-0.38612037835642943,-0.0542213817536901,-0.11282444477611932,0.029930833690282755,0,0,0,0,0,0,0,0
2.7832923043015154,0.08124336523042372,2.092,-0.03375466773357035,0.6185064086914063,0.0823552017211914,2.5,0,2,0,-0.2832923043015154,-0.08124336523042372,-0.09200000000000008,0.03375466773357035,-0.34039695462262687,-0.06366738762722789,-0.10974633333333465,0.028518679977587266,0,0,0,0,0,0,0,0
2.813904495100287,0.08553967892757304,2.094,-0.03288200310757324,0.4567463989257812,0.07990461730957031,2.5,0,2,0,-0.31390449510028695,-0.08553967892757304,-0.09399999999999986,0.03288200310757324,-0.2858275710335134,-0.06581555012345397,-0.08909056119402858,0.02897454955833245,0,0,0,0,0,0,0,0
2.830572831856912,0.08953433439385376,2.087,-0.032550390549694296,0.2479199676513672,0.06810728454589844,2.5,0,2,0,-0.3305728318569119,-0.08953433439385376,-0.08700000000000019,0.032550390549694296,-0.22705744162021282,-0.0676183850942609,-0.03470201111111307,0.03097128313122312,0,0,0,0,0,0,0,0
2.8368340038707514,0.09317292033549786,2.08,-0.0318173522638567,0.09209158325195313,0.05760639190673828,2.5,0,2,0,-0.33683400387075135,-0.09317292033549786,-0.08000000000000007,0.0318173522638567,-0.1710116521214247,-0.06660217333299683,-0.031397687878787314,0.028485360055503995,0,0,0,0,0,0,0,0
2.835619036480282,0.09801787791240829,2.07,-0.032131511529215694,-0.02052720260620117,0.07205782318115235,2.5,0,2,0,-0.3356190364802818,-0.09801787791240829,-0.06999999999999984,0.032131511529215694,-0.1309794831795372,-0.07548676925940784,-0.00795059696969562,0.033559508189938386,0,0,0,0,0,0,0,0
2.8241695767772437,0.10520973033903376,2.056,-0.031276300195738425,-0.1751189270019531,0.10230472564697266,2.5,0,2,0,-0.3241695767772437,-0.10520973033903376,-0.05600000000000005,0.031276300195738425,-0.06929099799501956,-0.09278751581099329,0.026423199999998814,0.02726749707006373,0,0,0,0,0,0,0,0
2.8065874663110497,0.1108563246623239,2.04,-0.029949849964222806,-0.26625131225585935,0.07641028594970703,2.5,0,2,0,-0.3065874663110497,-0.1108563246623239,-0.040000000000000036,0.029949849964222806,-0.028640554855739367,-0.08675716528943081,0.0485545461538462,0.02382777197261226,0,0,0,0,0,0,0,0
2.788366530581037,0.11549734975822609,2.027,-0.029042278753185734,-0.275276123046875,0.06139966583251953,2.5,0,2,0,-0.2883665305810368,-0.11549734975822609,-0.027000000000000135,0.029042278753185734,-0.016277696891969923,-0.08373814758263584,0.04262519999999935,0.024853488548399246,0,0,0,0,0,0,0,0
2.7663825287510293,0.1201755383148942,2.016,-0.02741912254883102,-0.33165866088867185,0.060567600250244144,2.5,0,2,0,-0.2663825287510293,-0.1201755383148942,-0.016000000000000014,0.02741912254883102,0.014803818994700901,-0.08635546690346028,0.04055196923076986,0.019927632374886185,0,0,0,0,0,0,0,0
2.7342170640630923,0.12653451252959513,2.007,-0.025970499269675672,-0.4849156494140625,0.08212118530273438,2.5,0,2,0,-0.23421706406309228,-0.12653451252959513,-0.007000000000000117,0.025970499269675672,0.080382778313759,-0.09764800807693322,0.03548922537313369,0.01948412637793531,0,0,0,0,0,0,0,0
2.6982070625168393,0.1305591351989244,2.006,-0.024888395133439233,-0.5415355224609375,0.046322593688964846,2.5,0,2,0,-0.19820706251683928,-0.1305591351989244,-0.005999999999999783,0.024888395133439233,0.12716207564566293,-0.08853501046392517,-0.005295349999997999,0.019816031994830924,0,0,0,0,0,0,0,0
2.666096173827056,0.13387718844914376,2.005,-0.02363175807200332,-0.48275274658203127,0.03776879501342773,2.5,0,2,0,-0.16609617382705588,-0.13387718844914376,-0.004999999999999893,0.02363175807200332,0.11908464677417575,-0.08613784261673663,-0.00461198461538512,0.017831894711529874,0,0,0,0,0,0,0,0
2.63303483677971,0.13652846403664778,2.006,-0.02373647782712304,-0.4967213134765625,0.028039657592773437,2.081811078606149,-0.17251780732897706,2,0,-0.5512237581735611,-0.30904627136562485,-0.005999999999999783,0.02373647782712304,-2.145291560383114,-1.0195849300223367,-0.01576877746478801,0.024178955665657066,0,1,0,0,0,0,0,0
2.6001391250343633,0.1363274066461961,2.012,-0.02410299697004178,-0.49322509765625,-0.014726336479187013,2.081811078606149,-0.17251780732897706,2,0,-0.5183280464282145,-0.30884521397517317,-0.01200000000000001,0.02410299697004178,-0.03874678862738862,-0.15498731000506702,-0.05071120000000133,0.02593559268463549,0,1,0,0,0,0,0,0
2.5750836477553816,0.13441181144137715,2.029,-0.02490584842595919,-0.37503048706054687,-0.03778338623046875,2.081811078606149,-0.17251780732897706,2,0,-0.4932725691492328,-0.3069296187703542,-0.028999999999999915,0.02490584842595919,-0.08556630646406391,-0.14524646130918611,-0.11965411515151456,0.02855517322558377,0,1,0,0,0,0,0,0
2.5512694772629594,0.12704550881217114,2.038,-0.026686084262993317,-0.35435009765625,-0.11935603332519532,2.081811078606149,-0.17251780732897706,2,0,-0.4694583986568106,-0.2995633161411482,-0.03799999999999981,0.026686084262993317,-0.07659588497988665,-0.11162902243293768,-0.08616454999999928,0.035030939749090786,0,1,0,0,0,0,0,0
2.5275688524898654,0.11490833442488399,2.044,-0.031415926535897996,-0.35052496337890626,-0.19147882080078124,2.081811078606149,-0.17251780732897706,2,0,-0.4457577738837166,-0.28742614175386105,-0.04400000000000004,0.031415926535897996,-0.06765031124859952,-0.08067771380335848,-0.07433949230769354,0.05324596779545805,0,1,0,0,0,0,0,0
2.497803306119137,0.0995818299795313,2.055,-0.03309144261781257,-0.4390416259765625,-0.24380850219726563,2.081811078606149,-0.17251780732897706,2,0,-0.41599222751298814,-0.2720996373085084,-0.05500000000000016,0.03309144261781257,-0.02038066287000989,-0.0560180106476567,-0.11042006923077,0.040824593765110606,0,1,0,0,0,0,0,0
2.4717898049591605,0.08159218813523088,2.053,-0.03337069529813165,-0.38106097412109374,-0.28260690307617187,2.081811078606149,-0.17251780732897706,2,0,-0.3899787263530117,-0.2541099954642079,-0.052999999999999936,0.03337069529813165,-0.027830718827738854,-0.03284839061283926,-0.03916456923076797,0.034659553822681245,0,1,0,0,0,0,0,0
2.4446964875928514,0.06248845924364732,2.048,-0.03398156053632968,-0.3966127014160156,-0.29995571899414064,2.081811078606149,-0.17251780732897706,2,0,-0.36288540898670263,-0.23500626657262438,-0.04800000000000004,0.03398156053632968,-0.01091958006508098,-0.019011279328583347,-0.019735448484849084,0.0367582207099571,0,1,0,0,0,0,0,0
2.410983549481904,0.04373055134912289,2.046,-0.03378957431861026,-0.4958426208496094,-0.29838714599609373,2.081811078606149,-0.17251780732897706,2,0,-0.3291724708757551,-0.21624835867809994,-0.04599999999999982,0.03378957431861026,0.04641716590012274,-0.008496068745637589,-0.03400749999999862,0.03288963892305046,0,1,0,0,0,0,0,0
2.379479159318458,0.023684302932269627,2.035,-0.03562217003320431,-0.4621377258300781,-0.3164868469238281,2.081811078606149,-0.17251780732897706,2,0,-0.2976680807123091,-0.19620211026124668,-0.03500000000000014,0.03562217003320431,0.04467400546957494,0.005121116088482161,0.021957333333331504,0.043952150554086356,0,1,0,0,0,0,0,0
2.3494258087160453,0.0030380141762507626,2.023,-0.03590142271352345,-0.439484619140625,-0.32555294799804685,2.081811078606149,-0.17251780732897706,2,0,-0.26761473010989656,-0.17555582150522783,-0.02300000000000013,0.03590142271352345,0.0542837294939566,0.02019661043673779,0.037689884615384556,0.03719028123807334,0,1,0,0,0,0,0,0
2.319091730847464,-0.019923233034109835,2.016,-0.03710569989739951,-0.4423554992675781,-0.36052880859375,2.081811078606149,-0.17251780732897706,2,0,-0.23728065224131534,-0.15259457429486722,-0.016000000000000014,0.03710569989739951,0.0659276571842762,0.04034948539173569,0.015134464179105078,0.042497985795352,0,1,0,0,0,0,0,0
2.2926728363388746,-0.04277337457986337,2.002,-0.03789109806079696,-0.38329550170898435,-0.3572171936035156,2.081811078606149,-0.17251780732897706,2,0,-0.21086175773272586,-0.12974443274911368,-0.0019999999999997797,0.03789109806079696,0.06279402930550515,0.05478263220576339,0.06513891538461682,0.04151601266109291,0,1,0,0,0,0,0,0
2.2685999736099673,-0.06642583300729553,1.988,-0.03736749928519875,-0.34739370727539065,-0.36821115112304686,2.081811078606149,-0.17251780732897706,2,0,-0.18678889500381857,-0.10609197432168153,0.01200000000000001,0.03736749928519875,0.06619532412233184,0.07490534658682058,0.07880767777777663,0.03487417178235013,0,1,0,0,0,0,0,0
2.2482268175118025,-0.08759888159569995,1.981,-0.036651914291881,-0.2935190124511719,-0.328790771484375,2.1829970945314523,-0.049039101709400235,2,0,-0.06522972298035024,0.03855977988629972,0.018999999999999906,0.036651914291881,0.6282036800705577,0.7714980040555129,0.04332436417910386,0.033447802381503,1427288519885,1,0,0,0,0,0,0
2.2238472368719475,-0.10759978493288072,1.975,-0.03705334001983964,-0.3544544982910156,-0.3132124328613281,2.205845086453901,-0.00752687264522002,2,0,-0.018002150418046536,0.1000729122876607,0.02499999999999991,0.03705334001983964,0.2750711323029446,0.383075067608755,0.044529699999999964,0.03893502311964577,0,1,0,0,0,0,0,0
2.2019401119780895,-0.12556078213283806,1.971,-0.036442474781641664,-0.31840087890625,-0.28140322875976564,2.2178326725601925,0.0479310301177375,2,0,0.015892560582102977,0.17349181225057556,0.028999999999999915,0.036442474781641664,0.21626301282579674,0.47882988271008164,0.03664416153846149,0.03362309675918946,0,1,0,0,0,0,0,0
2.1827489862728435,-0.13834518428278889,1.968,-0.034924038332406614,-0.2806888732910156,-0.20212696838378907,2.2178326725601925,0.0479310301177375,2,0,0.035083686287348925,0.18627621440052639,0.03200000000000003,0.034924038332406614,0.14514286976705507,0.1578085598320272,0.03362599090909154,0.028022054472247294,0,1,0,0,0,0,0,0
2.1699234387841257,-0.1446959097819298,1.969,-0.03469714552964733,-0.18893968200683595,-0.10192022705078126,2.2178326725601925,0.0479310301177375,2,0,0.047909233776066706,0.1926269398996673,0.030999999999999917,0.03469714552964733,0.11995489708577295,0.12804166188924537,0.011646549999999325,0.033633585516713194,0,1,0,0,0,0,0,0
2.1641880294869913,-0.1458395355817095,1.971,-0.03460987906704762,-0.08538426971435546,-0.020128498077392577,2.2178326725601925,0.0479310301177375,2,0,0.05364464307320116,0.193770565699447,0.028999999999999915,0.03460987906704762,0.08313334367282885,0.10007551556062895,0.005100639393939324,0.03421321332795803,0,1,0,0,0,0,0,0
2.1635921889990235,-0.1416143605582869,1.98,-0.03241076420953478,-0.011125308990478516,0.06303040313720704,2.2178326725601925,0.0479310301177375,2,0,0.05424048356116895,0.1895453906760244,0.020000000000000018,0.03241076420953478,0.05630943119188002,0.06891312891804899,-0.040584049999999414,0.02210241331494334,0,1,0,0,0,0,0,0
2.1686103846438045,-0.13319379659096925,1.977,-0.029024825460665725,0.07114036560058594,0.12868135070800782,2.2178326725601925,0.0479310301177375,2,0,0.04922228791638794,0.18112482670870675,0.02299999999999991,0.029024825460665725,0.023962673840132093,0.043274309342069585,0.027095590909090264,0.013634194783988203,0,1,0,0,0,0,0,0
2.1778117577562672,-0.11979886736772945,1.98,-0.025656340004316738,0.13213150024414064,0.2048447723388672,2.2178326725601925,0.0479310301177375,2,0,0.04002091480392522,0.16772989748546696,0.020000000000000018,0.025656340004316738,-0.0020664296004610783,0.01137021878138507,-0.006751141791044191,0.010573569304246647,0,1,0,0,0,0,0,0
2.190625865962757,-0.10179584147344165,1.979,-0.02364921136452327,0.1852207489013672,0.2748874206542969,2.2178326725601925,0.0479310301177375,2,0,0.027206806597435573,0.14972687159117914,0.020999999999999908,0.02364921136452327,-0.031578958983514295,-0.02758026589280707,0.015408355555554873,0.014091455936935324,0,1,0,0,0,0,0,0
2.203152565605024,-0.08432861284138363,1.974,-0.022532200643246864,0.18165223693847657,0.26637844848632813,2.2178326725601925,0.0479310301177375,2,0,0.014680106955168526,0.13225964295912113,0.026000000000000023,0.022532200643246864,-0.03307259769790481,-0.028839021066424067,0.04053955151515215,0.01745487918289957,0,0,0,0,0,0,0,0
2.218344319645995,-0.06493555098822362,1.978,-0.018971728969178387,0.2212644958496094,0.2959562072753906,2.2178326725601925,0.0479310301177375,2,0,-0.0005116470858026467,0.11286658110596112,0.02200000000000002,0.018971728969178387,-0.057319239284185405,-0.051889881644802814,-0.0109098,0.0022820179969824,0,0,0,0,0,0,0,0
2.2342242056641264,-0.04777707134705289,1.978,-0.014905111812031652,0.2332728271484375,0.26184963989257815,2.2178326725601925,0.0479310301177375,2,0,-0.01639153310393393,0.09570810146479039,0.02200000000000002,0.014905111812031652,-0.06769701043737596,-0.04674291764242509,0.01110820000000002,-0.003863890451722505,1427288520665,0,0,0,0,0,0,0
2.2482674991018268,-0.023062002233577537,1.991,-0.013386675362796547,0.20510049438476563,0.3738244934082031,2.2178326725601925,0.0479310301177375,2,0,-0.03043482654163432,0.07099303235131504,0.008999999999999897,0.013386675362796547,-0.06484909512961955,-0.09974363465592848,-0.06923330000000072,0.006378507135557599,1427288520665,0,0,0,0,0,0,0
2.262396062598527,-0.0013223338337039515,1.998,-0.009791297103688272,0.2075442657470703,0.32890274047851564,2.1904692329189777,0.06104898117570315,2,0,-0.07192682967954944,0.0623713150094071,0.0020000000000000018,0.009791297103688272,-0.2334425936774866,-0.01735744243291727,-0.042512607692307115,-0.006802756399888378,1427288520665,1,0,0,0,0,0,0
2.275160702971258,0.017738965272309486,1.993,-0.00677187749773807,0.18866094970703126,0.2877804870605469,2.169398154404358,0.01859714788035573,2,0,-0.10576254856690026,0.0008581826080462443,0.006999999999999895,0.00677187749773807,-0.19864540896898886,-0.313711920015777,0.02459031884057909,-0.006356033832480198,0,1,0,0,0,0,0,0
2.2836686115828564,0.03351342777605039,1.992,-0.003281218993749462,0.1260133743286133,0.23747572326660157,2.147060978813471,-0.010110357619717868,2,0,-0.13660763276938548,-0.04362378539576826,0.008000000000000007,0.003281218993749462,-0.2166476650149153,-0.2750646992879092,0.005722761290323222,-0.013609064090066384,0,1,0,0,0,0,0,0
2.2916927601634294,0.05023672397487505,1.993,-0.0027227136331112334,0.11953849029541015,0.25124302673339843,2.1078299165110166,-0.01797181931990749,2,0,-0.1838628436524128,-0.06820854329478254,0.006999999999999895,0.0027227136331112334,-0.32072044149218615,-0.16867299550813364,-0.006061515384616067,0.000144996584011718,0,1,0,0,0,0,0,0
2.296670654914996,0.06146767736675209,2.001,-0.0030717794835100776,0.07420946502685546,0.16866697692871094,2.0661439723689234,-0.040781299942050216,2,0,-0.23052668254607234,-0.10224897730880231,-0.0009999999999998899,0.0030717794835100776,-0.3410178925706906,-0.23667485343119302,-0.05016032307692182,0.004682852639197051,0,1,0,0,0,0,0,0
2.2982613085242023,0.0694590101734341,2.001,-0.0035604716740684932,0.023491477966308592,0.11994271850585937,2.0304543493177905,-0.09897969994040683,2,0,-0.26780695920641184,-0.16843871011384093,-0.0009999999999998899,0.0035604716740684932,-0.30045709174932583,-0.4272720617269422,-0.007090199999999908,0.005716466632414444,0,1,0,0,0,0,0,0
2.2937440999249805,0.07420730492441126,2.004,-0.005044001538263692,-0.06801129150390625,0.07098271942138672,1.9933763060140195,-0.1411833543983121,2,0,-0.300367793910961,-0.21539065932272333,-0.0040000000000000036,0.005044001538263692,-0.29772306804754867,-0.3591953553463513,-0.02542569090909151,0.01178731910278732,0,1,0,0,0,0,0,0
2.2808572665982756,0.075282749046059,2.014,-0.005724679946541482,-0.19338140869140624,0.015156442642211915,1.9439031731358754,-0.18552310343986814,2,0,-0.33695409346240024,-0.26080585248592714,-0.01399999999999979,0.005724679946541482,-0.350089598214961,-0.38945313255289227,-0.07405501290322443,0.00901828514788563,0,1,0,0,0,0,0,0
2.264407868402283,0.07394976690003471,2.016,-0.003281218993749462,-0.24662246704101562,-0.021406909942626954,1.9242217196296687,-0.20514226752166567,2,0,-0.3401861487726141,-0.2790920344217004,-0.016000000000000014,0.003281218993749462,-0.1627945596301445,-0.24086559948295272,-0.030076630769231984,-0.007996293096059863,0,1,0,0,0,0,0,0
2.237711830617671,0.0676148397836268,2.047,0.0008726646259970394,-0.40012661743164063,-0.09633732604980469,1.8846108630940182,-0.260405498583842,2,0,-0.35310096752365294,-0.3280203383674688,-0.04700000000000015,-0.0008726646259970394,-0.2216194416236118,-0.4305390062680574,-0.2113359769230778,-0.0200444351786732,0,1,0,0,0,0,0,0
2.1999057393969634,0.05644029889805508,2.049,0.004974188368183792,-0.5672374267578125,-0.1671231689453125,1.886068874728818,-0.2763674286065239,2,0,-0.31383686466814553,-0.332807727504579,-0.04899999999999993,-0.004974188368183792,0.07877203987735662,-0.19546717688979237,-0.05710063076922953,-0.023904297947507258,0,1,0,0,0,0,0,0
2.1620882985089174,0.044053953903046644,2.032,0.00919788515801005,-0.5681787719726562,-0.18297122192382811,1.880514748321511,-0.3130321080888725,2,0,-0.2815735501874064,-0.35708606199191917,-0.03200000000000003,-0.00919788515801005,0.0469418128120906,-0.3052254563536456,0.05327968405797049,-0.027561784244211178,0,1,0,0,0,0,0,0
2.1196402066006237,0.026809875755393772,2.014,0.011152653920243711,-0.6390735473632813,-0.2527938232421875,1.9034866429479533,-0.31639443750716173,2,0,-0.21615356365267036,-0.3432043132625555,-0.01399999999999979,-0.011152653920243711,0.2851696727264304,-0.09698168605696543,0.08297390322580797,-0.02061121244718078,0,1,0,0,0,0,0,0
2.074079905516144,0.005184320011902468,2.002,0.0182735972683805,-0.6869796752929688,-0.31674154663085935,1.922976396671599,-0.35190174198001667,2,0,-0.15110350884454515,-0.3570860619919191,-0.0019999999999997797,-0.0182735972683805,0.29855963314033274,-0.2572672547044266,0.05556338461538484,-0.05113948964439645,0,1,0,0,0,0,0,0
2.0265200954526428,-0.01947893621540102,1.999,0.025621433419276734,-0.7200379638671875,-0.3568514709472656,1.971759339235452,-0.3547657054889824,2,0,-0.05476075621719079,-0.33528676927358136,0.0009999999999998899,-0.025621433419276734,0.5151945570660104,-0.054456860026893705,0.00950834615384429,-0.05953452334649012,0,1,0,0,0,0,0,0
1.9816293782846193,-0.046114476825130264,1.989,0.030979594222899292,-0.683375244140625,-0.3821513977050781,2.062255519521159,-0.34315038210304616,2,0,0.08062614123653966,-0.2970359052779159,0.010999999999999899,-0.030979594222899292,0.7931781156959352,0.053060882433503764,0.055272153846153804,-0.05570956716269571,0,1,0,0,0,0,0,0
1.9386590325364639,-0.07761588295855543,1.976,0.03459242577452752,-0.658882080078125,-0.45232949829101565,2.062255519521159,-0.34315038210304616,2,0,0.12359648698469505,-0.26553449914449073,0.02400000000000002,-0.03459242577452752,0.30691186050961283,0.02480442168753666,0.078900964705883,-0.050531388502299115,0,0,0,0,0,0,0,0
1.901331876177924,-0.11364171668531367,1.966,0.03600614246864296,-0.578261962890625,-0.5206995239257812,2.062255519521159,-0.34315038210304616,2,0,0.16092364334323483,-0.2295086654177325,0.03400000000000003,-0.03600614246864296,0.31522213226764995,0.08390709479162058,0.07665161290322588,-0.042846707117588645,0,1,0,0,0,0,0,0
1.8835562999377713,-0.14899283500017418,1.966,0.033719761148530356,-0.285549560546875,-0.52032470703125,2.062255519521159,-0.34315038210304616,2,0,0.17869921958338764,-0.19415754710287197,0.03400000000000003,-0.033719761148530356,0.20922289802053887,0.08843698507909728,0.02042100000000003,-0.023167231978779863,0,0,0,0,0,0,0,0
1.878241946229241,-0.1811965521494512,1.969,0.030316369107141403,-0.09595542907714844,-0.4800936889648437,2.062255519521159,-0.34315038210304616,2,0,0.18401357329191792,-0.16195382995359495,0.030999999999999917,-0.030316369107141403,0.14490079314255327,0.0874860289265087,0.002068653846153172,-0.01460840583919239,0,0,0,0,0,0,0,0
1.8764722975730632,-0.21273334507855982,1.986,0.02719222974607159,-0.040871551513671875,-0.4720299072265625,2.062255519521159,-0.34315038210304616,2,0,0.1857832219480957,-0.13041703702448634,0.014000000000000012,-0.02719222974607159,0.12681950320608731,0.0995785239007056,-0.086824961538461,-0.012773125002672466,0,0,0,0,0,0,0,0
1.8779181390750344,-0.24854876235414078,1.973,0.02234021442552729,0.00707288932800293,-0.537622314453125,2.062255519521159,-0.34315038210304616,2,0,0.18433738044612458,-0.09460161974890538,0.026999999999999913,-0.02234021442552729,0.10913830775207586,0.134704812445657,0.08320484776119343,-0.0006147726917468399,0,0,0,0,0,0,0,0
1.8830801212466948,-0.28480037570715616,1.963,0.0189717289691783,0.06526338958740234,-0.5453681640625,2.062255519521159,-0.34315038210304616,2,0,0.17917539827446416,-0.05835000639589,0.03699999999999992,-0.0189717289691783,0.08599530228837934,0.16394882226247362,0.07821869999999997,-0.003181953392542406,0,0,0,0,0,0,0,0
1.8939820040719682,-0.3230673089621281,1.951,0.015847589608108434,0.152609619140625,-0.5770029296875,2.062255519521159,-0.34315038210304616,2,0,0.16827351544919078,-0.020083073140918062,0.04899999999999993,-0.015847589608108434,0.050180882679811266,0.19087094189488707,0.0980650846153846,-0.0014284848647090516,0,0,0,0,0,0,0,0
1.9096564430029064,-0.358658257873696,1.958,0.012409290981679574,0.226626953125,-0.5375230712890625,2.062255519521159,-0.34315038210304616,2,0,0.15259907651825255,0.015507875770649826,0.04200000000000004,-0.012409290981679574,0.016744473583575975,0.1942673500054386,-0.009569607692307087,0.0034597796018382386,0,0,0,0,0,0,0,0
1.9285946308474482,-0.39178431730789265,1.952,0.00986111027376789,0.2778850402832031,-0.500377685546875,2.062255519521159,-0.34315038210304616,2,0,0.13366088867371073,0.04863393520484649,0.04800000000000004,-0.00986111027376789,-0.004294840987977888,0.18725110233595751,0.06368868260869572,0.0012179362823698681,0,0,0,0,0,0,0,0
1.9500983064942248,-0.4202167296004347,1.952,0.00647517152489889,0.31833389282226565,-0.42964614868164064,2.062255519521159,-0.34315038210304616,2,0,0.11215721302693415,0.07706634749738855,0.04800000000000004,-0.00647517152489889,-0.04229673675049947,0.1966203745362386,0.03354670000000004,0.010176986256424058,0,0,0,0,0,0,0,0
1.97207620330596,-0.4389150788597537,1.953,0.004729842272904558,0.3278454284667969,-0.28260400390625,2.062255519521159,-0.34315038210304616,2,0,0.09017931621519892,0.09576469675670757,0.04699999999999993,-0.004729842272904558,-0.04639387408287822,0.142053874762116,0.02775386969696905,0.0032034725088878595,1427288522555,1,0,0,0,0,0,0
1.996541158220537,-0.45172826191681353,1.955,0.0025132741228717087,0.3660611572265625,-0.1939313201904297,2.062255519521159,-0.34315038210304616,2,0,0.06571436130062192,0.10857787981376738,0.04499999999999993,-0.0025132741228717087,-0.0661291532341462,0.11437187910007737,0.021622472463768055,0.007123978703358069,0,1,0,0,0,0,0,0
2.0273814192963258,-0.45664701434958216,1.961,-0.0008901179185171887,0.4624170227050781,-0.07494370269775391,2.062255519521159,-0.34315038210304616,2,0,0.03487410022483317,0.113496632246536,0.038999999999999924,0.0008901179185171887,-0.12349196246835958,0.0783962113388493,-0.005086792307692389,0.016598081186465944,0,1,0,0,0,0,0,0
2.0602847147258023,-0.45508279517088024,1.961,-0.003001966313430318,0.4935283508300781,0.02390259552001953,2.062255519521159,-0.34315038210304616,2,0,0.0019708047953566066,0.11193241306783408,0.038999999999999924,0.003001966313430318,-0.16266886374311906,0.04222176242435022,0.02745879999999994,0.013388105960544069,0,1,0,0,0,0,0,0
2.0906839975849945,-0.45378414863232763,1.957,-0.005235987755983065,0.4559287109375,0.020848472595214843,2.062255519521159,-0.34315038210304616,2,0,-0.028428478063835527,0.11063376652928147,0.04299999999999993,0.005235987755983065,-0.14109541939812703,0.04413167817340059,0.05095979999999996,0.014810365366923409,0,1,0,0,0,0,0,0
2.121274937648794,-0.4478026971339647,1.958,-0.009005898940290816,0.4583880310058594,0.09212313842773437,2.062255519521159,-0.34315038210304616,2,0,-0.05901941812763489,0.10465231503091854,0.04200000000000004,0.009005898940290816,-0.18287703715710563,0.012805176098883597,0.02457846666666734,0.027855454861829568,0,1,0,0,0,0,0,0
2.1531666528559326,-0.4390192330350784,1.963,-0.011780972450961782,0.4771697998046875,0.13605476379394532,2.062255519521159,-0.34315038210304616,2,0,-0.09091113333477363,0.09586885093203223,0.03699999999999992,0.011780972450961782,-0.1870351671239442,-0.002514291094067339,0.0005402970149247129,0.0242066747375482,1427288522947,1,0,0,0,0,0,0
2.183114831291208,-0.4283763352906763,1.971,-0.013892820845874967,0.447310791015625,0.16492454528808595,2.062255519521159,-0.34315038210304616,2,0,-0.12085931177004916,0.08522595318763015,0.028999999999999915,0.013892820845874967,-0.19926719484292998,-0.0201007747151778,-0.02330470000000011,0.023792110197030522,0,1,0,0,0,0,0,0
2.2095041200559953,-0.41619328719008236,1.975,-0.014660765716752412,0.39326235961914063,0.18822723388671875,2.062255519521159,-0.34315038210304616,2,0,-0.14724860053483635,0.0730429050870362,0.02499999999999991,0.014660765716752412,-0.19087462026968915,-0.033542502071436775,-0.004130661538461627,0.018205126659263694,0,1,0,0,0,0,0,0
2.2290610587854793,-0.40335634126899333,1.986,-0.017854718247901982,0.29049966430664065,0.19683413696289062,2.062255519521159,-0.34315038210304616,2,0,-0.1668055392643204,0.060205959165947176,0.014000000000000012,0.017854718247901982,-0.16083179183976873,-0.04137828152747952,-0.04876108656716363,0.03215599823812394,0,1,0,0,0,0,0,0
2.242253550223854,-0.38867295433364524,1.987,-0.02096140431645195,0.19392352294921875,0.2237487335205078,2.062255519521159,-0.34315038210304616,2,0,-0.17999803070269493,0.04552257223059908,0.0129999999999999,0.02096140431645195,-0.137526561086255,-0.06193194012950403,0.0025160499999993067,0.035523995262779925,0,1,0,0,0,0,0,0
2.250012932335973,-0.3739072027636295,1.995,-0.023701571242083008,0.11172283935546876,0.22387715148925783,2.062255519521159,-0.34315038210304616,2,0,-0.18775741281481428,0.03075682066058333,0.004999999999999893,0.023701571242083008,-0.10874855183023852,-0.06389256125347718,-0.038960410144927654,0.03561534048395716,0,1,0,0,0,0,0,0
2.254023853495602,-0.3607641223213047,2.005,-0.024713862208239748,0.055474681854248045,0.1985166778564453,2.062255519521159,-0.34315038210304616,2,0,-0.19176833397444293,0.017613740218258567,-0.004999999999999893,0.024713862208239748,-0.09490692888157891,-0.07222276262949708,-0.06474403333333201,0.02977531703902345,0,1,0,0,0,0,0,0
2.252544604371355,-0.34645340123788704,2.006,-0.024678955623199838,-0.027486518859863283,0.21404695129394533,2.062255519521159,-0.34315038210304616,2,0,-0.19028908485019613,0.003303019134840879,-0.005999999999999783,0.024678955623199838,-0.06305135208601109,-0.07859816149526112,-0.012553330303029547,0.024520289327563883,0,1,0,0,0,0,0,0
2.2464728605169126,-0.3331949795720097,2.004,-0.026214845364954952,-0.09595598602294922,0.19656832885742187,2.062255519521159,-0.34315038210304616,2,0,-0.1842173409957537,-0.009955402531036439,-0.0040000000000000036,0.026214845364954952,-0.03718839234474892,-0.07659691751493365,0.00446702753623076,0.032892626850846755,0,1,0,0,0,0,0,0
2.2381221674107765,-0.31918503922531766,2.002,-0.026930430358272594,-0.1307257537841797,0.20679359436035155,2.062255519521159,-0.34315038210304616,2,0,-0.1758666478896176,-0.0239653428777285,-0.0019999999999997797,0.026930430358272594,-0.01825644823308814,-0.09298122325612754,0.0068468000000014,0.03028473501444904,0,1,0,0,0,0,0,0
2.2296489724735005,-0.30946188201127345,2,-0.027750735106709848,-0.13097909545898437,0.14237208557128905,2.062255519521159,-0.34315038210304616,2,0,-0.16739345295234154,-0.03368850009177271,0,0.027750735106709848,-0.011958935564194431,-0.07613561818667745,0.008799622580643917,0.031719951631406236,0,1,0,0,0,0,0,0
2.2197563108462592,-0.30027223129116476,2.001,-0.02816961412718856,-0.1521575927734375,0.13367428588867186,2.062255519521159,-0.34315038210304616,2,0,-0.1575007913251003,-0.0428781508118814,-0.0009999999999998899,0.02816961412718856,-0.001679354337365789,-0.0753522582670555,-0.008681815384614704,0.03010290191401339,0,1,0,0,0,0,0,0
2.2061651370947803,-0.2924854026746729,1.994,-0.026982790235832457,-0.20707656860351562,0.11101397705078125,2.062255519521159,-0.34315038210304616,2,0,-0.14390961757362142,-0.05066497942837328,0.006000000000000005,0.026982790235832457,0.023827480455780273,-0.07109016493274505,0.03946361212121157,0.021588136184213805,0,1,0,0,0,0,0,0
2.1908747671773345,-0.28579810021493246,1.99,-0.02792526803190938,-0.23197836303710936,0.09408512115478515,2.062255519521159,-0.34315038210304616,2,0,-0.1286192476561756,-0.0573522818881137,0.010000000000000009,0.02792526803190938,0.04164741773962305,-0.0691858587343771,0.02714586153846156,0.03227516555226441,0,1,0,0,0,0,0,0
2.17321435507264,-0.282843240995446,1.984,-0.029164451800825344,-0.26604046630859374,0.03690899276733398,2.062255519521159,-0.34315038210304616,2,0,-0.110958835551481,-0.06030714110760016,0.016000000000000014,0.029164451800825344,0.06032640440721351,-0.050130974165953864,0.04185788358208959,0.03471303584074757,0,1,0,0,0,0,0,0
2.153192247374091,-0.2817964417702405,1.979,-0.028536133270107362,-0.3006617736816406,0.006937545776367187,2.062255519521159,-0.34315038210304616,2,0,-0.09093672785293228,-0.06135394033280567,0.020999999999999908,0.028536133270107362,0.08751927609809873,-0.04098249181962625,0.04199274999999934,0.02559089015736682,1427288523924,1,0,0,0,0,0,0
2.1342634016099296,-0.2795956274371788,1.984,-0.028274333882308173,-0.2847590026855469,0.024897533416748045,2.062255519521159,-0.34315038210304616,2,0,-0.07200788208877063,-0.06355475466586735,0.016000000000000014,0.028274333882308173,0.09095883773196342,-0.04843459415023171,-0.016592349999999402,0.027047149251999476,1427288523924,1,0,0,0,0,0,0
2.1158457369819557,-0.27969265439068586,1.983,-0.028902652413026215,-0.2761134033203125,-0.009264989852905274,2.062255519521159,-0.34315038210304616,2,0,-0.05359021746079673,-0.0634577277123603,0.016999999999999904,0.028902652413026215,0.09428460886286211,-0.03587772251517865,0.01696663030302964,0.03175864573447186,1427288523924,1,0,0,0,0,0,0
2.1011670954218484,-0.28295400841307317,1.984,-0.02888519912050626,-0.21867393493652343,-0.055262767791748046,2.062255519521159,-0.34315038210304616,2,0,-0.0389115759006895,-0.06019637368997299,0.016000000000000014,0.02888519912050626,0.08296804265519356,-0.01723957297791812,0.005582984615385222,0.02880464546272186,1427288523924,1,0,0,0,0,0,0
2.0896570685366935,-0.2856604965202592,1.986,-0.02895501229058602,-0.1714058837890625,-0.045566734313964845,2.062255519521159,-0.34315038210304616,2,0,-0.0274015490155346,-0.05748988558278695,0.014000000000000012,0.02895501229058602,0.0707041532662825,-0.01913282084523498,-0.0011460606060606036,0.029272344881857645,1427288523924,1,0,0,0,0,0,0
2.0789423415955355,-0.2888742076157892,1.985,-0.02963569069886381,-0.1592579345703125,-0.052838485717773435,2.062255519521159,-0.34315038210304616,2,-0.02895501229058602,-0.01668682207437655,-0.05427617448725697,0.014999999999999902,0.0006806784082777906,-0.008343411037188275,-0.027138087243628484,0.011999999999999922,0.0006806784082777906,1427288523924,1,0,0,0,0,0,0
2.0719254128726368,-0.2893696690752258,1.987,-0.03305653603277266,-0.10498749542236328,-0.01054747486114502,2.062255519521159,-0.34315038210304616,2,-0.02895501229058602,-0.009669893351477832,-0.05378071302782034,0.0129999999999999,0.004101523742186638,0.03414189864088697,-0.02417167469958086,-0.0006292111111111994,0.02039126342746686,1427288524314,1,0,0,0,0,0,0
2.065990153824144,-0.2937553139888251,1.994,-0.035726889788324015,-0.0868060302734375,-0.0686911849975586,2.062255519521159,-0.34315038210304616,2,-0.02895501229058602,-0.0037346343029849294,-0.049395068114221063,0.006000000000000005,0.006771877497737996,0.030083250487591712,-0.0011485116273654457,-0.03277140769230712,0.01909658713874426,1427288524379,1,0,0,0,0,0,0
2.059399648121697,-0.30034699428309153,1.997,-0.0382576172037158,-0.09526274871826172,-0.10234323120117188,2.062255519521159,-0.34315038210304616,2,-0.02895501229058602,0.0028558713994617513,-0.04280338781995463,0.0029999999999998916,0.009302604913129783,0.03690861086882197,0.013998158367431044,-0.013613446153846853,0.020982885291861104,1427288524444,1,0,0,0,0,0,0
2.0570272773839644,-0.3018883028987953,2.001,-0.039950586578150274,-0.03467523574829102,-0.024463798522949217,2.062255519521159,-0.34315038210304616,2,-0.02895501229058602,0.005228242137194528,-0.041262079204250846,-0.0009999999999998899,0.010995574287564255,0.015191662391928356,-0.012578477124566112,-0.021878321212119963,0.018690889625902762,1427288524510,1,0,0,0,0,0,0
2.0536909306066478,-0.30394625109840934,2.005,-0.040875611081707244,-0.04877235412597656,-0.0328433952331543,2.062255519521159,-0.34315038210304616,2,-0.02895501229058602,0.008564588914511173,-0.03920413100463682,-0.004999999999999893,0.011920598791121225,0.02197748255857866,-0.008835622382001196,-0.025111321212121143,0.01612525562547109,1427288524576,1,0,0,0,0,0,0
2.050671142351981,-0.30957409964281385,2.013,-0.04216715472818306,-0.041809322357177735,-0.08619823455810546,2.062255519521159,-0.34315038210304616,2,-0.02895501229058602,0.01158437716917815,-0.03357628246023231,-0.0129999999999999,0.013212142437597042,0.022316509643482786,0.013820748132018862,-0.054132399999999956,0.019266253280452433,1427288524640,1,0,0,0,0,0,0
2.0508268327729176,-0.31323183482607275,2.014,-0.04328416544945946,0.004646139144897461,-0.05471881103515625,2.062255519521159,-0.34315038210304616,2,-0.02895501229058602,0.011428686748241379,-0.029918547276973406,-0.01399999999999979,0.014329153158873443,0.004893293025877339,0.00454836908133097,-0.016658015384614623,0.01948458725707222,1427288524705,1,0,0,0,0,0,0
2.0518844195517065,-0.31608196277657735,2.007,-0.04386012410261759,0.0176988468170166,-0.042025440216064455,2.062255519521159,-0.34315038210304616,2,-0.02895501229058602,0.010371099969452402,-0.027068419326468807,-0.007000000000000117,0.014905111812031569,-0.00023357634113838673,0.0009293056066489048,0.0303084117647041,0.017446105870082124,1427288524773,1,0,0,0,0,0,0
2.054925008074447,-0.31716129051452213,2.008,-0.04478514860617456,0.04627482986450195,-0.014174578666687011,2.062255519521159,-0.34315038210304616,2,-0.02895501229058602,0.007330511446712151,-0.025989091588524027,-0.008000000000000007,0.01583013631558854,-0.013197949478551291,-0.007220914657107639,-0.012126955555554948,0.020235014903955066,1427288524836,1,0,0,0,0,0,0
2.0554343617742323,-0.32081969721932013,2.009,-0.04647811798060903,0.010089457511901856,-0.05447901916503906,2.062255519521159,-0.34315038210304616,2,-0.02895501229058602,0.006821157746926598,-0.022330684883726026,-0.008999999999999897,0.01752310569002301,0.0007012921156834386,0.008296621565147995,-0.012814515384614707,0.025336810495105187,1427288524901,1,0,0,0,0,0,0
2.058496200922878,-0.32485907970339667,2.01,-0.047490408946765775,0.04869311904907227,-0.05839144515991211,2.062255519521159,-0.34315038210304616,2,-0.02895501229058602,0.0037593185982807142,-0.01829130239964949,-0.009999999999999787,0.018535396656179755,-0.014828980570817727,0.01269586630760866,-0.013762649999999224,0.02328051056003949,1427288524965,1,0,0,0,0,0,0
2.061942381823002,-0.3280105896326137,2.008,-0.0469493568786475,0.05387858581542969,-0.04476536560058594,2.062255519521159,-0.34315038210304616,2,-0.02895501229058602,0.00031313769815710657,-0.015139792470432456,-0.008000000000000007,0.01799434458806148,-0.017288049865960806,0.008156721786430055,0.003395827536230761,0.01564194429189507,1427288525034,1,0,0,0,0,0,0
2.064475430787071,-0.3297767195533961,2.005,-0.04714134309636688,0.03919718933105469,-0.024679536819458007,2.062255519521159,-0.34315038210304616,2,-0.02895501229058602,-0.0022199112659122555,-0.013373662549650056,-0.004999999999999893,0.018186330805780863,-0.01514783938267262,0.0028572743018394934,0.012286066666667383,0.019100550890158875,1427288525097,1,0,0,0,0,0,0
2.0673957937611145,-0.32953888678454424,2.002,-0.04858996637552224,0.04358866500854492,0.005627810955047607,2.062255519521159,-0.34315038210304616,2,-0.02895501229058602,-0.005140274239955556,-0.01361149531850192,-0.0019999999999997797,0.019634954084936217,-0.01850955141467735,-0.008382834287484469,0.014412850000000803,0.02642537570597694,1427288525161,1,0,0,0,0,0,0
2.069407183305624,-0.33164016571081334,1.999,-0.049654617219238785,0.031666147232055665,-0.03001655960083008,2.062255519521159,-0.34315038210304616,2,-0.02895501229058602,-0.007151663784465079,-0.01151021639223282,0.0009999999999998899,0.020699604928652766,-0.014379718839913222,0.005275550323410461,0.01656694615384429,0.02561337805349837,1427288525226,1,0,0,0,0,0,0
2.072742294762622,-0.3336409368964882,2.013,-0.051033427328314264,0.051454612731933594,-0.02749154281616211,2.062255519521159,-0.34315038210304616,2,-0.02895501229058602,-0.010486775241463242,-0.009509445206557943,-0.0129999999999999,0.022078415037728245,-0.022909833874695966,0.005565231075718613,-0.08511512424242304,0.02834573371534406,1427288525292,1,0,0,0,0,0,0
2.0764960441383886,-0.3351989569286051,2.009,-0.051487212933832883,0.05742508316040039,-0.020467620849609375,2.062255519521159,-0.34315038210304616,2,-0.02895501229058602,-0.014240524617229688,-0.007951425174441085,-0.008999999999999897,0.022532200643246864,-0.02732226442187799,0.004118261072825306,0.013807261538461643,0.02462659574564049,1427288525357,1,0,0,0,0,0,0
2.0796470499924697,-0.33526747155789843,2.013,-0.05080653452555504,0.04725534439086914,0.0014061150550842285,2.062255519521159,-0.34315038210304616,2,-0.02895501229058602,-0.017391530471310812,-0.007882910545147725,-0.0129999999999999,0.021851522234969018,-0.024915509435137713,-0.0038895317989288726,-0.03160783529411758,0.01884852925727264,1427288525425,1,0,0,0,0,0,0
2.0807980140852136,-0.3316546795745229,2.011,-0.05162683927399239,0.014490066528320312,0.05499872207641601,2.062255519521159,-0.34315038210304616,2,-0.02895501229058602,-0.018542494564054657,-0.011495702528523277,-0.01100000000000012,0.022671826983406373,-0.015781453286807075,-0.026450497407968968,0.0018025225806438255,0.02664104350810325,1427288525487,1,0,0,0,0,0,0
