0,0,0.697,0,0.10755109405517578,0.1170150146484375,0,0,1,0,0,0,0.30300000000000005,0,0,0,0.24240000000000006,0,0,0,0,0,0,0,0,0
0.010562757364908854,0.009372207641601562,0.694,-0.0073827427359359765,0.1584413604736328,0.14058311462402343,0,0,1,0,-0.010562757364908854,-0.009372207641601562,0.30600000000000005,0.0073827427359359765,-0.06305321818651326,-0.055157929210545464,0.2629428461538462,0.041456939978717404,0,0,0,0,0,0,0,0
0.01761344314212841,0.016851575993322574,0.687,-0.014276793281313703,0.10492913818359376,0.11296826171875,0,0,1,0,-0.01761344314212841,-0.016851575993322574,0.31299999999999994,0.014276793281313703,-0.04511575331868563,-0.04751449769802674,0.2910532641791039,0.04514567632031845,0,0,0,0,0,0,0,0
0.02443620307838754,0.020555026685463152,0.685,-0.013823007675795028,0.10153789520263672,0.057007156372070315,0,0,1,0,-0.02443620307838754,-0.020555026685463152,0.31499999999999995,0.013823007675795028,-0.05015645552128962,-0.030882571567873638,0.26918171111111105,0.011662123839991812,0,0,0,0,0,0,0,0
0.01579554484312757,0.01774557777540334,0.679,-0.008866272600131174,-0.12901498413085938,-0.043929248809814456,0,0,1,0,-0.01579554484312757,-0.01774557777540334,0.32099999999999995,0.008866272600131174,0.03858444962708306,0.006213146152448891,0.29726479230769226,-0.014010966210625074,0,0,0,0,0,0,0,0
0.003402420257169929,0.013364522629643,0.681,-0.0028972465583105827,-0.18530691528320312,-0.06736143493652344,0,0,1,0,-0.003402420257169929,-0.013364522629643,0.31899999999999995,0.0028972465583105827,0.06498438838911294,0.016857481900930338,0.2546613692307692,-0.0246521044039383,0,0,0,0,0,0,0,0
-0.024717790907666157,0.0038183993141604824,0.683,0.0011868238913561608,-0.42138653564453127,-0.14441331481933595,0,0,1,0,0.024717790907666157,-0.0038183993141604824,0.31699999999999995,-0.0011868238913561608,0.1614509303392642,0.04866110769488262,0.2553167393939394,-0.01975078048075045,0,0,0,0,0,0,0,0
-0.05816307192248404,-0.0035049420708567255,0.69,-0.006789330790257894,-0.5018092346191406,-0.109254638671875,0,0,1,0,0.05816307192248404,0.0035049420708567255,0.31000000000000005,0.006789330790257894,0.20645096525434842,0.04053761171487225,0.2252475878787885,0.043044579343049054,0,0,0,0,0,0,0,0
-0.09154776745994674,-0.008132767459585246,0.703,-0.020996310901491785,-0.50028759765625,-0.07281565093994141,0,0,1,0,0.09154776745994674,0.008132767459585246,0.29700000000000004,0.020996310901491785,0.22841311859980998,0.02932924819083758,0.18277584999999996,0.08759153017290065,0,0,0,0,0,0,0,0
-0.12136851816643379,-0.01035903820378621,0.716,-0.0316602726311771,-0.44651156616210935,-0.04277789688110351,-0.2343768495326044,0.038195663710784165,1,0,-0.11300833136617061,0.048554701914570376,0.28400000000000003,0.0316602726311771,-1.1093766035687982,0.2323188869216817,0.17848903529411764,0.0787071626150829,0,1,0,0,0,0,0,0
-0.1452007577747327,-0.010244377889321817,0.726,-0.03658210112180116,-0.35735888671875,-0.009597094535827636,-0.2107730317283722,0.0456407086063736,1,0,-0.06557227395363949,0.055885086495695416,0.274,0.03658210112180116,0.23069604026643753,0.06868957120010576,0.18357144444444445,0.060019379648582394,0,1,0,0,0,0,0,0
-0.16392769192025233,-0.008892152810539783,0.74,-0.03942698780255194,-0.28145791625976563,0.009996038436889648,-0.18974379529228255,0.046992933685155634,1,0,-0.02581610337203022,0.055885086495695416,0.26,0.03942698780255194,0.20444050882742018,0.028000978871435014,0.15302849999999996,0.05276239411857122,0,1,0,0,0,0,0,0
-0.17750901145206205,-0.0060341340704941826,0.753,-0.04040437218366876,-0.20525128173828125,0.03480698776245117,-0.19020557853216116,0.05409901972415929,1,0,-0.012696567080099114,0.06013315379465348,0.247,0.04040437218366876,0.06211010348251843,0.052356698071797075,0.1529354522388059,0.04478072015881872,0,1,0,0,0,0,0,0
-0.18832888605215875,-0.00004850255294553893,0.769,-0.042516220578581725,-0.1657923583984375,0.08315542602539062,-0.20038692766363184,0.06625583060117346,1,0,-0.012058041611473086,0.066304333154119,0.23099999999999998,0.042516220578581725,-0.002621305850503353,0.06704196330898496,0.12202429999999992,0.05241550992973624,0,1,0,0,0,0,0,0
-0.1915336399720803,0.006874145105812569,0.782,-0.04401720373529704,-0.05244141006469726,0.10170268249511719,-0.19436373083926914,0.0729496088597824,1,0,-0.002830090867188828,0.06607546375396983,0.21799999999999997,0.04401720373529704,0.04818785935217251,0.03198946684516244,0.13054129999999994,0.05094481830475236,0,1,0,0,0,0,0,0
-0.193456037443741,0.016672334543921995,0.799,-0.04642575810304916,-0.03527527618408203,0.14556161499023437,-0.18840746062709998,0.07177236655784855,1,0,0.005048576816641032,0.055100032013926555,0.20099999999999996,0.04642575810304916,0.044865104443494584,-0.03132853891117225,0.09670933846153836,0.05754216287728968,0,1,0,0,0,0,0,0
-0.18747283386122016,0.029785277772202925,0.813,-0.04621631859280982,0.08052295684814453,0.2006473388671875,-0.17981884734717873,0.07463249211036868,1,0,0.007653986514041422,0.044847214338165756,0.18700000000000006,0.04621631859280982,0.017565832279795007,-0.03169787281336067,0.10403957575757633,0.04526432081899466,0,1,0,0,0,0,0,0
-0.18067625510815108,0.04287455073393665,0.829,-0.0460243323750905,0.09276898193359374,0.20083946228027344,-0.18086559705278335,0.06833870013620447,1,0,-0.00018934194463227083,0.025464149402267815,0.17100000000000004,0.0460243323750905,-0.04114513673704851,-0.08825615830452348,0.08304561044776118,0.045164692594257726,0,1,0,0,0,0,0,0
-0.17355201774130588,0.056326958666743594,0.838,-0.0460592389601304,0.09746660614013672,0.20648902893066406,-0.18806927432054707,0.05782120201589887,1,0,-0.014517256579241189,0.0014942433491552734,0.16200000000000003,0.0460592389601304,-0.08694515432254472,-0.1321514978679663,0.11044829999999997,0.046225460793653736,0,1,0,0,0,0,0,0
-0.16116582592534195,0.06852312617176504,0.849,-0.045430920429412415,0.17717262268066405,0.19130294799804687,-0.19150346614567165,0.040428066594557104,1,0,-0.030337640220329698,-0.028095059577207933,0.15100000000000002,0.045430920429412415,-0.1004622210057276,-0.17312528213769932,0.09339903076923076,0.042530988749175554,0,1,0,0,0,0,0,0
-0.14612592368692345,0.08141314208199651,0.862,-0.04471533543609472,0.21658470153808593,0.2033963623046875,-0.19490833462708926,0.022873600195588595,1,0,-0.048782410940165805,-0.05853954188640792,0.138,0.04471533543609472,-0.12384762997216692,-0.19299038605595428,0.07312679999999994,0.04141263546693612,0,1,0,0,0,0,0,0
-0.13382970249625095,0.09287493819347828,0.874,-0.04564035993965163,0.17657374572753906,0.17999978637695313,-0.20735509854839204,0.001487402236617738,1,0,-0.07352539605214109,-0.09138753595686054,0.126,0.04564035993965163,-0.17018037614710707,-0.2224157713962975,0.0707220363636363,0.049845016774001244,0,1,0,0,0,0,0,0
-0.1205984976012819,0.10494067745133823,0.884,-0.04515166774909327,0.1900039978027344,0.18985263061523439,-0.22381547578779332,-0.031312411382238114,1,0,-0.10321697818651142,-0.13625308883357634,0.11599999999999999,0.04515166774909327,-0.20696914410083783,-0.30243831432568263,0.07409369696969692,0.04293033961019164,0,1,0,0,0,0,0,0
-0.10556530938092071,0.11254315032180015,0.896,-0.047001716756207325,0.22012078857421874,0.12409901428222657,-0.21822960915564082,-0.030920473795534115,1,0,-0.11266429977472012,-0.14346362411733427,0.10399999999999998,0.047001716756207325,-0.10832467017590218,-0.11119572237302501,0.05256459999999995,0.05567382147705444,0,1,0,0,0,0,0,0
-0.09075523396292341,0.11479280432720376,0.906,-0.04621631859280981,0.2203203125,0.044145183563232424,-0.24840677939578037,-0.08875861382144629,1,0,-0.15765154543285698,-0.20355141814865005,0.09399999999999997,0.04621631859280981,-0.31081245583134715,-0.4112208299752746,0.059358211764705834,0.04275132669546782,0,1,0,0,0,0,0,0
-0.08133654743416906,0.10908710294089628,0.921,-0.0445582558034153,0.14508348083496095,-0.07896700286865234,-0.2614817156960944,-0.1193006034073643,1,0,-0.18014516826192534,-0.22838770634826058,0.07899999999999996,0.0445582558034153,-0.2175990864129782,-0.2547100167374509,0.014641180645161178,0.036535371338603156,0,1,0,0,0,0,0,0
-0.07623778587609543,0.10183018299876335,0.926,-0.042812926551420855,0.08125424194335938,-0.10533900451660157,-0.2658152511195794,-0.125550144262711,1,0,-0.18957746524348396,-0.22738032726147434,0.07399999999999995,0.042812926551420855,-0.14624762282155457,-0.10872492273819184,0.06887652307692303,0.03475756077298496,0,1,0,0,0,0,0,0
-0.07487752584437891,0.08594326655235698,0.93,-0.04145156973486516,0.03058456802368164,-0.23721209716796876,-0.2658152511195794,-0.125550144262711,1,0,-0.19093772527520048,-0.21149341081506798,0.06999999999999995,0.04145156973486516,-0.10347798046512635,-0.022096599757972235,0.07184947878787874,0.03526358420506656,0,0,0,0,0,0,0,0
-0.07726753499243662,0.06320582704356083,0.937,-0.03998549316318997,-0.02168585205078125,-0.34225424194335935,-0.2658152511195794,-0.125550144262711,1,0,-0.18854771612714277,-0.1887559713062718,0.06299999999999994,0.03998549316318997,-0.0827106802774822,0.023674523234448144,0.051316535820895445,0.03342097120046524,0,0,0,0,0,0,0,0
-0.08507709367980887,0.03825585610154508,0.939,-0.0370184334347998,-0.10208917999267578,-0.3786332092285156,-0.2658152511195794,-0.125550144262711,1,0,-0.1807381574397705,-0.16380600036425608,0.061000000000000054,0.0370184334347998,-0.048018451236141804,0.0558795915272908,0.07555688888888955,0.02288957758532277,0,0,0,0,0,0,0,0
-0.09453777463443024,0.007288036774151997,0.94,-0.03452261260444775,-0.1246212158203125,-0.4694511413574219,-0.2658152511195794,-0.125550144262711,1,0,-0.17127747648514913,-0.13283818103686298,0.06000000000000005,0.03452261260444775,-0.03661731325572062,0.09688816262557091,0.08096096969696973,0.0231779724664839,0,0,0,0,0,0,0,0
-0.10504607743592906,-0.02370670025830692,0.944,-0.03248057737961438,-0.1414835205078125,-0.47008456420898437,-0.3059353492863349,-0.12816424053598643,1,0,-0.20088927185040586,-0.1044575402776795,0.05600000000000005,0.03248057737961438,-0.26366156376573985,0.10199497501923652,0.061547400000000016,0.022908537263207948,0,1,0,0,0,0,0,0
-0.11827540430385382,-0.05590257363864808,0.946,-0.0317824456788168,-0.18265188598632812,-0.489127685546875,-0.29963117319992644,-0.10286806624037775,1,0,-0.18135576889607263,-0.04696549260172967,0.05400000000000005,0.0317824456788168,0.013107212888724865,0.2850764065441963,0.07140416923076925,0.028560299367443368,0,1,0,0,0,0,0,0
-0.1348567327448203,-0.08629470843048241,0.947,-0.02949606435870408,-0.2341077117919922,-0.46355538940429686,-0.29536733607951005,-0.07119151249143213,1,0,-0.16051060333468975,0.015103195939050282,0.05300000000000005,0.02949606435870408,0.027134508959521075,0.3307877232972478,0.07650461940298511,0.019258536059691893,0,1,0,0,0,0,0,0
-0.14794049666990716,-0.12008009589945368,0.945,-0.028640853025226978,-0.1812252197265625,-0.5123483276367188,-0.3040726901655434,-0.0399982389730502,1,0,-0.15613219349563623,0.08008185692640347,0.05500000000000005,0.028640853025226978,-0.055724437835137225,0.3944409407036021,0.09461800000000006,0.024632049899553064,0,1,0,0,0,0,0,0
-0.16754783767031106,-0.1475783900759117,0.944,-0.029251718263424955,-0.282177490234375,-0.4207276611328125,-0.32368003116594735,0.0026804207168331096,1,0,-0.15613219349563628,0.1502588107927448,0.05600000000000005,0.029251718263424955,-0.07977035256823366,0.4521509390233459,0.09022911538461544,0.032071096285877156,0,1,0,0,0,0,0,0
-0.18915645416546265,-0.16891100829790048,0.93,-0.03188716543393641,-0.3146316833496094,-0.3293323669433594,-0.3332408131412765,0.054937789408951276,1,0,-0.14408435897581387,0.22384879770685176,0.06999999999999995,0.03188716543393641,-0.009951499440733383,0.5014676978578528,0.1707489242424237,0.04386647075444302,0,1,0,0,0,0,0,0
-0.2098943379480036,-0.18262567163373944,0.929,-0.03520329101272565,-0.30435140991210935,-0.21553277587890626,-0.3314857427133285,0.10018960757320583,1,0,-0.12159140476532487,0.28281527920694527,0.07099999999999995,0.03520329101272565,0.0603354709595602,0.4633549554851158,0.10322964999999996,0.05074762966330022,0,1,0,0,0,0,0,0
-0.23316449152754498,-0.1895932746210758,0.912,-0.03904301536711305,-0.34515756225585936,-0.11673454284667968,-0.3348098070260703,0.14780407981524615,1,0,-0.10164531549852535,0.33739735443632196,0.08799999999999997,0.03904301536711305,0.05142805860012596,0.45352934735919,0.2007564701492538,0.05623581098377303,0,1,0,0,0,0,0,0
-0.25436155542335215,-0.186198890628555,0.912,-0.04406956361285694,-0.3197010498046875,0.03846615219116211,-0.32730396197697087,0.17805631034920621,1,0,-0.07294240655361872,0.3642552009777612,0.08799999999999997,0.04406956361285694,0.11850587451768135,0.32893999849648137,0.11251369999999998,0.06763150851478142,0,1,0,0,0,0,0,0
-0.2774991347400868,-0.17552404666677549,0.916,-0.04937536453891952,-0.35378097534179687,0.14467720031738282,-0.3183332024739795,0.19999412221546028,1,0,-0.0408340677338927,0.37551816888223577,0.08399999999999996,0.04937536453891952,0.15045552367419937,0.24858347123985927,0.08832123846153841,0.0738636765053622,0,1,0,0,0,0,0,0
-0.29447885752906167,-0.15453054341905337,0.922,-0.05279620987282847,-0.2699275512695313,0.30194818115234373,-0.299013158069771,0.23713894455489143,1,0,-0.004534300540709357,0.3916694879739448,0.07799999999999996,0.05279620987282847,0.1882101248676905,0.2819218169701584,0.07375631818181813,0.0683455068451419,0,1,0,0,0,0,0,0
-0.3080285475579836,-0.12870746355090557,0.929,-0.05391322059410482,-0.22340306091308593,0.37608087158203124,-0.27735114452142734,0.2555906024404735,1,0,0.03067740303655625,0.38429806599137906,0.07099999999999995,0.05391322059410482,0.20293863235056156,0.1531426929307096,0.06274369230769225,0.05906865469230334,0,1,0,0,0,0,0,0
-0.31313833387083295,-0.09819071813008684,0.974,-0.05476843192758204,-0.1012023162841797,0.452955810546875,-0.2518172930359784,0.24470732357056868,1,0,0.06132104083485457,0.3428980417006555,0.026000000000000023,0.05476843192758204,0.19120358217546152,-0.04718431765321171,-0.1740287636363632,0.05865575617066031,0,1,0,0,0,0,0,0
-0.31601455126942884,-0.061208422145182656,0.996,-0.05443681936970309,-0.07344532012939453,0.5515409545898438,-0.22365587045908797,0.24336536775178433,1,0,0.09235868081034088,0.304573789896967,0.0040000000000000036,0.05443681936970309,0.21401446549540326,-0.0561916850210461,-0.07327930000000009,0.05288238550464553,0,1,0,0,0,0,0,0
-0.3132858491956213,-0.018743433124839247,1.006,-0.05338962181850656,0.0062121391296386715,0.63825830078125,-0.19835669203973327,0.2259083627812739,1,0,0.11492915715588803,0.24465179590611316,-0.006000000000000005,0.05338962181850656,0.17717064817271824,-0.19906479701769447,-0.014851953846153891,0.04855640235144564,0,1,0,0,0,0,0,0
-0.3062815354818675,0.02248091492033304,1.012,-0.05263913024014907,0.07191639709472657,0.6230908203125,-0.16998666185770292,0.1868581655033454,1,0,0.13629487362416456,0.16437725058301236,-0.01200000000000001,0.05263913024014907,0.18145492950479353,-0.3486858854861573,0.0018085076923076565,0.04917532295542218,0,1,0,0,0,0,0,0
-0.2967187922901292,0.06530408024206388,1.029,-0.048223447232603266,0.10944546508789063,0.6490048828125,-0.15069573163329264,0.1322859800139175,1,0,0.14602306065683657,0.06698189977185362,-0.028999999999999915,0.048223447232603266,0.122958103270557,-0.48158229782395556,-0.06982671515151456,0.02815216083466781,0,1,0,0,0,0,0,0
-0.28159866030365066,0.10264059521942903,1.038,-0.04653047785816885,0.19954135131835937,0.57032958984375,-0.1355755996468141,0.05309875425582558,1,0,0.14602306065683657,-0.04954184096360345,-0.038000000000000034,0.04653047785816885,0.07146268740157131,-0.6606245853910897,-0.03633715000000068,0.03859468391550752,0,1,0,0,0,0,0,0
-0.2588564131349121,0.13759774140755182,1.047,-0.044994588116413846,0.31637469482421876,0.5396570434570312,-0.12270962222255952,-0.028467840291508756,1,0,0.13614679091235257,-0.16606558169906058,-0.04699999999999993,0.044994588116413846,0.013433133934662382,-0.7091907182769688,-0.04308543846153784,0.03790586623139076,0,1,0,0,0,0,0,0
-0.23165493281954222,0.16479257468199934,1.057,-0.044313909708135944,0.3892611389160156,0.42586224365234376,-0.12062615181500567,-0.10579127602524166,1,0,0.11102878100453654,-0.270583850707241,-0.05699999999999994,0.044313909708135944,-0.07907424570798643,-0.6884564588561026,-0.056030403030303016,0.041219916943236394,0,1,0,0,0,0,0,0
-0.19904519913475635,0.18520165691055265,1.061,-0.04417428336797632,0.4751041564941406,0.32750457763671875,-0.1260656456272119,-0.1654461280246822,1,0,0.07297955350754445,-0.35064778493523485,-0.06099999999999994,0.04417428336797632,-0.16973031080677314,-0.6055662912565437,-0.028135061538461507,0.04352985410570112,0,1,0,0,0,0,0,0
-0.163827135822629,0.19808852835986357,1.072,-0.04668755749084826,0.5192193603515625,0.21644290161132812,-0.1260656456272119,-0.1654461280246822,1,0,0.03776149019541711,-0.36353465638454574,-0.07200000000000006,0.04668755749084826,-0.1664085441120368,-0.24845928092436764,-0.07334168656716486,0.05794102371266294,0,0,0,0,0,0,0,0
-0.12340017124450928,0.20294508958116653,1.071,-0.05071926806295509,0.6023438110351562,0.10107029724121094,-0.1260656456272119,-0.1654461280246822,1,0,-0.0026654743827026206,-0.3683912176058487,-0.07099999999999995,0.05071926806295509,-0.2272429957055132,-0.21078106595573534,-0.00997074444444378,0.06991788983489236,0,0,0,0,0,0,0,0
-0.08500320681897916,0.19889805044374334,1.068,-0.054192473274423864,0.5782914428710938,-0.031428056716918944,-0.1260656456272119,-0.1654461280246822,1,0,-0.04106243880823274,-0.36434417846842554,-0.06800000000000006,0.054192473274423864,-0.228626806215522,-0.16022172522761363,0.0025855461538455207,0.07022265117351051,0,0,0,0,0,0,0,0
-0.04925070390944029,0.1860261120304867,1.059,-0.055344390580740116,0.5459585571289063,-0.16374710083007812,-0.1260656456272119,-0.1654461280246822,1,0,-0.07681494171777162,-0.35147224005516886,-0.05899999999999994,0.055344390580740116,-0.23231357921937826,-0.1064955245686868,0.04170973846153916,0.060660931994507436,0,0,0,0,0,0,0,0
-0.015432825761248761,0.16222291470962277,1.052,-0.0543844594921433,0.5262420043945313,-0.328441162109375,-0.1260656456272119,-0.1654461280246822,1,0,-0.11063281986596314,-0.32766904273430497,-0.052000000000000046,0.0543844594921433,-0.23611929135342216,-0.03789154838475223,0.03562621212121153,0.050021136362157784,0,0,0,0,0,0,0,0
0.013059452082752016,0.13030237905528336,1.045,-0.05223770451219021,0.4527791748046875,-0.4548685302734375,-0.1260656456272119,-0.1654461280246822,1,0,-0.13912509770996392,-0.2957485070799656,-0.04499999999999993,0.05223770451219021,-0.22221543304496022,0.02092001659011475,0.0409292121212128,0.04247972733058525,0,0,0,0,0,0,0,0
0.03497384694165866,0.09281683128816733,1.041,-0.04799655442984405,0.3576265563964844,-0.5443526611328126,-0.1260656456272119,-0.1654461280246822,1,0,-0.16103949256887057,-0.25826295931284954,-0.040999999999999925,0.04799655442984405,-0.2020246298252083,0.07522102366720743,0.028620600000000093,0.028116163418846443,0,0,0,0,0,0,0,0
0.046394086949327736,0.05093856934268327,1.043,-0.043563418129778354,0.20124493408203126,-0.619231689453125,-0.1260656456272119,-0.1654461280246822,1,0,-0.17245973257653963,-0.21638469736736546,-0.04299999999999993,0.043563418129778354,-0.14766392115453936,0.10978312755502025,-0.005590261194029795,0.023713554099633435,0,0,0,0,0,0,0,0
0.052531721672476266,0.006008549934346755,1.033,-0.03872885610175412,0.12132746887207031,-0.669301513671875,-0.1260656456272119,-0.1654461280246822,1,0,-0.17859736729968817,-0.17145467795902897,-0.03299999999999992,0.03872885610175412,-0.12528525535235505,0.16298429973355424,0.06820515555555567,0.015707132158781563,0,0,0,0,0,0,0,0
0.053237315225783496,-0.039411483899778305,1.021,-0.03549999698556459,0.03695536041259766,-0.6803798217773438,-0.1260656456272119,-0.1654461280246822,1,0,-0.1793029608529954,-0.1260346441249039,-0.020999999999999908,0.03549999698556459,-0.09545597827182813,0.18057058814971405,0.08672848461538474,0.020597570295459063,0,0,0,0,0,0,0,0
0.051143244208148024,-0.0821827811159328,1.007,-0.03234095103945476,-0.008620344161987304,-0.6422800903320313,-0.1260656456272119,-0.1654461280246822,1,0,-0.17720888983535993,-0.0832633469087494,-0.006999999999999895,0.03234095103945476,-0.07978914585897921,0.1807631869990092,0.10640052835820911,0.018195969191201797,0,0,0,0,0,0,0,0
0.043232303443716404,-0.12358827461807469,0.998,-0.03007202301186216,-0.0985191650390625,-0.6245946655273438,-0.1260656456272119,-0.1654461280246822,1,0,-0.1692979490709283,-0.04185785340660751,0.0020000000000000018,0.03007202301186216,-0.04361824581648057,0.20444328767711042,0.08969774999999945,0.019436422882521856,0,0,0,0,0,0,0,0
0.02769191376196038,-0.16439262862583687,0.992,-0.028972465583105823,-0.21459718322753907,-0.6187974853515625,-0.1260656456272119,-0.1654461280246822,1,0,-0.15375755938917227,-0.0010534993988453312,0.008000000000000007,0.028972465583105823,0.004468070668610671,0.21812423966603248,0.07763869230769235,0.02389758514269196,0,0,0,0,0,0,0,0
0.00857396844249213,-0.19516976227142693,0.99,-0.028204520712228322,-0.27327536010742187,-0.4697705078125,-0.16855102114349085,-0.5300335786865872,1,0,-0.177124989585983,-0.3348638164151603,0.010000000000000009,0.028204520712228322,-0.21492975872385578,-1.9389239079121174,0.05760306060606063,0.02471386220823968,0,1,0,0,0,0,0,0
-0.012350738723635318,-0.21977076048093985,0.985,-0.02792526803190918,-0.3033392639160156,-0.3777196044921875,-0.15699075208438235,-0.49035461118818086,1,0,-0.14464001336074703,-0.270583850707241,0.015000000000000013,0.02792526803190918,0.10005600656898096,0.2093693143139637,0.07801757692307697,0.026636409507359293,0,1,0,0,0,0,0,0
-0.031089490396690015,-0.24034882048341696,0.981,-0.027471482426390723,-0.27235308837890626,-0.3163988037109375,-0.1480571166026063,-0.48736335043108764,1,0,-0.11696762620591628,-0.24701452994767067,0.019000000000000017,0.027471482426390723,0.08345197541677318,-0.0020110999139869856,0.07531732238805974,0.025439606580785694,0,1,0,0,0,0,0,0
-0.052961911621257685,-0.2617806570647666,0.981,-0.026581364507873604,-0.3191321716308594,-0.3303681335449219,-0.15729649151735997,-0.5195085146304238,1,0,-0.10433457989610229,-0.2577278575656572,0.019000000000000017,0.026581364507873604,0.015329112065217941,-0.1901719364405789,0.05454150000000003,0.02234270775303018,0,1,0,0,0,0,0,0
-0.0771674044629555,-0.28292766587735946,0.98,-0.024748768793279564,-0.3545233764648438,-0.3267431640625,-0.14597090982961355,-0.555321579515997,1,0,-0.06880350536665805,-0.2723939136386376,0.020000000000000018,0.024748768793279564,0.1512880133351913,-0.2159407974744354,0.06077653030303034,0.016418788272397566,0,1,0,0,0,0,0,0
-0.09953868782233517,-0.30252147537709145,0.98,-0.02242748088812705,-0.3281933898925781,-0.3021212158203125,-0.2462642875289474,0.006250028480333902,1,0,-0.14672559970661225,0.30877150385742536,0.020000000000000018,0.02242748088812705,-0.4957712783878348,3.281969400587784,0.05560350000000003,0.011713844402807759,0,1,0,0,0,0,0,0
-0.12018823802314484,-0.3202960353885748,0.978,-0.02136283004441051,-0.303686279296875,-0.2734975280761719,-0.23474956969385846,0.0047811294642357005,1,0,-0.11456133167071363,0.3250771648528105,0.02200000000000002,0.02136283004441051,0.1130091112498899,0.2487809962389808,0.06811573076923082,0.016449056919564935,0,1,0,0,0,0,0,0
-0.13259681754989097,-0.3409204631220669,0.984,-0.018832102629018667,-0.179477783203125,-0.31327175903320315,-0.21249342729812581,-0.026600434430610997,1,0,-0.07989660974823484,0.3143200286914559,0.016000000000000014,0.018832102629018667,0.13818009723336017,0.09961931465270496,0.021310416417910455,0.007500487336219374,0,1,0,0,0,0,0,0
-0.1459848734669701,-0.36125779067772257,0.988,-0.01677261411166562,-0.1950406494140625,-0.3087874755859375,-0.21001401989842766,-0.03618062582491205,1,0,-0.06402914643145757,0.3250771648528105,0.01200000000000001,0.01677261411166562,0.053141696259838125,0.2211585437830685,0.027307077777777786,0.006965525933793964,0,1,0,0,0,0,0,0
-0.1557545438742481,-0.37831210574195273,0.993,-0.013945180723434628,-0.1422339630126953,-0.258236572265625,-0.20474434946068903,-0.006096299370001335,1,0,-0.04898980558644092,0.3722158063719514,0.007000000000000006,0.013945180723434628,0.053458015415170534,0.4390313915875351,0.018651723076923078,0.0008954881623685143,0,1,0,0,0,0,0,0
-0.16458067501846943,-0.3943603767650025,0.996,-0.012583823906879156,-0.12902226257324217,-0.24254682922363283,-0.19371855068948834,0.0378500642676734,1,0,-0.029137875671018915,0.4322104410326759,0.0040000000000000036,0.012583823906879156,0.08927898190203189,0.5385342241592498,0.027046953846153847,0.006300638599700055,0,1,0,0,0,0,0,0
-0.17038700283788288,-0.40812444595464986,1,-0.009512044423369038,-0.08449002075195312,-0.2075406494140625,-0.18528951061600113,0.06967541990342563,1,0,-0.014902507778118246,0.4777998658580755,0,0.009512044423369038,0.06498241026729783,0.48035835304171515,0.018788678787878783,-0.004450589592586041,0,1,0,0,0,0,0,0
-0.17710910047497497,-0.41874827098281975,1.003,-0.005270894341022771,-0.09931111145019532,-0.16030926513671875,-0.18528951061600113,0.06967541990342563,1,0,-0.008180410141026162,0.4884236908862454,-0.0029999999999998916,0.005270894341022771,0.02796282631785771,0.29973300151261617,0.021909058208955882,-0.013719329908288877,0,0,0,0,0,0,0,0
-0.17921021315252816,-0.4216501930942656,1.006,-0.000855211333477192,-0.03128681755065918,-0.043694347381591794,-0.18528951061600113,0.06967541990342563,1,0,-0.006079297463472966,0.49132561299769123,-0.006000000000000005,0.000855211333477192,0.0055669654902159825,0.262117693781822,0.01847623333333271,-0.02017185060721604,0,0,0,0,0,0,0,0
-0.18037267020909623,-0.417347405483975,1.007,0.00001745329251991851,-0.017492046356201173,0.06452687835693359,-0.18528951061600113,0.06967541990342563,1,0,-0.004916840406904904,0.4870228253874006,-0.006999999999999895,-0.00001745329251991851,0.0007315340143577553,0.22099221894204257,0.028912784615385306,-0.004045136181737351,0,0,0,0,0,0,0,0
-0.17764574892210294,-0.40736339894501455,1.01,0.0015009831567151175,0.04090643310546875,0.14975938415527343,-0.18528951061600113,0.06967541990342563,1,0,-0.007643761693898188,0.4770388188484402,-0.010000000000000009,-0.0015009831567151175,-0.02157970153957024,0.18571911205813033,0.015678553846153246,-0.008348044068385265,0,0,0,0,0,0,0,0
-0.17204163595074584,-0.3896731029207455,1.021,0.0033335788713090495,0.08445989227294921,0.26522796630859374,-0.18528951061600113,0.06967541990342563,1,0,-0.013247874665255288,0.4593485228241711,-0.020999999999999908,-0.0033335788713090495,-0.03988293975189406,0.13567713566493875,-0.03633486923076859,-0.011791712938665658,0,0,0,0,0,0,0,0
-0.16275031495152628,-0.3672859302028001,1.049,0.004764748857944556,0.1404884796142578,0.33534112548828127,-0.18528951061600113,0.06967541990342563,1,0,-0.022539195664474848,0.4369613501062257,-0.04899999999999993,-0.004764748857944556,-0.06290446007836735,0.10308383635792012,-0.14610105671641796,-0.011172972678700554,0,0,0,0,0,0,0,0
-0.15340283852577058,-0.3403717098521668,1.057,0.006736970912698114,0.14213414001464844,0.4030406494140625,-0.18528951061600113,0.06967541990342563,1,0,-0.03188667209023055,0.41004712975559243,-0.05699999999999994,-0.006736970912698114,-0.07099195999373334,0.057309526665239086,-0.05103594444444442,-0.01612850450676268,0,0,0,0,0,0,0,0
-0.14426402832621987,-0.312308840297006,1.052,0.007993607974133975,0.13991490173339843,0.4200099792480469,-0.18528951061600113,0.06967541990342563,1,0,-0.04102548228978126,0.38198426020043164,-0.052000000000000046,-0.007993607974133975,-0.07212140474614807,0.04423540025079395,0.02358045151515092,-0.01370559461702425,0,0,0,0,0,0,0,0
-0.13373343184158945,-0.28080570274023126,1.065,0.010437068926926217,0.16173121643066407,0.4712693176269531,-0.21918544332109657,0.20610137590845823,1,0,-0.08545201147950712,0.4869070786486895,-0.06499999999999995,-0.010437068926926217,-0.2851465982866752,0.8108005691307447,-0.0837571999999994,-0.021714581016736567,0,1,0,0,0,0,0,0
-0.12348145482425701,-0.2508929041346169,1.068,0.010681415022205341,0.1584542236328125,0.44706256103515624,-0.2332595780192864,0.16892356695622696,1,0,-0.10977812319502939,0.41981647109084386,-0.06800000000000006,-0.010681415022205341,-0.1891479927557245,-0.14869799397483377,-0.03275304615384679,-0.011809166231185915,0,1,0,0,0,0,0,0
-0.11606563531274905,-0.21914597130141983,1.078,0.01462585913171268,0.1163173828125,0.4749886779785156,-0.24781266121952486,0.1369467191631243,1,0,-0.1317470259067758,0.3560926904645441,-0.07800000000000007,-0.01462585913171268,-0.18231051124369424,-0.1470506709805476,-0.0766001882352942,-0.03202781843836271,0,1,0,0,0,0,0,0
-0.10742171585243773,-0.18506095347851795,1.074,0.01726130630222391,0.13712249755859374,0.5093242797851563,-0.274970219582968,0.143549722661626,1,0,-0.1675485037305303,0.32861067614014394,-0.07400000000000007,-0.01726130630222391,-0.2861386701880263,0.014727536566690458,-0.00017357777777780165,-0.029811054733229765,0,1,0,0,0,0,0,0
-0.10358147095815741,-0.15079466285681478,1.079,0.017889624832941896,0.06646686553955078,0.5129235229492187,-0.30693145251244225,0.1162563011966726,1,0,-0.20334998155428485,0.2670509640534874,-0.07899999999999996,-0.017889624832941896,-0.298051675848811,-0.19467625176652884,-0.0538323769230763,-0.020789556513178754,0,1,0,0,0,0,0,0
-0.10072659582287266,-0.11865314097007262,1.072,0.01785471824790199,0.05144081115722656,0.4812796325683594,-0.3229696079439057,0.0628654338017183,1,0,-0.22224301212103306,0.18151857477179092,-0.07200000000000006,-0.01785471824790199,-0.21659716386002953,-0.3664081057686056,0.01591500769230708,-0.01769361093233319,0,1,0,0,0,0,0,0
-0.1024365475114599,-0.08563499497795114,1.075,0.01776745178530239,-0.016802711486816405,0.49565118408203124,-0.3364619465605711,0.0036549185932390343,1,0,-0.23402539904911118,0.08928991357119018,-0.07499999999999996,-0.01776745178530239,-0.18435239270215004,-0.44852124671918475,-0.04081864615384553,-0.017364683496381157,0,1,0,0,0,0,0,0
-0.11298857501394571,-0.05549059600084273,1.101,0.017610372152622976,-0.15022201538085939,0.45490670776367187,-0.35554424490320413,-0.038276200629452084,1,0,-0.24255566988925842,0.017214395371390648,-0.10099999999999998,-0.017610372152622976,-0.16989753482975617,-0.3644455052146798,-0.18196239552238813,-0.01690703051375993,0,1,0,0,0,0,0,0
-0.1257418367163653,-0.029849939321218755,1.102,0.018657569703819397,-0.18449649047851563,0.3879188842773437,-0.3682975066056237,-0.086697243569822,1,0,-0.24255566988925842,-0.05684730424860325,-0.10200000000000009,-0.018657569703819397,-0.12548922857265907,-0.43645215456036834,-0.05313965555555624,-0.023644224709516642,0,1,0,0,0,0,0,0
-0.1447616392112424,-0.007451640494260919,1.093,0.021938788697568733,-0.27897927856445315,0.3412386474609375,-0.37345496014770285,-0.13836064436285805,1,0,-0.22869332093646044,-0.13090900386859713,-0.09299999999999997,-0.021938788697568733,-0.04519653512021009,-0.45486695491393014,0.006729372727273385,-0.03685342048733844,0,1,0,0,0,0,0,0
-0.16975720468853386,0.008965517425757814,1.069,0.02616248548739499,-0.36944110107421874,0.25442303466796873,-0.36340989385236405,-0.16079585732101861,1,0,-0.1936526891638302,-0.16976137474677644,-0.06899999999999995,-0.02616248548739499,0.08450504555097352,-0.2876890455931541,0.10501942727272742,-0.04536110725933253,0,1,0,0,0,0,0,0
-0.19684433363415843,0.0163361019473737,1.048,0.031206487025658557,-0.4032757263183594,0.12114971923828124,-0.35766223316120466,-0.18568976291925907,1,0,-0.16081789952704623,-0.20202586486663276,-0.04800000000000004,-0.031206487025658557,0.0945632406122458,-0.2743617174380043,0.10908324999999945,-0.05485024423626902,0,1,0,0,0,0,0,0
-0.22983717817642987,0.013464146850857497,1.029,0.03663446099936087,-0.495995849609375,-0.02761699676513672,-0.3485396922623528,-0.2111528653841382,1,0,-0.11870251408592294,-0.2246170122349957,-0.028999999999999915,-0.03663446099936087,0.14960253950226135,-0.22395862302385244,0.10561621159420362,-0.060234347841544855,0,1,0,0,0,0,0,0
-0.2633688782720282,0.0008336917112748629,1.004,0.04326671215693958,-0.5095771179199219,-0.1709075927734375,-0.33132996411563403,-0.22378332052372082,1,0,-0.06796108584360583,-0.2246170122349957,-0.0040000000000000036,-0.04326671215693958,0.24774589754907092,-0.10950510906524936,0.170343632258064,-0.07535825001619137,0,1,0,0,0,0,0,0
-0.29667034526339847,-0.021471454364656046,0.984,0.04864232625308198,-0.5135260620117188,-0.31265814208984377,-0.3105532455844419,-0.22065935851238574,1,0,-0.013882900321043445,-0.1991879041477297,0.016000000000000014,-0.04864232625308198,0.27952264963280826,0.040005939464427626,0.1530109076923078,-0.07345285285066229,0,1,0,0,0,0,0,0
-0.33030991984770264,-0.05083394236805958,0.969,0.05195845183187123,-0.5254122314453125,-0.41538143920898435,-0.28816210640548023,-0.21852126323478072,1,0,0.042147813442222404,-0.16768732086672114,0.031000000000000028,-0.05195845183187123,0.31807901619696655,0.08833979308190532,0.1382893307692309,-0.06726364681089853,0,1,0,0,0,0,0,0
-0.35911254862962116,-0.08464140233537512,0.955,0.05419247327442403,-0.45779327392578123,-0.48398953247070314,-0.2631690277189689,-0.19267286235962805,1,0,0.09594352091065228,-0.10803146002425293,0.04500000000000004,-0.05419247327442403,0.3330045839398874,0.2697028437696756,0.14439721538461547,-0.06450334147082158,0,1,0,0,0,0,0,0
-0.3798921419174948,-0.12726615339292838,0.942,0.053267448770867004,-0.34586846923828124,-0.6215494384765625,-0.2631690277189689,-0.19267286235962805,1,0,0.11672311419852593,-0.06540670896669967,0.05800000000000005,-0.053267448770867004,0.16235350519994574,0.19241414073075963,0.14771164776119414,-0.04912554800867137,0,0,0,0,0,0,0,0
-0.3934976342880042,-0.1697285921421662,0.94,0.04996877648459766,-0.23770486450195313,-0.6251673583984375,-0.2631690277189689,-0.19267286235962805,1,0,0.13032860656903533,-0.022944270217461843,0.06000000000000005,-0.04996877648459766,0.1362743129420064,0.22686673270876345,0.09289031111111118,-0.03426081321664841,0,0,0,0,0,0,0,0
-0.39736178326748034,-0.2102460404626585,0.934,0.048275807110163244,-0.0882463607788086,-0.6041080322265625,-0.2631690277189689,-0.19267286235962805,1,0,0.13419275554851146,0.01757317810303044,0.06599999999999995,-0.048275807110163244,0.08351450004113176,0.22940531751089233,0.11931589230769171,-0.04046210230508132,0,0,0,0,0,0,0,0
-0.38996611927654673,-0.252096971681247,0.938,0.046216318592809745,0.0805116729736328,-0.632385986328125,-0.2631690277189689,-0.19267286235962805,1,0,0.12679709155757785,0.059424109321618956,0.062000000000000055,-0.046216318592809745,0.019269324006817273,0.25754970131945615,0.06267273846153909,-0.036710986974255136,0,0,0,0,0,0,0,0
-0.3773012244701813,-0.28844939408092135,0.954,0.04668755749084843,0.16457841491699218,-0.5534808349609375,-0.2631690277189689,-0.19267286235962805,1,0,0.11413219675121239,0.0957765317212933,0.04600000000000004,-0.04668755749084843,-0.014327310984329628,0.24321595450416797,-0.013133684848484858,-0.04882955248193335,0,0,0,0,0,0,0,0
-0.35549558969990414,-0.3184665997449566,0.964,0.048380526865282845,0.30571429443359377,-0.4650326843261719,-0.2631690277189689,-0.19267286235962805,1,0,0.09232656198093525,0.12579373738532856,0.03600000000000003,-0.048380526865282845,-0.07191598101213859,0.2223371398111635,0.011717194029850747,-0.055960986750810085,0,0,0,0,0,0,0,0
-0.33430988663344996,-0.34184259228575226,0.926,0.050754174647995275,0.3004561767578125,-0.3655982360839844,-0.2631690277189689,-0.19267286235962805,1,0,0.07114085891448108,0.1491697299261242,0.07399999999999995,-0.050754174647995275,-0.08625233179139469,0.2071794399930969,0.30593331111111066,-0.062057259327578274,0,0,0,0,0,0,0,0
-0.30864258708215664,-0.35772294699098867,0.928,0.054070300226784405,0.37242898559570314,-0.2574310302734375,-0.2631690277189689,-0.19267286235962805,1,0,0.045473559363187754,0.16505008463136062,0.07199999999999995,-0.054070300226784405,-0.11956660942969097,0.17086987693304834,0.08292096923076919,-0.06937549520581116,0,0,0,0,0,0,0,0
-0.28095617068954853,-0.36697981181240896,0.943,0.05646140130201673,0.4071851501464844,-0.16109429931640626,-0.2631690277189689,-0.19267286235962805,1,0,0.01778714297057965,0.1743069494527809,0.05700000000000005,-0.05646140130201673,-0.14201144717852457,0.13919318433047906,0.0025209454545460364,-0.06733004255307276,0,0,0,0,0,0,0,0
-0.25397308104377364,-0.3676081305196802,0.955,0.05874778262212923,0.4035695190429687,-0.03225016784667969,-0.2631690277189689,-0.19267286235962805,1,0,-0.009195946675195243,0.17493526816005217,0.04500000000000004,-0.05874778262212923,-0.15625074379529988,0.09396598552707978,0.007129399999999994,-0.06946519506015655,0,0,0,0,0,0,0,0
-0.22617643380048058,-0.3640366037403815,0.968,0.05982988675836567,0.41937588500976564,0.02899969673156738,-0.2631690277189689,-0.19267286235962805,1,0,-0.036992593918488303,0.17136374138075344,0.03200000000000003,-0.05982988675836567,-0.1678164471508474,0.070201688469668,-0.005341647761194043,-0.06467512915942435,0,0,0,0,0,0,0,0
-0.1973920867923094,-0.3567335677621341,0.983,0.059166661642607886,0.4375428466796875,0.08353247833251953,-0.2631690277189689,-0.19267286235962805,1,0,-0.06577694092665948,0.16406070540250606,0.017000000000000015,-0.059166661642607886,-0.19445874940175512,0.045373920770059355,-0.031353650000000045,-0.056057793912493284,0,0,0,0,0,0,0,0
-0.17434223859344913,-0.34507134177342025,0.995,0.05913175505756787,0.35548690795898436,0.15418247985839845,-0.2631690277189689,-0.19267286235962805,1,0,-0.08882678912551975,0.1523984794137922,0.0050000000000000044,-0.05913175505756787,-0.17086194495987647,0.017736730959218773,-0.022525763636363674,-0.05897308876193143,0,0,0,0,0,0,0,0
-0.15529036797967313,-0.32946709803386043,1.018,0.05923647481268759,0.2991111145019531,0.21676585388183595,-0.2631690277189689,-0.19267286235962805,1,0,-0.10787865973929575,0.13679423567423238,-0.018000000000000016,-0.05923647481268759,-0.16241279654928065,-0.013468412731510254,-0.10318585000000013,-0.059727348664811275,0,0,0,0,0,0,0,0
-0.14153432295897392,-0.31395033725796745,1.035,0.056705747397295746,0.21975807189941407,0.22012742614746095,-0.2631690277189689,-0.19267286235962805,1,0,-0.12163470475999497,0.1212774748983394,-0.03499999999999992,-0.056705747397295746,-0.1381299041403014,-0.018096894634738542,-0.08138711515151456,-0.045202440963696466,0,0,0,0,0,0,0,0
-0.13327858540197818,-0.29697130221048906,1.05,0.053302355355906904,0.1380714111328125,0.24725770568847658,-0.2631690277189689,-0.19267286235962805,1,0,-0.1298904423169907,0.10429843985086101,-0.050000000000000044,-0.053302355355906904,-0.1131752034547252,-0.03427205996173513,-0.08311105454545523,-0.03783239153141217,0,0,0,0,0,0,0,0
-0.13213671974462904,-0.27883973494968556,1.109,0.05119050696099371,0.03159362411499023,0.2706747131347656,-0.3663500442504264,0.18058532937460375,1,0,-0.23421332450579735,0.4594250643242893,-0.10899999999999999,-0.05119050696099371,-0.6922218766082348,2.175724349278199,-0.37411944999999963,-0.04129121760983812,0,1,0,0,0,0,0,0
-0.1296872577290842,-0.2591681911317271,1.127,0.04827580711016323,0.05179214859008789,0.29280661010742187,-0.3694559839661537,0.17937054230601784,1,0,-0.2397687262370695,0.43853873343774497,-0.127,-0.04827580711016323,-0.15455336680581555,0.11100264780274618,-0.163611776923077,-0.03482334626017639,0,1,0,0,0,0,0,0
-0.1286804970928127,-0.24124406426149442,1.135,0.04621631859280973,0.028058300018310545,0.2678199157714844,-0.37832549307436625,0.1357349570895941,1,0,-0.24964499598155354,0.3769790213510885,-0.135,-0.04621631859280973,-0.18211672348137875,-0.13351656210799612,-0.11640394242424246,-0.03685500715029383,0,1,0,0,0,0,0,0
-0.13542960153251063,-0.22597297234232414,1.142,0.046478117980608975,-0.0905456314086914,0.2334989013671875,-0.3881609318092154,0.15430389072769232,1,0,-0.2527313302767048,0.38027686307001646,-0.1419999999999999,-0.046478117980608975,-0.14806873138547152,0.21259016660958915,-0.11819500769230705,-0.04768642284737472,0,1,0,0,0,0,0,0
-0.14850521180124782,-0.20812346121855566,1.144,0.044313909708135986,-0.18348265075683592,0.27656619262695314,-0.3981502077828014,0.1754512435703888,1,0,-0.2496449959815536,0.38357470478894445,-0.1439999999999999,-0.044313909708135986,-0.1139514614171239,0.21396600463303023,-0.0935152611940298,-0.03462342490601812,0,1,0,0,0,0,0,0
-0.16775834259695965,-0.19116998638667682,1.138,0.04122467693210597,-0.27724801635742186,0.26684600830078126,-0.40263440102780673,0.16711849408189194,1,0,-0.23487605843084708,0.35828848046856876,-0.1379999999999999,-0.04122467693210597,-0.040787953339443545,0.043842058845916104,-0.045803566666666566,-0.026514044665296374,0,1,0,0,0,0,0,0
-0.1920238976557654,-0.17236828969343898,1.122,0.039374627924992134,-0.35205096435546873,0.29678668212890624,-0.4083364832496854,0.18702224249003335,1,0,-0.21631258559392,0.35939053218347233,-0.12200000000000011,-0.039374627924992134,-0.013739311731489345,0.19103983717008585,0.01902394615384495,-0.03083594019985135,0,1,0,0,0,0,0,0
-0.2191997082117009,-0.15285892582612617,1.111,0.036913713679679994,-0.39580157470703126,0.3084600524902344,-0.397970480591052,0.20383275575212914,1,0,-0.1787707723793511,0.3566916815782553,-0.11099999999999999,-0.036913713679679994,0.10710645744566599,0.16945586435216156,0.00017936923076988104,-0.0255556479320855,0,1,0,0,0,0,0,0
-0.24871774824083304,-0.1328186799750818,1.095,0.03480186528476692,-0.4313750915527344,0.316739501953125,-0.37799570671148786,0.2056855213218462,1,0,-0.12927795847065482,0.338504201296928,-0.09499999999999997,-0.03480186528476692,0.19208120788595467,0.07866905040633905,0.03797008484848493,-0.0252025543987984,0,1,0,0,0,0,0,0
-0.28089997728676724,-0.11242775626296625,1.081,0.030752701420140083,-0.4717986450195312,0.3224752807617188,-0.3638829213301533,0.2051901141474176,1,0,-0.08298294404338608,0.31761787041038386,-0.08099999999999996,-0.030752701420140083,0.19455085219215917,0.0557797493428355,0.03691322835820905,-0.01262211695166171,0,1,0,0,0,0,0,0
-0.3139506879476156,-0.08795414736315195,1.071,0.02745402913387085,-0.48423858642578127,0.38217413330078126,-0.33520694608797674,0.20987667273366373,1,0,-0.02125625814036114,0.29783082009681566,-0.07099999999999995,-0.02745402913387085,0.30127099660739404,0.05335133589669701,0.022766688235294198,-0.012901063165036,0,1,0,0,0,0,0,0
-0.34618263922858256,-0.05960229896245055,1.062,0.023945917337362288,-0.4716229553222656,0.43838925170898435,-0.30493639974492337,0.19798090189704476,1,0,0.041246239483659186,0.2575832008594953,-0.062000000000000055,-0.023945917337362288,0.3794340126454866,-0.09955059077774453,0.030624099999999356,-0.006405358354819479,0,1,0,0,0,0,0,0
-0.3768742081461086,-0.02997175847851073,1.054,0.022497294058206774,-0.449599609375,0.45535369873046877,-0.2706580162119774,0.18797213019443432,1,0,0.10621619193413123,0.21794388867294504,-0.05400000000000005,-0.022497294058206774,0.39192881538190505,-0.09465709873668138,0.026591942424242412,-0.015912642789318074,0,1,0,0,0,0,0,0
-0.40524724129271045,-0.000725215381209645,1.05,0.02001892652037507,-0.41561911010742186,0.44816107177734377,-0.24672914813378763,0.1609290104386127,1,0,0.15851809315892282,0.16165422581982236,-0.050000000000000044,-0.02001892652037507,0.35966961326571034,-0.2203240914701781,0.008922699999999988,-0.008401578686788952,0,1,0,0,0,0,0,0
-0.42684229290763526,0.029502405726226526,1.036,0.017226399717183982,-0.3147846069335937,0.4598076782226562,-0.24672914813378763,0.1609290104386127,1,0,0.18011314477384763,0.13142660471238618,-0.03600000000000003,-0.017226399717183982,0.19410551170728751,-0.08084163680243675,0.06901379275362321,-0.005084978833744477,0,0,0,0,0,0,0,0
-0.4378571833029399,0.055398104201526854,1.028,0.01558579022030937,-0.15850782775878905,0.3912239074707031,-0.24672914813378763,0.1609290104386127,1,0,0.19112803516915225,0.10553090623708586,-0.028000000000000025,-0.01558579022030937,0.15138708620926677,-0.0842594802347971,0.04866734444444447,-0.00777336404471598,0,0,0,0,0,0,0,0
-0.4407274600214138,0.07926693233532961,1.016,0.014137166941154078,-0.03746892929077148,0.3586599426269531,-0.24672914813378763,0.1609290104386127,1,0,0.19399831188762615,0.0816620781032831,-0.016000000000000014,-0.014137166941154078,0.1074493737627958,-0.08280929289899994,0.07934550000000004,-0.007346745320113646,0,0,0,0,0,0,0,0
-0.43908076120862144,0.09950659529884265,1.012,0.011362093430483111,0.028989843368530274,0.3032154235839844,-0.24672914813378763,0.1609290104386127,1,0,0.1923516130748338,0.061422415139770065,-0.01200000000000001,-0.011362093430483111,0.08218738733955465,-0.07133934652694432,0.03838096153846155,0.001445938157229043,0,0,0,0,0,0,0,0
-0.4282399162636387,0.11802122121082279,1.014,0.008098327729253674,0.16575758361816406,0.2758538818359375,-0.24672914813378763,0.1609290104386127,1,0,0.1815107681298511,0.04290778922778993,-0.014000000000000012,-0.008098327729253674,0.027378006154553332,-0.0712801083732207,0.004382269230769212,0.006965206276420652,0,0,0,0,0,0,0,0
-0.4159084729204783,0.12967599924148776,1.02,0.004345869837465765,0.18638133239746094,0.1733179931640625,-0.24672914813378763,0.1609290104386127,1,0,0.16917932478669065,0.03125301119712495,-0.020000000000000018,-0.004345869837465765,0.01528142749003937,-0.038275587161910804,-0.02112578358208959,0.01245618042427114,0,0,0,0,0,0,0,0
-0.3940746133850053,0.13821629039251404,1.022,0.0014137166941154957,0.3280615234375,0.1266798553466797,-0.24672914813378763,0.1609290104386127,1,0,0.1473454652512177,0.022712720046098672,-0.02200000000000002,-0.0014137166941154957,-0.05052713290102934,-0.02835274501186282,-0.002460800000000027,0.01233075116533889,0,0,0,0,0,0,0,0
-0.3703488237042592,0.14411453152563133,1.03,0.0021642082724729885,0.3560115661621094,0.08797040557861328,-0.24672914813378763,0.1609290104386127,1,0,0.12361967557047157,0.01681447891298138,-0.030000000000000027,-0.0021642082724729885,-0.0706600077447584,-0.016345978882507727,-0.04119522307692314,-0.005628015557199878,0,0,0,0,0,0,0,0
-0.34346893856002175,0.1462887202718499,1.044,0.0038920842319474227,0.40326791381835936,0.031740150451660155,-0.22853978140413372,0.010151588886484986,1,0,0.11492915715588803,-0.1361371313853649,-0.04400000000000004,-0.0038920842319474227,0.0060285899717458305,-0.8847361071336989,-0.08498891538461548,-0.011866896352598657,0,1,0,0,0,0,0,0
-0.3174904396029869,0.14621183009421643,1.05,0.003577924966588374,0.3896700439453125,-0.002669997692108154,-0.24451088609544247,0.011544729937590176,1,0,0.07297955350754443,-0.13466710015662625,-0.050000000000000044,-0.003577924966588374,-0.19398615717058484,-0.052587478450127983,-0.04703699230769237,-0.0021279591264696885,0,1,0,0,0,0,0,0
-0.2923718770174907,0.14689199125364372,1.048,0.0027401669256311703,0.3768125305175781,0.008854269981384277,-0.2656768757870619,0.015355045948881346,1,0,0.026695001230428783,-0.13153694530476237,-0.04800000000000004,-0.0027401669256311703,-0.23301304105687703,-0.04267452835137757,-0.003003138805970189,0.0010109884816398912,0,1,0,0,0,0,0,0
-0.26830188782697834,0.14525878883512927,1.051,0.0013089969389957759,0.36098135375976564,-0.025487279891967772,-0.28622634438966027,0.003029034613100723,1,0,-0.017924456562681934,-0.14222975422202855,-0.050999999999999934,-0.0013089969389957759,-0.25756192682975937,-0.12293981381531602,-0.032583549999999364,0.005399612373357635,0,1,0,0,0,0,0,0
-0.24631696933429562,0.14070036676245817,1.047,0.00015707963267952343,0.3296839904785156,-0.06880794525146484,-0.3042261511722849,-0.0020585090453379973,1,0,-0.05790918183798929,-0.14275887580779617,-0.04699999999999993,-0.00015707963267952343,-0.2488816374965731,-0.06766998534223191,0.008255661538461603,0.005159461781087795,0,1,0,0,0,0,0,0
-0.22723776734229575,0.13292592475745474,1.047,-0.000977384381116831,0.28616970825195315,-0.11666158294677734,-0.32451602020623127,-0.0009455470959421619,1,0,-0.09727825286393552,-0.1338714718533969,-0.04699999999999993,0.000977384381116831,-0.26210338644214193,-0.013335349819948432,-0.013592999999999952,0.006134038989282079,0,1,0,0,0,0,0,0
-0.21510498815540516,0.12501753244173366,1.041,-0.0012042771838760573,0.1821075439453125,-0.1184479522705078,-0.3495343362128393,0.0039834218558023465,1,0,-0.13442934805743414,-0.12103411058593132,-0.040999999999999925,0.0012042771838760573,-0.27203529519660685,0.014998739135113653,0.023248192307692383,0.0022514747350724862,0,1,0,0,0,0,0,0
-0.21115465044295725,0.11488972295671629,1.039,-0.0014835298641951993,0.05943797302246094,-0.15184567260742188,-0.3705362266154278,0.008667952294783787,1,0,-0.15938157617247053,-0.1062217706619325,-0.038999999999999924,0.0014835298641951993,-0.21689466418233813,0.03176083722556665,0.002889160606060667,0.002752860229282208,0,1,0,0,0,0,0,0
-0.21371147481097066,0.10400488207300207,1.036,-0.0007504915783574933,-0.03811010360717773,-0.16332933044433592,-0.3899430124235157,0.022555445935667634,1,0,-0.17623153761254504,-0.08144943613733444,-0.03600000000000003,0.0007504915783574933,-0.1852582378896922,0.10101829380438218,0.010858949999999375,-0.0026856253865067533,0,1,0,0,0,0,0,0
-0.22291785766990194,0.09249162517893955,1.036,-0.0007330382858375955,-0.1379660949707031,-0.17280244445800783,-0.4035016497461179,0.035263625395313816,1,0,-0.18058379207621597,-0.057227999783625735,-0.03600000000000003,0.0007330382858375955,-0.11883873430381328,0.10804122817764372,-0.005781300000000034,0.0006524846280534519,0,1,0,0,0,0,0,0
-0.23950227167346433,0.08279011991376665,1.042,-0.00020943951023921827,-0.2486594696044922,-0.14570489501953124,-0.4193598883051328,0.04819670247279591,1,0,-0.1798576166316685,-0.03459341744097075,-0.04200000000000004,0.00020943951023921827,-0.09124716221886636,0.11079143510657613,-0.04316199230769237,-0.002207170223291754,0,1,0,0,0,0,0,0
-0.2645123405461792,0.07290333101937403,1.051,-0.0015009831567152083,-0.3751199645996094,-0.14838040161132812,-0.41945796505375443,0.07234291848196613,1,0,-0.1549456245075752,-0.0005604125374079061,-0.050999999999999934,0.0015009831567152083,0.05133943976942007,0.18918369477201974,-0.06684733846153784,0.0074619538327582394,0,1,0,0,0,0,0,0
-0.29535464675525885,0.06704742448235194,1.046,-0.003281218993749336,-0.4625022277832031,-0.08853290557861328,-0.4227550425195091,0.09033392398968583,1,0,-0.12740039576425027,0.023286499507333885,-0.04600000000000004,0.003281218993749336,0.07266083846861941,0.14060980287945837,0.011036694117646469,0.011135200627723427,0,1,0,0,0,0,0,0
-0.3283704255577781,0.060993760809789146,1.04,-0.005410520681182418,-0.49493606567382814,-0.092429443359375,-0.41182094113871326,0.11517933671561778,1,0,-0.08345051558093514,0.054185575905828634,-0.040000000000000036,0.005410520681182418,0.20091128891631632,0.20501355448490144,0.023182733333333327,0.015550052526101855,1427127422675,1,0,0,0,0,0,0
-0.36372573239171374,0.05931965568633309,1.037,-0.007086036763096825,-0.5301859741210937,-0.027980554580688478,-0.3932752503841091,0.13958985535769422,1,0,-0.029549517992395358,0.08027019967136112,-0.03699999999999992,0.007086036763096825,0.26557674627913486,0.18690217288005131,0.008162746153846823,0.014819187910394088,1427127422675,1,0,0,0,0,0,0
-0.3963822672371169,0.05951115571385502,1.034,-0.008709192967451762,-0.4898560791015625,-0.0005986237525939941,-0.3673437443724038,0.15960566944702087,1,0,0.02903852286471309,0.10009451373316586,-0.03400000000000003,0.008709192967451762,0.32452508432562227,0.16317003140173086,0.01034174615384554,0.016200683141397627,0,1,0,0,0,0,0,0
-0.4312798072724267,0.06256338429291093,1.035,-0.009477137838329153,-0.5238419799804688,0.041222808837890625,-0.3389662002820365,0.17517851743353235,1,0,0.0923136069903902,0.11261513314062142,-0.03499999999999992,0.009477137838329153,0.3814605555252974,0.13017595434165832,-0.012224215384614733,0.013021498780840185,0,1,0,0,0,0,0,0
-0.4623033968856979,0.0682469957696889,1.034,-0.011362093430483111,-0.4661408996582031,0.08084018707275391,-0.30917169844592923,0.18596914924530944,1,0,0.15313169843976865,0.11772215347562054,-0.03400000000000003,0.011362093430483111,0.38896665591187496,0.09206808290224991,-0.001043519402985681,0.01980219309684412,0,1,0,0,0,0,0,0
-0.48737979417913013,0.07718568522399778,1.037,-0.014259339988793583,-0.3776450805664063,0.1297979736328125,-0.30917169844592923,0.18596914924530944,1,0,0.1782080957332009,0.10878346402131166,-0.03699999999999992,0.014259339988793583,0.22322399608586152,0.011329421463594787,-0.025567166666666006,0.0280557521712244,0,0,0,0,0,0,0,0
-0.5063774218694643,0.08888136607150854,1.039,-0.011938052083641178,-0.28743695068359376,0.17135411071777343,-0.30917169844592923,0.18596914924530944,1,0,0.1972057234235351,0.0970877831738009,-0.038999999999999924,0.011938052083641178,0.19428464273917212,-0.006817505114914989,-0.021363960606060557,0.001386743423857523,0,0,0,0,0,0,0,0
-0.5165351029066945,0.0998183448321294,1.038,-0.009093165402890289,-0.15431280517578125,0.16222409057617188,-0.30917169844592923,0.18596914924530944,1,0,0.20736340446076523,0.08615080441318004,-0.038000000000000034,0.009093165402890289,0.15344847972824222,-0.009098870619086943,-0.0048202846153852395,-0.004037080815959968,0,0,0,0,0,0,0,0
-0.519103726362424,0.11294191846927369,1.035,-0.004049163864626835,-0.040317756652832035,0.1964951171875,-0.30917169844592923,0.18596914924530944,1,0,0.20993202791649473,0.07302723077603575,-0.03499999999999992,0.004049163864626835,0.11400509106617235,-0.027387162149703943,0.008121446153846825,-0.019230843235050643,0,0,0,0,0,0,0,0
-0.5169663138139261,0.12566989153881827,1.032,0.00006981317007981498,0.03128786277770996,0.1910478515625,-0.30917169844592923,0.18596914924530944,1,0,0.20779461536799687,0.060299257706491166,-0.03200000000000003,-0.00006981317007981498,0.08807896986730077,-0.02953476323143528,0.009824841791044182,-0.018512993922497646,0,0,0,0,0,0,0,0
-0.5037941788688232,0.1399713258919842,1.034,0.0034033920413890657,0.19759700012207032,0.2145077209472656,-0.30917169844592923,0.18596914924530944,1,0,0.19462248042289393,0.04599782335332525,-0.03400000000000003,-0.0034033920413890657,0.0196025750245358,-0.04961950329512717,-0.01877211111111115,-0.019277577142861685,0,0,0,0,0,0,0,0
-0.487271359041161,0.1514946783602082,1.04,0.006562437987498672,0.24842913818359375,0.1720057830810547,-0.30917169844592923,0.18596914924530944,1,0,0.17809966059523175,0.03447447088510125,-0.040000000000000036,-0.006562437987498672,-0.004333572478372155,-0.03795517903276451,-0.04502869230769236,-0.021142650046466087,0,0,0,0,0,0,0,0
-0.4651522234160445,0.16127273070020176,1.039,0.007836528341454542,0.33274240112304687,0.1444903106689453,-0.30917169844592923,0.18596914924530944,1,0,0.15598052497011528,0.02469641854510768,-0.038999999999999924,-0.007836528341454542,-0.04542576108983831,-0.033430382609466194,-0.006789884615383952,-0.013716945359712403,0,0,0,0,0,0,0,0
-0.4405288327738197,0.17004522939636932,1.039,0.01010545636904714,0.3703706970214844,0.1286890411376953,-0.30917169844592923,0.18596914924530944,1,0,0.13135713432789048,0.01592391984894012,-0.038999999999999924,-0.01010545636904714,-0.06912630945996878,-0.031675897528016216,-0.01243189999999994,-0.02041876558537713,0,0,0,0,0,0,0,0
-0.4162075830151379,0.1778060706419831,1.038,0.011955505376161081,0.36597650146484373,0.11272007751464844,-0.30917169844592923,0.18596914924530944,1,0,0.10703588456920865,0.008163078603326351,-0.038000000000000034,-0.011955505376161081,-0.07961402839428133,-0.03018608040237179,-0.006579669696970313,-0.020364819044860812,0,0,0,0,0,0,0,0
-0.3898916016619056,0.1833717562004669,1.043,0.014782938764392075,0.3957095947265625,0.07876011657714843,-0.26066752893153705,0.05183481089570452,1,0,0.12922407273036857,-0.13153694530476237,-0.04299999999999993,-0.014782938764392075,0.18001524514075415,-0.8111965130349984,-0.04308527692307629,-0.027832631325458195,0,1,0,0,0,0,0,0
-0.3638854487025548,0.18845807283910215,1.043,0.017191493132144183,0.391177490234375,0.07051991271972656,-0.2820271481804739,0.05942900142984481,1,0,0.08185830052208087,-0.12902907140925735,-0.04299999999999993,-0.017191493132144183,-0.22212167774445146,-0.044079321360273295,-0.016437399999999946,-0.028481591730982192,0,1,0,0,0,0,0,0
-0.3371008131194225,0.19262638394739814,1.037,0.019669860669976,0.4027850036621094,0.05560874938964844,-0.28872823677186366,0.05065558913642282,1,0,0.04837257634755887,-0.14197079481097533,-0.03699999999999992,-0.019669860669976,-0.15737685718365435,-0.1329891705244975,0.019936581818181903,-0.030935167660120617,0,1,0,0,0,0,0,0
-0.3124903637746577,0.1967529864675253,1.031,0.019914206765255345,0.37030279541015626,0.054626270294189455,-0.2872254518958591,0.04115674939226352,1,0,0.025264911878798646,-0.15559623707526177,-0.030999999999999917,-0.019914206765255345,-0.11770874992155994,-0.1457852592584385,0.025532500000000097,-0.02105957908687728,0,1,0,0,0,0,0,0
-0.2885064802846257,0.19965309310699308,1.027,0.02064724505109305,0.36055316162109374,0.03632914733886719,-0.2887482904789754,0.029244516107732516,1,0,-0.00024181019434965645,-0.17040857699926057,-0.026999999999999913,-0.02064724505109305,-0.13733630343880354,-0.15616936070957776,0.016634622388059784,-0.023929506032455913,0,1,0,0,0,0,0,0
-0.26881251667414596,0.20032764853374704,1.021,0.02094395102393198,0.2955553894042969,0.004017216682434082,-0.2989970006065392,0.020044178251820643,1,0,-0.030184483932393258,-0.1802834702819264,-0.020999999999999908,-0.02094395102393198,-0.1828318848510963,-0.13784761628610304,0.0332172000000001,-0.02233476027161446,0,1,0,0,0,0,0,0
-0.25116068953034737,0.20087893787759664,1.024,0.022479840765686984,0.26489251708984374,0.002722446918487549,-0.311849184843642,0.007877326683371016,1,0,-0.06068849531329462,-0.19300161119422563,-0.02400000000000002,-0.022479840765686984,-0.196138644660429,-0.15777543182219433,-0.01806279090909153,-0.02946115777366427,0,1,0,0,0,0,0,0
-0.23542834104457058,0.19829872161924567,1.026,0.024556782575560262,0.23505563354492187,-0.043997928619384764,-0.3188442449557081,0.009127847382919912,1,0,-0.08341590391113754,-0.18917087423632575,-0.026000000000000023,-0.024556782575560262,-0.16817122656837646,-0.06791129259744336,-0.014691930769230796,-0.03414266785189847,0,1,0,0,0,0,0,0
-0.2274850594080262,0.19131986416551988,1.029,0.026459191460234118,0.11654288482666016,-0.1075769271850586,-0.3264640802904126,0.001358393163570476,1,0,-0.09897902088238636,-0.1899614710019494,-0.028999999999999915,-0.026459191460234118,-0.13744016650514465,-0.09331417060153313,-0.0226650461538455,-0.035239540158728835,0,1,0,0,0,0,0,0
-0.22356521428661555,0.1826597538728587,1.035,0.02801253449450902,0.05534040451049805,-0.1314117431640625,-0.3361450303679735,-0.0014885724042005832,1,0,-0.11257981608135795,-0.1841483262770593,-0.03499999999999992,-0.02801253449450902,-0.13156352364933122,-0.055906744174496294,-0.042888983582089514,-0.03496780181215783,0,1,0,0,0,0,0,0
-0.22580094838971818,0.17241678739419797,1.037,0.0300720230118624,-0.037826263427734375,-0.15264491271972655,-0.34273301893474706,-0.00010524943308115597,1,0,-0.11693207054502888,-0.17252203682727912,-0.03699999999999992,-0.0300720230118624,-0.0865669488606345,-0.016989917060683493,-0.024319999999999946,-0.03972587543695637,0,1,0,0,0,0,0,0
-0.23146227236433156,0.16032311367614943,1.037,0.03263765701229404,-0.09033586120605469,-0.17876976013183593,-0.3470388258459604,0.001764408616087898,1,0,-0.11557655348162885,-0.15855870506006153,-0.03699999999999992,-0.03263765701229404,-0.054748783784493354,0.002670971425172766,-0.013619299999999935,-0.04466406638931736,0,1,0,0,0,0,0,0
-0.24139698352382633,0.14680011096625248,1.033,0.03363249468593077,-0.15556051635742188,-0.19787419128417968,-0.35031960950811214,0.009966171128055812,1,0,-0.10892262598428581,-0.13683393983819667,-0.03299999999999992,-0.03363249468593077,-0.02362071375686374,0.05228816133160902,0.010575021212121297,-0.03815448411155226,0,1,0,0,0,0,0,0
-0.2549369831666758,0.13209391096435485,1.027,0.03457497248200769,-0.21040283203125,-0.21363877868652345,-0.349266522297119,0.015250085228424845,1,0,-0.09432953913044323,-0.11684382573593001,-0.026999999999999913,-0.03457497248200769,0.026906696299275397,0.05463925753352774,0.026295092307692402,-0.03892487000236272,0,1,0,0,0,0,0,0
-0.2716975600513374,0.11583722371115417,1.022,0.03598868917612308,-0.25968783569335935,-0.23501385498046876,-0.33751774001470547,0.030471949297986342,1,0,-0.06582017996336809,-0.08536527441316782,-0.02200000000000002,-0.03598868917612308,0.11372577016478208,0.12961482773861666,0.024357351515150935,-0.04241467414937483,1427127424567,1,0,0,0,0,0,0
-0.28816044907118465,0.10132540728363039,1.014,0.03714060648243944,-0.2546156616210937,-0.2086510467529297,-0.32033958521740413,0.04845412133266873,1,0,-0.03217913614621948,-0.05287128595096166,-0.014000000000000012,-0.03714060648243944,0.16331416021828,0.15659777218929855,0.04790260000000003,-0.042540218855797396,1427127424567,1,0,0,0,0,0,0
-0.3070431813512333,0.08836085297581783,1.011,0.03775147172063731,-0.29026666259765627,-0.18381687927246093,-0.3061514608636457,0.07306074118428202,1,0,0.0008917204875876217,-0.015300111791535814,-0.010999999999999899,-0.03775147172063731,0.17394955319127647,0.19997823719056543,0.022634946153846848,-0.040570849743089,1427127424567,1,0,0,0,0,0,0
-0.3206783516631845,0.07659839053123052,1.01,0.03639011490408184,-0.21104100036621093,-0.16859184265136717,-0.28158408989171624,0.0998848900385644,1,0,0.03909426177146824,0.023286499507333885,-0.010000000000000009,-0.03639011490408184,0.22070838321914873,0.22475441750783925,0.012600715384614786,-0.030106929596902747,1427127424567,1,0,0,0,0,0,0
-0.33323560920737616,0.06752215268527019,1.01,0.03532546406036541,-0.19318734741210938,-0.12920054626464844,-0.2513773086852953,0.12837982635203,1,0,0.08185830052208087,0.0608576736667598,-0.010000000000000009,-0.03532546406036541,0.2598334884065366,0.23207404608733495,0.007149099999999995,-0.03055837073029184,1427127424567,1,0,0,0,0,0,0
-0.34299653155704946,0.06290094568001049,1.008,0.035936329298563274,-0.14877067565917967,-0.06410379791259765,-0.24232205398469897,0.14305192499620523,1,0.03532546406036541,0.10067447757235048,0.08015097931619473,-0.008000000000000007,-0.0006108652381978663,0.05033723878617524,0.04007548965809737,-0.006400000000000006,-0.0006108652381978663,0,1,0,0,0,0,0,0
-0.3476088611341588,0.06165092087767854,1.009,0.03834488366631539,-0.06981394958496094,-0.016252548217773437,-0.20700920596808092,0.1776142490757277,1,0.03532546406036541,0.14059965516607786,0.11596332819804916,-0.008999999999999897,-0.00301941960594998,0.2921949475531679,0.25701221478386954,-0.01281225555555486,-0.014488726119055283,0,1,0,0,0,0,0,0
-0.3503820953925202,0.0639947181110591,1.013,0.043685591177418104,-0.04022017669677734,0.036725814819335935,-0.20479199460343503,0.1868704716069744,1,0.03532546406036541,0.14559010078908516,0.1228757534959153,-0.0129999999999999,-0.008360127117052696,0.09984989202054169,0.09881155448838932,-0.03207966153846148,-0.033009546399065226,0,1,0,0,0,0,0,0
-0.35079445514249147,0.06964752485664705,1.015,0.04782202150464454,-0.002476480007171631,0.08498133087158204,-0.2101947999764136,0.1856108530546962,1,0.03532546406036541,0.14059965516607786,0.11596332819804916,-0.014999999999999902,-0.012496557444279133,0.04370279842943284,0.02098921479499586,-0.023007930769230696,-0.03158777433917038,0,1,0,0,0,0,0,0
-0.34726811680725517,0.07901823081220921,1.018,0.05174901232163176,0.05955393218994141,0.13787130737304687,-0.2066684616411773,0.18905662304065887,1,0.03532546406036541,0.14059965516607786,0.11003839222844966,-0.018000000000000016,-0.016423548261266352,0.07066722447957403,0.02390000876266106,-0.030666590909091525,-0.03427350652029917,0,1,0,0,0,0,0,0
-0.3363937481672435,0.09066339958345096,1.026,0.05455899241734275,0.17193252563476563,0.1660063934326172,-0.19579409300116563,0.1947768558423011,1,0.03532546406036541,0.14059965516607786,0.10411345625885013,-0.026000000000000023,-0.019233528356977343,0.0707614262485353,0.021476253733708317,-0.06312274477611945,-0.03181552878553402,0,1,0,0,0,0,0,0
-0.32456772218379853,0.10517017669038262,1.029,0.05757841202329295,0.18899267578125,0.20760443115234375,-0.19283997034751138,0.1845963997425682,1,0.03532546406036541,0.13172775183628715,0.07942622305218558,-0.028999999999999915,-0.022252947962927545,0.017120111235126204,-0.0970174618915351,-0.04058106666666599,-0.03663113656269041,0,1,0,0,0,0,0,0
-0.31103021425275035,0.12335958198671142,1.023,0.061034163942241704,0.21842718505859374,0.260703369140625,-0.20259120865716382,0.1593362745951671,1,0.03532546406036541,0.10843900559558653,0.03597669260845569,-0.02299999999999991,-0.025708699881876296,-0.07056636599549664,-0.2155265567522462,0.013043792307692405,-0.04165832412317822,0,1,0,0,0,0,0,0
-0.2962051623549265,0.1418929402039977,1.021,0.0640710368407118,0.238918701171875,0.26391864013671873,-0.20237293098267406,0.14283982264356496,1,0.03532546406036541,0.09383223137225244,0.0009468824395672537,-0.020999999999999908,-0.028745572780346396,-0.031059682063259632,-0.18770389103703533,-0.007031169230769144,-0.04276190923482378,1427127425413,1,0,0,0,0,0,0
-0.27954382842678116,0.16083326785269977,1.019,0.06536258048718768,0.26759765625,0.2675202941894531,-0.20890779655352104,0.1138105035482626,1,0.03532546406036541,0.07063603187326012,-0.04702276430443718,-0.018999999999999906,-0.030037116426822275,-0.08696944968744386,-0.27748218498703975,-0.005719739393939308,-0.03590776936534899,1427127425413,1,0,0,0,0,0,0
-0.26170633105604046,0.1832105389682962,1.017,0.06681120376634297,0.2889150390625,0.3174661865234375,-0.22774375393464574,0.08566001888180112,1,0.03532546406036541,0.03396257712139472,-0.09755052008649508,-0.016999999999999904,-0.03148573970597757,-0.17385102198218708,-0.3123778944580132,-0.004391938805970063,-0.03797211259771768,1427127425413,1,0,0,0,0,0,0
-0.24448436558377712,0.2018444035223101,1.018,0.0685390797258173,0.27641351318359375,0.2616379089355469,-0.24694415161057442,0.05316059174491439,1,0.03532546406036541,-0.002459786026797306,-0.1486838117773957,-0.018000000000000016,-0.03321361566545189,-0.19967082758224095,-0.3537239238370129,-0.02122365000000062,-0.04131303422548778,0,1,0,0,0,0,0,0
-0.22965433335499363,0.2155159455301527,1.025,0.06791076119509942,0.23597271728515626,0.18935702514648436,-0.26987791897782265,0.012959327624274819,1,0.03532546406036541,-0.04022358562282902,-0.2025566179058779,-0.02499999999999991,-0.032585297134734015,-0.21965705009541234,-0.3868479487430767,-0.05864111212121149,-0.02972930381328913,0,1,0,0,0,0,0,0
-0.21129169742331383,0.22785409226845413,1.031,0.06679375047382308,0.2873633728027344,0.1659546661376953,-0.28742138237142784,-0.023145398344841167,1,0.03532546406036541,-0.07612968494811401,-0.2509994906132953,-0.030999999999999917,-0.03146828641345767,-0.23687381742916913,-0.3946654619640175,-0.05984853333333329,-0.026149187740713165,0,1,0,0,0,0,0,0
-0.19755049533496374,0.2347723749422444,1.039,0.06618288523562499,0.21258473205566406,0.08978567504882813,-0.30793949388712566,-0.04521176700389673,1,0.03532546406036541,-0.11038899855216192,-0.27998414194614113,-0.038999999999999924,-0.03085742117525958,-0.23907012459405486,-0.29628390621049655,-0.07624562307692304,-0.028038043152806866,0,1,0,0,0,0,0,0
-0.18820620588100057,0.23393743464171846,1.034,0.06569419304506652,0.13902920532226562,-0.021766395568847657,-0.32365339128688814,-0.06387489506677307,1,0.03532546406036541,-0.13544718540588757,-0.29781232970849153,-0.03400000000000003,-0.03036872898470111,-0.19619405675539153,-0.24109204412106372,-0.003664605882353511,-0.028212734026354915,0,1,0,0,0,0,0,0
-0.18649934566476725,0.22574526777112972,1.028,0.0669508301065026,0.01748081398010254,-0.12429818725585938,-0.3430075079473341,-0.07521924874747207,1,0.03532546406036541,-0.15650816228256684,-0.3009645165186018,-0.028000000000000025,-0.03162536604613719,-0.19485261068151444,-0.1686071629868379,0.008557033333333346,-0.037609352052975685,0,1,0,0,0,0,0,0
-0.19239677104145872,0.208362561694725,1.023,0.069254664719135,-0.10570695495605469,-0.25423829650878904,-0.35934092810169804,-0.08463682863833027,1,0.03532546406036541,-0.16694415706023932,-0.2929993903330553,-0.02299999999999991,-0.03392920065876959,-0.13936751271339834,-0.10441375955362753,0.005997276923077624,-0.044562283486303714,0,1,0,0,0,0,0,0
-0.20390879746164053,0.1811681249922326,1.014,0.0722740843250852,-0.20049400329589845,-0.3949893493652344,-0.36886514599279935,-0.08705087276356685,1,0.03532546406036541,-0.16495634853115881,-0.26821899775579944,-0.014000000000000012,-0.03694862026471979,-0.07206059330314735,-0.007548954917282746,0.03250252941176417,-0.05026958911450009,0,1,0,0,0,0,0,0
-0.22426088735270105,0.14959193785835398,1.007,0.07550294344127484,-0.3386866760253906,-0.450361572265625,-0.38321585553392407,-0.09487393616549555,1,0.03532546406036541,-0.158954968181223,-0.24446587402384953,-0.006999999999999895,-0.04017747938090943,-0.04605041024313667,0.008589253693602555,0.030623788888889624,-0.055552998981812485,0,1,0,0,0,0,0,0
-0.24768387440728065,0.11466565156859204,1.001,0.07756243195862789,-0.38986181640625,-0.4958993530273437,-0.3807450209596923,-0.07815266739950327,1,0.03532546406036541,-0.13306114655241166,-0.19281831896809531,-0.0009999999999998899,-0.04223696789826248,0.07078339902930467,0.17621252215821848,0.02834648181818194,-0.051598279340776335,0,1,0,0,0,0,0,0
-0.2752930177002769,0.07787768239926429,0.996,0.07745771220350839,-0.4556496276855469,-0.5180712280273437,-0.36991978411899235,-0.07042291807430612,1,0.03532546406036541,-0.09462676641871542,-0.1483006004735704,0.0040000000000000036,-0.04213224814314298,0.16281232356294803,0.16794419250002038,0.027897649999999427,-0.041641374291020335,0,1,0,0,0,0,0,0
-0.30197174439286006,0.03909941308174039,0.985,0.07751007208106808,-0.4439911193847656,-0.5489638671875,-0.348236553110499,-0.04539759235832724,1,0.03532546406036541,-0.04626480871763894,-0.08449700544006764,0.015000000000000013,-0.042184608020702674,0.23718575539900344,0.2998926133574714,0.0686821692307693,-0.042426268994055105,1427127426326,1,0,0,0,0,0,0
-0.3311727049427544,0.00023173338768105178,0.978,0.07588691587671348,-0.4818436279296875,-0.5473482055664063,-0.3219881178492014,-0.01020357243239269,1,0.03532546406036541,0.00918458709355302,-0.010435305820073742,0.02200000000000002,-0.04056145181634807,0.3030795515714474,0.39215262799209905,0.052886707692307744,-0.03306996164240375,1427127426326,1,0,0,0,0,0,0
-0.3597932490791796,-0.036896395592267275,0.979,0.07283258968572337,-0.47029513549804686,-0.522771484375,-0.2876281306739042,0.03716196088726369,1,0.03532546406036541,0.0721651184052754,0.07405835647953096,0.02100000000000002,-0.03750712562535796,0.3751689926340512,0.4906197038099789,0.009146284615384635,-0.02341023551309592,1427127426326,1,0,0,0,0,0,0
-0.3829452537121765,-0.07088108646077282,0.988,0.06850417314077739,-0.3834544677734375,-0.48314794921875,-0.24635850174837465,0.08988384093897975,1,0.03532546406036541,0.13658675196380188,0.16076492739975257,0.01200000000000001,-0.03317870908041198,0.3999286880058907,0.5254002564126785,-0.038911029411764726,-0.01408275373506208,0,1,0,0,0,0,0,0
-0.40191075731171266,-0.10079453310374589,0.993,0.060911990894601975,-0.31452920532226564,-0.42817626953125,-0.24635850174837465,0.08988384093897975,1,0.03532546406036541,0.15555225556333802,0.19067837404272564,0.007000000000000006,-0.025586526834236567,0.18498927154209088,0.26305761046220777,-0.02476990645161291,0.011149838873063832,0,0,0,0,0,0,0,0
-0.4135998129603133,-0.1266404551899945,0.991,0.05656612105713621,-0.1986109619140625,-0.37629638671875,-0.24635850174837465,0.08988384093897975,1,0.03532546406036541,0.16724131121193864,0.21652429612897425,0.009000000000000008,-0.0212406569967708,0.14586826817855272,0.24431895452487223,0.01572136060606063,-0.0014867031901082337,0,0,0,0,0,0,0,0
-0.4160583737364654,-0.14582379855949418,0.989,0.056409041424456685,-0.0530876579284668,-0.2852049560546875,-0.24635850174837465,0.08988384093897975,1,0.03532546406036541,0.16969987198809078,0.23570763949847393,0.01100000000000001,-0.021083577364091277,0.0984588413443652,0.22029705397792698,0.017556030769230794,-0.020358594444031933,0,0,0,0,0,0,0,0
-0.40834307443733886,-0.15660969757777712,0.979,0.05672320068981574,0.10642391967773437,-0.16805587768554686,-0.24635850174837465,0.08988384093897975,1,0.03532546406036541,0.1619845726889642,0.24649353851675687,0.02100000000000002,-0.021397736629450333,0.03992415818477978,0.18063321624209122,0.0687694538461539,-0.02284770246956905,0,0,0,0,0,0,0,0
-0.3938895388166243,-0.15824976157989357,0.986,0.059882246635925354,0.2150596466064453,-0.03685256195068359,0,0,2,0,0.3938895388166243,0.15824976157989357,1.014,-0.059882246635925354,0.19694476940831215,0.07912488078994678,0.8112,-0.059882246635925354,0,0,0,0,0,0,0,0
-0.3720902117714454,-0.15386054419863332,0.983,0.0646819020789099,0.330343994140625,0.04615106201171875,0,0,2,0,0.3720902117714454,0.15386054419863332,1.017,-0.0646819020789099,0.06890597274164165,0.053396034015490604,0.8363643461538455,-0.08683415796960783,0,0,0,0,0,0,0,0
-0.3411049199384605,-0.14115076605845273,0.987,0.06429792964347116,0.4761302490234375,0.16020614624023438,0,0,2,0,0.3411049199384605,0.14115076605845273,1.013,-0.06429792964347116,0.004172157704153606,0.0023298734722287523,0.8020565384615385,-0.06252574917221539,0,0,0,0,0,0,0,0
-0.30757515314738787,-0.12408568647871443,0.981,0.057124626417774396,0.5183546142578125,0.223131103515625,0,0,2,0,0.30757515314738787,0.12408568647871443,1.0190000000000001,-0.057124626417774396,-0.02609382084692441,-0.02957363375750917,0.8673261923076936,-0.02401707306840474,0,0,0,0,0,0,0,0
-0.26480284646522984,-0.09746207225707766,0.998,0.0540703002267844,0.663338623046875,0.36207244873046873,0,0,2,0,0.26480284646522984,0.09746207225707766,1.002,-0.0540703002267844,-0.09707537482826098,-0.09429112320850608,0.7363930384615378,-0.03997341011452287,0,0,0,0,0,0,0,0
-0.22236207694319482,-0.0672442263786775,1.022,0.050562188430275726,0.6601775512695313,0.41820025634765623,-0.12095847407946897,0.2439056125707506,2,0,0.10140360286372585,0.3111498389494281,0.978,-0.050562188430275726,-0.8019727738356704,1.272398531505277,0.6899109656716417,-0.034854225162326447,0,1,0,0,0,0,0,0
-0.17627558011322358,-0.03561645736394814,1.053,0.048502699912922456,0.7143912963867187,0.4388716125488281,-0.13024975061928745,0.22703738439763527,2,0,0.04602582949393613,0.2626538417615834,0.9470000000000001,-0.048502699912922456,-0.27890126388891495,-0.13317323149456503,0.6270136500000005,-0.038848847487829005,0,1,0,0,0,0,0,0
-0.13364379650406477,-0.00631725205527325,1.087,0.0459021593274508,0.66003271484375,0.407967041015625,-0.1582511679127419,0.20153647427136961,2,0,-0.024607371408677137,0.20785372632664287,0.913,-0.0459021593274508,-0.3917192812604404,-0.19030324431857715,0.5922024769230768,-0.033899664317581624,0,1,0,0,0,0,0,0
-0.09184631211225612,0.02269883683022192,1.124,0.04260348704118157,0.6462733764648437,0.40601406860351563,-0.2022838261394384,0.18300150463831988,2,0,-0.11043751402718228,0.16030266780809796,0.8759999999999999,-0.04260348704118157,-0.5165358231163054,-0.17494119344779785,0.55214263076923,-0.027378845719938955,0,1,0,0,0,0,0,0
-0.05424442165572871,0.048108502087773855,1.187,0.03876376268679406,0.579749755859375,0.35677682495117186,-0.25976195627387566,0.14878917271751196,2,0,-0.20551753461814695,0.10068067062973811,0.813,-0.03876376268679406,-0.61401645504561,-0.26968411161545663,0.3670271307692311,-0.02104195797423633,0,1,0,0,0,0,0,0
-0.01796828309135643,0.07260951712271084,1.196,0.035377823937925115,0.5579760131835938,0.34615142822265627,-0.3125909476352044,0.10913875833675522,2,0,-0.29462266454384795,0.03652924121404438,0.804,-0.035377823937925115,-0.6054293669825084,-0.31088464398725707,0.6582015705882359,-0.02043985886938566,0,1,0,0,0,0,0,0
0.006998475425363972,0.0934188213127945,1.249,0.031346113365818176,0.38530755615234374,0.2986979675292969,-0.3125909476352044,0.10913875833675522,2,0,-0.31958942306056837,0.015719937023960726,0.7509999999999999,-0.031346113365818176,-0.3004229252007739,-0.10856024739768116,0.36758775161290236,-0.011837836404010406,0,0,0,0,0,0,0,0
0.022033868651857302,0.1088149771954085,1.286,0.0276809219366302,0.23265806579589843,0.22376052856445314,-0.3125909476352044,0.10913875833675522,2,0,-0.3346248162870617,0.0003237811413467212,0.714,-0.0276809219366302,-0.2481765589023034,-0.08168861421829857,0.4425915307692313,-0.01076465380191647,0,0,0,0,0,0,0,0
0.02528653174038775,0.1135187082636248,1.323,0.02604031243975548,0.05072406005859375,0.06917855834960937,-0.3125909476352044,0.10913875833675522,2,0,-0.33787747937559215,-0.004379949926869575,0.677,-0.02604031243975548,-0.1863150508258637,-0.02608502108195454,0.42047837878787925,-0.018582996544870393,0,0,0,0,0,0,0,0
0.020181442476741092,0.11100940852090369,1.359,0.024940755010999033,-0.07753041076660157,-0.035632888793945314,-0.3125909476352044,0.10913875833675522,2,0,-0.3327723901119455,-0.0018706501841484618,0.641,-0.024940755010999033,-0.13924089513472135,0.013624055258109965,0.39821084615384605,-0.019865874570584658,0,0,0,0,0,0,0,0
0.00919873083113355,0.10658697643240228,1.391,0.02427752989524114,-0.16634375,-0.06220751953125,-0.3125909476352044,0.10913875833675522,2,0,-0.32178967846633794,0.0025517819043529427,0.609,-0.02427752989524114,-0.10408170631725758,0.02542762417570773,0.4033731208955223,-0.02130786519781774,0,0,0,0,0,0,0,0
-0.011385188509647991,0.09951729860709918,1.423,0.02574360646691633,-0.3112420654296875,-0.09851875305175781,-0.3125909476352044,0.10913875833675522,2,0,-0.3012057591255564,0.009621459729656043,0.577,-0.02574360646691633,-0.03699677309442881,0.045142255347600836,0.37079462222222215,-0.032724923474893426,0,0,0,0,0,0,0,0
-0.04433799530718607,0.08710590115458637,1.454,0.02527236756887798,-0.4989205017089844,-0.17338581848144533,-0.3125909476352044,0.10913875833675522,2,0,-0.2682529523280183,0.022032857182168852,0.546,-0.02527236756887798,0.042388348884822846,0.07891688918005176,0.3603983230769236,-0.023097418808700976,0,0,0,0,0,0,0,0
-0.07956896458242896,0.0755062781082341,1.468,0.025813419636996144,-0.5326925659179688,-0.16058465576171874,-0.3125909476352044,0.10913875833675522,2,0,-0.23302198305277544,0.033632480228521125,0.532,-0.025813419636996144,0.07211939795956272,0.08036746885912739,0.4441947846153846,-0.028310583028310746,0,0,0,0,0,0,0,0
-0.11743430851199112,0.06264348660369318,1.467,0.023893557459802386,-0.5727708740234375,-0.17821771240234374,-0.3125909476352044,0.10913875833675522,2,0,-0.1951566391232133,0.046495271733062046,0.5329999999999999,-0.023893557459802386,0.10201911366127028,0.09258181590975531,0.5292002303030297,-0.015166911199830761,0,0,0,0,0,0,0,0
-0.155903462083869,0.05149571342409034,1.461,0.02122320370425125,-0.5808676147460937,-0.15338270568847656,-0.3125909476352044,0.10913875833675522,2,0,-0.1566874855513354,0.057643044912664886,0.5389999999999999,-0.02122320370425125,0.1243522975372076,0.08909895276180016,0.5640727818181819,-0.009085232088109725,0,0,0,0,0,0,0,0
-0.19573701354848036,0.040820831901200436,1.449,0.019390607989657097,-0.6007667846679687,-0.14740718078613282,-0.39857199026885215,0.12483556548652157,2,0,-0.2028349767203718,0.08401473358532113,0.5509999999999999,-0.019390607989657097,-0.35522344188667415,0.1874417599734694,0.611006,-0.010800315577497,0,1,0,0,0,0,0,0
-0.22909883536594072,0.029810337505094164,1.461,0.01553343034274969,-0.5035355529785156,-0.15542338562011718,-0.3500570249885035,0.15388360044462573,2,0,-0.12095818962256277,0.12407326293953157,0.5389999999999999,-0.01553343034274969,0.35331761884543755,0.26653190152665535,0.4786305347826086,0.0012369072524998984,0,1,0,0,0,0,0,0
-0.26121492703756205,0.02318137619402183,1.48,0.013491395117916097,-0.48322775268554685,-0.09193962860107421,-0.32248682540945606,0.19649427983265014,2,0,-0.06127189837189401,0.1733129036386283,0.52,-0.013491395117916097,0.30474448082159694,0.36602945074715154,0.42026603548387154,-0.0036105795138825798,0,1,0,0,0,0,0,0
-0.29664061119300417,0.01664061293157301,1.503,0.012444197566719675,-0.5326605224609375,-0.09093360900878907,-0.34564736899366866,0.22530635802110682,2,0,-0.04900675780066449,0.2086657450895338,0.4970000000000001,-0.012444197566719675,0.0399495203977594,0.2962372445493936,0.3885084461538468,-0.007610978099659269,0,1,0,0,0,0,0,0
-0.33320260261506357,0.017234190882354134,1.531,0.0068242373752979285,-0.548276611328125,0.01572757339477539,-0.356088596702888,0.29673454771622265,2,0,-0.022885994087824435,0.27950035683386854,0.4690000000000001,-0.0068242373752979285,0.12340325476254448,0.511511915582541,0.3468282432835821,0.018339763481814368,0,1,0,0,0,0,0,0
-0.3655772808295579,0.026181510438757875,1.558,-0.0005235987755982523,-0.4846929931640625,0.1375206298828125,-0.33627806995394366,0.36496849071685794,2,0,0.029299210875614268,0.33878698027810006,0.44199999999999995,0.0005235987755982523,0.302980370360836,0.500707239459647,0.3242814999999993,0.03551329473224673,0,1,0,0,0,0,0,0
-0.39197517101867047,0.03996299576995744,1.585,-0.004014257279587027,-0.3960765380859375,0.20651492309570313,-0.3140897348322684,0.4236155289247733,2,0,0.07788543618640209,0.38365253315481584,0.41500000000000004,0.004014257279587027,0.29902443948617136,0.4356030060580637,0.3099943846153852,0.020124988836458295,0,1,0,0,0,0,0,0
-0.41592011875799934,0.06116439819190135,1.613,-0.010314895879286454,-0.36044793701171873,0.31657666015625,-0.2861740796354137,0.49461552826936106,2,0,0.12974603912258564,0.4334511300774597,0.387,0.010314895879286454,0.3426703400164391,0.4873465926166257,0.2847252692307692,0.03939476633943765,0,1,0,0,0,0,0,0
-0.43216059542931223,0.09013142256622131,1.639,-0.016685347649065804,-0.24807598876953124,0.4319695129394531,-0.2434237226687255,0.5385905272459213,2,0,0.18873687276058673,0.44845910467969996,0.361,0.016685347649065804,0.40120388135787466,0.30540462372108823,0.2812923044776119,0.04520975855852558,0,1,0,0,0,0,0,0
-0.44528719534784283,0.12321504309572034,1.661,-0.020298179200694086,-0.20515138244628905,0.49290005493164063,-0.20224130114274716,0.5666714895746736,2,0,0.24304589420509567,0.44345644647895327,0.33899999999999997,0.020298179200694086,0.41278849306158283,0.1978542836740777,0.2832551615384615,0.036972786362055386,0,1,0,0,0,0,0,0
-0.4547996360033415,0.164418027070178,1.685,-0.02293362637120543,-0.1552015380859375,0.6150213623046875,-0.16868106961811807,0.5778585243446506,2,0,0.2861185663852234,0.4134404972744726,0.31499999999999995,0.02293362637120543,0.3776284286256973,0.04589857908980216,0.25328269999999986,0.035287284982977354,0,1,0,0,0,0,0,0
-0.4545393191703654,0.20875118143211618,1.707,-0.022863813201125616,-0.011345737457275391,0.6649119873046875,-0.12269096983864869,0.5794457568839472,2,0,0.3318483493317167,0.370694575451831,0.2929999999999999,0.022863813201125616,0.4113926383297458,-0.0412540564112335,0.2503756615384614,0.022541598569988018,0,1,0,0,0,0,0,0
-0.4477575562273798,0.25797993974220024,1.727,-0.023753931119642847,0.08481797027587891,0.7405640258789062,-0.06752654133001185,0.5812363876086458,2,0,0.38023101489736794,0.3232564478664456,0.2729999999999999,0.023753931119642847,0.44617237242962304,-0.08615525077688854,0.2485783939393938,0.02779992165835753,0,1,0,0,0,0,0,0
-0.43267800988613203,0.3054211368122402,1.747,-0.024155356847601495,0.2092272491455078,0.7167896728515625,-0.06752654133001185,0.5812363876086458,2,0,0.3651514685561202,0.2758152507964056,0.2529999999999999,0.024155356847601495,0.09982528550914718,-0.11757754592386332,0.23088319999999987,0.02603703994740766,0,0,0,0,0,0,0,0
-0.4088993627968077,0.351735619158785,1.769,-0.02323033234404458,0.339796142578125,0.7031294555664063,-0.06752654133001185,0.5812363876086458,2,0,0.3413728214667959,0.22950076844986084,0.2310000000000001,0.02323033234404458,0.04824426922408245,-0.11951804511678925,0.2109937058823541,0.01914934188717584,0,0,0,0,0,0,0,0
-0.3807109313975196,0.3953916700650903,1.788,-0.01930334152705736,0.4075015869140625,0.664485595703125,-0.06752654133001185,0.5812363876086458,2,0,0.31318439006750776,0.18584471754355553,0.21199999999999997,0.01930334152705736,0.00013505834016780405,-0.14537923952504958,0.20480904444444373,0.0006033852556896514,0,0,0,0,0,0,0,0
-0.344579803869749,0.4388315663235025,1.809,-0.017418385934903403,0.5292886962890625,0.6619381713867187,-0.06752654133001185,0.5812363876086458,2,0,0.27705326253973717,0.1424048212851433,0.19100000000000006,0.017418385934903403,-0.05570024928988884,-0.15838014207342238,0.1817291769230775,0.008718590894192826,0,0,0,0,0,0,0,0
-0.3022995647082995,0.4796672789090336,1.827,-0.017854718247901958,0.6234385375976562,0.623489013671875,0.010867179725805753,0.23844152109882058,2,0,0.31316674443410525,-0.24122575781021302,0.17300000000000004,0.017854718247901958,0.3515694853911548,-2.1821482128702994,0.18460752307692307,0.019868559692510675,0,1,0,0,0,0,0,0
-0.2573009789320141,0.5184751075889618,1.841,-0.01928588823453724,0.6644782104492187,0.5940755615234375,-0.033419777576970955,0.15106272191730724,2,0,0.22388120135504314,-0.3674123856716545,0.15900000000000003,0.01928588823453724,-0.36086667532670924,-0.8489524121562307,0.19713757575757576,0.02579120635560671,0,1,0,0,0,0,0,0
-0.20792564755539214,0.5546019604888744,1.857,-0.022951079663725435,0.7300418090820312,0.5560848388671875,-0.09531832155535287,0.1208996271002093,2,0,0.11260732600003927,-0.43370233338866515,0.14300000000000002,0.022951079663725435,-0.5330340845414696,-0.5647497196979423,0.17467531515151513,0.03961104070548995,0,1,0,0,0,0,0,0
-0.15498793966739294,0.5863757066996353,1.872,-0.028431413514987555,0.7829188232421875,0.4947037353515625,-0.07914984038026568,0.09711312469038613,2,0,0.07583809928712726,-0.4892625820092492,0.1279999999999999,0.028431413514987555,-0.1623631371574171,-0.5451504801749374,0.16631174999999926,0.054120478442778744,0,1,0,0,0,0,0,0
-0.10904566297580887,0.6101761889351133,1.881,-0.03673918075448067,0.678706787109375,0.376453369140625,-0.1858555654968318,-0.05172002271666509,2,0,-0.07680990252102293,-0.6618962116517784,0.119,0.03673918075448067,-0.8596061348788558,-1.2576181159651134,0.19345496153846214,0.0750827218598335,0,1,0,0,0,0,0,0
-0.06031650208564298,0.6267995926173118,1.888,-0.04565781323217154,0.7212852783203125,0.27603079223632815,-0.1858555654968318,-0.05172002271666509,2,0,-0.1255390634111888,-0.6785196153339769,0.1120000000000001,0.04565781323217154,-0.32051500898061636,-0.42496635614338046,0.1999344878787886,0.08619705176713002,0,0,0,0,0,0,0,0
-0.014244873918131293,0.634345900353973,1.893,-0.05084144111059483,0.6851878051757813,0.14461863708496095,-0.32733799306296446,-0.14237654646594933,2,0,-0.3130931191448332,-0.7767224468199223,0.10699999999999998,0.05084144111059483,-1.18176644189527,-0.9234571954748778,0.20639674999999938,0.07513969679070404,0,1,0,0,0,0,0,0
0.02330784323859661,0.634172440964418,1.902,-0.05475097863506204,0.5626951293945313,0.02602764892578125,-0.40244949643016925,-0.21318381420681853,2,0,-0.42575733966876583,-0.8473562551712366,0.09800000000000009,0.05475097863506204,-0.8012420028542294,-0.791277674592437,0.18018217462686634,0.07225637053566149,0,1,0,0,0,0,0,0
0.05530237638918499,0.6283304378870059,1.901,-0.05663593422721589,0.4839942932128906,-0.061235881805419924,-0.40244949643016925,-0.21318381420681853,2,0,-0.45775187281935426,-0.8415142520938245,0.09899999999999998,0.05663593422721589,-0.40395789822262596,-0.38796420690577205,0.23409944999999943,0.06547166356543704,0,0,0,0,0,0,0,0
0.06739696881945094,0.6144211107158517,1.902,-0.055326937288220225,0.19293820190429686,-0.19803604125976562,-0.40244949643016925,-0.21318381420681853,2,0,-0.4698464652496202,-0.8276049249226702,0.09800000000000009,0.055326937288220225,-0.3004652199435536,-0.3385995637755464,0.2230830846153853,0.04928541295439408,0,0,0,0,0,0,0,0
0.0697802746478464,0.5930231236167828,1.905,-0.05185373207675157,0.053444103240966795,-0.3185017700195312,-0.40244949643016925,-0.21318381420681853,2,0,-0.47222977107801567,-0.8062069378236013,0.09499999999999997,0.05185373207675157,-0.24967227896811095,-0.28810105127759505,0.21053135384615326,0.03582355417766547,0,0,0,0,0,0,0,0
0.06300803637626541,0.5647107334815562,1.913,-0.049427724416479336,-0.07943535614013672,-0.4293801574707031,-0.40244949643016925,-0.21318381420681853,2,0,-0.46545753280643465,-0.7778945476883747,0.08699999999999997,0.049427724416479336,-0.1978467918006152,-0.23953673430658143,0.1784351575757576,0.03840041686978737,0,0,0,0,0,0,0,0
0.05034847356906939,0.5293119859176204,1.922,-0.04724606285148645,-0.16342701721191405,-0.5397149047851563,-0.40244949643016925,-0.21318381420681853,2,0,-0.45279796999923866,-0.7424958001244389,0.07800000000000007,0.04724606285148645,-0.16059519664107674,-0.18474823957014674,0.16644692727272792,0.03732941937424605,0,0,0,0,0,0,0,0
0.027004774075969427,0.49004302928910237,1.923,-0.04504694799397355,-0.321945556640625,-0.6049143676757812,-0.40244949643016925,-0.21318381420681853,2,0,-0.42945427050613866,-0.7032268434959209,0.07699999999999996,0.04504694799397355,-0.08867138621443574,-0.13853235089438878,0.2083982499999994,0.03473859709938185,0,0,0,0,0,0,0,0
-0.002475739930783696,0.44615867828975875,1.928,-0.040439278768708654,-0.4121163024902344,-0.6775108642578125,-0.48557612458844435,-0.1477854569993302,2,0,-0.48310038465766064,-0.593944135289089,0.07200000000000006,0.040439278768708654,-0.5323330067282332,0.2894161848418224,0.18341192307692375,0.01917311311363989,0,1,0,0,0,0,0,0
-0.03982934034831351,0.3976851790467369,1.936,-0.033265975543011896,-0.530450439453125,-0.74916015625,-0.5021590138592632,-0.16499630292542694,2,0,-0.46232967351094967,-0.5626814819721638,0.06400000000000006,0.033265975543011896,-0.12154218306755932,-0.11542621933172584,0.161274076923077,0.00015842219364223947,0,1,0,0,0,0,0,0
-0.07991748351226814,0.3485546034819152,1.943,-0.025900686099595924,-0.5764783325195313,-0.75655078125,-0.5098788181225555,-0.16284490537547852,2,0,-0.4299613346102874,-0.5113995088573937,0.05699999999999994,0.025900686099595924,-0.04840004096062622,0.009425669871401199,0.1625657358208949,-0.007078221855997973,0,1,0,0,0,0,0,0
-0.12513328186803443,0.2996908076365202,1.952,-0.017941984710501655,-0.6590275268554687,-0.7502759399414063,-0.5349195792717553,-0.07751085925361728,2,0,-0.40978629740372086,-0.37720166689013745,0.04800000000000004,0.017941984710501655,-0.09733088840504354,0.5422867257157636,0.14302135000000066,-0.019364428050877732,0,1,0,0,0,0,0,0
-0.1748595680401468,0.24850400216688734,1.966,-0.011239920382843578,-0.7319990844726563,-0.7810606079101563,-0.5327954492853266,0.016407370909583135,2,0,-0.35793588124517983,-0.2320966312573042,0.03400000000000003,0.011239920382843578,0.09722397517399695,0.6621287397171478,0.10587648461538463,-0.019692684206347545,0,1,0,0,0,0,0,0
-0.22360053577370517,0.1945096916465379,1.968,-0.0050963614158234544,-0.7219651489257812,-0.8180809936523438,-0.5224496935462789,0.07605000032481384,2,0,-0.2988491577725737,-0.11845969132172406,0.03200000000000003,0.0050963614158234544,0.16553781664886763,0.5494266186696005,0.16909986923076928,-0.023258526124269423,0,1,0,0,0,0,0,0
-0.27531116017085866,0.14329913213280385,1.973,-0.0015009831567151816,-0.7717344970703125,-0.7721014404296875,-0.4934029809120002,0.2057735703732839,2,0,-0.21809182074114153,0.062474438240480046,0.026999999999999913,0.0015009831567151816,0.3224626446440114,1.0023037744404573,0.14912152307692242,-0.015093070346861462,0,1,0,0,0,0,0,0
-0.32407881794127225,0.09621335108841422,1.977,-0.0008552113334771868,-0.7304539184570312,-0.7073839111328125,-0.4934029809120002,0.2057735703732839,2,0,-0.16932416297072794,0.10956021928486967,0.02299999999999991,0.0008552113334771868,0.16664224812873613,0.2976298706600155,0.15210317761194023,-0.002036304292961596,0,0,0,0,0,0,0,0
-0.36983653418697787,0.05561307666408379,1.981,-0.0050963614158234544,-0.6858446655273438,-0.6095908813476563,-0.4934029809120002,0.2057735703732839,2,0,-0.12356644672502232,0.1501604937092001,0.018999999999999906,0.0050963614158234544,0.18107206973398182,0.2906739764848677,0.1483837384615384,0.024670900257421614,0,0,0,0,0,0,0,0
-0.4096964100251972,0.025132763647164727,1.986,-0.010192722831646935,-0.595560302734375,-0.460245849609375,-0.4934029809120002,0.2057735703732839,2,0,-0.083706570886803,0.18064080672611915,0.014000000000000012,0.010192722831646935,0.172544428576494,0.25410209263605193,0.13866805000000065,0.0340819169683195,0,0,0,0,0,0,0,0
-0.4447075197485673,-0.001797982872680931,1.99,-0.01277581012459836,-0.52102197265625,-0.4092929992675781,-0.22082631839352418,0.6157450248421698,2,0,0.22388120135504314,0.6175430077148507,0.010000000000000009,0.01277581012459836,1.7647419920210536,2.658815697290403,0.14133833846153848,0.024697751476681858,0,1,0,0,0,0,0,0
-0.4735705136572044,-0.0186276275111597,1.993,-0.013037609512397606,-0.4296844787597656,-0.2579551391601563,-0.16649429428506723,0.6698655568459394,2,0,0.30707621937213714,0.688493184357099,0.006999999999999895,0.013037609512397606,0.5982704239773733,0.724227405854142,0.1443684538461532,0.014245914379163355,0,1,0,0,0,0,0,0
