0.197188817804672,0.2206236115565276,0.71,0.30309387790133535,-0.0006374468207359314,-0.01711479377746582,0,0,1.5,0,-0.197188817804672,-0.2206236115565276,0.79,-0.30309387790133535,-0.098594408902336,-0.1103118057782638,0.6320000000000001,-0.30309387790133535,0,0,0,0,0,0,0,0
0.19759540458349706,0.21938483861875657,0.71,0.30154053486706034,0.0002746720910072327,-0.019554937362670898,0,0,1.5,0,-0.19759540458349706,-0.21938483861875657,0.79,-0.30154053486706034,-0.1009422960513798,-0.10365212400755629,0.6375300000000002,-0.29488335043445313,0,0,0,0,0,0,0,0
0.19716043477097567,0.217231643345458,0.711,0.27949702641437196,-0.015822373390197753,-0.02890291404724121,0,0,1.5,0,-0.19716043477097567,-0.217231643345458,0.789,-0.27949702641437196,-0.09630148247722993,-0.09633942428486104,0.6356306666666668,-0.16927948415093008,0,0,0,0,0,0,0,0
0.1979551278980104,0.21641656698967246,0.716,0.2531076481242177,0.00808496379852295,-0.015040207862854003,0,0,1.5,0,-0.1979551278980104,-0.21641656698967246,0.784,-0.2531076481242177,-0.10340379407902611,-0.1045070740161294,0.6175112811594203,-0.13837122077572095,0,0,0,0,0,0,0,0
0.201120519033391,0.21604445150016494,0.724,0.23300145514124304,0.044570331573486326,-0.01729375648498535,0,0,1.5,0,-0.201120519033391,-0.21604445150016494,0.776,-0.23300145514124304,-0.1192402013546431,-0.10645215979553735,0.5953055606557376,-0.13411853883153158,0,0,0,0,0,0,0,0
0.2042968349159881,0.21631146814305588,0.735,0.21610666798193795,0.04728207778930664,-0.007104099273681641,0,0,1.5,0,-0.2042968349159881,-0.21631146814305588,0.765,-0.21610666798193795,-0.11846922495966242,-0.11019061735910662,0.583613347887324,-0.14472024336515588,0,0,0,0,0,0,0,0
0.20779502097622243,0.21501677010201198,0.752,0.2003288915439092,0.04708795547485352,-0.03022040557861328,0,0,1.5,0,-0.20779502097622243,-0.21501677010201198,0.748,-0.2003288915439092,-0.12543497306103435,-0.10067343689953859,0.5278044423728813,-0.12010290965562745,0,0,0,0,0,0,0,0
0.20971235517046463,0.21258486896531195,0.767,0.18523179351415828,0.020925926208496093,-0.04147199249267578,0,0,1.5,0,-0.20971235517046463,-0.21258486896531195,0.733,-0.18523179351415828,-0.11537515857320582,-0.0951272021638517,0.5467829,-0.12052994481522573,0,0,0,0,0,0,0,0
0.21226819939193614,0.2101447845324571,0.786,0.17013469548440732,0.03094082832336426,-0.043035964965820316,0,0,1.5,0,-0.21226819939193614,-0.2101447845324571,0.714,-0.17013469548440732,-0.12186057327362242,-0.09219436949868272,0.501921906557377,-0.09588667238727147,0,0,0,0,0,0,0,0
0.21231202315188882,0.2068269599906208,0.808,0.1566258470739712,-0.0077785015106201175,-0.04916012573242187,0,0,1.5,0,-0.21231202315188882,-0.2068269599906208,0.692,-0.1566258470739712,-0.1075865949248534,-0.0878491075035341,0.48651889710144913,-0.0978917235503359,0,0,0,0,0,0,0,0
0.21079128220007073,0.20247724365844655,0.826,0.14688690984784286,-0.03270932769775391,-0.060888866424560546,0,0,1.5,0,-0.21079128220007073,-0.20247724365844655,0.674,-0.14688690984784286,-0.09800694985824329,-0.07766991644234529,0.48454581147541037,-0.09899049726032642,0,0,0,0,0,0,0,0
0.20872264829816176,0.1970175939859591,0.85,0.1360135086079182,-0.04268142318725586,-0.07647140502929688,0,0,1.5,0,-0.20872264829816176,-0.1970175939859591,0.65,-0.1360135086079182,-0.09579261680697312,-0.07349936937923246,0.45663783333333324,-0.09070767010823208,0,0,0,0,0,0,0,0
0.2055833275728001,0.18976742697416113,0.871,0.12575097260619153,-0.06140115356445312,-0.10136299133300782,0,0,1.5,0,-0.2055833275728001,-0.18976742697416113,0.629,-0.12575097260619153,-0.08545387722869985,-0.05277330683686591,0.4334285620689654,-0.07266888983863984,0,0,0,0,0,0,0,0
0.1999953998063281,0.18141902239396485,0.893,0.11667526049582103,-0.0988628921508789,-0.11372470092773437,0,0,1.5,0,-0.1999953998063281,-0.18141902239396485,0.607,-0.11667526049582103,-0.07380444808394387,-0.05073508279127752,0.43680169999999996,-0.07777935145137602,0,0,0,0,0,0,0,0
0.19200180016966484,0.1723989175254369,0.92,0.108053333990969,-0.13483934020996094,-0.12042356872558593,0,0,1.5,0,-0.19200180016966484,-0.1723989175254369,0.58,-0.108053333990969,-0.05123315696420492,-0.035453214208763885,0.3711816999999998,-0.06494370146670889,0,0,0,0,0,0,0,0
0.1835568436183909,0.15992478071320954,0.942,0.10023425894203444,-0.1461143341064453,-0.17235983276367187,0,0,1.5,0,-0.1835568436183909,-0.15992478071320954,0.558,-0.10023425894203444,-0.051543716936600155,-0.01957468748775898,0.4049877000000005,-0.06672393730374349,0,0,0,0,0,0,0,0
0.1752533808101145,0.14436790410830938,0.965,0.09178686536238184,-0.14727761840820314,-0.21971841430664063,0,0,1.5,0,-0.1752533808101145,-0.14436790410830938,0.535,-0.09178686536238184,-0.042851038564018784,0.013564636261314461,0.3700659903225806,-0.05091238029954667,0,0,0,0,0,0,0,0
0.16642270985337038,0.12967939751797894,0.988,0.0847008285992849,-0.15209727478027343,-0.20725910949707033,0,0,1.5,0,-0.16642270985337038,-0.12967939751797894,0.512,-0.0847008285992849,-0.04366655575427989,0.0024645154996260077,0.3765097162162162,-0.0559736525326757,0,0,0,0,0,0,0,0
0.15599641293104385,0.11529993141324198,1.008,0.07840018999958537,-0.17408123779296875,-0.20168783569335938,0,0,1.5,0,-0.15599641293104385,-0.11529993141324198,0.492,-0.07840018999958537,-0.01395673004481525,0.03162386067788092,0.3447267727272726,-0.04403307036486062,0,0,0,0,0,0,0,0
0.14687196095660485,0.09945093940413835,1.034,0.07117452689632883,-0.15506573486328126,-0.2262852325439453,0,0,1.5,0,-0.14687196095660485,-0.09945093940413835,0.46599999999999997,-0.07117452689632883,-0.030224216791057294,0.02721800767658729,0.32446149999999996,-0.040207399310943685,0,0,0,0,0,0,0,0
0.13753759355591041,0.08474139782963042,1.053,0.06462954220135006,-0.1553519287109375,-0.21012736511230468,0,0,1.5,0,-0.13753759355591041,-0.08474139782963042,0.44700000000000006,-0.06462954220135006,-0.01770534515328486,0.03967513519970898,0.3329718065573777,-0.032441092881782325,0,0,0,0,0,0,0,0
0.12688079977872366,0.07042830386420788,1.072,0.058730329329609275,-0.17338424682617187,-0.20392420959472657,0,0,1.5,0,-0.12688079977872366,-0.07042830386420788,0.42799999999999994,-0.058730329329609275,-0.011169928508827948,0.03605511848846427,0.3319044823529405,-0.0327043901895764,0,0,0,0,0,0,0,0
0.11855541792888563,0.05365662046094203,1.092,0.05361651462126586,-0.13943202209472655,-0.24381143188476562,0,0,1.5,0,-0.11855541792888563,-0.05365662046094203,0.4079999999999999,-0.05361651462126586,-0.014933763038567444,0.06541621442033987,0.3033249741935483,-0.028872249903475155,0,0,0,0,0,0,0,0
0.11139061878118284,0.03757144269342161,1.109,0.04785692808968459,-0.12024781799316406,-0.23517143249511718,0,0,1.5,0,-0.11139061878118284,-0.03757144269342161,0.391,-0.04785692808968459,-0.02208316225498449,0.060345502516430956,0.3190942159420295,-0.02281524751759212,0,0,0,0,0,0,0,0
0.10364049320374125,0.02349523370041369,1.128,0.04295255289158052,-0.12621958923339843,-0.20534005737304686,0,0,1.5,0,-0.10364049320374125,-0.02349523370041369,0.3720000000000001,-0.04295255289158052,-0.010146570608610066,0.06654292705736514,0.28337890655737774,-0.01883267486811788,0,0,0,0,0,0,0,0
0.09889417573907408,0.009847152590142275,1.149,0.038554323176554786,-0.07991969299316407,-0.201475341796875,0,0,1.5,0,-0.09889417573907408,-0.009847152590142275,0.351,-0.038554323176554786,-0.028914220767553078,0.05987411564652573,0.274566273239436,-0.019970253958136182,0,0,0,0,0,0,0,0
0.09562461168409184,-0.0023999533374641172,1.166,0.03539527723044507,-0.05608794403076172,-0.18167970275878906,0,0,1.5,0,-0.09562461168409184,0.0023999533374641172,0.3340000000000001,-0.03539527723044507,-0.03133747790527838,0.07137213480335522,0.26561054237288195,-0.01933233174175159,0,0,0,0,0,0,0,0
0.09180389248889528,-0.010621570277792626,1.188,0.032498030672134484,-0.06163907623291016,-0.12121890258789063,0,0,1.5,0,-0.09180389248889528,0.010621570277792626,0.31200000000000006,-0.032498030672134484,-0.02978350402667321,0.04394613977499652,0.24104199999999998,-0.020081259707946268,0,0,0,0,0,0,0,0
0.08839203245363964,-0.015704812616458716,1.224,0.026511551337793943,-0.05362837219238281,-0.0745454864501953,0,0,1.5,0,-0.08839203245363964,0.015704812616458716,0.276,-0.026511551337793943,-0.03818130696479832,0.018981431368078183,0.22967439389312977,-0.012802056678998813,0,0,0,0,0,0,0,0
0.0827802601604634,-0.019501887613326347,1.244,0.022951079663725518,-0.08565682220458984,-0.05470471954345703,0,0,1.5,0,-0.0827802601604634,0.019501887613326347,0.256,-0.022951079663725518,-0.014327649145263497,0.02775725171726892,0.2038292923076923,-0.006518133475717405,0,0,0,0,0,0,0,0
0.07598866409361302,-0.02324066410302793,1.261,0.019722220547535987,-0.1031341323852539,-0.053728965759277346,0,0,1.5,0,-0.07598866409361302,0.02324066410302793,0.2390000000000001,-0.019722220547535987,-0.004628346500638349,0.029327831355200274,0.2079366384615391,-0.004819793857430463,0,0,0,0,0,0,0,0
0.07316241695160805,-0.02714194463033534,1.278,0.016475908138826562,-0.04353951644897461,-0.057671783447265625,0,0,1.5,0,-0.07316241695160805,0.02714194463033534,0.22199999999999998,-0.016475908138826562,-0.023613812545374247,0.0335475512671503,0.1896883163934419,-0.0005104372763211941,0,0,0,0,0,0,0,0
0.06978781876960435,-0.03110817190834985,1.297,0.013683381335635587,-0.05159226608276367,-0.0586513786315918,0,0,1.5,0,-0.06978781876960435,0.03110817190834985,0.20300000000000007,-0.013683381335635587,-0.021318546143750654,0.03299918054840868,0.17845030000000056,-0.0017154093219599788,0,0,0,0,0,0,0,0
0.06562505572448571,-0.03559679694313659,1.314,0.010873401239924769,-0.06335686492919922,-0.06646868896484374,0,0,1.5,0,-0.06562505572448571,0.03559679694313659,0.18599999999999994,-0.010873401239924769,-0.012265480818619359,0.04118847665916578,0.16344391639344186,0.002946173001275974,0,0,0,0,0,0,0,0
0.06190639426655195,-0.039871129459493865,1.33,0.008813912722571444,-0.056473758697509764,-0.06350469207763672,0,0,1.5,0,-0.06190639426655195,0.039871129459493865,0.16999999999999993,-0.008813912722571444,-0.015470795987020593,0.03928014488147262,0.16819847971014484,0.00014038517896475082,0,0,0,0,0,0,0,0
0.056620090579560356,-0.04440159332434888,1.345,0.0053058009260628265,-0.07989043426513671,-0.06725543212890625,0,0,1.5,0,-0.056620090579560356,0.04440159332434888,0.15500000000000003,-0.0053058009260628265,-0.0013937072469699975,0.045885529762074294,0.15223782622950882,0.011947207909225453,0,0,0,0,0,0,0,0
0.05275521097073828,-0.04948274638894778,1.359,0.003612831551628299,-0.05837677001953125,-0.07590863037109374,0,0,1.5,0,-0.05275521097073828,0.04948274638894778,0.14100000000000001,-0.003612831551628299,-0.010224457417315192,0.04823974941146289,0.15706180724637683,0.003747904858956602,0,0,0,0,0,0,0,0
0.05066784991114591,-0.05468339105525092,1.372,0.0033335788713092125,-0.031592046737670895,-0.07789604187011719,0,0,1.5,0,-0.05066784991114591,0.05468339105525092,0.1279999999999999,-0.0033335788713092125,-0.016839484242511644,0.05493922827151748,0.14386693606557305,-0.0019602050336743615,0,0,0,0,0,0,0,0
0.048473607008091876,-0.06108595919402166,1.383,0.0020594885173533424,-0.033233612060546876,-0.09592826843261719,0,0,1.5,0,-0.048473607008091876,0.06108595919402166,0.11699999999999999,-0.0020594885173533424,-0.016936750502125862,0.059906074506800674,0.1562624478873245,0.0033239918514742775,0,0,0,0,0,0,0,0
0.04481570118852399,-0.06528212861862293,1.394,0.002460914245312046,-0.05499810028076172,-0.06282940673828125,0,0,1.5,0,-0.04481570118852399,0.06528212861862293,0.1060000000000001,-0.002460914245312046,-0.004613593432743455,0.0549590278594546,0.13815713333333407,-0.0044680428851055646,0,0,0,0,0,0,0,0
0.041414655890632104,-0.06938871680097593,1.404,0.002303834612632577,-0.0511671142578125,-0.06147309112548828,0,0,1.5,0,-0.041414655890632104,0.06938871680097593,0.09600000000000009,-0.002303834612632577,-0.007274618500940893,0.05311617998731609,0.14499580000000012,-0.0016306361868634232,1426000698393,0,0,0,0,0,0,0
0.039984679209492224,-0.0750007160014742,1.412,0.0019373154697137239,-0.021643529891967772,-0.0841303482055664,0,0,1.5,0,-0.039984679209492224,0.0750007160014742,0.08800000000000008,-0.0019373154697137239,-0.015105535095327388,0.06872500977916307,0.14165737288135605,-0.00007365881080430184,1426000698393,0,0,0,0,0,0,0
0.037886964550667424,-0.07965122776837805,1.423,0.0026354471705115233,-0.03160080337524414,-0.06969658660888672,0,0,1.5,0,-0.037886964550667424,0.07965122776837805,0.07699999999999996,-0.0026354471705115233,-0.011925150683957032,0.06140325676966977,0.12504919855072405,-0.005670802391371521,1426000698393,0,0,0,0,0,0,0
0.03521303120957748,-0.0846035434334689,1.43,0.0024434609527920923,-0.04030463409423828,-0.07417877197265625,0,0,1.5,0,-0.03521303120957748,0.0846035434334689,0.07000000000000006,-0.0024434609527920923,-0.0059080050835207815,0.06875639627013565,0.1355093655737712,-0.001499266439417842,1426000698393,0,0,0,0,0,0,0
0.03198100411018351,-0.08903557406483956,1.436,0.002530727415391859,-0.048642704010009766,-0.06636180114746094,0,0,1.5,0,-0.03198100411018351,0.08903557406483956,0.06400000000000006,-0.002530727415391859,-0.0034964832213946855,0.06477996369727701,0.1413213000000001,-0.00290472654081943,1426000698393,0,0,0,0,0,0,0
0.02838043686456151,-0.0949552371906614,1.442,0.0013613568165556532,-0.05423305130004883,-0.08865798187255859,0,0,1.5,0.002530727415391859,-0.02838043686456151,0.0949552371906614,0.05800000000000005,0.0011693705988362058,-0.014190218432280756,0.0474776185953307,0.046400000000000045,0.0011693705988362058,1426000698393,0,0,0,0,0,0,0
0.025867033449792954,-0.09840312460889644,1.446,-0.000733038285837523,-0.03777142333984375,-0.05166693878173828,0,0,1.5,0.002530727415391859,-0.025867033449792954,0.09840312460889644,0.05400000000000005,0.003263765701229382,-0.00038460657446854826,0.06650988158284965,0.023578000000000033,0.01223974471148585,1426000698783,0,0,0,0,0,0,0
0.02635368622745246,-0.10110577317728765,1.449,-0.0020245819323133464,0.007329506874084473,-0.04053436660766602,0,0,1.5,0.002530727415391859,-0.02635368622745246,0.10110577317728765,0.050999999999999934,0.004555309347705205,-0.016049570118558013,0.0664478822220585,0.02398399999999928,0.011013027580084322,0,0,0,0,0,0,0,0
0.024491158172571654,-0.10520549813769967,1.452,-0.002740166925630988,-0.027813360214233397,-0.061552310943603514,0,0,1.5,0.002530727415391859,-0.024491158172571654,0.10520549813769967,0.04800000000000004,0.005270894341022847,-0.0028487910450938746,0.07360059283462794,0.024197808695652766,0.008382133442403898,0,0,0,0,0,0,0,0
0.02125220531081676,-0.10903603036519216,1.453,-0.002879793265790615,-0.048426666259765626,-0.05759089660644531,0,0,1.5,0.002530727415391859,-0.02125220531081676,0.10903603036519216,0.04699999999999993,0.0054105206811824735,0.007894271229229038,0.07676512820633324,0.03316419508196652,0.0060972076000003084,0,0,0,0,0,0,0,0
0.019092142207202602,-0.11438031010793447,1.456,-0.00350811179650849,-0.03216995620727539,-0.08025717163085938,0,0,1.5,0.002530727415391859,-0.019092142207202602,0.11438031010793447,0.04400000000000004,0.006038839211900349,0.0011770980353944527,0.08426026940812469,0.021809900000000573,0.008731632914976955,0,0,0,0,0,0,0,0
0.019002292769606976,-0.11816970252007836,1.456,-0.005183627878423065,-0.001148329496383667,-0.056845264434814455,0,0,1.5,0.002530727415391859,-0.019002292769606976,0.11816970252007836,0.04400000000000004,0.007714355293814924,-0.009065572420232476,0.08160925779283652,0.03707390000000003,0.016091935703387798,0,0,0,0,0,0,0,0
0.017905037743438348,-0.120661997486462,1.457,-0.005497787143782058,-0.01626481819152832,-0.03746923828125,0,0,1.5,0.002530727415391859,-0.017905037743438348,0.120661997486462,0.04299999999999993,0.008028514559173916,-0.003487634737875476,0.07347594889989342,0.03149813623188344,0.009394424408560838,0,0,0,0,0,0,0,0
0.018268980913268444,-0.12212024992452207,1.459,-0.006161012259539895,0.00557932186126709,-0.021843442916870116,0,0,1.5,0.002530727415391859,-0.018268980913268444,0.12212024992452207,0.040999999999999925,0.008691739674931753,-0.011301237349782384,0.0698707839722931,0.02393447741935477,0.011900893460856772,0,0,0,0,0,0,0,0
0.018053834215999202,-0.1229100773512097,1.459,-0.0080459678516938,-0.0031541476249694824,-0.011867069244384765,0,0,1.5,0.002530727415391859,-0.018053834215999202,0.1229100773512097,0.040999999999999925,0.01057669526708566,-0.008120800145043358,0.06591019565383265,0.03552409999999994,0.018323088111553767,0,0,0,0,0,0,0,0
0.01652894897918165,-0.12290654193300157,1.461,-0.010053096491487265,-0.02287296485900879,-0.00013100612163543702,0,0,1.5,0.002530727415391859,-0.01652894897918165,0.12290654193300157,0.038999999999999924,0.012583823906879125,0.0004953637245337008,0.062174704770423035,0.022491433333333262,0.022619467105846454,0,0,0,0,0,0,0,0
0.01809080531423016,-0.12122146373577931,1.464,-0.011623892818282175,0.02317256164550781,0.025510414123535156,0,0,1.5,0.002530727415391859,-0.01809080531423016,0.12122146373577931,0.03600000000000003,0.014154620233674035,-0.017231996502436692,0.05276202293668315,0.016561723529412355,0.021084604028357462,0,0,0,0,0,0,0,0
0.021276778493801045,-0.11987728583987733,1.466,-0.01324704902263689,0.047552005767822265,0.020716794967651365,0,0,1.5,0.002530727415391859,-0.021276778493801045,0.11987728583987733,0.03400000000000003,0.01577777643802875,-0.029383626276418495,0.05299401923749107,0.018940233333333348,0.02389355745980232,0,0,0,0,0,0,0,0
0.025342419724197655,-0.11596726516180227,1.468,-0.014538592669112713,0.06020234680175781,0.059453006744384765,0,0,1.5,0.002530727415391859,-0.025342419724197655,0.11596726516180227,0.03200000000000003,0.017069320084504572,-0.03347190744907479,0.039126625815390156,0.019082772463768133,0.02268472724309511,0,0,0,0,0,0,0,0
0.02949562840851117,-0.11058375365050438,1.471,-0.015219271077390446,0.06111755752563477,0.08164983367919922,0,0,1.5,0.002530727415391859,-0.02949562840851117,0.11058375365050438,0.028999999999999915,0.017749998492782304,-0.03877357218281775,0.02544676389692792,0.009791485245900917,0.02109759722201705,0,0,0,0,0,0,0,0
0.035480403571777445,-0.1068185554086365,1.474,-0.01603957582582781,0.0889017105102539,0.05783763885498047,0,0,1.5,0.002530727415391859,-0.035480403571777445,0.1068185554086365,0.026000000000000023,0.01857030324121967,-0.047054276805075956,0.036227027601468204,0.01020846666666721,0.021988239693042023,0,0,0,0,0,0,0,0
0.03957493093787203,-0.10130261036612663,1.476,-0.01698205362190479,0.060082965850830075,0.08371360778808594,0,0,1.5,0.002530727415391859,-0.03957493093787203,0.10130261036612663,0.02400000000000002,0.01951278103729665,-0.044740191699810056,0.018544982346780578,0.01126203448275863,0.024387666189418955,0,0,0,0,0,0,0,0
0.04277663032911897,-0.0964252161304664,1.478,-0.017051866791984546,0.04677620315551758,0.07396589660644531,0,0,1.5,0.002530727415391859,-0.04277663032911897,0.0964252161304664,0.02200000000000002,0.019582594207376406,-0.03744608317568757,0.025417129677926975,0.012028045070422539,0.019877579433065524,1426000699826,0,0,0,0,0,0,0
0.04716888744901687,-0.09121506931407052,1.48,-0.017662732030182524,0.06454170227050782,0.07926422882080078,0,0,1.5,0.002530727415391859,-0.04716888744901687,0.09121506931407052,0.020000000000000018,0.020193459445574383,-0.04994277878677823,0.016001715265887225,0.008540793220338985,0.023299553877089523,1426000699826,0,0,0,0,0,0,0
0.05168611683797186,-0.08825908923533583,1.482,-0.018448130193580034,0.06696475219726562,0.04552952194213867,0,0,1.5,0.002530727415391859,-0.05168611683797186,0.08825908923533583,0.018000000000000016,0.020978857608971894,-0.049094776733951115,0.030498172755176356,0.008784472463768121,0.02439363223243933,1426000699826,0,0,0,0,0,0,0
0.056124635157232594,-0.08477294057840336,1.491,-0.017802358370342095,0.065601806640625,0.0535114974975586,0,0,1.5,0.002530727415391859,-0.056124635157232594,0.08477294057840336,0.008999999999999897,0.020333085785733954,-0.053094347112991894,0.024435114689414946,-0.03821390000000074,0.01725798186555329,1426000699826,0,0,0,0,0,0,0
0.0604139553279264,-0.08131684863648286,1.493,-0.01837831702350022,0.06340675735473633,0.0529785041809082,0,0,1.5,0.002530727415391859,-0.0604139553279264,0.08131684863648286,0.006999999999999895,0.02090904443889208,-0.05269903681246996,0.02434114818945048,-0.00006041764705891871,0.023450038496942636,1426000699826,0,0,0,0,0,0,0
0.06431679964404409,-0.07916151485233315,1.494,-0.020176006153054413,0.05793864059448242,0.0334004020690918,0,0,1.5,0.002530727415391859,-0.06431679964404409,0.07916151485233315,0.006000000000000005,0.022706733568446272,-0.05500567801370421,0.0287338090927083,0.0037325950819678466,0.031547827648220984,1426000700146,0,0,0,0,0,0,0
0.06684677645638226,-0.07889471932366708,1.492,-0.021607176139689755,0.03786119079589844,0.004766738891601562,0,0,1.5,0.002530727415391859,-0.06684677645638226,0.07889471932366708,0.008000000000000007,0.024137903555081615,-0.04733795996722307,0.03960432632321775,0.021729160606060616,0.030643221676151352,1426000700212,0,0,0,0,0,0,0
0.06882095907540091,-0.0786329859673536,1.494,-0.022933626371205378,0.02952100372314453,0.004564881801605225,0,0,1.5,0.002530727415391859,-0.06882095907540091,0.0786329859673536,0.006000000000000005,0.025464353786597237,-0.044969963843317404,0.03961490821180014,-0.0005804275362318902,0.031231528706230378,1426000700281,0,0,0,0,0,0,0
0.07207603050169649,-0.08023278507528614,1.493,-0.02473131550075957,0.04936352157592774,-0.022871015548706054,0,0,1.5,0.002530727415391859,-0.07207603050169649,0.08023278507528614,0.006999999999999895,0.02726204291615143,-0.055614692021540776,0.05112274186655888,0.016239833333332603,0.03625048856392239,1426000700341,0,0,0,0,0,0,0
0.0708441109514676,-0.08163389398666661,1.494,-0.025289820861397798,-0.017953426361083984,-0.021467164993286134,0,0,1.5,0.002530727415391859,-0.0708441109514676,0.08163389398666661,0.006000000000000005,0.027820548276789658,-0.029988272058569992,0.04945596983929569,0.004719522535211811,0.0301804300823033,1426000700412,0,0,0,0,0,0,0
0.06871035247359213,-0.08434668262596631,1.494,-0.02727949620867131,-0.0309671630859375,-0.04148816680908203,0,0,1.5,0.002530727415391859,-0.06871035247359213,0.08434668262596631,0.006000000000000005,0.02981022362406317,-0.022588537430083808,0.059780697649180224,0.009685100000000002,0.03975860036043073,1426000700472,0,0,0,0,0,0,0
0.06565865765686171,-0.08684052466562076,1.491,-0.03005456971934228,-0.04473805618286133,-0.03864228820800781,0,0,1.5,0.002530727415391859,-0.06565865765686171,0.08684052466562076,0.008999999999999897,0.03258529713473414,-0.01761191643549328,0.05828873446758944,0.027817041791044123,0.04501099942132057,1426000700539,0,0,0,0,0,0,0
0.06079333938222113,-0.08949011811406012,1.487,-0.03186971214141643,-0.07175251007080079,-0.04191899871826172,0,0,1.5,0.002530727415391859,-0.06079333938222113,0.08949011811406012,0.0129999999999999,0.034400439556808285,-0.004129700472887358,0.0613623405256909,0.037649522222222155,0.0430439749000185,1426000700602,0,0,0,0,0,0,0
0.05873098128432065,-0.09176027001788573,1.485,-0.03337069529813152,-0.029834609985351562,-0.035020721435546874,2,0,1.5,0,1.9412690187156794,0.09176027001788573,0.014999999999999902,0.03337069529813152,0.9706345093578397,0.04588013500894286,0.011999999999999922,0.03337069529813152,0,0,0,0,0,0,0,0
0.05658601818032957,-0.09307700754893318,1.482,-0.033039082740252565,-0.031497549057006836,-0.02081355094909668,2,0,1.5,0,1.9434139818196705,0.09307700754893318,0.018000000000000016,0.033039082740252565,0.9851996387895142,0.05415033215672077,0.031722914754099024,0.03140820130806099,0,0,0,0,0,0,0,0
0.05585389271208098,-0.09163654864433315,1.483,-0.03359758810089079,-0.011689630508422852,0.021232326507568358,2,0,1.5,0,1.944146107287919,0.09163654864433315,0.016999999999999904,0.03359758810089079,0.9783136768983032,0.03863160491229241,0.008754636231883415,0.036025872277578745,0,0,0,0,0,0,0,0
0.053797925757171634,-0.08868046196694229,1.48,-0.035377823937924976,-0.032311580657958985,0.04328033828735352,2,0,1.5,0,1.9462020742428283,0.08868046196694229,0.020000000000000018,0.035377823937924976,0.9884408908184202,0.027827632981014896,0.0332865838709684,0.04399186831067102,0,0,0,0,0,0,0,0
0.05342091044814909,-0.08493615148589356,1.477,-0.0370882466048794,-0.007638259887695313,0.05592948532104492,2,0,1.5,0,1.9465790895518509,0.08493615148589356,0.02299999999999991,0.0370882466048794,0.9802786694717275,0.02370879051536454,0.0341271913043472,0.0445248668959856,0,0,0,0,0,0,0,0
0.05956889919513798,-0.08126987015034376,1.473,-0.038763762686793976,0.09011724090576172,0.05837588882446289,2,0,1.5,0,1.940431100804862,0.08126987015034376,0.026999999999999913,0.038763762686793976,0.9412005963050738,0.019882063270201877,0.0452253196721311,0.04700400571260336,0,0,0,0,0,0,0,0
0.0703637706677007,-0.07668529302030339,1.472,-0.0386066830541145,0.15913636779785156,0.07499217224121094,2,0,1.5,0,1.9296362293322993,0.07668529302030339,0.028000000000000025,0.0386066830541145,0.9176533604105969,0.015423626622978859,0.02834016376811653,0.03792372812942113,0,0,0,0,0,0,0,0
0.08455711753226675,-0.07120254839271557,1.471,-0.0371406064824392,0.20956729125976561,0.090397216796875,2,0,1.5,0,1.9154428824677332,0.07120254839271557,0.028999999999999915,0.0371406064824392,0.8850444654544961,0.0045224184339388365,0.029982304918032086,0.029930393834855754,0,0,0,0,0,0,0,0
0.10420900358324008,-0.06609297221626213,1.474,-0.03733259270015864,0.29172906494140627,0.08753651428222656,2,0,1.5,0,1.8957909964167599,0.06609297221626213,0.026000000000000023,0.03733259270015864,0.8597233819798005,0.007924385358024737,0.007026600000000563,0.038155390776099085,0,0,0,0,0,0,0,0
0.13345276515227544,-0.060788702226066985,1.479,-0.038973202197033305,0.4353811340332031,0.09588098907470703,2,0,1.5,0,1.8665472348477246,0.060788702226066985,0.020999999999999908,0.038973202197033305,0.7767074506869747,0.00042287634423583687,-0.010533824590164671,0.04704177349313823,0,0,0,0,0,0,0,0
0.17082213672402116,-0.0552925747022779,1.486,-0.038676496224194265,0.5569027099609375,0.10421984100341797,2,0,1.5,0,1.8291778632759788,0.0552925747022779,0.014000000000000012,0.038676496224194265,0.7375221888682517,0.00026839273883737247,-0.022855946376811046,0.037386470255328874,0,0,0,0,0,0,0,0
0.21556969153934233,-0.05040579454625863,1.495,-0.038432150128915085,0.6678770141601562,0.09920059204101563,2,0,1.5,0,1.7844303084606576,0.05040579454625863,0.004999999999999893,0.038432150128915085,0.649043431949885,-0.0023042446096709045,-0.04615754426229585,0.03723044802098469,0,0,0,0,0,0,0,0
0.26606680308366726,-0.04658962614714147,1.489,-0.03874630939427408,0.7546979370117187,0.08630377960205078,2,0,1.5,0,1.7339331969163327,0.04658962614714147,0.010999999999999899,0.03874630939427408,0.6255947867143072,0.004501344629797989,0.04079248260869559,0.040112219243661006,0,0,0,0,0,0,0,0
0.3209788717526803,-0.042668448808790914,1.481,-0.038885935734433594,0.820784423828125,0.09068013000488281,2,0,1.5,0,1.6790211282473197,0.042668448808790914,0.018999999999999906,0.038885935734433594,0.540238477509579,-0.0005743988467857807,0.06277523934426225,0.039572622653250886,0,0,0,0,0,0,0,0
0.38438582079653166,-0.03904106879907558,1.473,-0.039374627924992,0.9482699584960937,0.0913448257446289,2,0,1.5,0,1.6156141792034684,0.03904106879907558,0.026999999999999913,0.039374627924992,0.5030895715611439,0.0017376543120915314,0.0640396101449275,0.04149937657959378,0,0,0,0,0,0,0,0
0.45677154821906035,-0.03534773674353154,1.47,-0.03899065548955325,1.0827635498046875,0.0980984115600586,2,0,1.5,0,1.5432284517809396,0.03534773674353154,0.030000000000000027,0.03899065548955325,0.38085385474419203,-0.002536797598695184,0.042981383870968407,0.03713272435033349,0,0,0,0,0,0,0,0
0.5343589636086883,-0.03220482127151797,1.463,-0.03843215012891508,1.1610889892578125,0.09247416687011718,2,0,1.5,0,1.4656410363913117,0.03220482127151797,0.03699999999999992,0.03843215012891508,0.3692566841468051,0.0012708199560916254,0.06641564225352053,0.03607226832340167,0,0,0,0,0,0,0,0
0.614238120378793,-0.02929365050835023,1.458,-0.038711402809234116,1.195624755859375,0.08967289733886719,2,0,1.5,0,1.385761879621207,0.02929365050835023,0.04200000000000004,0.038711402809234116,0.23874847515822367,-0.001943893956757507,0.06581741694915326,0.04013133169221227,0,0,0,0,0,0,0,0
0.7007019108758038,-0.02828187918240023,1.456,-0.03914773512223278,1.2953978271484374,0.06535968017578125,2,0,1.5,0,1.2992980891241963,0.02828187918240023,0.04400000000000004,0.03914773512223278,0.22522529138530317,0.009631462597125646,0.04834971764705885,0.04107273062075631,0,0,0,0,0,0,0,0
0.7985198929137195,-0.02835604686452113,1.452,-0.038397243543875234,1.4661890869140626,0.0563139533996582,2,0,1.5,0,1.2014801070862804,0.02835604686452113,0.04800000000000004,0.038397243543875234,0.06989714812826364,0.01531246224596897,0.06413384516129036,0.03476583268085484,0,0,0,0,0,0,0,0
0.9013664381485299,-0.026821123949040612,1.448,-0.03600614246864296,1.54067724609375,0.08222767639160156,2,0,1.5,0,1.0986335618514702,0.026821123949040612,0.052000000000000046,0.03600614246864296,0.04974484398697654,0.006358977960025866,0.06540185507246382,0.025610050837198306,0,0,0,0,0,0,0,0
1.0117701237586618,-0.026713333840585808,1.449,-0.03319616237293209,1.6549237060546875,0.06123108291625977,2,0,1.5,0,0.9882298762413382,0.026713333840585808,0.050999999999999934,0.03319616237293209,-0.11663257410831052,0.013488751079670624,0.03888539508196651,0.01937658813173107,0,0,0,0,0,0,0,0
1.1270368075047186,-0.026328238091840366,1.449,-0.031311206780778186,1.72785595703125,0.06315888595581055,2,0,1.5,0,0.8729631924952814,0.026328238091840366,0.050999999999999934,0.031311206780778186,-0.1248858784570685,0.011979453292210951,0.04497499999999994,0.023115747684456872,0,0,0,0,0,0,0,0
1.237804413043684,-0.024789386194175696,1.451,-0.03185225884889646,1.65997705078125,0.07508697509765624,2,0,1.5,0,0.762195586956316,0.024789386194175696,0.04899999999999993,0.03185225884889646,-0.22041204200017572,0.004491713831349709,0.03238847741935477,0.03447025272688811,0,0,0,0,0,0,0,0
1.3694158356227883,-0.02627218272033404,1.436,-0.03129375348825829,1.9738782958984376,0.04064051818847656,2,0,1.5,0,0.6305841643772117,0.02627218272033404,0.06400000000000006,0.03129375348825829,-0.32807582370872157,0.021459738719168328,0.1322073565217398,0.02886546931157058,0,0,0,0,0,0,0,0
1.4943137622858722,-0.028120946713165087,1.423,-0.030368728984701263,1.8734193115234374,0.030900423049926757,2,0,1.5,0,0.5056862377141278,0.028120946713165087,0.07699999999999996,0.030368728984701263,-0.4164894025582665,0.025151316328870355,0.13922772222222163,0.025963850396334472,0,0,0,0,0,0,0,0
1.612977822928521,-0.02983936407570295,1.423,-0.02981022362406309,1.7799228515625,0.028282466888427733,2,0,1.5,0,0.387022177071479,0.02983936407570295,0.07699999999999996,0.02981022362406309,-0.40157164162462256,0.024736413430521527,0.06752139999999995,0.027309453352548883,0,0,0,0,0,0,0,0
0.4176648839346644,-1.8540052632307,1.427,-0.029635690698863612,1.6272000732421874,0.03865792083740234,0,0,1.5,0,-0.4176648839346644,1.8540052632307,0.07299999999999995,0.029635690698863612,-4.654775089306789,11.06326557451166,0.04255907777777772,0.028804581531247053,0,1,1.7214864464061037,-0.030496648650924208,-1.6979999999999942,-0.08929995900653492,-0.11551251207057965,85.11647033691405,-1.721634190156155,-0.02052671489091696,1.6979999999999942,1.63233423114962,-0.09498579717966268,83.41847033691405
0.440043065890703,-0.9336371771319791,1.446,-0.028047441079548804,1.5633878173828124,0.013153140068054198,0,0,1.5,0,-0.440043065890703,0.9336371771319791,0.05400000000000005,0.028047441079548804,-0.31096155620463806,-4.267727269012089,-0.0478456176470583,0.021040457464924653,0,1,0.5218709553613202,-1.8562171253368618,-1.606999999999996,-0.2357700611493059,-0.10768712494091982,85.25647735595705,-0.5737210164521404,1.8408518424155442,1.606999999999996,0.3379509553028345,-1.9485389673564641,83.64947735595703
0.3655988117176547,-0.7763475348545228,1.462,-0.026965336943312365,1.494908447265625,-0.05718392944335938,0,0,1.5,0,-0.3655988117176547,0.7763475348545228,0.038000000000000034,0.026965336943312365,0.2483254215426202,-0.4688642804840511,-0.05010830000000006,0.021892973804704056,0,1,0.5395575219998321,-0.9402427970242144,-1.5449999999999986,-0.3460179771707311,-0.08550953426041089,85.22661590576172,-0.5647122611581847,0.925353391413317,1.5449999999999986,0.21869428398745366,-1.0108629256737278,83.68161590576172
0.4498147892805799,-0.7796670201420633,1.502,-0.026895523773232552,1.2641229248046875,-0.015714622497558593,0,0,1.5,0,-0.4498147892805799,0.7796670201420633,-0.0020000000000000018,0.026895523773232552,-0.6477963410241381,0.4110911046681432,-0.20674271212121229,0.026578191181960673,0,0,0,0,0,0,0,0
0.5213960931327004,-0.780663695233657,1.53,-0.028082347664588714,1.0737332763671874,0.013930048942565918,0,0,1.5,0,-0.5213960931327004,0.780663695233657,-0.030000000000000027,0.028082347664588714,-0.648017562703008,0.4001809435724592,-0.1778602377049182,0.03391918647453705,0,0,0,0,0,0,0,0
0.5865353745261288,-0.7839905223473468,1.543,-0.027471482426390678,0.9781051635742187,-0.022447378158569335,0,0,1.5,0,-0.5865353745261288,0.7839905223473468,-0.04299999999999993,0.027471482426390678,-0.5869463942692579,0.41286227897777994,-0.09110854444444391,0.024926210600565525,0,0,0,0,0,0,0,0
0.6482100759519301,-0.790176757724437,1.557,-0.026947883650792356,0.9273203125,-0.06734728240966797,0,0,1.5,0,-0.6482100759519301,0.790176757724437,-0.05699999999999994,0.026947883650792356,-0.6736853446718997,0.437572353662522,-0.12392745862068968,0.02423961412183552,0,0,0,0,0,0,0,0
0.698757100327058,-0.7965515845124295,1.561,-0.026825710603152794,0.760506591796875,-0.07515812683105469,0,0,1.5,0,-0.698757100327058,0.7965515845124295,-0.06099999999999994,0.026825710603152794,-0.5800081863082545,0.4358607563818194,-0.06307169999999998,0.02630211182755467,0,0,0,0,0,0,0,0
0.7349970492141422,-0.7962855836989661,1.547,-0.02680825731063284,0.543296630859375,0.018569263458251953,0,0,1.5,0,-0.7349970492141422,0.7962855836989661,-0.04699999999999993,0.02680825731063284,-0.557233738947011,0.4027797219734748,0.04951296666666678,0.026720990848033074,0,0,0,0,0,0,0,0
0.7619728567464283,-0.7890152937293511,1.541,-0.027750735106709768,0.4015685119628906,0.11986148071289063,0,0,1.5,0,-0.7619728567464283,0.7890152937293511,-0.040999999999999925,0.027750735106709768,-0.4947343595329823,0.3648971092580727,0.002359300000000078,0.03178992566132517,0,0,0,0,0,0,0,0
0.7782802970462137,-0.7748704567394175,1.535,-0.02897246558310578,0.23863023376464843,0.21887814331054686,0,0,1.5,0,-0.7782802970462137,0.7748704567394175,-0.03499999999999992,0.02897246558310578,-0.4636027452817534,0.3121295137772783,0.01194930000000009,0.035081117965085826,0,0,0,0,0,0,0,0
0.7888842573563768,-0.7539591541121866,1.525,-0.030141836181941984,0.14990614318847656,0.3181455993652344,0,0,1.5,0,-0.7888842573563768,0.7539591541121866,-0.02499999999999991,0.030141836181941984,-0.4273500108857185,0.2801566698433334,0.0347743000000001,0.03515342446266858,0,0,0,0,0,0,0,0
0.7920874809789034,-0.7263096270373519,1.521,-0.030665434957540306,0.03552730941772461,0.4160025634765625,0,0,1.5,0,-0.7920874809789034,0.7263096270373519,-0.020999999999999908,0.030665434957540306,-0.39395638631968505,0.22014490641287185,0.009714900000000092,0.03311980421815744,0,0,0,0,0,0,0,0
0.792268303821059,-0.6908052944949334,1.514,-0.02916445180082521,-0.01361771011352539,0.5323977661132813,0,0,1.5,0,-0.792268303821059,0.6908052944949334,-0.014000000000000012,0.02916445180082521,-0.37799861680688157,0.17132795084644406,0.029374111764705325,0.022542467285905664,0,0,0,0,0,0,0,0
0.7871708235913262,-0.6473657329096841,1.509,-0.026092672317315147,-0.09543035888671875,0.649086669921875,0,0,1.5,0,-0.7871708235913262,0.6473657329096841,-0.008999999999999897,0.026092672317315147,-0.34669575389603857,0.09142800085570044,0.025065777777778495,0.011465150967267232,0,0,0,0,0,0,0,0
0.7756445633961445,-0.5971868596479112,1.505,-0.022724186860966104,-0.1924723358154297,0.7479161376953125,0,0,1.5,0,-0.7756445633961445,0.5971868596479112,-0.004999999999999893,0.022724186860966104,-0.30863977672425547,0.041963519768912105,0.02166712121212131,0.00741288933210682,0,0,0,0,0,0,0,0
0.7568653335568002,-0.5402845004979219,1.502,-0.018744836166419084,-0.30100994873046877,0.8469144287109375,0,0,1.5,0,-0.7568653335568002,0.5402845004979219,-0.0020000000000000018,0.018744836166419084,-0.25128288070420246,-0.0519938320016225,0.020342999999999365,-0.0011519173063160165,0,0,0,0,0,0,0,0
0.7296480331209403,-0.47957382904083184,1.5,-0.015777776438028687,-0.4252569580078125,0.9028477783203125,0,0,1.5,0,-0.7296480331209403,0.47957382904083184,0,0.015777776438028687,-0.2116439893263329,-0.05363639496035136,0.014443000000000006,0.003061806173498412,0,0,0,0,0,0,0,0
0.6969935217734043,-0.41434516937219157,1.497,-0.012740903539558531,-0.5051935119628906,0.9705802001953125,0,0,1.5,0,-0.6969935217734043,0.41434516937219157,0.0029999999999998916,0.012740903539558531,-0.14446645152543178,-0.15670741833334859,0.024074414754097648,-0.0021945369447209217,0,0,0,0,0,0,0,0
0.657890446711127,-0.34823135843098774,1.496,-0.008744099552491554,-0.5991334228515625,0.9841537475585938,0,0,1.5,0,-0.657890446711127,0.34823135843098774,0.0040000000000000036,0.008744099552491554,-0.11438187728191812,-0.15062115336051266,0.012761363768116511,-0.008633309086930083,0,0,0,0,0,0,0,0
0.6058808160174841,-0.285887647485888,1.492,-0.004555309347705146,-0.7882916259765625,0.92829833984375,0,0,1.5,0,-0.6058808160174841,0.285887647485888,0.008000000000000007,0.004555309347705146,0.011320333107796066,-0.20396852369488547,0.033888519672131176,-0.01604529821681817,0,0,0,0,0,0,0,0
0.5497490080088139,-0.23237758683825516,1.49,-0.00019198621771937194,-0.8456246948242188,0.79880712890625,0,0,1.5,0,-0.5497490080088139,0.23237758683825516,0.010000000000000009,0.00019198621771937194,0.025317558843441612,-0.14428124045047475,0.022751627536231896,-0.01877898391265356,0,0,0,0,0,0,0,0
0.49235050826864196,-0.1849455457355006,1.48,0.004188790204786411,-0.8611140747070313,0.7113153076171875,0,0,1.5,0,-0.49235050826864196,0.1849455457355006,0.020000000000000018,-0.004188790204786411,0.09832556678755175,-0.16860765586175713,0.07810574918032794,-0.025733592282683702,0,0,0,0,0,0,0,0
0.41929324659244804,-0.1357756996330486,1.482,0.010611601852125566,-1.0927598876953124,0.7421315307617188,0,0,1.5,0,-0.41929324659244804,0.1357756996330486,0.018000000000000016,-0.010611601852125566,0.17051134648711547,-0.16679571092789178,0.009254700000000006,-0.03813793748357908,0,0,0,0,0,0,0,0
0.34720247761395495,-0.09314613278260661,1.489,0.016144295580947602,-1.0745152587890625,0.6508822631835938,0,0,1.5,0,-0.34720247761395495,0.09314613278260661,0.010999999999999899,-0.016144295580947602,0.26159158681670047,-0.19087784945542835,-0.0271126333333341,-0.043807764225057784,0,0,0,0,0,0,0,0
0.27636676566934276,-0.053680492233268096,1.495,0.020176006153054486,-1.0528404541015626,0.6090606079101563,0,0,1.5,0,-0.27636676566934276,0.053680492233268096,0.004999999999999893,-0.020176006153054486,0.23046506006822257,-0.15922882283798184,-0.02104430000000011,-0.03745476574779827,0,0,0,0,0,0,0,0
0.20637074448960974,-0.01913412020824961,1.496,0.02413790355508161,-1.039272216796875,0.5392722778320312,0,0,1.5,0,-0.20637074448960974,0.01913412020824961,0.0040000000000000036,-0.02413790355508161,0.3194708120367771,-0.18068282911094813,0.0023463666666673107,-0.04394739056521724,0,0,0,0,0,0,0,0
0.14384517414357278,0.008309254765789302,1.5,0.026354471705114405,-0.9276749267578125,0.43416705322265625,0,0,1.5,0,-0.14384517414357278,-0.008309254765789302,0,-0.026354471705114405,0.25054598613859735,-0.12817415551934605,-0.014738609859154952,-0.03572025262074593,0,0,0,0,0,0,0,0
0.08545523224449525,0.029509892528952163,1.5,0.026720990848033258,-0.8671649780273437,0.34097900390625,0,0,1.5,0,-0.08545523224449525,-0.029509892528952163,0,-0.026720990848033258,0.31207303580918866,-0.1271783244584589,0.0049796999999999975,-0.028553586562627523,1426000704250,0,0,0,0,0,0,0
0.03253891871756324,0.04564163205760767,1.503,0.025761059759436326,-0.7869962768554688,0.2630968322753906,0,0,1.5,0,-0.03253891871756324,-0.04564163205760767,-0.0029999999999998916,-0.025761059759436326,0.25875516221113876,-0.09112887247806602,-0.012230332394365578,-0.02170501290620985,1426000704250,0,0,0,0,0,0,0
-0.006826959916473214,0.056696861394604114,1.517,0.0247662220857996,-0.5860208129882812,0.18098333740234376,0,0,1.5,0,0.006826959916473214,-0.056696861394604114,-0.016999999999999904,-0.0247662220857996,0.251113461428936,-0.08274914759476926,-0.09179274745762712,-0.019707725440189137,1426000704250,0,0,0,0,0,0,0
-0.036717381195799134,0.05951782903784707,1.522,0.02281145332356594,-0.4471709594726562,0.05340449523925781,0,0,1.5,0,0.036717381195799134,-0.05951782903784707,-0.02200000000000002,-0.02281145332356594,0.1820100819555781,-0.03272426316464798,-0.03789590000000059,-0.014433872913993109,1426000704250,0,0,0,0,0,0,0
-0.05473713705714679,0.05833617064167504,1.517,0.019861846887695496,-0.2706303100585937,-0.011554946899414062,0,0,1.5,0,0.05473713705714679,-0.05833617064167504,-0.016999999999999904,-0.019861846887695496,0.1449932849706318,-0.011284173623287656,0.01968892459016467,-0.005355585727676918,1426000704250,0,0,0,0,0,0,0
-0.06445460854512969,0.05180575095047965,1.515,0.016004669240788038,-0.1476787872314453,-0.09504206085205077,0,0,1.5,0.019861846887695496,0.06445460854512969,-0.05180575095047965,-0.014999999999999902,0.003857177646907458,0.032227304272564844,-0.025902875475239825,-0.011999999999999922,0.003857177646907458,1426000704250,0,0,0,0,0,0,0
-0.06870395884239003,0.04101855586355434,1.508,0.012374384396639859,-0.06632166290283203,-0.16076710510253905,0,0,1.5,0.019861846887695496,0.06870395884239003,-0.04101855586355434,-0.008000000000000007,0.007487462491055637,0.058775406935123606,0.04135944305117656,0.0337151344262289,0.025341322380308978,1426000704641,0,0,0,0,0,0,0
-0.0655502949255817,0.025919897048671682,1.503,0.010210176124166869,0.04449885940551758,-0.22704789733886718,0,0,1.5,0.019861846887695496,0.0655502949255817,-0.025919897048671682,-0.0029999999999998916,0.009651670763528627,0.01686544062635853,0.06358454521326044,0.02289281884058038,0.0190612719481938,1426000704710,0,0,0,0,0,0,0
-0.05865761504455639,0.009147496432248714,1.494,0.010821041362364902,0.10081611633300781,-0.25262850952148436,0,0,1.5,0.019861846887695496,0.05865761504455639,-0.009147496432248714,0.006000000000000005,0.009040805525330594,-0.010096435465936707,0.09161285126707783,0.05640644426229449,0.006036550255504203,1426000704771,0,0,0,0,0,0,0
-0.04618206211680757,-0.0104948336695761,1.496,0.013124875974997407,0.18393414306640626,-0.29664263916015626,0,0,1.5,0.019861846887695496,0.04618206211680757,0.0104948336695761,0.0040000000000000036,0.006736970912698089,-0.03825246398733324,0.10203476997172638,-0.00666365492957747,-0.0029975415350448897,1426000704842,0,0,0,0,0,0,0
-0.02860042679424636,-0.029298267340724875,1.494,0.01726130630222401,0.26000003051757814,-0.28548846435546876,0,0,1.5,0.019861846887695496,0.02860042679424636,0.029298267340724875,0.006000000000000005,0.0026005405854714857,-0.08640486627217814,0.1225145247753353,0.01630750983606559,-0.017742559384495416,1426000704903,0,0,0,0,0,0,0
-0.009580531803456424,-0.044746206581282644,1.484,0.019408061282176994,0.28125634765625,-0.23660894775390626,0,0,1.5,0.019861846887695496,0.009580531803456424,0.044746206581282644,0.016000000000000014,0.0004537856055185016,-0.09904549750078294,0.10685949583877286,0.06762200000000006,-0.00960912836301111,1426000704967,0,0,0,0,0,0,0
0.007609997412278379,-0.05724159185858506,1.476,0.021188297119211233,0.25417193603515625,-0.19239968872070312,0,0,1.5,0.019861846887695496,-0.007609997412278379,0.05724159185858506,0.02400000000000002,-0.001326450231515737,-0.08958368445463048,0.09114326625643684,0.05950250000000005,-0.008956032390233902,1426000705037,0,0,0,0,0,0,0
0.022842000984928227,-0.06554118145317517,1.47,0.021485003092050217,0.22579115295410157,-0.129306640625,0,0,1.5,0.019861846887695496,-0.022842000984928227,0.06554118145317517,0.030000000000000027,-0.0016231562043547212,-0.09865771559316822,0.08047671082243968,0.05891172950819677,-0.003082365906841529,1426000705098,0,0,0,0,0,0,0
0.036395299123933696,-0.07079461559003032,1.472,0.020943951023932053,0.20155963134765625,-0.08315087890625,0,0,1.5,0.019861846887695496,-0.036395299123933696,0.07079461559003032,0.028000000000000025,-0.0010821041362365572,-0.08681134935735889,0.06217953445847217,0.01293377246376813,0.0012702961599293733,1426000705167,0,0,0,0,0,0,0
0.04495287234247705,-0.07235333817259262,1.48,0.018570303241219735,0.12784579467773438,-0.026063955307006836,0,0,1.5,0.019861846887695496,-0.04495287234247705,0.07235333817259262,0.020000000000000018,0.001291543646475761,-0.07228767104962719,0.04544700183355577,-0.029867966666666693,0.013159782560037353,1426000705227,0,0,0,0,0,0,0
0.02554141351001156,0.03339525420528107,1.481,0.015411257295109962,0.0902068634033203,0.03581629180908203,0,0,1.5,0.019861846887695496,-0.02554141351001156,-0.03339525420528107,0.018999999999999906,0.004450589592585534,0.08437665064764557,-0.5452861813209733,0.011131699999999366,0.017989357933055988,1426000705297,1,0.05092128757459917,-0.06985432558729023,0.8830000000000019,-0.026484973740475377,-0.6482551830096476,89.61273193359375,-0.049838740246023416,0.07063076031163464,-0.8830000000000019,0.02335376650554804,-0.7188859433212822,90.49573193359376
0.020618660821023763,0.09848077398969371,1.515,0.012880529879718175,0.06750132751464843,0.12315924072265624,0,0,1.5,0.019861846887695496,-0.020618660821023763,-0.09848077398969371,-0.014999999999999902,0.006981317007977321,0.018013457760575613,-0.42258755955568955,-0.20624176721311355,0.019427517411543485,1426000705358,1,0.029914436712968104,0.04167424451048183,0.7380000000000013,-0.042059890099036,-0.6233219617862417,89.3705825805664,-0.03044872673323821,-0.041285484370395656,-0.7380000000000013,-0.011611163365797789,-0.582036477415846,90.1085825805664
0.024807517248484814,0.14997421981570913,1.523,0.011379546723003078,0.05684026336669922,0.22907672119140626,0,0,1.5,0.019861846887695496,-0.024807517248484814,-0.14997421981570913,-0.02299999999999991,0.008482300164692418,-0.03359121241205653,-0.33619489596852975,-0.05829821014492749,0.015008313889540662,0,1,0.024210994176983507,0.11380009606199099,0.6520000000000028,-0.05309423329117067,-0.6119713767950308,89.38633728027344,-0.0255043921650483,-0.11351722372859428,-0.6520000000000028,-0.02758984112612237,-0.4984541530664365,90.03833728027344
0.027295624831420832,0.16439008720957898,1.519,0.009512044423369129,0.03977983474731445,0.21579931640625,0,0,1.5,0.019861846887695496,-0.027295624831420832,-0.16439008720957898,-0.018999999999999906,0.010349802464326367,-0.027880121191742612,-0.16501846261427378,0.008316419672131245,0.01953424000350973,0,0,0,0,0,0,0,0
0.027781317662534437,0.1734364513638711,1.518,0.009634217471008746,0.008575784683227538,0.13562002563476563,0,0,1.5,0.019861846887695496,-0.027781317662534437,-0.1734364513638711,-0.018000000000000016,0.01022762941668675,-0.016294851570024544,-0.13218087773531953,-0.008960400000000562,0.009704030641088388,0,0,0,0,0,0,0,0
0.0267112552346684,0.18514773175380492,1.519,0.010925761117484568,-0.014357782363891602,0.17581568908691406,0,0,1.5,0.019861846887695496,-0.0267112552346684,-0.18514773175380492,-0.018999999999999906,0.008936085770210928,-0.007207947611247583,-0.16011350836497998,-0.020614004918032076,0.00258423177114951,0,0,0,0,0,0,0,0
0.024387627014380884,0.19256417239395043,1.52,0.012932889757278033,-0.03363691329956055,0.11162077331542969,0,0,1.5,0.019861846887695496,-0.024387627014380884,-0.19256417239395043,-0.020000000000000018,0.006928957130417463,-0.0005847661935453885,-0.13384285571667182,-0.020816300000000572,-0.0016730227544116717,0,0,0,0,0,0,0,0
0.020327179357113773,0.1931754392885002,1.532,0.015393804002590062,-0.06078304290771484,0.009955914497375488,0,0,1.5,0.019861846887695496,-0.020327179357113773,-0.1931754392885002,-0.03200000000000003,0.004468042885105434,0.013902724854499197,-0.10080641901633865,-0.09679154067796618,-0.008045080396142174,0,0,0,0,0,0,0,0
0.014642152831723758,0.19336439649655585,1.532,0.017191493132144197,-0.08522166442871094,0.004146683216094971,0,0,1.5,0.019861846887695496,-0.014642152831723758,-0.19336439649655585,-0.03200000000000003,0.002670353755551299,0.021072719880492773,-0.09835487919425298,-0.02582910000000002,-0.005034028228252134,0,0,0,0,0,0,0,0
0.006932962012989276,0.19215975050156955,1.531,0.016772614111665595,-0.11593140411376954,-0.01607913017272949,0,0,1.5,0.019861846887695496,-0.006932962012989276,-0.19215975050156955,-0.030999999999999917,0.003089232776029901,0.04073101563078805,-0.09001308435436622,-0.0194804950819665,0.005149293532482042,0,0,0,0,0,0,0,0
0.0024689496951429343,0.1892368735008925,1.529,0.01727875959474391,-0.06768609619140625,-0.04271394348144531,0,0,1.5,0.019861846887695496,-0.0024689496951429343,-0.1892368735008925,-0.028999999999999915,0.0025830872929515844,0.02137179688241437,-0.08076793486207087,-0.013673372463768036,0.00038245475782846964,0,0,0,0,0,0,0,0
-0.001775441164071269,0.18145071630294943,1.522,0.018587756533739633,-0.06567428588867187,-0.11567491149902344,0,0,1.5,0.019861846887695496,0.001775441164071269,-0.18145071630294943,-0.02200000000000002,0.0012740903539558632,0.025204596895399462,-0.047137056437423594,0.021811434426228894,-0.005163599509957519,0,0,0,0,0,0,0,0
-0.007986779628723028,0.1764570184726546,1.518,0.01743583922742338,-0.09454622650146484,-0.07316080474853516,0,0,1.5,0.019861846887695496,0.007986779628723028,-0.1764570184726546,-0.018000000000000016,0.0024260076602721156,0.03546950401215337,-0.06410628399914696,0.005013155072463775,0.007434343774690604,0,0,0,0,0,0,0,0
-0.01684449681564869,0.1720067538058062,1.512,0.014974924982111405,-0.13400941467285157,-0.06442731475830078,0,0,1.5,0.019861846887695496,0.01684449681564869,-0.1720067538058062,-0.01200000000000001,0.004886921905584091,0.05922481590118972,-0.06178212163311042,0.023876329508196743,0.016989778849741347,0,0,0,0,0,0,0,0
-0.025108285599725277,0.16833960397254683,1.51,0.011484266478122741,-0.12476663208007813,-0.05314490509033203,0,0,1.5,0.019861846887695496,0.025108285599725277,-0.16833960397254683,-0.010000000000000009,0.008377580409572755,0.05637343663555699,-0.06614694962909912,0.0015901606060606099,0.024244209973157592,0,0,0,0,0,0,0,0
-0.03146556543029453,0.16563847152458264,1.502,0.0069813170079773956,-0.09581820678710938,-0.03941920852661133,0,0,1.5,0.019861846887695496,0.03146556543029453,-0.16563847152458264,-0.0020000000000000018,0.0128805298797181,0.047537379259689,-0.07085367478689034,0.03737010000000003,0.03217888475176958,0,0,0,0,0,0,0,0
-0.03291295149467387,0.16200776455193208,1.496,0.000837758040957327,-0.022090465545654296,-0.05430770874023438,0,0,1.5,0.019861846887695496,0.03291295149467387,-0.16200776455193208,0.0040000000000000036,0.019024088846738167,0.02493750628547535,-0.061462064191988935,0.037194100000000035,0.0497418836818385,0,0,0,0,0,0,0,0
-0.029493772867853176,0.15733084168988656,1.501,-0.00448549617762538,0.05122888946533203,-0.07019678497314454,0,0,1.5,0.019861846887695496,0.029493772867853176,-0.15733084168988656,-0.0009999999999998899,0.024347343065320874,-0.002290415896577084,-0.05702824404704974,-0.026812899999999373,0.047161289716389616,0,0,0,0,0,0,0,0
-0.023754335129075613,0.155302023984097,1.511,-0.010506882097005775,0.08622720336914062,-0.03004579734802246,0,0,1.5,0.019861846887695496,0.023754335129075613,-0.155302023984097,-0.010999999999999899,0.03036872898470127,-0.021530042506987424,-0.06765686076833394,-0.0682122333333333,0.060475658581603246,0,0,0,0,0,0,0,0
-0.016270364977972945,0.14977589788346368,1.519,-0.01626646862858709,0.11312427520751953,-0.08170783996582032,0,0,1.5,0.019861846887695496,0.016270364977972945,-0.14977589788346368,-0.018999999999999906,0.03612831551628259,-0.02670496537108194,-0.05105231112224676,-0.053754733333333284,0.059166661642607865,0,0,0,0,0,0,0,0
-0.010572725410189086,0.13924878029626797,1.515,-0.020943951023931914,0.08802175903320313,-0.1564957275390625,0,0,1.5,0.019861846887695496,0.010572725410189086,-0.13924878029626797,-0.014999999999999902,0.04080579791162741,-0.030880482457961884,-0.004663179345279503,0.01215064545454556,0.0663193382498719,0,0,0,0,0,0,0,0
-0.003279224497839011,0.1292696934960147,1.516,-0.025848326222035964,0.11251331329345703,-0.14736231994628907,0,0,1.5,0.019861846887695496,0.003279224497839011,-0.1292696934960147,-0.016000000000000014,0.04571017310973146,-0.03526328302940699,-0.01613502408265085,-0.019286763768116513,0.0670335435362708,0,0,0,0,0,0,0,0
0.007335428888794964,0.11569192618490722,1.511,-0.030264009229581598,0.16443046569824218,-0.19948336791992188,0,0,1.5,0.019861846887695496,-0.007335428888794964,-0.11569192618490722,-0.010999999999999899,0.050125856117277094,-0.06448281415343296,0.017869953541607482,0.01840712459016468,0.07184232992487857,0,0,0,0,0,0,0,0
0.016773455947303867,0.10226592305552962,1.508,-0.03232349774693492,0.14759951782226563,-0.1970139923095703,0,0,1.5,0.019861846887695496,-0.016773455947303867,-0.10226592305552962,-0.008000000000000007,0.05218534463463042,-0.05549995545469191,0.013736162330199204,0.007062599999999454,0.0610117239947161,0,0,0,0,0,0,0,0
0.02190772807608388,0.08995317364938712,1.509,-0.03659955441432104,0.08294268035888672,-0.1821058349609375,0,0,1.5,0.019861846887695496,-0.02190772807608388,-0.08995317364938712,-0.008999999999999897,0.05646140130201654,-0.040349258384483555,0.023354572772585395,-0.014530004918032066,0.07749118819080072,1426000706856,0,0,0,0,0,0,0
0.026260235490735133,0.07800828856217135,1.511,-0.04085815778918715,0.07180008697509765,-0.17666432189941406,0,0,1.5,0.019861846887695496,-0.026260235490735133,-0.07800828856217135,-0.010999999999999899,0.06072000467688265,-0.03484749288608921,0.018349912128149598,-0.02046929999999992,0.0789711619977374,1426000706856,0,0,0,0,0,0,0
0.02943422348677647,0.06645280170014205,1.52,-0.04536110725933255,0.05465015411376953,-0.17124293518066405,0,0,1.5,0.019861846887695496,-0.02943422348677647,-0.06645280170014205,-0.020000000000000018,0.06522295414702806,-0.032901311221843955,0.03066466771257704,-0.06943064426229577,0.08736860727889072,1426000706856,0,0,0,0,0,0,0
0.03376225741866221,0.0549254590303059,1.517,-0.04853760649796228,0.0726944351196289,-0.1697884216308594,0,0,1.5,0.019861846887695496,-0.03376225741866221,-0.0549254590303059,-0.016999999999999904,0.06839945338565778,-0.03851772489274521,0.02772463077682587,-0.0005102999999993512,0.08201302155121375,1426000706856,0,0,0,0,0,0,0
0.014546111973741865,0.0986992963142066,1.514,-0.05190609195431127,0.10590928649902344,-0.13962408447265626,0,0,1.5,0.019861846887695496,-0.014546111973741865,-0.0986992963142066,-0.014000000000000012,0.07176793884200677,0.1048159715839948,-0.30720560494818117,0.004305699999999364,0.08861036612375173,1426000707117,1,0.04036293721853876,0.045285578251433256,-2.973999999999995,0.06812346360146394,-0.5954783945471864,88.09789276123048,-0.0379590336394745,-0.04731872846592171,2.973999999999995,0.10608249724093843,-0.5481596660812648,85.12389276123048
0.002590581208648423,0.1280251146847674,1.51,-0.05457644570986263,0.09461174774169921,-0.1370914306640625,0,0,1.5,0.019861846887695496,-0.002590581208648423,-0.1280251146847674,-0.010000000000000009,0.07443829259755813,0.058475395623127306,-0.2132398394104575,0.009935700000000016,0.08588266583563538,0,1,0.020370887796799107,0.08924492867926027,-3.1269999999999967,0.06812346360146394,-0.5739585799406222,87.89244079589844,-0.015472303670191744,-0.090223268527212,3.1269999999999967,0.08359576727165569,-0.48373531141341014,84.76544079589844
-0.00018545981854602676,0.15041619927382646,1.504,-0.05756095873077293,0.15868443298339843,-0.11857281494140624,0,0,1.5,0.019861846887695496,0.00018545981854602676,-0.15041619927382646,-0.0040000000000000036,0.07742280561846843,0.016279446245782748,-0.2085111996745918,0.029711700000000035,0.0923453707230199,0,1,0.012722587415473056,0.11955495450918979,-3.297999999999997,0.06812346360146394,-0.568219962712205,87.82423400878906,-0.005823618303799242,-0.1200888706254266,3.297999999999997,0.07394708190526318,-0.44813109208677837,84.52623400878907
-0.0001635110646051388,0.17608721750556786,1.51,-0.0583812634792103,0.17749429321289062,-0.10057669830322266,0,0,1.5,0.019861846887695496,0.0001635110646051388,-0.17608721750556786,-0.010000000000000009,0.07824311036690579,-0.000034730101781201524,-0.21921040089857885,-0.04015830000000002,0.08175870214592305,0,1,0.011242155972509434,0.14304145083685874,-3.344999999999999,0.08668009275364526,-0.6298579759485388,87.53524780273438,-0.0028768051029658525,-0.14345370933100077,3.344999999999999,0.08955689785661111,-0.486404266617538,84.19024780273439
0.011980770117607096,0.16542074381661012,1.509,-0.05775294494849231,0.19118939208984376,-0.1490955810546875,0,0,1.5,0.019861846887695496,-0.011980770117607096,-0.16542074381661012,-0.008999999999999897,0.0776147918361878,-0.07684595561482482,-0.023400228822762874,-0.003578966666665924,0.07447319918259787,0,0,0,0,0,0,0,0
0.025771289579765745,0.1494466245123493,1.513,-0.058259090431570626,0.220343505859375,-0.2272722930908203,0,0,1.5,0.019861846887695496,-0.025771289579765745,-0.1494466245123493,-0.0129999999999999,0.07812093731926611,-0.08187021232983183,0.0021317181945928604,-0.03270329999999993,0.0802901322467446,0,0,0,0,0,0,0,0
0.036928014874256086,0.1297135326817545,1.508,-0.058782689207168955,0.1843016815185547,-0.28575,0,0,1.5,0.019861846887695496,-0.036928014874256086,-0.1297135326817545,-0.008000000000000007,0.07864453609486445,-0.0825325013466951,0.04527120037804666,0.01993642459016333,0.08121961204043003,0,0,0,0,0,0,0,0
