0,0,0.746,0,0.05994588851928711,-0.05823414993286133,0,0,1,0,0,0,0.254,0,0,0,0.20320000000000002,0,0,0,0,0,0,0,0,0
0.0021893775939941405,-0.0013366658528645833,0.746,0.0016057029118348165,0.03284066390991211,-0.02004998779296875,0,0,1,0,-0.0021893775939941405,0.0013366658528645833,0.254,-0.0016057029118348165,-0.01236503283696612,0.007549139631309358,0.20492720000000003,-0.008689686346400183,0,0,0,0,0,0,0,0
0.005159841202175831,-0.0030413430522210714,0.75,0.0011170107212764013,0.04451583862304687,-0.025641670227050783,0,0,1,0,-0.005159841202175831,0.0030413430522210714,0.25,-0.0011170107212764013,-0.018829434533464844,0.010845980352424699,0.1814522,0.0011737339219661698,0,0,0,0,0,0,0,0
0.010944047504899765,-0.005337759238856377,0.753,0.002426007660272178,0.08672456359863281,-0.03454313659667969,0,0,1,0,-0.010944047504899765,0.005337759238856377,0.247,-0.002426007660272178,-0.03761818903708869,0.01543296550361151,0.18581663333333331,-0.008659326417394924,0,0,0,0,0,0,0,0
0.016086529973488,-0.006828240511037433,0.756,0.0037350045992678993,0.07708277130126953,-0.022544288635253908,0,0,1,0,-0.016086529973488,0.006828240511037433,0.244,-0.0037350045992678993,-0.03533630828531339,0.01132891242738515,0.18578460909090908,-0.009684990685612085,0,0,0,0,0,0,0,0
0.02327183487204502,-0.012025183877563591,0.761,0.005969026041820619,0.10748766326904297,-0.07835616302490235,0,0,1,0,-0.02327183487204502,0.012025183877563591,0.239,-0.005969026041820619,-0.05036345036345565,0.03401467433206496,0.17232412307692307,-0.016279894238217782,0,0,0,0,0,0,0,0
0.031008602123401507,-0.018561871099793757,0.766,0.005811946409141123,0.11546417999267578,-0.09874127197265625,0,0,1,0,-0.031008602123401507,0.018561871099793757,0.23399999999999999,-0.005811946409141123,-0.05722140224943431,0.04450908853626265,0.17027644848484846,-0.005097948078779779,0,0,0,0,0,0,0,0
0.04053235046056043,-0.026246240642910954,0.773,0.0006283185307180148,0.14218389892578126,-0.11609386444091797,0,0,1,0,-0.04053235046056043,0.026246240642910954,0.22699999999999998,-0.0006283185307180148,-0.07085523783086335,0.05392149379223983,0.15497479230769226,0.02329611783123479,0,0,0,0,0,0,0,0
0.046580242781748236,-0.03275448060096284,0.779,-0.004433136300065559,0.09065702819824219,-0.09768058013916016,0,0,1,0,-0.046580242781748236,0.03275448060096284,0.22099999999999997,0.004433136300065559,-0.05547735717002818,0.050960180898570594,0.15750751818181813,0.027439749167263622,0,0,0,0,0,0,0,0
0.05512759940172694,-0.04156119843896543,0.787,-0.007347836150896098,0.12879470825195313,-0.1315310974121094,0,0,1,0,-0.05512759940172694,0.04156119843896543,0.21299999999999997,0.007347836150896098,-0.07519892417435468,0.06980253986677212,0.13982315555555552,0.021227359250089138,0,0,0,0,0,0,0,0
0.062377831977035156,-0.04844078126063163,0.796,-0.009005898940290719,0.10950879669189453,-0.10239186096191406,0,0,1,0,-0.062377831977035156,0.04844078126063163,0.20399999999999996,0.009005898940290719,-0.06982809832655325,0.06083072815761434,0.13068672727272723,0.01654254798299354,0,0,0,0,0,0,0,0
0.06797227393334714,-0.05300879468650871,0.804,-0.012514010736799306,0.08453030395507813,-0.06776168823242187,0,0,1,0,-0.06797227393334714,0.05300879468650871,0.19599999999999995,0.012514010736799306,-0.0643452164581843,0.051263549781703874,0.13021107692307687,0.028705295951454324,0,0,0,0,0,0,0,0
0.07777746796883497,-0.06343234249507847,0.812,-0.014800392056911886,0.14902294921875,-0.15450048828125,0,0,1,0,-0.07777746796883497,0.06343234249507847,0.18799999999999994,0.014800392056911886,-0.09039716902512346,0.08637219713459811,0.12635655522388056,0.025037920355923435,0,0,0,0,0,0,0,0
0.08719829616014554,-0.07386357242721653,0.819,-0.0184655834861,0.14361265563964845,-0.15435990905761718,0,0,1,0,-0.08719829616014554,0.07386357242721653,0.18100000000000005,0.0184655834861,-0.09627928957157808,0.09513425440281828,0.12479901111111175,0.035918876006043404,0,0,0,0,0,0,0,0
0.09714578026662263,-0.08225094494742713,0.832,-0.02022836603061426,0.15150985717773438,-0.12303400421142578,0,0,1,0,-0.09714578026662263,0.08225094494742713,0.16800000000000004,0.02022836603061426,-0.10254161794377362,0.08659290148519871,0.08437989999999998,0.028364285466833908,0,0,0,0,0,0,0,0
0.10790620326806072,-0.09267236573638281,0.834,-0.022375121010567295,0.1645352325439453,-0.15302456665039063,0,0,1,0,-0.10790620326806072,0.09267236573638281,0.16600000000000004,0.022375121010567295,-0.11236933175717617,0.10281641651834025,0.14308966923076924,0.032283220918042844,0,0,0,0,0,0,0,0
0.1157536177093922,-0.10118254443612383,0.837,-0.023387411976724,0.12053775787353516,-0.12498714447021485,0,0,1,0,-0.1157536177093922,0.10118254443612383,0.16300000000000003,0.023387411976724,-0.10004377370983578,0.0961526791667069,0.13662560909090912,0.027988734550163572,0,0,0,0,0,0,0,0
0.1232078761003764,-0.10939862793649044,0.844,-0.025028021473598668,0.11466532897949219,-0.12059275054931641,0,0,1,0,-0.1232078761003764,0.10939862793649044,0.15600000000000003,0.025028021473598668,-0.10117853137329469,0.0981241216496976,0.11141273582089552,0.03237403414617181,0,0,0,0,0,0,0,0
0.13033069251409768,-0.11809712268656451,0.846,-0.02635447170511437,0.11007403564453125,-0.12776278686523437,0,0,1,0,-0.13033069251409768,0.11809712268656451,0.15400000000000003,0.02635447170511437,-0.10545309444109277,0.10795290186475243,0.1362389888888889,0.03267090137899867,0,0,0,0,0,0,0,0
0.13554591114317777,-0.12562615387272,0.852,-0.029007372168145747,0.0811771240234375,-0.11083482360839844,0,0,1,0,-0.13554591114317777,0.12562615387272,0.14800000000000002,0.029007372168145747,-0.0962354241854756,0.10340204041828405,0.11170871818181817,0.04106601063647019,0,0,0,0,0,0,0,0
0.1372223704098273,-0.1318931200343917,0.857,-0.030176742766981925,0.027862751007080078,-0.09323560333251953,0,0,1,0,-0.1372223704098273,0.1318931200343917,0.14300000000000002,0.030176742766981925,-0.07853347429150895,0.10043977590350092,0.11353332307692307,0.03557383783853352,0,0,0,0,0,0,0,0
0.13680164969667463,-0.13516838795009756,0.863,-0.03066543495754034,-0.004825608730316162,-0.049297061920166016,0,0,1,0,-0.13680164969667463,0.13516838795009756,0.137,0.03066543495754034,-0.06711952742368522,0.086056124912167,0.1042392076923077,0.03292093737550226,0,0,0,0,0,0,0,0
0.13688163875399223,-0.1352554505016745,0.869,-0.030874874467779673,0.0012393126487731934,-0.0012685365676879882,0,0,1,0,-0.13688163875399223,0.1352554505016745,0.131,0.030874874467779673,-0.06993450515947228,0.06900902370605404,0.10128131641791044,0.031812663319597576,0,0,0,0,0,0,0,0
0.13285243540840136,-0.13258213115809248,0.872,-0.03232349774693494,-0.06164712524414063,0.03821495819091797,0,0,1,0,-0.13285243540840136,0.13258213115809248,0.128,0.03232349774693494,-0.04520128420542884,0.0524493122719719,0.11436433333333333,0.03922170383815048,0,0,0,0,0,0,0,0
0.12980299478584023,-0.12870057733746743,0.877,-0.03525565089028543,-0.04759936904907226,0.05671462249755859,0,0,1,0,-0.12980299478584023,0.12870057733746743,0.123,0.03525565089028543,-0.04972533398110569,0.044543290449189754,0.10090742307692305,0.04878866539805692,0,0,0,0,0,0,0,0
0.12604993052855612,-0.12313388498413307,0.882,-0.036302848441482044,-0.05920423126220703,0.08146415710449219,0,0,1,0,-0.12604993052855612,0.12313388498413307,0.118,0.036302848441482044,-0.044141991658798826,0.03276615842932751,0.09767442307692306,0.04113606790854335,0,0,0,0,0,0,0,0
0.12488309635707352,-0.117388063430578,0.883,-0.036006142468643004,-0.020619138717651368,0.08549528503417969,0,0,1,0,-0.12488309635707352,0.117388063430578,0.11699999999999999,0.036006142468643004,-0.05766204798589186,0.029474955247292038,0.1192666696969697,0.03465747895573828,0,0,0,0,0,0,0,0
0.12144647739046335,-0.11086924729968484,0.885,-0.036774087339520506,-0.05503587341308594,0.09586317443847656,0,0,1,0,-0.12144647739046335,0.11086924729968484,0.11499999999999999,0.036774087339520506,-0.04452559910199637,0.02320847399883684,0.11345758235294116,0.04016207941692125,0,0,0,0,0,0,0,0
0.11727735604848921,-0.10287603042531582,0.888,-0.037105699897399425,-0.06690269470214844,0.11751797485351563,0,0,1,0,-0.11727735604848921,0.10287603042531582,0.11199999999999999,0.037105699897399425,-0.03666686795258861,0.007705380301654324,0.10511061612903223,0.03871027679036193,0,0,0,0,0,0,0,0
0.11369637844318671,-0.09257510328782256,0.891,-0.03794345793835671,-0.05940972137451172,0.15241488647460938,0,0,1,0,-0.11369637844318671,0.09257510328782256,0.10899999999999999,0.03794345793835671,-0.03949674841868796,-0.006887113974015015,0.10445640909090906,0.041751449033617105,0,0,0,0,0,0,0,0
0.1089353368583735,-0.08277422576030953,0.893,-0.0372976861151188,-0.07694107055664062,0.1441982421875,0,0,1,0,-0.1089353368583735,0.08277422576030953,0.10699999999999998,0.0372976861151188,-0.030139032830315552,-0.01070699745243791,0.10851279999999996,0.03427063069369109,0,0,0,0,0,0,0,0
0.10330139422477047,-0.07225606030836745,0.897,-0.03743731245527837,-0.09033354949951172,0.15451148986816407,0,0,1,0,-0.10330139422477047,0.07225606030836745,0.10299999999999998,0.03743731245527837,-0.023550218089118363,-0.018097992323953788,0.09571797878787876,0.03807197763782188,0,0,0,0,0,0,0,0
0.09857922612635853,-0.06288007185252502,0.903,-0.03747221904031822,-0.07604683685302735,0.13789012145996093,0,0,1,0,-0.09857922612635853,0.06288007185252502,0.09699999999999998,0.03747221904031822,-0.0260893643188055,-0.01668748648271181,0.08095211818181815,0.037630885335953906,1427127023455,0,0,0,0,0,0,0
0.09581747817277797,-0.054177799059662336,0.909,-0.03712315318991935,-0.04628739547729492,0.12889048767089845,0,0,1,0,-0.09581747817277797,0.054177799059662336,0.09099999999999997,0.03712315318991935,-0.03494162170542913,-0.01814064836912793,0.07625410769230766,0.03551208003423225,1427127023455,0,0,0,0,0,0,0
0.09298036286253387,-0.04475195398860498,0.91,-0.03584906283596348,-0.047774959564208984,0.13971078491210936,0,0,1,0,-0.09298036286253387,0.04475195398860498,0.08999999999999997,0.03584906283596348,-0.03293804764892162,-0.027514127924880526,0.10286904999999998,0.02987676430179534,1427127023455,0,0,0,0,0,0,0
0.09002007788797137,-0.0371934983255153,0.914,-0.036075955638722734,-0.04843932723999023,0.11171247863769532,0,0,1,0,-0.09002007788797137,0.0371934983255153,0.08599999999999997,0.036075955638722734,-0.03133431184023357,-0.019803937240661183,0.08449327878787875,0.03710728656035571,1427127023455,0,0,0,0,0,0,0
0.08587593874122146,-0.030289242142806358,0.92,-0.037786378305677215,-0.06585699462890625,0.10125438690185547,0,0,1,0,-0.08587593874122146,0.030289242142806358,0.07999999999999996,0.037786378305677215,-0.02270194714717424,-0.02033042195988772,0.06911770769230764,0.04568063676854405,1427127023455,0,0,0,0,0,0,0
0.08278001837961807,-0.02375412964428702,0.924,-0.03628539514896209,-0.050108848571777345,0.09620237731933594,0,0,1,-0.037786378305677215,-0.08278001837961807,0.02375412964428702,0.07599999999999996,-0.0015009831567151244,-0.041390009189809035,0.01187706482214351,0.060799999999999965,-0.0015009831567151244,1427127023455,0,0,0,0,0,0,0
0.07831482070622976,-0.01746010919997703,0.928,-0.03563962332572421,-0.07035884094238282,0.09191837310791015,0,0,1,-0.037786378305677215,-0.07831482070622976,0.01746010919997703,0.07199999999999995,-0.0021467549799530083,-0.014400094949113651,-0.0262257257773821,0.03583137777777772,-0.005221858900133408,1427127023845,0,0,0,0,0,0,0
0.07401193110470887,-0.011974588327126442,0.932,-0.03364994797845067,-0.06743426513671875,0.07993074798583985,0,0,1,-0.037786378305677215,-0.07401193110470887,0.011974588327126442,0.06799999999999995,-0.004136430327226548,-0.013934006097966457,-0.023531342569808246,0.033757138461538404,-0.013319547314642884,1427127023910,0,0,0,0,0,0,0
0.07169059500750177,-0.007806525631862577,0.937,-0.0356047167406843,-0.03690375900268555,0.061314075469970704,0,0,1,-0.037786378305677215,-0.07169059500750177,0.007806525631862577,0.06299999999999994,-0.002181661564992915,-0.023679943721711495,-0.018176164303857496,0.025196248484848423,0.006703650990614506,1427127023976,0,0,0,0,0,0,0
0.06868155835655788,-0.007233501889889163,0.941,-0.04005530633326984,-0.04541291427612305,0.006983209609985352,0,0,1,-0.037786378305677215,-0.06868155835655788,0.007233501889889163,0.05900000000000005,0.002268928027592626,-0.018073828075745684,0.0005115924553626507,0.02701400000000063,0.023131066742837346,1427127024040,0,0,0,0,0,0,0
0.06511659624738311,-0.007509171848635697,0.942,-0.04433136300065597,-0.053265953063964845,-0.006273094654083252,0,0,1,-0.037786378305677215,-0.06511659624738311,0.007509171848635697,0.05800000000000005,0.006544984694978752,-0.014167707934281949,0.005228249117467532,0.043253719402985114,0.025691507086259908,1427127024107,0,0,0,0,0,0,0
0.06203502650184602,-0.008573210942064459,0.943,-0.04722860955896655,-0.045470809936523436,-0.01799338722229004,0,0,1,-0.037786378305677215,-0.06203502650184602,0.008573210942064459,0.05700000000000005,0.009442231253289336,-0.014697114359366763,0.010055215574927053,0.042663484615384654,0.02281413844549203,1427127024172,0,0,0,0,0,0,0
0.060416833454133706,-0.010329286368960845,0.949,-0.048764499300721555,-0.02300223731994629,-0.027457708358764647,0,0,1,-0.037786378305677215,-0.060416833454133706,0.010329286368960845,0.051000000000000045,0.01097812099504434,-0.02167025923982884,0.01481396025018227,0.010762000000000008,0.018177604159520917,1427127024236,0,0,0,0,0,0,0
0.05741164732963299,-0.014101482846442392,0.951,-0.051714105736591943,-0.04226605987548828,-0.05871300888061524,0,0,1,-0.037786378305677215,-0.05741164732963299,0.014101482846442392,0.049000000000000044,0.013927727430914728,-0.01287270553840025,0.027417514148372724,0.03152376923076926,0.027541295596470367,1427127024301,0,0,0,0,0,0,0
0.053689664153635436,-0.01937050628947468,0.959,-0.05415756668938405,-0.051669689178466795,-0.08181558990478516,0,0,1,-0.037786378305677215,-0.053689664153635436,0.01937050628947468,0.041000000000000036,0.016371188383706832,-0.0071869358009645085,0.0381244542057887,-0.006917423076923078,0.02764870047351654,1427127024366,0,0,0,0,0,0,0
0.05149290036718953,-0.025138554898699678,0.962,-0.056950093492574974,-0.028219682693481445,-0.08817757415771485,0,0,1,-0.037786378305677215,-0.05149290036718953,0.025138554898699678,0.038000000000000034,0.01916371518689776,-0.01468887030150383,0.04278525386130194,0.018342458208955238,0.031667566544469075,1427127024433,0,0,0,0,0,0,0
0.0486758933620342,-0.031230143845271823,0.967,-0.05871287603708923,-0.03698566436767578,-0.09363082885742187,0,0,1,-0.037786378305677215,-0.0486758933620342,0.031230143845271823,0.03300000000000003,0.020926497731412017,-0.009381644031474456,0.04903281546584602,0.0028815500000000036,0.0291895409088226,1427127024497,0,0,0,0,0,0,0
0.045157062380677286,-0.038282181142810845,0.971,-0.06094689747964198,-0.04648440170288086,-0.10869551849365235,0,0,1,-0.037786378305677215,-0.045157062380677286,0.038282181142810845,0.029000000000000026,0.023160519173964764,-0.004109536252710971,0.05724284900600205,0.005675338461538469,0.03347138737036206,1427127024562,0,0,0,0,0,0,0
0.0416786478551028,-0.045521976040854256,0.974,-0.06295402611943544,-0.04546479415893555,-0.11157330322265625,0,0,1,-0.037786378305677215,-0.0416786478551028,0.045521976040854256,0.026000000000000023,0.02516764781375823,-0.0026150471806272273,0.06190333820370472,0.00882895384615386,0.03443131845895884,1427127024627,0,0,0,0,0,0,0
0.0375400069622625,-0.05187748577689451,0.978,-0.06483898171158935,-0.05595902633666992,-0.09904937744140625,0,0,1,-0.037786378305677215,-0.0375400069622625,0.05187748577689451,0.02200000000000002,0.027052603405912132,0.002984937315775687,0.060353277949770495,0.0003873384615384612,0.03575239844662245,1427127024692,0,0,0,0,0,0,0
0.032188375539717665,-0.05832273614878193,0.985,-0.06729989595690132,-0.07384162902832031,-0.10167687225341797,0,0,1,-0.037786378305677215,-0.032188375539717665,0.05832273614878193,0.015000000000000013,0.029513517651224105,0.011310480943057602,0.06306222222778464,-0.020140864179104497,0.04053253666008369,1427127024759,0,0,0,0,0,0,0
0.026630192198569966,-0.0626208093646373,0.984,-0.06998770300497263,-0.078848388671875,-0.06993189239501953,0,0,1,-0.037786378305677215,-0.026630192198569966,0.0626208093646373,0.016000000000000014,0.03220132469929542,0.016995308381648443,0.055459676117535966,0.022882655555555576,0.045000405880587374,1427127024822,0,0,0,0,0,0,0
0.019804803455898166,-0.0672298220271709,0.986,-0.07190756518216639,-0.09729552459716796,-0.07612548828125,0,0,1,-0.037786378305677215,-0.019804803455898166,0.0672298220271709,0.014000000000000012,0.03412118687648917,0.025711378575344473,0.058372103415276856,0.0052134393939394005,0.04284783313646078,1427127024888,0,0,0,0,0,0,0
0.013700189981665072,-0.06897525700599065,0.988,-0.07415903991723903,-0.0894515380859375,-0.032692710876464845,0,0,1,-0.037786378305677215,-0.013700189981665072,0.06897525700599065,0.01200000000000001,0.036372661611561816,0.025430532487108366,0.044246417045073275,0.003528269230769236,0.046764083465743254,1427127024953,0,0,0,0,0,0,0
0.010007350644828198,-0.07152908553727791,0.989,-0.07599163563183307,-0.05240210342407227,-0.04230623626708984,0,0,1,-0.037786378305677215,-0.010007350644828198,0.07152908553727791,0.01100000000000001,0.03820525732615586,0.014283971253166487,0.049922713575756554,0.008184384615384623,0.04666339139351298,1427127025018,0,0,0,0,0,0,0
0.007607019394438584,-0.07338911601158374,0.989,-0.07744025891098842,-0.03378289794921875,-0.030553380966186525,0,0,1,-0.037786378305677215,-0.007607019394438584,0.07338911601158374,0.01100000000000001,0.039653880605311206,0.00813356451464119,0.04686709222598083,0.013642700000000011,0.04614025349705157,1427127025085,0,0,0,0,0,0,0
0.00376685664111178,-0.07213140182897126,0.989,-0.07951720072086164,-0.05888931274414062,0.01435288143157959,0,0,1,-0.037786378305677215,-0.00376685664111178,0.07213140182897126,0.01100000000000001,0.04173082241518443,0.018189953030159474,0.029796236304136647,0.013714200000000011,0.05131670769152238,1427127025150,0,0,0,0,0,0,0
0.0012038218489799106,-0.06958866288180279,0.993,-0.08011061266653972,-0.04135371780395508,0.034966705322265625,0,0,1,-0.037786378305677215,-0.0012038218489799106,0.06958866288180279,0.007000000000000006,0.04232423436086251,0.012809497058722738,0.021436107094613285,-0.01131600000000001,0.04510585285622851,1427127025214,0,0,0,0,0,0,0
-0.001239169817437885,-0.06768724019286304,0.994,-0.08098327729253689,-0.03880976867675781,0.025497364044189452,0,0,1,-0.037786378305677215,0.001239169817437885,0.06768724019286304,0.006000000000000005,0.043196898986859675,0.01277712338110724,0.024503544726923884,0.004575319402985079,0.047104352536100715,1427127025281,0,0,0,0,0,0,0
-0.0020021342890459257,-0.06557737938719485,0.996,-0.08086110424489727,-0.013967110633850097,0.030618392944335937,0,0,1,-0.037786378305677215,0.0020021342890459257,0.06557737938719485,0.0040000000000000036,0.04307472593922006,0.00463666170557784,0.02170128424420121,-0.0028867111111111135,0.04249294952188854,1427127025344,0,0,0,0,0,0,0
-0.00213986195561363,-0.06179744659542874,0.996,-0.08065166473465794,-0.0066389131546020505,0.056346858978271484,0,0,1,-0.037786378305677215,0.00213986195561363,0.06179744659542874,0.0040000000000000036,0.04286528642898073,0.001198620328193029,0.011528454945296352,0.008250800000000006,0.041913288655165595,1427127025410,0,0,0,0,0,0,0
-0.0017832592502777945,-0.05848509048843065,0.998,-0.08115781021773631,0.0013287904262542724,0.04995477676391601,0,0,1,-0.037786378305677215,0.0017832592502777945,0.05848509048843065,0.0020000000000000018,0.0433714319120591,-0.0016590847727342526,0.011840358027717691,-0.004273900000000004,0.04574398886398895,1427127025474,0,0,0,0,0,0,0
-0.0005826632390817224,-0.05476262669367734,0.997,-0.08086110424489727,0.0134230318069458,0.05711313247680664,0,0,1,-0.037786378305677215,0.0005826632390817224,0.05476262669367734,0.0030000000000000027,0.04307472593922006,-0.006773580755015769,0.008085133479935329,0.012867715384615395,0.04170531375688603,1427127025539,0,0,0,0,0,0,0
0.003093682015181941,-0.05243939836333789,0.998,-0.08007570608149982,0.05215018081665039,0.03918880081176758,0,0,1,-0.037786378305677215,-0.003093682015181941,0.05243939836333789,0.0020000000000000018,0.0422893277758226,-0.02135386703817939,0.014866422132275845,0.001549641176470589,0.03882433587848089,1427127025606,0,0,0,0,0,0,0
0.005580167168368032,-0.048790236812907596,0.997,-0.07834783012202544,0.03279930877685547,0.05754544067382812,0,0,1,-0.037786378305677215,-0.005580167168368032,0.048790236812907596,0.0030000000000000027,0.040561451816348223,-0.01699385796157077,0.005252982277000894,0.013071155555555566,0.03233347105694642,1427127025670,0,0,0,0,0,0,0
0.009082978774952146,-0.04548628649517307,1.002,-0.07745771220350832,0.048502105712890625,0.05351958084106445,2.5,0,1,0,2.490917021225048,0.04548628649517307,-0.0020000000000000018,0.07745771220350832,1.245458510612524,0.022743143247586535,-0.0016000000000000016,0.07745771220350832,0,0,0,0,0,0,0,0
0.012788400460401956,-0.04324950215850675,1.001,-0.07579964941411375,0.05281842803955078,0.037752063751220706,2.5,0,1,0,2.4872115995395983,0.04324950215850675,-0.0009999999999998899,0.07579964941411375,1.223862382617528,0.008817124786501027,0.004931604918033518,0.06764524225315688,0,0,0,0,0,0,0,0
0.015993368263852926,-0.04038149531276222,1.002,-0.07253588371288432,0.044678688049316406,0.04653711700439453,2.5,0,1,0,2.484006631736147,0.04038149531276222,-0.0020000000000000018,0.07253588371288432,1.2281639179387995,0.00503465442732263,-0.006922330303030896,0.05770058507093233,0,0,0,0,0,0,0,0
0.020507342912382362,-0.03485659153036649,1.002,-0.07030186227033157,0.06152553558349609,0.08756270599365235,2.5,0,1,0,2.4794926570876177,0.03485659153036649,-0.0020000000000000018,0.07030186227033157,1.2202086248853468,-0.01224549537230667,-0.001632300000000001,0.059990994073934274,0,0,0,0,0,0,0,0
0.028329137563133443,-0.02934396832179961,1.004,-0.06976081020221335,0.11122867584228516,0.09072660064697266,2.5,0,1,0,2.4716708624368664,0.02934396832179961,-0.0040000000000000036,0.06976081020221335,1.201399643066143,-0.014029950030493442,-0.01370686119402986,0.067338189001684,0,0,0,0,0,0,0,0
0.042681144435802426,-0.023952616559601406,1.006,-0.06965609044709369,0.20911947631835937,0.09567951202392579,2.5,0,1,0,2.4573188555641976,0.023952616559601406,-0.006000000000000005,0.06965609044709369,1.159400981189142,-0.016943126935547802,-0.015667330769230783,0.06917276850038755,0,0,0,0,0,0,0,0
0.0627383222835367,-0.018159720335387902,1.005,-0.06778858814745974,0.294080322265625,0.10762235260009766,2.5,0,1,0,2.4372616777164633,0.018159720335387902,-0.004999999999999893,0.06778858814745974,1.1235090924063662,-0.021058450578614083,0.001092280597015595,0.05942663755208384,0,0,0,0,0,0,0,0
0.08947211450335649,-0.01000971936133264,1.008,-0.0648913415891492,0.3918050537109375,0.14913211059570314,2.5,0,1,0,2.4105278854966437,0.01000971936133264,-0.008000000000000007,0.0648913415891492,1.0702608101306925,-0.03943596448592524,-0.02298905000000063,0.051310498347068606,0,0,0,0,0,0,0,0
0.1245407377586045,-0.0018125945219202768,1.014,-0.0629714794119554,0.516948974609375,0.1568088836669922,2.5,0,1,0,2.3754592622413955,0.0018125945219202768,-0.014000000000000012,0.0629714794119554,1.0055977792890403,-0.04450264958539767,-0.04480433333333337,0.05382927856817535,0,0,0,0,0,0,0,0
0.16422641240280259,0.009825211973470648,1.012,-0.06251769380643689,0.5831197509765625,0.21168231201171875,2.5,0,1,0,2.335773587597197,-0.009825211973470648,-0.01200000000000001,0.06251769380643689,0.9684067853122674,-0.06745346867795493,0.0008202307692307693,0.060423298704043775,0,0,0,0,0,0,0,0
0.20703763811222542,0.02065586185798017,1.009,-0.060667644799322865,0.6307638549804687,0.20226310729980468,2.5,0,1,0,2.2929623618877746,-0.02065586185798017,-0.008999999999999897,0.060667644799322865,0.9351773946074545,-0.06765257912984278,0.008300690909091595,0.052258331130622754,0,0,0,0,0,0,0,0
0.2569206503210535,0.031083039004908386,1.005,-0.05946336761544681,0.7373855590820313,0.20148634338378907,2.5,0,1,0,2.2430793496789465,-0.031083039004908386,-0.004999999999999893,0.05946336761544681,0.8659029635167448,-0.07247442133146806,0.017434600000000106,0.05381831831602779,0,0,0,0,0,0,0,0
0.3118467999761841,0.03898443180229716,0.997,-0.05763077190085277,0.815392578125,0.16727395629882813,2.5,0,1,0,2.188153200023816,-0.03898443180229716,0.0030000000000000027,0.05763077190085277,0.8169037208355205,-0.06197279380527904,0.04505602307692252,0.04917263783349568,0,0,0,0,0,0,0,0
0.36878157744323065,0.039618178549363135,0.99,-0.053913220594104826,0.8520562744140625,0.05868110656738281,2.5,0,1,0,2.131218422556769,-0.039618178549363135,0.010000000000000009,0.053913220594104826,0.7836722765075514,-0.023130632164083585,0.04476631212121216,0.037015260108886894,0,0,0,0,0,0,0,0
0.42672538375700936,0.03898595042234622,0.986,-0.05232497097479002,0.8684052734375,0.037366718292236326,2.5,0,1,0,2.0732746162429905,-0.03898595042234622,0.014000000000000012,0.05232497097479002,0.7459697411349092,-0.016074775464890043,0.032474561538461566,0.044994588116413985,0,0,0,0,0,0,0,0
0.4931434162635731,0.04162985835658389,0.978,-0.05016076270231703,0.992832763671875,0.09171038055419922,2.5,0,1,0,2.0068565837364267,-0.04162985835658389,0.02200000000000002,0.05016076270231703,0.6842729780245428,-0.03443769269653065,0.05866217058823535,0.04061278502964208,0,0,0,0,0,0,0,0
0.5726908763150103,0.045427884018215375,0.967,-0.047804568212124664,1.1888546142578125,0.1167260513305664,2.5,0,1,0,1.9273091236849897,-0.045427884018215375,0.03300000000000003,0.047804568212124664,0.5525650739360589,-0.043527882548647784,0.08665315000000007,0.03675990653934795,0,0,0,0,0,0,0,0
0.6562874027228804,0.04806512175752648,0.962,-0.04387757739513742,1.250625,0.09943498229980469,2.5,0,1,0,1.8437125972771196,-0.04806512175752648,0.038000000000000034,0.04387757739513742,0.4898034551576372,-0.038529204146038595,0.05808385000000005,0.0254698079405097,0,0,0,0,0,0,0,0
0.7618133829161888,0.049401704927588594,0.952,-0.04253367387110182,1.58048681640625,0.08946053314208985,2.5,0,1,0,1.7381866170838112,-0.049401704927588594,0.04800000000000004,0.04253367387110182,0.32712197372962093,-0.03200419925274943,0.09289825384615392,0.03633104222170674,0,0,0,0,0,0,0,0
0.8731539594477618,0.052758894854024456,0.949,-0.042900193014020586,1.6664569091796875,0.12132674407958985,2.5,0,1,0,1.6268460405522382,-0.052758894854024456,0.051000000000000045,0.042900193014020586,0.24119977049184582,-0.04459727772425035,0.0579374461538462,0.04459181982749183,0,0,0,0,0,0,0,0
0.9966225824528837,0.06157722205094915,0.949,-0.04330161874197932,1.8446524658203125,0.21158125305175782,2.5,0,1,0,1.5033774175471164,-0.06157722205094915,0.051000000000000045,0.04330161874197932,0.12522602013913464,-0.0777337621096319,0.04212020000000004,0.045126281141791735,0,0,0,0,0,0,0,0
1.1259785676992282,0.07167786488663995,0.95,-0.04206243497306333,1.93196240234375,0.23536122131347656,2.5,0,1,0,1.3740214323007718,-0.07167786488663995,0.050000000000000044,0.04206243497306333,0.008769706186273374,-0.0913039915213609,0.036171450000000036,0.036253761056269616,0,0,0,0,0,0,0,0
1.2606568549206933,0.07944782219293857,0.953,-0.040613811693908035,2.013486572265625,0.20139466857910157,2.5,0,1,0,1.2393431450793067,-0.07944782219293857,0.04700000000000004,0.040613811693908035,-0.07553909741056142,-0.08184095240055182,0.023391853846153873,0.033927858097806685,0,0,0,0,0,0,0,0
1.40218325666404,0.0803472241029295,0.957,-0.03925245487735245,2.12059765625,0.09967510223388672,2.5,0,1,0,1.09781674333596,-0.0803472241029295,0.04300000000000004,0.03925245487735245,-0.18246318020919727,-0.04534758076340352,0.015086738461538483,0.03296926957017281,0,0,0,0,0,0,0,0
1.5406864614033846,0.07954346989524641,0.949,-0.03762929867299773,2.0764208984375,0.06948089599609375,2.5,0,1,0,0.9593135385966154,-0.07954346989524641,0.051000000000000045,0.03762929867299773,-0.2348124756803096,-0.03582656628136462,0.08643362307692315,0.0301378084990529,0,0,0,0,0,0,0,0
1.674600281795792,0.07713703631054879,0.95,-0.03644247478164157,2.008643310546875,0.0394974594116211,2.5,0,1,0,0.8253997182042081,-0.07713703631054879,0.050000000000000044,0.03644247478164157,-0.2549796890273449,-0.026432016864376573,0.03766781940298511,0.031128337954673697,0,0,0,0,0,0,0,0
1.8023272145258005,0.07299786634220545,0.95,-0.03284709652253327,1.91689404296875,0.0077585034370422365,2.5,0,1,0,0.6976727854741995,-0.07299786634220545,0.050000000000000044,0.03284709652253327,-0.30660026706949134,-0.014692963913354836,0.04321670000000004,0.0162530430189565,0,0,0,0,0,0,0,0
1.9220298012109,0.06803854504631122,0.952,-0.03284709652253327,1.7970133056640625,-0.015382061004638672,2.5,0,1,0,0.5779701987890999,-0.06803854504631122,0.04800000000000004,0.03284709652253327,-0.33294477341121614,-0.007423397888395286,0.030986400000000032,0.03284709652253327,0,0,0,0,0,0,0,0
2.0324673185621087,0.06238449450919098,0.955,-0.03368485456349059,1.6584544677734374,-0.03036151695251465,2.5,0,1,0,0.4675326814378913,-0.06238449450919098,0.04500000000000004,0.03368485456349059,-0.32789966987779406,-0.0013133233706171532,0.023662553846153872,0.037551430137139734,0,0,0,0,0,0,0,0
2.131806325684074,0.05579247874353292,0.962,-0.03309144261781248,1.4925699462890625,-0.048640335083007816,2.5,0,1,0,0.368193674315926,-0.05579247874353292,0.038000000000000034,0.03309144261781248,-0.3094603756864067,0.00645863333200878,-0.002654012121212121,0.0303941155920029,0,0,0,0,0,0,0,0
2.2187725922908434,0.04846510979617947,0.973,-0.03021164935202185,1.307416259765625,-0.0666906509399414,2.5,0,1,0,0.28122740770915655,-0.04846510979617947,0.027000000000000024,0.03021164935202185,-0.28714488101708885,0.013989931039180462,-0.032487933333333344,0.017121679962064436,0,0,0,0,0,0,0,0
2.2932841717678656,0.040964972798793645,0.987,-0.030403635569741197,1.12056201171875,-0.0786890869140625,2.5,0,1,0,0.2067158282321344,-0.040964972798793645,0.013000000000000012,0.030403635569741197,-0.27056882573338564,0.01987289659043726,-0.061833900000000046,0.03130357096530064,0,0,0,0,0,0,0,0
2.3544345668551308,0.0335187862185746,1.004,-0.032306044454415025,0.9202273559570312,-0.08375756072998047,2.5,0,1,0,0.14556543314486925,-0.0335187862185746,-0.0040000000000000036,0.032306044454415025,-0.22283556364270624,0.022652679281615077,-0.0904358615384616,0.041086393152909614,0,0,0,0,0,0,0,0
2.427634241204721,0.019677670448747134,1.016,-0.03401646712136948,1.1041282958984375,-0.17204269409179687,2.5,0,1,0,0.07236575879527907,-0.019677670448747134,-0.016000000000000014,0.03401646712136948,-0.3182963725023261,0.06286525544261418,-0.07223936363636368,0.04179111560752608,1427127027887,0,0,0,0,0,0,0
2.48496771375331,0.006491089237629956,1.025,-0.03569198320328405,0.866231689453125,-0.16843569946289064,2.5,0,1,0,0.015032286246690063,-0.006491089237629956,-0.02499999999999991,0.03569198320328405,-0.2723158248656921,0.0681686513942121,-0.06518174999999936,0.043545964837258616,1427127027887,0,0,0,0,0,0,0
2.530714883988344,-0.0057276506616467,1.032,-0.03804817769347639,0.692310791015625,-0.15867745971679686,2.5,0,1,0,-0.03071488398834399,0.0057276506616467,-0.03200000000000003,0.03804817769347639,-0.22064531591451833,0.06599698115130011,-0.05834456417910511,0.048598302276427155,1427127027887,0,0,0,0,0,0,0
2.5651818336362004,-0.015274673772059114,1.039,-0.03902556207459319,0.5220774536132813,-0.12343537902832032,2.5,0,1,0,-0.06518183363620045,0.015274673772059114,-0.038999999999999924,0.03902556207459319,-0.18453467130578874,0.05835823048226003,-0.06532320769230705,0.0435365669105169,1427127027887,0,0,0,0,0,0,0
2.5896724941362024,-0.02316632609765664,1.044,-0.04075343803406757,0.37169866943359375,-0.10395186614990234,2.5,0,1,0,-0.08967249413620237,0.02316632609765664,-0.04400000000000004,0.04075343803406757,-0.14311980865006918,0.053405579761865184,-0.058839976923077575,0.04872825015471855,1427127027887,0,0,0,0,0,0,0
2.6051920652283433,-0.03027239262877343,1.041,-0.042428954115982145,0.23694302368164064,-0.09701798248291016,2.5,0,1,-0.04075343803406757,-0.10519206522834335,0.03027239262877343,-0.040999999999999925,0.0016755160819145742,-0.05259603261417167,0.015136196314386716,-0.03279999999999994,0.0016755160819145742,0,0,0,0,0,0,0,0
2.6131181318257783,-0.03658329584058224,1.034,-0.043249258864419514,0.12279927062988281,-0.08953544616699219,2.5,0,1,-0.04075343803406757,-0.11311813182577835,0.03658329584058224,-0.03400000000000003,0.0024958208303519427,-0.09931141283861054,0.05229721358771183,0.010271307692307097,0.00628184274621672,0,0,0,0,0,0,0,0
2.6162054203915,-0.04166841032081835,1.024,-0.044558255803415235,0.04956390762329101,-0.07420317077636719,2.5,0,1,-0.04075343803406757,-0.11620542039150017,0.04166841032081835,-0.02400000000000002,0.003804817769347664,-0.07438172144895942,0.047449933004525546,0.03265700597014927,0.009665998093209102,0,0,0,0,0,0,0,0
2.615050440920376,-0.04559357085117357,1.018,-0.04499458811641382,-0.014684889793395996,-0.05959067153930664,2.5,0,1,-0.04075343803406757,-0.11505044092037586,0.04559357085117357,-0.018000000000000016,0.004241150082346247,-0.051720213823796816,0.043383600029959855,0.016440883582089564,0.006194876856966768,0,0,0,0,0,0,0,0
2.6119799182994177,-0.04976600972228233,1.011,-0.044593162388455114,-0.043196117401123044,-0.06459489440917969,2.5,0,1,-0.04075343803406757,-0.11197991829941767,0.04976600972228233,-0.010999999999999899,0.003839724354387543,-0.03895425947092716,0.04855019485827102,0.03014552903225881,0.001897341799748652,0,0,0,0,0,0,0,0
2.606875184644133,-0.053448167915911365,1.007,-0.04389503068765737,-0.07403271484375,-0.05859087753295898,2.5,0,1,-0.04075343803406757,-0.10687518464413293,0.053448167915911365,-0.006999999999999895,0.003141592653589799,-0.026317929579586345,0.04669893052081295,0.01532236153846164,-0.00008055365778440347,0,0,0,0,0,0,0,0
2.5991912538175526,-0.05482155663224757,1.005,-0.04310963252425994,-0.11424395751953124,-0.02563865852355957,2.5,0,1,-0.04075343803406757,-0.09919125381755256,0.05482155663224757,-0.004999999999999893,0.0023561944901923718,-0.009280339748681546,0.03487792342892661,0.0059569606060607,-0.0012137971616141153,1427127028604,0,0,0,0,0,0,0
2.5894003637589282,-0.054250296532189636,1.004,-0.04150392961242512,-0.14709619140625,0.00223167610168457,2.5,0,1,-0.04075343803406757,-0.08940036375892824,0.054250296532189636,-0.0040000000000000036,0.0007504915783575483,0.006729369695328287,0.024315566972518785,0.0014275303030297161,-0.006548158020891648,1427127028604,0,0,0,0,0,0,0
2.5809743837613217,-0.05208306498250703,0.999,-0.041364303272265576,-0.12762969970703125,0.02723631477355957,2.5,0,1,-0.04075343803406757,-0.08097438376132171,0.05208306498250703,0.0010000000000000009,0.0006108652381980051,0.005048727525912067,0.014442646443458882,0.027474650000000024,-0.00004363323129985379,1427127028604,0,0,0,0,0,0,0
2.5743483374399747,-0.04875660250932976,0.998,-0.04063126498642798,-0.1013690414428711,0.04574420166015625,2.5,0,1,-0.04075343803406757,-0.07434833743997471,0.04875660250932976,0.0020000000000000018,-0.00012217304763958992,-0.0020874428835618714,0.006751433526411978,0.0063285153846153915,-0.0035054266745823356,1427127028604,0,0,0,0,0,0,0
2.5694549635463946,-0.04447530014272455,0.998,-0.03958406743523139,-0.07594863128662109,0.061184993743896486,2.5,0,1,-0.04075343803406757,-0.06945496354639458,0.04447530014272455,0.0020000000000000018,-0.001169370598836178,-0.00941559713209883,-0.0001520191359231475,0.000957100000000003,-0.005929359467911579,1427127028604,0,0,0,0,0,0,0
2.5611767798959066,-0.0389678720656174,0.997,-0.03808308427851625,-0.1273447265625,0.07763272857666016,2.5,0,1,-0.04075343803406757,-0.06117677989590664,0.0389678720656174,0.0030000000000000027,-0.002670353755551323,0.01400594835090483,-0.01029566484649165,0.007245050000000009,-0.009706212302653566,1427127028929,0,0,0,0,0,0,0
2.551884621006829,-0.031203171468808032,1,-0.03750712562535815,-0.14371580505371093,0.11107923126220703,2.5,0,1,-0.04075343803406757,-0.05188462100682889,0.031203171468808032,0,-0.0032463124087094217,0.021887076785796246,-0.024600230512635195,-0.016295341791044787,-0.00582523175120837,1427127028996,0,0,0,0,0,0,0
2.542986188063293,-0.023302085135861537,1.001,-0.03687880709464019,-0.1378267822265625,0.11342779541015625,2.5,0,1,-0.04075343803406757,-0.04298618806329291,0.023302085135861537,-0.0009999999999998899,-0.00387463093942738,0.026430958732133126,-0.031183057438619956,-0.006898849999999308,-0.00681987405216781,1427127029060,0,0,0,0,0,0,0
2.5308232257813783,-0.014203773231721839,1.002,-0.035831609543443575,-0.18735226440429686,0.1296550750732422,2.5,0,1,-0.04075343803406757,-0.030823225781378305,0.014203773231721839,-0.0020000000000000018,-0.004921828490623996,0.049321973442064126,-0.04150482530784796,-0.007627715384615987,-0.009755047957685298,1427127029125,0,0,0,0,0,0,0
2.524196309473718,-0.006052031031121634,1.007,-0.03553490357060456,-0.10372035217285157,0.11863661193847656,2.5,0,1,-0.04075343803406757,-0.02419630947371809,0.006052031031121634,-0.006999999999999895,-0.005218534463463008,0.022810225671828076,-0.04047984879968825,-0.03321167692307626,-0.00658794664579691,1427127029190,0,0,0,0,0,0,0
2.515140598934175,0.002026513670281091,1.009,-0.03480186528476694,-0.1400550537109375,0.11627577972412109,2.5,0,1,-0.04075343803406757,-0.015140598934174854,-0.002026513670281091,-0.008999999999999897,-0.005951572749300631,0.04040636233935492,-0.044126298003981164,-0.018716330769230693,-0.009334826376243504,1427127029255,0,0,0,0,0,0,0
2.507719943997484,0.008360801629736823,1.01,-0.033719761148530446,-0.11454843139648438,0.09108377838134765,2.5,0,1,-0.04075343803406757,-0.007719943997483991,-0.008360801629736823,-0.010000000000000009,-0.007033676885537125,0.034702034352416866,-0.037390025025422186,-0.0141161303030309,-0.011952332050248465,1427127029321,0,0,0,0,0,0,0
2.4999335171454007,0.015003017984931158,1.01,-0.034993851502486316,-0.12008898162841797,0.09563900756835937,2.5,0,1,-0.04075343803406757,0.00006648285459931458,-0.015003017984931158,-0.010000000000000009,-0.005759586531581255,0.04182535417721298,-0.043454434829884994,-0.008877100000000004,0.00021271200258688588,1427127029385,0,0,0,0,0,0,0
2.494420625054597,0.019811883757648557,1.009,-0.03623303527140228,-0.08516645050048828,0.0691956558227539,2.5,0,1,-0.04075343803406757,0.0055793749454031705,-0.019811883757648557,-0.008999999999999897,-0.004520402762665292,0.031238494577617227,-0.03504888378298033,-0.002833469696969019,0.001112250732407269,1427127029451,0,0,0,0,0,0,0
2.492343500883341,0.02275005835528364,1.007,-0.03769911184307753,-0.03273294830322265,0.04291503143310547,2.5,0,1,-0.04075343803406757,0.007656499116658999,-0.02275005835528364,-0.006999999999999895,-0.0030543261909900393,0.014231514341102659,-0.026852137844915185,0.004187230769230866,0.003712181062895741,1427127029516,0,0,0,0,0,0,0
2.4892348004977243,0.024779864973234055,1.011,-0.04098033083682683,-0.047744930267333986,0.028667953491210936,2.5,0,1,-0.04075343803406757,0.010765199502275724,-0.024779864973234055,-0.010999999999999899,0.00022689280275926121,0.021093987145249387,-0.022826581727943253,-0.03106672121212114,0.015141524592528809,1427127029582,0,0,0,0,0,0,0
2.4880474200060463,0.02390775136076994,1.005,-0.041975168510463644,-0.017259811401367186,-0.013800405502319335,2.5,0,1,-0.04075343803406757,0.011952579993953716,-0.02390775136076994,-0.004999999999999893,0.0012217304763960726,0.011506748474512322,-0.007017333118744371,0.026730581818181935,0.0057437199020179425,1427127029648,0,0,0,0,0,0,0
2.4855239519727474,0.021183573689022468,0.998,-0.043580871422298405,-0.036103965759277344,-0.0424150505065918,2.5,0,1,-0.04075343803406757,0.014476048027252553,-0.021183573689022468,0.0020000000000000018,0.0028274333882308336,0.020281248240406786,0.004604199957754948,0.03880644999999944,0.010354165787456276,1427127029712,0,0,0,0,0,0,0
2.4839157211550873,0.018364010995613037,0.998,-0.04419173666049644,-0.02225795555114746,-0.04330427169799805,2.5,0,1,-0.04075343803406757,0.016084278844912703,-0.018364010995613037,0.0020000000000000018,0.0034382986264288665,0.016090454064673538,0.006523865174636314,0.0005380000000000074,0.006301729430482145,1427127029776,0,0,0,0,0,0,0
2.48312352517567,0.015242038640505863,0.991,-0.04628613176288964,-0.009802531242370606,-0.04730882263183594,2.5,0,1,-0.04075343803406757,0.016876474824329968,-0.015242038640505863,0.009000000000000008,0.00553269372882207,0.01190371752847581,0.009211222131460563,0.043318612121212165,0.015052671466972997,1427127029842,0,0,0,0,0,0,0
2.481561679506134,0.012748003315845052,0.987,-0.04841543345032266,-0.02167162322998047,-0.038454452514648435,2.5,0,1,-0.04075343803406757,0.018438320493865845,-0.012748003315845052,0.013000000000000012,0.007661995416255091,0.016905524207354035,0.0073234605662222734,0.03102036153846157,0.017489541665945955,1427127029907,0,0,0,0,0,0,0
2.4815604455480433,0.008059229301442882,0.985,-0.049881510021997935,0.00338531756401062,-0.07025009155273437,2.5,0,1,-0.04075343803406757,0.018439554451956663,-0.008059229301442882,0.015000000000000013,0.009128071987930364,0.00851500351703261,0.020726622508471838,0.021630161194029874,0.01569259395065547,1427127029974,0,0,0,0,0,0,0
2.480497478883027,0.003457453467340393,0.983,-0.051399946471232985,-0.012482942581176758,-0.06973578643798828,2.5,0,1,-0.04075343803406757,0.019502521116972815,-0.003457453467340393,0.017000000000000015,0.010646508437165414,0.014865621362634472,0.023697663650428698,0.02382870000000003,0.01776417929295471,1427127030038,0,0,0,0,0,0,0
2.480470829825332,-0.0024663159827940533,0.982,-0.05274384999526861,0.0041660027503967285,-0.08875972747802735,2.5,0,1,-0.04075343803406757,0.019529170174668042,0.0024663159827940533,0.018000000000000016,0.011990411961201042,0.009224082645357568,0.033890779405399675,0.019275150000000026,0.018289959730118047,1427127030102,0,0,0,0,0,0,0
2.4805625442570713,-0.010223320105389592,0.982,-0.054489179247262945,0.007507972240447998,-0.1161207275390625,2.5,0,1,-0.04075343803406757,0.019437455742928655,0.010223320105389592,0.018000000000000016,0.013735741213195374,0.00855895270526826,0.04651604260039938,0.01392520000000002,0.021669055994987793,1427127030168,0,0,0,0,0,0,0
2.479972766797439,-0.01676328537901495,0.98,-0.056094882159097706,-0.003490816593170166,-0.0984356918334961,2.5,0,1,-0.04075343803406757,0.020027233202561057,0.01676328537901495,0.020000000000000018,0.015341444125030135,0.012528948330041305,0.04387649107706675,0.0264244307692308,0.02275238064119057,1427127030233,0,0,0,0,0,0,0
2.4786333091832624,-0.022495598204320472,0.985,-0.057508598853213175,-0.015239489555358888,-0.08697590637207031,2.5,0,1,-0.04075343803406757,0.021366690816737588,0.022495598204320472,0.015000000000000013,0.016755160819145604,0.01703443467856146,0.04148743965743626,-0.014363702985074629,0.02308523556891636,1427127030300,0,0,0,0,0,0,0
2.4783170200433253,-0.028932035707524072,0.985,-0.0595855406630864,0.0008127036690711975,-0.0966596450805664,2.5,0,1,-0.04075343803406757,0.021682979956674675,0.028932035707524072,0.015000000000000013,0.018832102629018826,0.0119662347732214,0.050536953976309376,0.011850200000000017,0.02872230172365322,1427127030363,0,0,0,0,0,0,0
2.4780938817591074,-0.03619600726349767,0.985,-0.059655353833166155,0.00314743971824646,-0.10896552276611328,2.5,0,1,-0.04075343803406757,0.021906118240892614,0.03619600726349767,0.015000000000000013,0.018901915799098584,0.011536394841744168,0.05754817402381254,0.011947700000000018,0.01922413043023593,1427127030428,0,0,0,0,0,0,0
2.4795428510427313,-0.04161326592498697,0.983,-0.0595855406630864,0.02654052925109863,-0.07981851959228516,2.5,0,1,-0.04075343803406757,0.02045714895726869,0.04161326592498697,0.017000000000000015,0.018832102629018826,0.001939970060929632,0.04989846195759484,0.024265960606060635,0.0185147700377472,1427127030494,0,0,0,0,0,0,0
2.4803182291687644,-0.04726509548396949,0.986,-0.05981243346584565,0.016658552169799806,-0.08393437957763672,2.5,0,1,-0.04075343803406757,0.019681770831235568,0.04726509548396949,0.014000000000000012,0.01905899543177808,0.00507388918183896,0.05446014060244078,-0.0048029461538461465,0.020106192982974638,1427127030559,0,0,0,0,0,0,0
2.4818877688483822,-0.051454659381399835,0.987,-0.061487949547760226,0.027257574081420897,-0.06132374954223633,2.5,0,1,-0.04075343803406757,0.018112231151617753,0.051454659381399835,0.013000000000000012,0.020734511513692655,0.0002772796446333034,0.048042250332160856,0.005414119402985088,0.028236822328235524,1427127030626,0,0,0,0,0,0,0
2.4824132052131853,-0.0504198083785403,0.985,-0.06276203990171607,0.006912789344787598,0.015977745056152345,2.5,0,1,-0.04075343803406757,0.017586794786814686,0.0504198083785403,0.015000000000000013,0.022008601867648497,0.005305638105975396,0.01992163551816043,0.023443611111111137,0.028075698791247748,1427127030689,0,0,0,0,0,0,0
2.4835681699488146,-0.0493605876497742,0.986,-0.06349507818755372,0.016293832778930664,0.016943634033203123,2.5,0,1,-0.04075343803406757,0.016431830051185425,0.0493605876497742,0.014000000000000012,0.022741640153486148,0.0014388864591090757,0.01946978554204079,0.006238884615384629,0.02612489378042915,1427127030754,0,0,0,0,0,0,0
2.4863332761781787,-0.04631618118278708,0.988,-0.06283185307179585,0.038495388031005856,0.04820586395263672,2.5,0,1,-0.04075343803406757,0.013666723821821325,0.04631618118278708,0.01200000000000001,0.022078415037728283,-0.008604775943661006,0.007288226158972129,-0.0006677307692307607,0.019017376041922752,1427127030819,0,0,0,0,0,0,0
2.4890991666458007,-0.04244178049310332,0.99,-0.06356489135763345,0.03775735473632812,0.06060640716552734,2.5,0,1,-0.04075343803406757,0.010900833354199335,0.04244178049310332,0.010000000000000009,0.022811453323565878,-0.009759094049390524,0.0012259310249425927,-0.0020385606060605993,0.026143445531918583,1427127030885,0,0,0,0,0,0,0
2.4905003492228897,-0.037970843183591736,0.992,-0.06473426195646968,0.01671524238586426,0.06826371002197265,2.5,0,1,-0.04075343803406757,0.009499650777110347,0.037970843183591736,0.008000000000000007,0.02398082392240211,-0.0032163282701410598,-0.004147928645126239,-0.0035857606060605996,0.02929614482620317,1427127030951,0,0,0,0,0,0,0
2.493497766037665,-0.03155672505262263,0.994,-0.06483898171158935,0.03864323043823242,0.09891875457763671,2.5,0,1,-0.04075343803406757,0.006502233962335069,0.03155672505262263,0.006000000000000005,0.024085543677521776,-0.013672484787214105,-0.018702483900025716,-0.005478799999999997,0.024576417529645202,1427127031015,0,0,0,0,0,0,0
2.496098648299226,-0.02575165092899321,0.997,-0.06637487145334428,0.033289283752441404,0.08942094421386719,2.5,0,1,-0.04075343803406757,0.0039013517007742138,0.02575165092899321,0.0030000000000000027,0.02562143341927671,-0.012583017472760563,-0.017769165294926913,-0.013075646153846154,0.03271015530429948,1427127031080,0,0,0,0,0,0,0
2.497891274116979,-0.01748509839626342,0.999,-0.06674139059626313,0.01860584831237793,0.1255087127685547,2.5,0,1,-0.04075343803406757,0.002108725883021023,0.01748509839626342,0.0010000000000000009,0.025987952562195563,-0.009125809627771923,-0.03514519075787471,-0.009284530769230769,0.02767957937566719,1427127031145,0,0,0,0,0,0,0
2.499604008806789,-0.009131571566423826,1.005,-0.06593853914034573,0.01727713966369629,0.12673731231689453,2.5,0,1,-0.04075343803406757,0.00039599119321120924,0.009131571566423826,-0.004999999999999893,0.025185101106278154,-0.009411999022469397,-0.03910272730590858,-0.03516648181818116,0.02153577630665357,1427127031211,0,0,0,0,0,0,0
2.5025436038860747,-0.002999570686874558,1.008,-0.06646213791594405,0.037937469482421875,0.09468550872802735,2.5,0,1,-0.04075343803406757,-0.0025436038860746635,0.002999570686874558,-0.008000000000000007,0.025708699881876476,-0.017389553163656243,-0.03038592859567209,-0.021710190909091508,0.028088694316414302,1427127031277,0,0,0,0,0,0,0
2.505173055723756,0.0038045942451238476,1.011,-0.06667157742618332,0.03257640075683594,0.10445659637451171,2.5,0,1,-0.04075343803406757,-0.005173055723755926,-0.0038045942451238476,-0.010999999999999899,0.02591813939211575,-0.01749864279138773,-0.03848253649139621,-0.02467774999999932,0.026899887096362343,1427127031341,0,0,0,0,0,0,0
2.5070481927038983,0.008683407978984287,1.013,-0.06723008278682155,0.02318900489807129,0.07489350128173829,2.5,0,1,-0.04075343803406757,-0.007048192703898337,-0.008683407978984287,-0.0129999999999999,0.026476644752753978,-0.014157869300933127,-0.02998784609166424,-0.02072523076923069,0.029054361801853494,1427127031406,0,0,0,0,0,0,0
2.5082785657415325,0.01340111125168053,1.016,-0.06825982704549824,0.013659912109375,0.07184552001953125,2.5,0,1,-0.04075343803406757,-0.008278565741532518,-0.01340111125168053,-0.016000000000000014,0.027506389011430668,-0.011306631043207126,-0.03148789058251875,-0.028613846153846767,0.0322590548207077,1427127031471,0,0,0,0,0,0,0
2.50858641831253,0.017710117074204335,1.018,-0.06944665093685434,0.00019848018884658814,0.06479953002929688,2.5,0,1,-0.04075343803406757,-0.008586418312530153,-0.017710117074204335,-0.018000000000000016,0.02869321290278677,-0.0064987206033353855,-0.03145322649202728,-0.024946230769230783,0.034170861632122636,1427127031536,0,0,0,0,0,0,0
2.507355833217414,0.021568898758601084,1.018,-0.06963863715457372,-0.022430744171142578,0.056461334228515625,2.5,0,1,-0.04075343803406757,-0.007355833217414176,-0.021568898758601084,-0.018000000000000016,0.028885199120506147,0.0021977408273063216,-0.030352544221271732,-0.014297600000000004,0.029744838901339173,1427127031603,0,0,0,0,0,0,0
2.5073307503188698,0.02477787621788,1.018,-0.07016223593017204,-0.0037246551513671873,0.04799181365966797,2.5,0,1,-0.04075343803406757,-0.007330750318869761,-0.02477787621788,-0.018000000000000016,0.02940879789610447,-0.0040878505510878495,-0.029094433197333295,-0.014414600000000005,0.031825407629635184,1427127031668,0,0,0,0,0,0,0
2.5073117465004957,0.027819061389030276,1.018,-0.07185520530460651,-0.0034823758602142334,0.04548555755615234,2.5,0,1,-0.04075343803406757,-0.007311746500495708,-0.027819061389030276,-0.018000000000000016,0.03110176727053894,-0.0041158347857357894,-0.029729611236734017,-0.014531600000000004,0.03891547207562112,1427127031733,0,0,0,0,0,0,0
2.507387402297089,0.029589679525835376,1.02,-0.07126179335892843,-0.0007748715877532959,0.02657221031188965,2.5,0,1,-0.04075343803406757,-0.007387402297089007,-0.029589679525835376,-0.020000000000000018,0.03050835532486086,-0.004674461511905541,-0.023941313175646045,-0.027197100000000016,0.027726736829494864,1427127031797,0,0,0,0,0,0,0
2.506631480535054,0.02894218232932421,1.021,-0.07082546104592989,-0.01061850643157959,-0.01049514865875244,2.5,0,1,-0.04075343803406757,-0.006631480535054024,-0.02894218232932421,-0.020999999999999908,0.03007202301186232,0.00018327949380291062,-0.010466785694422281,-0.022580715384614706,0.02805818156725367,1427127031862,0,0,0,0,0,0,0
2.5080101517843625,0.029404874494477262,1.019,-0.0705113017805709,0.02013707733154297,0.008386433601379395,2.5,0,1,-0.04075343803406757,-0.008010151784362485,-0.029404874494477262,-0.018999999999999906,0.029757863746503327,-0.011783784870890778,-0.01662140503267331,-0.005275638805970057,0.028351180468776493,1427127031929,0,0,0,0,0,0,0
