0,0,0.707,0,0.009976923942565918,-0.011264141082763673,0,0,1,0,0,0,0.29300000000000004,0,0,0,0.23440000000000005,0,0,0,0,0,0,0,0,0
-0.0011427715301513671,0.00024106626510620116,0.707,0.000593411945678135,-0.017141572952270506,0.0036159939765930175,0,0,1,0,0.0011427715301513671,-0.00024106626510620116,0.29300000000000004,-0.000593411945678135,0.006725513728923797,-0.0013990739451845919,0.23633380000000007,-0.0032907389714878395,0,0,0,0,0,0,0,0
-0.00008584371192128134,0.0005194988678440451,0.707,-0.0009948376736367281,0.0158563928604126,0.004167080402374268,0,0,1,0,0.00008584371192128134,-0.0005194988678440451,0.29300000000000004,0.0009948376736367281,-0.005647429334601704,-0.0017829193131549967,0.23820900000000006,0.00843975776417515,0,0,0,0,0,0,0,0
0.0030274206921502046,-0.00018075589490334284,0.708,0.0005235987755983772,0.04670939254760742,-0.010457358360290527,0,0,1,0,-0.0030274206921502046,0.00018075589490334284,0.29200000000000004,-0.0005235987755983772,-0.01802464531996124,0.0038034778900226103,0.23403316969696972,-0.007425582635757947,0,0,0,0,0,0,0,0
0.005806143499439259,-0.0009297944928780973,0.709,0.0009250245035570258,0.04167495346069336,-0.011257401466369629,0,0,1,0,-0.005806143499439259,0.0009297944928780973,0.29100000000000004,-0.0009250245035570258,-0.017643754552954017,0.004437313009884049,0.23515376969696972,-0.0027496869033690648,0,0,0,0,0,0,0,0
0.009330346166053232,-0.0011988998550413947,0.714,0.0003490658503988441,0.05285928344726563,-0.004085478305816651,0,0,1,0,-0.009330346166053232,0.0011988998550413947,0.28600000000000003,-0.0003490658503988441,-0.023949159390077152,0.0020721285530040014,0.21094345,0.0023507403362801327,0,0,0,0,0,0,0,0
0.014503245992256011,-0.0019555328374757843,0.715,0.0005934119456781349,0.07758953094482422,-0.01137657928466797,0,0,1,0,-0.014503245992256011,0.0019555328374757843,0.28500000000000003,-0.0005934119456781349,-0.03512612906727408,0.00505422378895866,0.23395508461538467,-0.0017211631546594774,0,0,0,0,0,0,0,0
0.022015289261381677,-0.0021504681857229973,0.722,0.0004188790204786574,0.11267889404296876,-0.002990895748138428,0,0,1,0,-0.022015289261381677,0.0021504681857229973,0.278,-0.0004188790204786574,-0.05149184840944158,0.0021285635448566502,0.19785439230769233,0.0003866575573650851,0,0,0,0,0,0,0,0
0.028305349242979484,-0.002938573303164215,0.727,-0.0006632251157578373,0.09434593963623047,-0.01186109733581543,0,0,1,0,-0.028305349242979484,0.002938573303164215,0.273,0.0006632251157578373,-0.047562474864201745,0.00565424900654408,0.20683334848484852,0.005581880280469176,0,0,0,0,0,0,0,0
0.03672819600795876,-0.0042868379128726715,0.733,0.0011344640137963546,0.12635608673095702,-0.02014017105102539,0,0,1,0,-0.03672819600795876,0.0042868379128726715,0.267,-0.0011344640137963546,-0.062442073234930506,0.009195081507333806,0.19899411641791045,-0.009183818325233033,0,0,0,0,0,0,0,0
0.045759556076173956,-0.0067809468452534015,0.741,0.0020943951023932312,0.13542787170410156,-0.0375652961730957,0,0,1,0,-0.045759556076173956,0.0067809468452534015,0.259,-0.0020943951023932312,-0.07396966266265365,0.017482814025193798,0.18038190967741935,-0.006739222950442634,0,0,0,0,0,0,0,0
0.052821512829594595,-0.009001453760392613,0.749,0.0015009831567152072,0.10585935974121094,-0.033529388427734376,0,0,1,0,-0.052821512829594595,0.009001453760392613,0.251,-0.0015009831567152072,-0.06400178964385714,0.016294776702393363,0.17837555757575757,0.0011963438690939928,0,0,0,0,0,0,0,0
0.06272494364922312,-0.009294004475529437,0.758,0.001291543646475823,0.14854470825195312,-0.004611228942871094,0,0,1,0,-0.06272494364922312,0.009294004475529437,0.242,-0.001291543646475823,-0.08406332659485506,0.006223175951387811,0.16746972727272724,-0.00033954587266044024,0,0,0,0,0,0,0,0
0.07183385419836025,-0.010776282729564646,0.768,0.0018151424220742003,0.13660482788085937,-0.022410623550415038,0,0,1,0,-0.07183385419836025,0.010776282729564646,0.23199999999999998,-0.0018151424220742003,-0.0859599163612499,0.013526015793563627,0.15399429999999992,-0.004269511682691594,0,0,0,0,0,0,0,0
0.07995423076317504,-0.012678272406898316,0.779,0.0018849555921539025,0.121753662109375,-0.028750892639160155,0,0,1,0,-0.07995423076317504,0.012678272406898316,0.22099999999999997,-0.0018849555921539025,-0.08267919699006568,0.016315062844134066,0.14389981343283578,-0.002197551876092868,0,0,0,0,0,0,0,0
0.08425698554483724,-0.012984559852772883,0.792,0.0015184364492350495,0.06453254699707031,-0.00471596097946167,0,0,1,0,-0.08425698554483724,0.012984559852772883,0.20799999999999996,-0.0015184364492350495,-0.06599531148646993,0.008215759183857628,0.12119994999999993,0.000199622033197074,0,0,0,0,0,0,0,0
0.088894190754759,-0.01360321379648021,0.805,0.0019547687622337158,0.06954390716552734,-0.009385417938232422,0,0,1,0,-0.088894190754759,0.01360321379648021,0.19499999999999995,-0.0019547687622337158,-0.0698105716181696,0.010190132318091912,0.1131611999999999,-0.003968610206842945,0,0,0,0,0,0,0,0
0.09191744797852129,-0.01484623256904414,0.815,0.0020594885173533246,0.04531232452392578,-0.0187338924407959,0,0,1,0,-0.09191744797852129,0.01484623256904414,0.18500000000000005,-0.0020594885173533246,-0.06269145741499345,0.014183256218617785,0.12251754615384675,-0.0025428104640592116,0,0,0,0,0,0,0,0
0.09346988534363367,-0.015931798276875502,0.823,0.001291543646475823,0.023252975463867186,-0.0163314094543457,0,0,1,0,-0.09346988534363367,0.015931798276875502,0.17700000000000005,-0.001291543646475823,-0.05560863228413885,0.013888570546699595,0.12803727692307693,0.0022528172960357227,0,0,0,0,0,0,0,0
0.09373988135634374,-0.016135377029544217,0.833,0.0009250245035570255,0.004045992851257324,-0.0030589094161987303,0,0,1,0,-0.09373988135634374,0.016135377029544217,0.16700000000000004,-0.0009250245035570255,-0.048857584823234344,0.009219287910274711,0.11199429402985073,0.0007161059871241572,0,0,0,0,0,0,0,0
0.0942158314172677,-0.016541062038158177,0.843,0.002740166925631115,0.007133618831634521,-0.00609187650680542,0,0,1,0,-0.0942158314172677,0.016541062038158177,0.15700000000000003,-0.002740166925631115,-0.05038865590055476,0.010587835489113104,0.10255039999999997,-0.011248647029103411,0,0,0,0,0,0,0,0
0.09467109481326856,-0.018230140707470005,0.852,0.0035255650890286257,0.006759500026702881,-0.02535479736328125,0,0,1,0,-0.09467109481326856,0.018230140707470005,0.14800000000000002,-0.0035255650890286257,-0.050448879100851836,0.018320673512973434,0.10253836153846152,-0.007150479689324828,0,0,0,0,0,0,0,0
0.0936059640188594,-0.019370713405954833,0.863,0.001169370598836205,-0.016037179946899415,-0.017052156448364258,0,0,1,0,-0.0936059640188594,0.019370713405954833,0.137,-0.001169370598836205,-0.041827562333203325,0.01595005713686126,0.08385963076923073,0.009705373202051887,0,0,0,0,0,0,0,0
0.09046848252378942,-0.01901996360723476,0.873,-0.0018151424220740904,-0.04705603790283203,0.005316276550292969,0,0,1,0,-0.09046848252378942,0.01901996360723476,0.127,0.0018151424220740904,-0.029158814634212063,0.007756847151973374,0.08206974615384613,0.01558981790319853,0,0,0,0,0,0,0,0
0.08660084428294448,-0.01968789785787416,0.884,-0.002705260340591154,-0.05799629211425781,-0.010124301910400391,0,0,1,0,-0.08660084428294448,0.01968789785787416,0.11599999999999999,0.002705260340591154,-0.024560426378779133,0.013381123975005894,0.07211919855072457,0.006575338247187082,0,0,0,0,0,0,0,0
0.08314777529543935,-0.020648467694234278,0.893,-0.0020071286397934096,-0.05175686645507813,-0.014548616409301758,0,0,1,0,-0.08314777529543935,0.020648467694234278,0.10699999999999998,0.0020071286397934096,-0.023010766969497953,0.015908710314175983,0.07057324838709672,-0.0013709279769698692,0,0,0,0,0,0,0,0
0.08035032806712036,-0.02164360102081828,0.898,-0.0022689280275925983,-0.041931663513183594,-0.015011192321777344,0,0,1,0,-0.08035032806712036,0.02164360102081828,0.10199999999999998,0.0022689280275925983,-0.026094225066403416,0.016356183881327584,0.09111962307692306,0.0034772328943580844,0,0,0,0,0,0,0,0
0.07603002691116437,-0.02274872413568653,0.904,-0.0017104226669544254,-0.06476673889160156,-0.016723840713500977,0,0,1,0,-0.07603002691116437,0.02274872413568653,0.09599999999999997,0.0017104226669544254,-0.015783511318641443,0.017515784815595858,0.08155900769230766,-0.0008672943821448342,1427126380844,0,0,0,0,0,0,0
0.07285877783353552,-0.024161454392624383,0.912,-0.001692969374434472,-0.04753242111206055,-0.02127228546142578,0,0,1,0,-0.07285877783353552,0.024161454392624383,0.08799999999999997,0.001692969374434472,-0.02043244848410346,0.01989420103902555,0.06496177692307688,0.001612415716650072,1427126380844,0,0,0,0,0,0,0
0.07118051598967502,-0.02655939325686075,0.92,0.00033161255787894644,-0.02511299705505371,-0.036011650085449216,0,0,1,0,-0.07118051598967502,0.02655939325686075,0.07999999999999996,-0.00033161255787894644,-0.02794992559688061,0.02603050249451897,0.06038365522388055,-0.009396904792118133,1427126380844,0,0,0,0,0,0,0
0.06500398846778198,-0.028072387955063498,0.923,0.0013439035240356834,-0.09265543365478515,-0.022664196014404298,0,0,1,0,-0.06500398846778198,0.028072387955063498,0.07699999999999996,-0.0013439035240356834,0.00010758101394577751,0.022552609621995515,0.08386124999999996,-0.006089017427895388,1427126380844,0,0,0,0,0,0,0
0.06176654279967378,-0.030783012324184993,0.928,0.001239183768916019,-0.04861628341674805,-0.04059406661987305,0,0,1,0,-0.06176654279967378,0.030783012324184993,0.07199999999999995,-0.001239183768916019,-0.01465932953882065,0.03024941068865567,0.06981242307692304,-0.0007558618222098758,1427126380844,0,0,0,0,0,0,0
0.059236555232373186,-0.03367131226834271,0.932,0.0020245819323134184,-0.03800347137451172,-0.04327743911743164,0,0,1,0.001239183768916019,-0.059236555232373186,0.03367131226834271,0.06799999999999995,-0.0007853981633973994,-0.029618277616186593,0.016835656134171356,0.05439999999999996,-0.0007853981633973994,1427126380844,0,0,0,0,0,0,0
0.0560988975326671,-0.03625192409749401,0.943,0.0008028514559174083,-0.047143138885498044,-0.038613811492919925,0,0,1,0.001239183768916019,-0.0560988975326671,0.03625192409749401,0.05700000000000005,0.00043633231299861075,-0.011190833128235472,0.03204512795637891,-0.013260269230768632,0.006075088357903273,1427126381235,0,0,0,0,0,0,0
0.054138073583653835,-0.038751491859559714,0.946,-0.0008726646259971105,-0.029442451477050782,-0.03746989059448242,0,0,1,0.001239183768916019,-0.054138073583653835,0.038751491859559714,0.05400000000000005,0.0021118483949131295,-0.01689866340311163,0.03248271671316818,0.028260658208955253,0.00961415920945575,1427126381302,0,0,0,0,0,0,0
0.05352794879192731,-0.04226337887369684,0.946,-0.001989675347273512,-0.009105897903442383,-0.052686271667480467,0,0,1,0.001239183768916019,-0.05352794879192731,0.04226337887369684,0.05400000000000005,0.003228859116189531,-0.023586217015309767,0.040118848728679365,0.044283300000000046,0.008384293214388307,1427126381367,0,0,0,0,0,0,0
0.054115826080426886,-0.046463654568853076,0.947,-0.0024958208303518248,0.008943499565124512,-0.06298646545410157,0,0,1,0.001239183768916019,-0.054115826080426886,0.046463654568853076,0.05300000000000005,0.003735004599267844,-0.03041503104979902,0.04630882017771344,0.038353750000000034,0.006107561551197436,1427126381431,0,0,0,0,0,0,0
0.05519420562736023,-0.052710348923367095,0.948,-0.004747295565424525,0.016409502029418946,-0.09365975189208985,0,0,1,0.001239183768916019,-0.05519420562736023,0.052710348923367095,0.052000000000000046,0.005986479334340544,-0.033494374493053286,0.05962310793313037,0.03806266969696973,0.016220455402852815,1427126381497,0,0,0,0,0,0,0
0.05647528085100486,-0.05902473584740818,0.949,-0.0053232542185826515,0.01966555404663086,-0.09462351226806641,0,0,1,0.001239183768916019,-0.05647528085100486,0.05902473584740818,0.051000000000000045,0.0065624379874986705,-0.035351038979959615,0.0636928029933014,0.03751258461538465,0.00922070869438233,1427126381562,0,0,0,0,0,0,0
0.05709315112281193,-0.06572638036259718,0.951,-0.004136430327226548,0.009803038597106933,-0.10047390747070313,0,0,1,0.001239183768916019,-0.05709315112281193,0.06572638036259718,0.049000000000000044,0.005375614096142567,-0.032076143012252194,0.06862548363051345,0.03101453939393943,-0.000019039955476084745,1427126381628,0,0,0,0,0,0,0
0.05765406626172569,-0.07183369256917019,0.955,-0.002007128639793409,0.008792591094970704,-0.0915740966796875,0,0,1,0.001239183768916019,-0.05765406626172569,0.07183369256917019,0.04500000000000004,0.003246312408709428,-0.03223253308490705,0.07011488327467343,0.016481877777777793,-0.006893219436210279,1427126381691,0,0,0,0,0,0,0
0.05826270421466213,-0.07811918231658452,0.957,4.336808689942018e-19,0.009318787574768067,-0.09426383209228516,0,0,1,0.001239183768916019,-0.05826270421466213,0.07811918231658452,0.04300000000000004,0.0012391837689160186,-0.032686735737965676,0.07271181714989505,0.026781839393939424,-0.007884128230144933,1427126381757,0,0,0,0,0,0,0
0.05904430065275213,-0.08459171954802983,0.963,0.0015358897417550592,0.011723946571350098,-0.09708805847167969,0,0,1,0.001239183768916019,-0.05904430065275213,0.08459171954802983,0.03700000000000003,-0.0002967059728390402,-0.034162052322236874,0.07806676985067049,0.000012200000000003874,-0.007496189137315878,1427126381821,0,0,0,0,0,0,0
0.058719398019855235,-0.08970331010171921,0.965,0.003560471674068478,-0.004991296291351318,-0.07666628265380859,0,0,1,0.001239183768916019,-0.058719398019855235,0.08970331010171921,0.03500000000000003,-0.002321287905152459,-0.02804103177989025,0.07239200093061404,0.02084963939393942,-0.011523933052031636,1427126381887,0,0,0,0,0,0,0
0.05989529389853956,-0.09468005039899668,0.964,0.003525565089028627,0.017372533798217772,-0.07471343231201172,0,0,1,0.001239183768916019,-0.05989529389853956,0.09468005039899668,0.03600000000000003,-0.002286381320112608,-0.03662729059886343,0.07422774491639235,0.03779633030303034,-0.002127715024476921,1427126381953,0,0,0,0,0,0,0
0.06029599603189664,-0.09814350780710937,0.964,0.00251327412287189,0.005827335357666016,-0.05197272872924805,0,0,1,0.001239183768916019,-0.06029599603189664,0.09814350780710937,0.03600000000000003,-0.001274090353955871,-0.03282175941692753,0.06857126355928701,0.03272370000000003,0.0034710235499038336,1427126382017,0,0,0,0,0,0,0
0.06129559761191017,-0.10159990944801726,0.964,0.0012042771838761685,0.014863673210144044,-0.051883544921875,0,0,1,0.001239183768916019,-0.06129559761191017,0.10159990944801726,0.03600000000000003,0.00003490658503985046,-0.03639308776411584,0.06948258308588418,0.03296490000000003,0.005896086908901289,0,0,0,0,0,0,0,0
0.0618744515051898,-0.10494201211408344,0.969,-0.0005934119456780234,0.008622429847717284,-0.05014196014404297,0,0,1,0.001239183768916019,-0.0618744515051898,0.10494201211408344,0.031000000000000028,0.0018325957145940424,-0.03466592229001382,0.07144209179429037,0.0018195500000000066,0.010259263509379318,0,0,0,0,0,0,0,0
0.062499004681901164,-0.10640679605995902,0.97,-0.0031241393610698105,0.00938133430480957,-0.021966196060180663,0,0,1,0.001239183768916019,-0.062499004681901164,0.10640679605995902,0.030000000000000027,0.00436332312998583,-0.03526811619763325,0.06197599736566425,0.02308655000000002,0.016226107889634835,0,0,0,0,0,0,0,0
0.06143285948878257,-0.10677270340699857,0.969,-0.002059488517353269,-0.015974952697753907,-0.00553854513168335,0,0,1,0.001239183768916019,-0.06143285948878257,0.10677270340699857,0.031000000000000028,0.003298672286269288,-0.0258737807369815,0.056104365912667827,0.03471315882352944,-0.0013983167301272188,0,0,0,0,0,0,0,0
0.06059010288896763,-0.10760668336092837,0.968,-0.0010821041362363833,-0.012615558624267578,-0.012535707473754883,0,0,1,0.001239183768916019,-0.06059010288896763,0.10760668336092837,0.03200000000000003,0.0023212879051524023,-0.02636986697108954,0.05926770540086314,0.036039650000000034,-0.002260201381333,0,0,0,0,0,0,0,0
0.059701824737584404,-0.10733677086371397,0.971,0.0004363323129986112,-0.013328545570373536,0.004034266948699951,0,0,1,0.001239183768916019,-0.059701824737584404,0.10733677086371397,0.029000000000000026,0.0008028514559174078,-0.02571499107809093,0.05316453284341395,0.011950250000000013,-0.006314819399871628,0,0,0,0,0,0,0,0
0.057746358505781074,-0.1080598654401401,0.974,0.0028448866807507804,-0.02933672332763672,-0.010833619117736816,0,0,1,0.001239183768916019,-0.057746358505781074,0.1080598654401401,0.026000000000000023,-0.0016057029118347614,-0.01910313067973095,0.058965989194060354,0.00997165384615386,-0.012722107686075542,0,0,0,0,0,0,0,0
0.05646937947679176,-0.10891084041595325,0.976,0.005585053606381896,-0.019190921783447265,-0.012710080146789551,0,0,1,0.001239183768916019,-0.05646937947679176,0.10891084041595325,0.02400000000000002,-0.004345869837465877,-0.022259486024490505,0.06008251773974307,0.014077839393939409,-0.016801174044880036,0,0,0,0,0,0,0,0
0.05525673170152361,-0.10912523172334627,0.979,0.00514872129338334,-0.018207393646240234,-0.003114229440689087,0,0,1,0.001239183768916019,-0.05525673170152361,0.10912523172334627,0.02100000000000002,-0.003909537524467321,-0.022030782167694735,0.05688591356233082,0.006513409090909101,-0.0019262088290193432,0,0,0,0,0,0,0,0
0.05399071581035059,-0.10979293234667811,0.981,0.004956735075663965,-0.019041553497314453,-0.009917601585388184,0,0,1,0.001239183768916019,-0.05399071581035059,0.10979293234667811,0.019000000000000017,-0.003717551306747946,-0.02104656744175637,0.05974951672892049,0.010176769230769243,-0.0028314610711200595,0,0,0,0,0,0,0,0
0.052111148917119134,-0.11183291811013005,0.98,0.002722713633111218,-0.028344831466674804,-0.030459663391113282,0,0,1,0.001239183768916019,-0.052111148917119134,0.11183291811013005,0.020000000000000018,-0.0014835298641951988,-0.017284986858961404,0.06775017166990112,0.027029058823529434,0.008372447088243392,0,0,0,0,0,0,0,0
0.049812593454229045,-0.11310804265336402,0.982,0.0016057029118348165,-0.034530281066894535,-0.019032922744750977,0,0,1,0.001239183768916019,-0.049812593454229045,0.11310804265336402,0.018000000000000016,-0.0003665191429187975,-0.013271605361867615,0.06493353371097739,0.009459700000000008,0.004869468613064334,0,0,0,0,0,0,0,0
0.04644570188579838,-0.11526879351188553,0.985,0.00026179938779918865,-0.050555351257324216,-0.03233012771606445,0,0,1,0.001239183768916019,-0.04644570188579838,0.11526879351188553,0.015000000000000013,0.0009773843811168303,-0.005180535149683363,0.0713098255509616,0.0011547161290322606,0.007480143368385997,0,0,0,0,0,0,0,0
0.04303520084801961,-0.11662263912819483,0.985,-0.0006108652381980328,-0.051162830352783205,-0.02029429054260254,0,0,1,0.001239183768916019,-0.04303520084801961,0.11662263912819483,0.015000000000000013,0.0018500490071140518,-0.004957145059033486,0.06683658767428795,0.018192200000000016,0.005700040004160617,0,0,0,0,0,0,0,0
0.03984065469941449,-0.11905152844581357,0.986,-0.0011519173063161971,-0.047895927429199216,-0.036462604522705076,0,0,1,0.001239183768916019,-0.03984065469941449,0.11905152844581357,0.014000000000000012,0.002391101075232216,-0.0031915424529852,0.0746515413132231,0.011924844444444454,0.004967539494842521,0,0,0,0,0,0,0,0
0.038991497086406195,-0.12216557310466648,0.987,-0.0015707963267948546,-0.01268354892730713,-0.046725311279296876,0,0,1,0.001239183768916019,-0.038991497086406195,0.12216557310466648,0.013000000000000012,0.0028099800957108734,-0.01596739957598127,0.07956207450128001,0.011380284615384628,0.004743267882535446,0,0,0,0,0,0,0,0
0.03769555195868385,-0.12417934548638608,0.988,-0.00274016692563106,-0.01939170455932617,-0.030237083435058595,2.5,0,1,0,2.462304448041316,0.12417934548638608,0.01200000000000001,0.00274016692563106,1.231152224020658,0.06208967274319304,0.00960000000000001,0.00274016692563106,0,0,0,0,0,0,0,0
0.03752324884907604,-0.12718196206372398,0.989,-0.002757620218150958,-0.0024611220359802245,-0.04504616165161133,2.5,0,1,0,2.462476751150924,0.12718196206372398,0.01100000000000001,0.002757620218150958,1.2337566433268656,0.08009293689489941,0.0034016500000000026,0.002839432526837979,0,0,0,0,0,0,0,0
0.03698242261472492,-0.13025137340528917,0.99,-0.0033859387488689996,-0.007985398769378663,-0.0460633659362793,2.5,0,1,0,2.463017577385275,0.13025137340528917,0.010000000000000009,0.0033859387488689996,1.2375432902075094,0.0810940948209253,0.0029913411764705914,0.006157932266742713,0,0,0,0,0,0,0,0
0.036411325508003425,-0.13217989026795715,0.993,-0.00431096325242597,-0.008468460083007813,-0.02895659255981445,2.5,0,1,0,2.4635886744919966,0.13217989026795715,0.007000000000000006,0.00431096325242597,1.239796534577422,0.07722865279644875,-0.010884166666666674,0.008715841840792497,0,0,0,0,0,0,0,0
0.0392602588018523,-0.133291870167144,0.995,-0.0069289571304174125,0.04280550765991211,-0.01649531936645508,2.5,0,1,0,2.4607397411981475,0.133291870167144,0.0050000000000000044,0.0069289571304174125,1.2216642412912146,0.07288268974123327,-0.006554230769230774,0.019012005798070223,0,0,0,0,0,0,0,0
0.04731191234308465,-0.13469709131054483,0.995,-0.008796459430051362,0.12091795349121094,-0.020240974426269532,2.5,0,1,0,2.4526880876569153,0.13469709131054483,0.0050000000000000044,0.008796459430051362,1.190985583836457,0.07534256570808004,0.004247500000000004,0.017415700812977282,0,0,0,0,0,0,0,0
0.05988674099427545,-0.13459540406985637,0.995,-0.008290313946973049,0.18860171508789061,0.0031844377517700195,2.5,0,1,0,2.4401132590057246,0.13459540406985637,0.0050000000000000044,0.008290313946973049,1.1639986995223655,0.06728412361732325,0.0042810000000000036,0.006023990888413439,0,0,0,0,0,0,0,0
0.08105278732785152,-0.13426346648832468,0.999,-0.006457718232378951,0.31743850708007815,0.007610960006713867,2.5,0,1,0,2.4189472126721485,0.13426346648832468,0.0010000000000000009,0.006457718232378951,1.1067063767263003,0.06594927187512369,-0.020450961538461553,-0.002000415834978427,0,0,0,0,0,0,0,0
0.10930102845251934,-0.13304548338551533,0.997,-0.005515240436302027,0.4235968017578125,0.02100563430786133,2.5,0,1,0,2.3906989715474807,0.13304548338551533,0.0030000000000000027,0.005515240436302027,1.0536007535744858,0.06055194054784466,0.013644200000000013,0.001097375767191447,0,0,0,0,0,0,0,0
0.14383447683203665,-0.13051696807769528,0.998,-0.002129301687433083,0.51778466796875,0.040784042358398435,2.5,0,1,0,2.3561655231679635,0.13051696807769528,0.0020000000000000018,0.002129301687433083,1.0063987681971438,0.05241828158995039,-0.003464915384615387,-0.013498107922731272,0,0,0,0,0,0,0,0
0.1853574945664848,-0.1267032531710738,1.003,0.0013613568165555812,0.6227220458984375,0.058531818389892576,2.5,0,1,0,2.314642505433515,0.1267032531710738,-0.0029999999999998916,-0.0013613568165555812,0.949505634278053,0.04367347571919326,-0.029022876923076257,-0.017472088373426335,0,0,0,0,0,0,0,0
0.23632724488608695,-0.12164068218022295,1.001,0.0019722220547535585,0.76464892578125,0.07489767456054687,2.5,0,1,0,2.263672755113913,0.12164068218022295,-0.0009999999999998899,-0.0019722220547535585,0.8746251247967086,0.034496646982872844,0.010262930769230866,-0.004791600077205761,0,0,0,0,0,0,0,0
0.2906258934251225,-0.11536230012259376,0.991,0.002705260340591264,0.8146638793945312,0.0925692138671875,2.5,0,1,0,2.2093741065748773,0.11536230012259376,0.009000000000000008,-0.002705260340591264,0.835439110542368,0.025399142409572917,0.06058340303030249,-0.006037252548944471,0,0,0,0,0,0,0,0
0.35192166551483584,-0.10896053668869295,0.99,0.0022514747350727555,0.9196929931640625,0.09353878784179688,2.5,0,1,0,2.148078334485164,0.10896053668869295,0.010000000000000009,-0.0022514747350727555,0.7589021196320593,0.020552801962567577,0.013885850000000014,-0.0001243547092047467,0,0,0,0,0,0,0,0
0.42203836762410535,-0.10077549199180785,0.989,-0.0001221730476395626,1.0520242919921876,0.12040737152099609,2.5,0,1,0,2.0779616323758945,0.10077549199180785,0.01100000000000001,0.0001221730476395626,0.6828542243580227,0.007462109864452705,0.014673215384615398,0.011077470506311799,0,0,0,0,0,0,0,0
0.5016465733417986,-0.08610479997203428,0.988,0.00015707963267952386,1.19409619140625,0.22020626831054688,2.5,0,1,0,1.9983534266582015,0.08610479997203428,0.01200000000000001,-0.00015707963267952386,0.5997557803660407,-0.033542213726124565,0.015470830303030318,-0.0014264099977662804,0,0,0,0,0,0,0,0
0.5876493707130759,-0.07116385011094536,0.987,-0.0003839724354386958,1.2900771484375,0.22391160583496095,2.5,0,1,0,1.9123506292869241,0.07116385011094536,0.013000000000000012,0.0003839724354386958,0.5170701510348952,-0.04361857628959931,0.0164369153846154,0.0028811358267535553,0,0,0,0,0,0,0,0
0.6804392807436996,-0.056130658596423376,0.985,-0.0013788101090755351,1.391761962890625,0.22603228759765626,2.5,0,1,0,1.8195607192563004,0.056130658596423376,0.015000000000000013,0.0013788101090755351,0.4643492220841327,-0.0469004926862031,0.022900727536231905,0.005704191298800923,0,0,0,0,0,0,0,0
0.7761169973763601,-0.03886289923687388,0.982,-0.0017976891295540815,1.4348072509765626,0.26099496459960936,2.5,0,1,0,1.7238830026236398,0.03886289923687388,0.018000000000000016,0.0017976891295540815,0.33926488380711595,-0.07833265452157637,0.032478714754098394,0.003857749886005949,0,0,0,0,0,0,0,0
0.8745103889815302,-0.022613803502197466,0.98,-0.0035430183815484692,1.4754603271484374,0.24638925170898437,2.5,0,1,0,1.6254896110184698,0.022613803502197466,0.020000000000000018,0.0035430183815484692,0.3102846913393722,-0.07486032649497118,0.027764830769230794,0.011598384159984102,0,0,0,0,0,0,0,0
0.9903491477142873,-0.0031167647309110896,0.98,-0.006806784082777907,1.7365343017578125,0.2986100158691406,2.5,0,1,0,1.5096508522857128,0.0031167647309110896,0.020000000000000018,0.006806784082777907,0.16887580389196077,-0.10050504536035348,0.017127600000000017,0.021642082724729894,0,0,0,0,0,0,0,0
1.1087355127252345,0.015463245952140891,0.979,-0.009861110273767904,1.7738572998046875,0.29078106689453126,2.5,0,1,0,1.3912644872747655,-0.015463245952140891,0.02100000000000002,0.009861110273767904,0.08741834876180243,-0.10645792575853989,0.02344871538461541,0.023958000386029427,0,0,0,0,0,0,0,0
1.2283485082498529,0.03135418424521838,0.979,-0.011711159280881955,1.7917572021484376,0.25604495239257813,1.2697296938208535,-0.225458451092967,1,0,0.04138118557100068,-0.2568126353381854,0.02100000000000002,0.011711159280881955,-6.699445801412365,-1.3340131248562412,0.018211100000000018,0.01963994073994218,0,1,0,0,0,0,0,0
1.3544132251171075,0.040205346966997235,0.979,-0.013945180723434704,1.8892862548828124,0.15490328979492188,1.2697296938208535,-0.225458451092967,1,0,-0.08468353129625394,-0.2656637980599642,0.02100000000000002,0.013945180723434704,-0.7484899765049312,-0.18348294010945418,0.01833710000000002,0.02511528793619845,0,0,0,0,0,0,0,0
1.479407282705902,0.04839335135022556,0.98,-0.01644100155378658,1.873015869140625,0.1489532470703125,1.2697296938208535,-0.225458451092967,1,0,-0.2096775888850484,-0.27385180244319257,0.020000000000000018,0.01644100155378658,-0.738595152541099,-0.17954713731257602,0.012366069696969711,0.027785641691749647,0,1,0,0,0,0,0,0
1.6151386658950275,0.0546528156872506,0.982,-0.020333085785733892,2.0341519775390626,0.12735116577148436,1.2697296938208535,-0.225458451092967,1,0,-0.345408972074174,-0.2801112667802176,0.018000000000000016,0.020333085785733892,-0.8636291770892898,-0.17263463661153963,0.005581839393939402,0.03802437774913077,0,0,0,0,0,0,0,0
1.7430609376370032,0.056453782085141194,0.987,-0.023806290997202547,1.91788818359375,0.06602204132080078,1.2697296938208535,-0.225458451092967,1,0,-0.47333124381614966,-0.2819122331781082,0.013000000000000012,0.023806290997202547,-0.9076805304210986,-0.15037044956820214,-0.015072650000000007,0.040086940425961864,0,0,0,0,0,0,0,0
1.860834529250428,0.054116446704103004,0.994,-0.029251718263424927,1.7669378662109374,0.0070022172927856445,1.2697296938208535,-0.225458451092967,1,0,-0.5911048354295745,-0.27957489779707,0.006000000000000005,0.029251718263424927,-0.8919394570529724,-0.12714230596777434,-0.030410512121212145,0.05400366038261756,0,0,0,0,0,0,0,0
1.966026075791755,0.04755665454933825,1.006,-0.03433062638672846,1.5800760498046875,-0.052205867767333984,1.2697296938208535,-0.225458451092967,1,0,-0.6962963819709014,-0.27301510564230524,-0.006000000000000005,0.03433062638672846,-0.8782718196443083,-0.10165078363580832,-0.06656526363636368,0.0574165724017445,0,0,0,0,0,0,0,0
2.057155737643206,0.03699159562033362,1.022,-0.03748967233283823,1.3715789794921875,-0.1114636459350586,1.2697296938208535,-0.225458451092967,1,0,-0.7874260438223524,-0.26245004671330063,-0.02200000000000002,0.03748967233283823,-0.8727746692210907,-0.07262560245123001,-0.10475638888888897,0.052532748266694296,0,0,0,0,0,0,0,0
2.133877204224732,0.02298348212395758,1.033,-0.037978364523396535,1.157888916015625,-0.16684022521972655,1.2697296938208535,-0.225458451092967,1,0,-0.8641475104038783,-0.2484419332169246,-0.03299999999999992,0.037978364523396535,-0.8122861028687509,-0.050194838847198636,-0.08321863333333272,0.04019969266229792,0,0,0,0,0,0,0,0
2.2080359091355093,0.007245434517838517,1.052,-0.03846705671395506,1.1205418701171874,-0.19366424560546874,1.2697296938208535,-0.225458451092967,1,0,-0.9383062153146557,-0.23270388561080552,-0.052000000000000046,0.03846705671395506,-0.8363943346268239,-0.03330550660242915,-0.14118607575757647,0.04068838485285745,0,0,0,0,0,0,0,0
2.2678496218551696,-0.012720997312160238,1.061,-0.039549160850191445,0.9080598754882813,-0.26477056884765626,1.2697296938208535,-0.225458451092967,1,0,-0.998119928034316,-0.21273745378080677,-0.06099999999999994,0.039549160850191445,-0.7771269249686351,-0.005649420860096024,-0.0937015739130429,0.04425396144252355,0,0,0,0,0,0,0,0
2.3178013855537176,-0.03699653795900314,1.065,-0.039357174632472125,0.7630879516601563,-0.33422283935546876,1.2697296938208535,-0.225458451092967,1,0,-1.048071691732864,-0.18846191313396388,-0.06499999999999995,0.039357174632472125,-0.7907140474675066,0.04670359071913645,-0.07497273333333332,0.038397243543875526,0,0,0,0,0,0,0,0
2.3521266738503765,-0.06233921969966255,1.07,-0.040858157789187215,0.52943798828125,-0.35958688354492185,1.2697296938208535,-0.225458451092967,1,0,-1.082396980029523,-0.16311923139330445,-0.07000000000000006,0.040858157789187215,-0.7020234368548731,0.05412217763730974,-0.0830174769230776,0.047785772358641475,0,0,0,0,0,0,0,0
2.373839324748225,-0.08798300346396555,1.071,-0.04244640740850208,0.34112994384765627,-0.3710323486328125,1.2697296938208535,-0.225458451092967,1,0,-1.1041096309273715,-0.13747544762900143,-0.07099999999999995,0.04244640740850208,-0.6456832321856899,0.06847602906735249,-0.06274051538461475,0.04977679026687837,0,0,0,0,0,0,0,0
2.385125013805135,-0.1118935201880359,1.068,-0.04333652532701925,0.18435202026367187,-0.35115130615234375,1.2697296938208535,-0.225458451092967,1,0,-1.1153953199842817,-0.1135649309049311,-0.06800000000000006,0.04333652532701925,-0.5949963146193691,0.06907261674683203,-0.03949560909090972,0.047382515865733686,0,0,0,0,0,0,0,0
2.386893430890282,-0.13047600568269416,1.059,-0.04448844263333545,0.03857707595825195,-0.2773263854980469,1.2697296938208535,-0.225458451092967,1,0,-1.1171637370694283,-0.09498244541027284,-0.05899999999999994,0.04448844263333545,-0.5461474695599651,0.0500464600151263,-0.0008668272727265988,0.04972443038931816,0,0,0,0,0,0,0,0
2.3805504161574778,-0.14975414676619125,1.051,-0.045361107259332616,-0.08219050598144531,-0.2931174621582031,1.2697296938208535,-0.225458451092967,1,0,-1.1108207223366242,-0.07570430432677575,-0.050999999999999934,0.045361107259332616,-0.49962055624490703,0.0665209301686867,0.0012295000000000986,0.04945172269369433,0,0,0,0,0,0,0,0
2.369423400918185,-0.16764867955890417,1.042,-0.048101274184963676,-0.15456198120117187,-0.2757102966308594,1.2697296938208535,-0.225458451092967,1,0,-1.0996937070973316,-0.05780977153406283,-0.04200000000000004,0.048101274184963676,-0.4704643092957186,0.06489795772378198,0.012129572727272143,0.06055657839237759,0,0,0,0,0,0,0,0
2.347145073405561,-0.18039073879309073,1.034,-0.05307546255314754,-0.3245982971191406,-0.20697785949707032,1.2697296938208535,-0.225458451092967,1,0,-1.0774153795847075,-0.04506771229987627,-0.03400000000000003,0.05307546255314754,-0.3971869867939261,0.04602803078363502,0.014334700000000016,0.0763919705290094,0,0,0,0,0,0,0,0
2.315202846966628,-0.1921249190120073,1.028,-0.05714207971029427,-0.4691211242675781,-0.20118313598632812,1.2697296938208535,-0.225458451092967,1,0,-1.0454731531457746,-0.03333353208095971,-0.028000000000000025,0.05714207971029427,-0.3343498946882826,0.04441669760709541,0.007018081818181823,0.07562670315187034,0,0,0,0,0,0,0,0
2.2734187761850646,-0.1967928202737809,1.024,-0.058974675424888316,-0.6217392578125,-0.10569918060302734,1.2697296938208535,-0.225458451092967,1,0,-1.003689082364211,-0.028665630819186105,-0.02400000000000002,0.058974675424888316,-0.26192869530518326,0.00925903748224708,-0.0005463787878787901,0.06730465594577033,0,0,0,0,0,0,0,0
2.226667295781539,-0.1981964619292444,1.016,-0.0618021088131192,-0.6988120727539062,-0.06235135269165039,1.2697296938208535,-0.225458451092967,1,0,-0.9569376019606857,-0.027261989163722605,-0.016000000000000014,0.0618021088131192,-0.20507543025049046,-0.007134445902508746,0.02828910000000003,0.07505570282045146,0,0,0,0,0,0,0,0
2.1774594611682545,-0.19499170462245657,1.012,-0.06415830330331147,-0.7396773681640625,0.002391398906707764,1.2697296938208535,-0.225458451092967,1,0,-0.907729767347401,-0.030466746470510425,-0.01200000000000001,0.06415830330331147,-0.17176843244710116,-0.03368917874251276,0.009199561538461548,0.07503304710419889,0,0,0,0,0,0,0,0
2.1228808109881148,-0.18814225910097723,1.007,-0.06586872597026595,-0.8235825805664062,0.05004122161865234,1.2697296938208535,-0.225458451092967,1,0,-0.8531511171672612,-0.03731619199198977,-0.006999999999999895,0.06586872597026595,-0.1291049904329939,-0.05513739002333298,0.01734879411764774,0.0734147083244769,0,0,0,0,0,0,0,0
2.0641397743956778,-0.17616171534525218,0.999,-0.0669508301065025,-0.8910333862304688,0.12132244873046875,1.2697296938208535,-0.225458451092967,1,0,-0.7944100805748242,-0.049296735747714815,0.0010000000000000009,0.0669508301065025,-0.049543903447697546,-0.09353582871657978,0.04318099032258006,0.0721868178624858,0,0,0,0,0,0,0,0
1.998302845881941,-0.16122858134406548,0.991,-0.06506587451434855,-1.0003270263671875,0.157427001953125,1.2697296938208535,-0.225458451092967,1,0,-0.7285731520610874,-0.06422986974890152,0.009000000000000008,0.06506587451434855,-0.014775346100829756,-0.10916239364590472,0.045061510144927576,0.05687041541802699,0,0,0,0,0,0,0,0
1.932819206193132,-0.14469972830527408,0.986,-0.06126105674500095,-0.9962966918945313,0.1835419921875,1.2697296938208535,-0.225458451092967,1,0,-0.6630895123722784,-0.08075872278769292,0.014000000000000012,0.06126105674500095,0.05326563167663062,-0.13503715075600495,0.036794406451612936,0.04285064818364162,0,0,0,0,0,0,0,0
1.865276721436116,-0.13126030107522765,0.981,-0.05621705520673733,-1.0235787353515624,0.1391862030029297,1.2697296938208535,-0.225458451092967,1,0,-0.5955470276152623,-0.09419815001773935,0.019000000000000017,0.05621705520673733,0.06461133628736476,-0.11768640027261619,0.038433094117647094,0.03396410724380959,0,0,0,0,0,0,0,0
1.8119600551893043,-0.12142689103050357,0.972,-0.05145230634879285,-0.8067742919921875,0.10233222198486328,1.2697296938208535,-0.225458451092967,1,0,-0.5422303613684507,-0.10403156006246343,0.028000000000000025,0.05145230634879285,0.039486623522583864,-0.10812517847424838,0.07007420000000007,0.028763026072866762,0,0,0,0,0,0,0,0
1.7613341909429694,-0.11609466474365344,0.967,-0.04557054676957192,-0.7624965209960938,0.0408225212097168,1.2697296938208535,-0.225458451092967,1,0,-0.49160449712211585,-0.10936378634931355,0.03300000000000003,0.04557054676957192,0.04514142249356115,-0.0853918411431259,0.051629150000000054,0.017999798741973785,0,0,0,0,0,0,0,0
1.715533644463829,-0.11517875191131213,0.963,-0.03989822670059037,-0.6869208374023438,-0.017572074890136718,1.2697296938208535,-0.225458451092967,1,0,-0.4458039506429754,-0.11027969918165487,0.03700000000000003,0.03989822670059037,0.013502067176235172,-0.06122094048259934,0.04719624444444449,0.016263559746500605,0,0,0,0,0,0,0,0
1.65789886727911,-0.11188585841907052,0.962,-0.03612831551628262,-0.8658038330078125,0.014870363235473633,1.2697296938208535,-0.225458451092967,1,0,-0.3881691734582564,-0.11357259267389648,0.038000000000000034,0.03612831551628262,0.1447948586358827,-0.07707436306563185,0.034432561290322614,0.017886809785761248,0,0,0,0,0,0,0,0
1.5961618365498007,-0.11036943465109827,0.96,-0.034103733583969204,-0.9262727661132812,-0.010718032836914063,1.2697296938208535,-0.225458451092967,1,0,-0.32643214272894716,-0.11508901644186872,0.040000000000000036,0.034103733583969204,0.1877212310905581,-0.06761025952568149,0.041580900000000046,0.024613505776250055,0,0,0,0,0,0,0,0
1.5356774510653664,-0.11488655384711838,0.96,-0.031485739705977706,-0.9044279174804688,-0.09865254211425781,1.2697296938208535,-0.225458451092967,1,0,-0.2659477572445128,-0.11057189724584862,0.040000000000000036,0.031485739705977706,0.2009140405962055,-0.033177314919861006,0.030907400000000033,0.019585767533289077,0,0,0,0,0,0,0,0
1.4820684103025628,-0.12233885379948337,0.964,-0.028780479365386497,-0.800218017578125,-0.13704371643066407,1.2697296938208535,-0.225458451092967,1,0,-0.2123387164817092,-0.10311959729348363,0.03600000000000003,0.028780479365386497,0.19111825602214197,-0.01395387138212388,0.006732878787878805,0.016483841453608275,0,0,0,0,0,0,0,0
1.4250298224018991,-0.13427646899778692,0.966,-0.026738444140553125,-0.8500716552734375,-0.20361064147949218,1.2697296938208535,-0.225458451092967,1,0,-0.15530012858104558,-0.09118198209518008,0.03400000000000003,0.026738444140553125,0.25213038710250923,0.01875780352866485,0.015448088888888913,0.01701446687944183,0,0,0,0,0,0,0,0
1.3756381040638883,-0.14784489768305323,0.965,-0.023596851486963305,-0.7351696166992188,-0.22326118469238282,1.2697296938208535,-0.225458451092967,1,0,-0.10590841024303477,-0.07761355340991377,0.03500000000000003,0.023596851486963305,0.2178906828232371,0.030049783696437037,0.03281758059701496,0.009530018709695456,0,0,0,0,0,0,0,0
1.3342898791254283,-0.1661957693234935,0.968,-0.02282890661608586,-0.6135559692382813,-0.28982040405273435,1.2697296938208535,-0.225458451092967,1,0,-0.06456018530457475,-0.059262681769473496,0.03200000000000003,0.02282890661608586,0.2031506802230275,0.06711923318878046,0.009247853846153866,0.019284545673574568,1427126386974,1,0,0,0,0,0,0
1.297536212419344,-0.18424506044466532,0.973,-0.022444934180647053,-0.544981201171875,-0.28325341796875,1.2697296938208535,-0.225458451092967,1,0,-0.02780651859849037,-0.04121339064830168,0.027000000000000024,0.022444934180647053,0.19986204407289626,0.07601217724204296,-0.005769249999999993,0.020645063389527648,1427126386974,1,0,0,0,0,0,0
1.2704533970016478,-0.20364407062306927,0.984,-0.020647245051092916,-0.3996093139648437,-0.3000291748046875,1.2697296938208535,-0.225458451092967,1,0,-0.0007237031807942884,-0.021814380469897726,0.016000000000000014,0.020647245051092916,0.16051552062833513,0.09307899722198246,-0.047279350000000026,0.012220577256307902,1427126386974,1,0,0,0,0,0,0
1.2515675684988017,-0.22206260452119708,0.99,-0.02120575041173109,-0.2775230712890625,-0.28206781005859377,1.2697296938208535,-0.225458451092967,1,0,0.01816212532205186,-0.003395846571769917,0.010000000000000009,0.02120575041173109,0.11906810854468924,0.09099889549906524,-0.022737452941176482,0.023669744649840674,1427126386974,1,0,0,0,0,0,0
1.236778612793657,-0.24171961709628184,0.99,-0.021711895894809458,-0.2155323028564453,-0.2994927062988281,1.2697296938208535,-0.225458451092967,1,0,0.03295108102719646,0.016261166003314842,0.010000000000000009,0.021711895894809458,0.11276258610323849,0.11700321276494806,0.008206900000000013,0.024160986941962854,1427126386974,1,0,0,0,0,0,0
1.2290179582230405,-0.2639053578442627,0.996,-0.02127556358181079,-0.10915753173828124,-0.33523495483398436,1.2697296938208535,-0.225458451092967,1,-0.021711895894809458,0.04071173559781305,0.03844690675129572,0.0040000000000000036,-0.00043633231299866626,0.020355867798906524,0.01922345337564786,0.003200000000000003,-0.00043633231299866626,1427126386974,1,0,0,0,0,0,0
1.2284664736379711,-0.28339056877011715,0.999,-0.020525072003453243,-0.002052483081817627,-0.29238800048828123,1.2697296938208535,-0.225458451092967,1,-0.021711895894809458,0.04126322018288242,0.05793211767715015,0.0010000000000000009,-0.0011868238913562146,0.02349819268078734,0.12929697950284624,-0.014634376470588246,-0.004497816148815986,1427126387365,1,0,0,0,0,0,0
1.231522498612206,-0.30378156113598126,1.012,-0.019547687622336413,0.05210817718505859,-0.3048596496582031,1.2697296938208535,-0.225458451092967,1,-0.021711895894809458,0.03820719520864757,0.07832311004301426,-0.01200000000000001,-0.002164208272473045,0.0027009721788999602,0.1490495100838623,-0.07967120000000007,-0.006675213108396877,1427126387430,1,0,0,0,0,0,0
1.2373816016387928,-0.32477641518327005,1.012,-0.018901915799098584,0.09402537536621093,-0.313144775390625,1.2697296938208535,-0.225458451092967,1,-0.021711895894809458,0.032348092182060695,0.09931796409030305,-0.01200000000000001,-0.0028099800957108734,-0.015301050279447583,0.1628630566841444,-0.00974920000000001,-0.00579046543373162,1427126387495,1,0,0,0,0,0,0
1.244267230143089,-0.34475624628248325,1.001,-0.01968731396249604,0.10893049621582031,-0.2976917724609375,1.2697296938208535,-0.225458451092967,1,-0.021711895894809458,0.025462463677764502,0.11929779518951625,-0.0009999999999998899,-0.0020245819323134184,-0.023692739622254034,0.16583614444634515,0.057377533333334056,0.0015454097194931944,0,1,0,0,0,0,0,0
1.2520443088374715,-0.3636134684386497,0.993,-0.019111355309337913,0.12220193481445313,-0.28050701904296876,1.2697296938208535,-0.225458451092967,1,-0.021711895894809458,0.017685384983382013,0.13815501734568272,0.007000000000000006,-0.0026005405854715447,-0.0342614333097832,0.17416048872883733,0.04993274444444387,-0.0053432008386054795,0,1,0,0,0,0,0,0
1.2633393399779478,-0.38039973842927916,0.991,-0.01923352835697753,0.17420635986328126,-0.24851031494140624,1.2697296938208535,-0.225458451092967,1,-0.021711895894809458,0.0063903538429057605,0.15494128733631216,0.009000000000000008,-0.002478367537831927,-0.05570256861379045,0.16558455917493436,0.017596361194029866,-0.0019313240409381165,0,1,0,0,0,0,0,0
1.2765753361156966,-0.3913261733153389,0.986,-0.018640116411299396,0.20165533447265624,-0.16004782104492188,1.2697296938208535,-0.225458451092967,1,-0.021711895894809458,-0.0068456422948430795,0.16586772222237192,0.014000000000000012,-0.003071779483510062,-0.07246452265173982,0.14054782908738483,0.03736180298507466,-0.005728847896994248,0,1,0,0,0,0,0,0
1.2867507436734704,-0.3986127888589986,0.987,-0.017505652397503152,0.15464183044433594,-0.10643534851074218,1.0939657443537645,-0.12260997541107205,1,-0.021711895894809458,-0.19278499931970594,0.27600281344792654,0.013000000000000012,-0.004206243497306306,-1.1632736998650153,0.7706279997933851,0.004783995081967219,-0.009785574712697667,0,1,0,0,0,0,0,0
1.2951895156489486,-0.4016870876266856,0.988,-0.016772614111665446,0.12736940765380858,-0.04389163589477539,1.0939657443537645,-0.12260997541107205,1,-0.021711895894809458,-0.2012237712951841,0.27907711221561354,0.01200000000000001,-0.004939281783144012,-0.14690624004986977,0.15723367534198057,0.0043297500000000055,-0.008375398748008259,0,1,0,0,0,0,0,0
1.3067203751684349,-0.4054291167401752,0.991,-0.01328195560767684,0.17387997436523436,-0.05322163772583008,1.0939657443537645,-0.12260997541107205,1,-0.021711895894809458,-0.2127546308146704,0.28281914132910313,0.009000000000000008,-0.008429940287132618,-0.16874966964521093,0.1626253384889757,-0.008696846153846156,-0.02454067184400311,0,0,0,0,0,0,0,0
1.3163585481660558,-0.4031597253093834,0.995,-0.010471975511965966,0.14410772705078126,0.0359580192565918,1.0939657443537645,-0.12260997541107205,1,-0.021711895894809458,-0.22239280381229132,0.28054974989831133,0.0050000000000000044,-0.011239920382843492,-0.16197718066905614,0.12967419370949174,-0.016605022388059713,-0.02382192081139964,0,0,0,0,0,0,0,0
1.3196666044733827,-0.395312830760541,1.006,-0.011292280260403327,0.04838555908203125,0.11821658325195313,1.0939657443537645,-0.12260997541107205,1,-0.021711895894809458,-0.2257008601196182,0.272702855349469,-0.006000000000000005,-0.01041961563440613,-0.1312418603544585,0.09553052404424184,-0.06377926923076929,-0.0066335937185413845,0,0,0,0,0,0,0,0
1.3168684806721,-0.37818191000076057,1.02,-0.012199851471440344,-0.04487082672119141,0.25647348022460936,1.0939657443537645,-0.12260997541107205,1,-0.021711895894809458,-0.22290273631833557,0.2555719345896885,-0.020000000000000018,-0.009512044423369113,-0.0968706057811902,0.03569641590659077,-0.09243900000000008,-0.005257804371633095,0,0,0,0,0,0,0,0
1.3134542150536028,-0.35759738857997586,1.019,-0.012234758056480307,-0.054977001190185545,0.3081200561523437,1.0939657443537645,-0.12260997541107205,1,-0.021711895894809458,-0.21948847069983835,0.2349874131689038,-0.018999999999999906,-0.009477137838329151,-0.09222387283963737,0.008401889192505299,-0.009815384615383936,-0.009316030522760095,0,0,0,0,0,0,0,0
1.305370545037003,-0.3363940377795613,1.015,-0.014451326206513045,-0.12513714599609374,0.31654296875,1.0939657443537645,-0.12260997541107205,1,-0.021711895894809458,-0.21140480068323853,0.21378406236848924,-0.014999999999999902,-0.007260569688296413,-0.0638381251185856,-0.0036609698196168328,0.009113121212121307,0.002814740084579671,0,0,0,0,0,0,0,0
1.2943578514064669,-0.31363231305847683,1.01,-0.015533430342749595,-0.17010704040527344,0.3390030822753906,1.0939657443537645,-0.12260997541107205,1,-0.021711895894809458,-0.20039210705270238,0.19102233764740478,-0.010000000000000009,-0.006178465552059862,-0.04203086068158735,-0.025038788953839597,0.01875907692307634,-0.0011841387694296306,0,0,0,0,0,0,0,0
1.2784028563508374,-0.28930001487525325,1.006,-0.015987215948268102,-0.2449652862548828,0.36122305297851565,1.0939657443537645,-0.12260997541107205,1,-0.021711895894809458,-0.1844371119970729,0.1666900394641812,-0.006000000000000005,-0.005724679946541356,-0.00886438893202969,-0.04356670411387718,0.016208521212121223,-0.0036620181032754155,0,0,0,0,0,0,0,0
1.2596577356747953,-0.2652395801685178,1.002,-0.01766273203018262,-0.2869105224609375,0.3563653564453125,1.0939657443537645,-0.12260997541107205,1,-0.021711895894809458,-0.16569199132103085,0.14262960475744574,-0.0020000000000000018,-0.004049163864626837,0.013709607695383902,-0.05215528304431348,0.019078522388059717,0.003453146949915784,0,0,0,0,0,0,0,0
1.240748156803175,-0.2413978168482659,0.999,-0.01870992958137921,-0.289915771484375,0.35256100463867185,1.0939657443537645,-0.12260997541107205,1,-0.021711895894809458,-0.1467824124494106,0.11878784143719384,0.0010000000000000009,-0.0030019663134302488,0.026967525683546975,-0.0666888401578325,0.016743346153846168,0.0018312531536309263,0,0,0,0,0,0,0,0
1.2198998235990755,-0.21822826590354108,0.996,-0.01851794336365989,-0.3191723937988281,0.3416317138671875,1.0939657443537645,-0.12260997541107205,1,-0.021711895894809458,-0.12593407924531097,0.09561829049246903,0.0040000000000000036,-0.0031939525311495687,0.04604710923358356,-0.0727006127553628,0.018924990909090927,-0.004066617157146477,0,0,0,0,0,0,0,0
1.1943555868898224,-0.1969401091459673,0.999,-0.017837264955382043,-0.38901071166992185,0.312172607421875,1.0939657443537645,-0.12260997541107205,1,-0.021711895894809458,-0.10038984253605787,0.07433013373489525,0.0010000000000000009,-0.0038746309394274148,0.08574052141444982,-0.07505608216667772,-0.015531446153846162,-0.007016223593017474,0,1,0,0,0,0,0,0
1.1703247461945296,-0.17780745908465864,0.999,-0.018430676901060122,-0.36552410888671877,0.2805147705078125,1.0939657443537645,-0.12260997541107205,1,-0.021711895894809458,-0.07635900184076516,0.055197483673586595,0.0010000000000000009,-0.0032812189937493352,0.09366661614743914,-0.07625159673628557,0.0006287000000000028,-0.0004554478238537182,1427126388732,1,0,0,0,0,0,0
1.1459902426587034,-0.157935118481285,1,-0.018919369091618538,-0.37044915771484377,0.29130734252929685,1.0939657443537645,-0.12260997541107205,1,-0.021711895894809458,-0.05202449830493894,0.03532514307021295,0,-0.00279252680319092,0.09941488183087772,-0.08368233334674716,-0.005395180597014927,-0.0006043528156159271,1427126388732,1,0,0,0,0,0,0
1.1199265824837263,-0.14078567177462845,1,-0.01888446250657863,-0.39575149536132814,0.2497994842529297,1.0939657443537645,-0.12260997541107205,1,-0.021711895894809458,-0.02596083812996186,0.0181756963635564,0,-0.0028274333882308267,0.13244364084383484,-0.08524644597196221,-0.00017129999999999804,-0.0029963362190690845,1427126388732,1,0,0,0,0,0,0
1.0956703888199553,-0.1266087638272929,0.997,-0.01876228945893907,-0.3677936401367187,0.20574513244628906,1.0939657443537645,-0.12260997541107205,1,-0.021711895894809458,-0.0017046444661907856,0.003998788416220839,0.0030000000000000027,-0.002949606435870389,0.12804733772706645,-0.07185810467379099,0.01840204615384617,-0.003513482040360676,1427126388732,1,0,0,0,0,0,0
1.0739924545000599,-0.11593608548018823,0.996,-0.01870992958137921,-0.32811526489257814,0.15396144104003906,1.0939657443537645,-0.12260997541107205,1,-0.021711895894809458,0.019973289853704612,-0.006673889930883817,0.0040000000000000036,-0.0030019663134302488,0.1250163525968577,-0.05832985325917044,0.008458815384615393,-0.0032436272867834483,1427126388732,1,0,0,0,0,0,0
1.0551853521692283,-0.10860390718069361,0.998,-0.01759291886010281,-0.28411480712890624,0.10468553924560547,1.0939657443537645,-0.12260997541107205,1,-0.021711895894809458,0.038780392184536217,-0.014006068230378435,0.0020000000000000018,-0.004118977034706647,0.11596460493155193,-0.04283948240434471,-0.008960161194029854,-0.009120517577735293,1427126389058,1,0,0,0,0,0,0
1.0372280045954216,-0.10512628201913884,1.004,-0.016982053621904834,-0.2702362060546875,0.04741771697998047,1.0939657443537645,-0.12260997541107205,1,-0.021711895894809458,0.05673773975834284,-0.017483693391933203,-0.0040000000000000036,-0.004729842272904624,0.12493777846405017,-0.025305323198561745,-0.03615050000000003,-0.007593273076957643,1427126389122,1,0,0,0,0,0,0
1.0205086179813083,-0.1035350332263592,1.006,-0.014172073526193959,-0.2511599578857422,0.019606552124023437,1.0939657443537645,-0.12260997541107205,1,-0.021711895894809458,0.07345712637245616,-0.019074942184712854,-0.006000000000000005,-0.007539822368615499,0.12516844074268102,-0.015663346435470966,-0.01574623076923078,-0.020508961271896463,1427126389187,1,0,0,0,0,0,0
1.0075970004660622,-0.10519682684056768,1.004,-0.012932889757277995,-0.19330155944824218,-0.027669075012207032,1.0939657443537645,-0.12260997541107205,1,-0.021711895894809458,0.08636874388770233,-0.01741314857050437,-0.0040000000000000036,-0.008779006137531463,0.11117701711300801,0.002672614016537022,0.007366230769230776,-0.014498315840220525,1427126389252,1,0,0,0,0,0,0
0.9983983599679894,-0.10912953910308744,1.004,-0.011449359893082796,-0.13720516967773438,-0.06077017593383789,1.0939657443537645,-0.12260997541107205,1,-0.021711895894809458,0.09556738438577506,-0.013480436307984608,-0.0040000000000000036,-0.010262536001726661,0.09584550299249969,0.016858231355103583,-0.0034290000000000015,-0.01710959691339681,1427126389317,1,0,0,0,0,0,0
0.9920506242263923,-0.11576415431641865,1.001,-0.008080874436733694,-0.09407038879394532,-0.10060284423828125,1.0939657443537645,-0.12260997541107205,1,-0.021711895894809458,0.10191512012737214,-0.006845821094653398,-0.0009999999999998899,-0.013631021458075763,0.08271632642582218,0.03365324699118724,0.01463594179104546,-0.028713792158146366,0,1,0,0,0,0,0,0
0.987780213448343,-0.12414079142384603,1.003,-0.004136430327226577,-0.06303872299194337,-0.12616307830810547,1.0939657443537645,-0.12260997541107205,1,-0.021711895894809458,0.10618553090542149,0.0015308160127739806,-0.0029999999999998916,-0.017575465567582882,0.07511348592157656,0.048993841766811624,-0.01359239999999992,-0.0360650473308975,0,1,0,0,0,0,0,0
0.9906440544753972,-0.13485130901295256,0.996,-0.0015533430342749305,0.04362179565429687,-0.16047869873046874,1.0939657443537645,-0.12260997541107205,1,-0.021711895894809458,0.10332168987836732,0.01224133360188051,0.0040000000000000036,-0.02015855286053453,0.03497423311064443,0.06621934103445934,0.04066340769230713,-0.03208049421261905,0,1,0,0,0,0,0,0
0.9961137062107803,-0.14530453018707573,0.994,0.0025830872929516174,0.08228823852539062,-0.15667068481445312,1.0939657443537645,-0.12260997541107205,1,-0.021711895894809458,0.09785203814298415,0.022694554776003684,0.006000000000000005,-0.024294983187761077,0.01827172263828198,0.07007526084759956,0.015379330769230787,-0.04338620008265283,1427126389578,1,0,0,0,0,0,0
1.0022166855797916,-0.1592292998024205,0.996,0.007086036763096962,0.09100485229492188,-0.20910731506347657,1.0939657443537645,-0.12260997541107205,1,-0.021711895894809458,0.09174905877397288,0.03661932439134846,0.0040000000000000036,-0.02879793265790642,0.01285244019622693,0.09351693886114579,-0.007410861194029852,-0.048960392971990035,1427126389578,1,0,0,0,0,0,0
1.0100381045339109,-0.16941544681591275,1.009,0.01052433538952582,0.11623565673828125,-0.1536197052001953,1.0939657443537645,-0.12260997541107205,1,-0.021711895894809458,0.08392763981985363,0.046805471404840704,-0.008999999999999897,-0.03223623128433528,-0.0012378136350623056,0.08074758603160687,-0.07742159999999937,-0.04810530186785311,1427126389578,1,0,0,0,0,0,0
1.022589188464197,-0.1788124626453599,1.006,0.013613568165555782,0.18677239990234376,-0.14292877197265624,1.0939657443537645,-0.12260997541107205,1,-0.021711895894809458,0.07137655588956737,0.05620248723428786,-0.006000000000000005,-0.03532546406036524,-0.03508129959726796,0.08283866109141233,0.011607266666666062,-0.050036096327174574,1427126389578,1,0,0,0,0,0,0
1.0344793817966553,-0.18762199706192262,0.999,0.01914626189437782,0.17653749084472656,-0.1345587158203125,1.0939657443537645,-0.12260997541107205,1,-0.021711895894809458,0.05948636255710915,0.06501202165085057,0.0010000000000000009,-0.04085815778918728,-0.03431294675797834,0.081797920703675,0.03766841212121216,-0.06600676564746925,1427126389578,1,0,0,0,0,0,0
1.048075560565507,-0.1939913586317985,0.986,0.02220058808536793,0.202076171875,-0.09942741394042968,1.0939657443537645,-0.12260997541107205,1,-0.021711895894809458,0.04589018378825749,0.07138138322072646,0.014000000000000012,-0.043912483980177386,-0.05123734534276671,0.0726083337204177,0.08103820000000007,-0.05800937409243943,1427126389904,1,0,0,0,0,0,0
1.0606769103050762,-0.19845621202793579,0.983,0.02488839513343913,0.18748695373535157,-0.07115231323242187,1.0939657443537645,-0.12260997541107205,1,-0.021711895894809458,0.03328883404868832,0.07584623661686374,0.017000000000000015,-0.046600291028248586,-0.05215961077428313,0.06463501645984865,0.029702546153846182,-0.05900555432703874,1427126389969,1,0,0,0,0,0,0
1.075750380666711,-0.20061222638087917,0.977,0.029792770331543178,0.2252272186279297,-0.03795693588256836,1.0939657443537645,-0.12260997541107205,1,-0.021711895894809458,0.018215363687053454,0.07800225096980712,0.02300000000000002,-0.051504666226352636,-0.07299592470290389,0.053331514866868185,0.05080589230769235,-0.07414024406375594,1427126390034,1,0,0,0,0,0,0
1.0893122943833076,-0.19895452704898245,0.974,0.03317870908041218,0.20407913208007813,0.018794647216796877,1.0939657443537645,-0.12260997541107205,1,-0.021711895894809458,0.004653449970456913,0.0763445516379104,0.026000000000000023,-0.054890604975221635,-0.07052820928161231,0.03215291476032896,0.03697889090909094,-0.07028123565189891,1427126390100,1,0,0,0,0,0,0
1.1041943855872631,-0.1945401560568432,0.98,0.03457497248200772,0.2253050537109375,0.05877395248413086,1.0939657443537645,-0.12260997541107205,1,-0.021711895894809458,-0.010228641233498648,0.07193018064577114,0.020000000000000018,-0.05628686837681718,-0.08497694700764749,0.015374489833714478,-0.015416381818181824,-0.06263352020225146,1427126390166,1,0,0,0,0,0,0
1.11288508885558,-0.18723933799294867,0.983,0.03789109806079685,0.13406826782226564,0.10494050598144532,1.0939657443537645,-0.12260997541107205,1,-0.021711895894809458,-0.018919344501815427,0.06462936258187663,0.017000000000000015,-0.05960299395560631,-0.05794150989385737,-0.004751362052971067,-0.0022956499999999963,-0.07514733260618037,1427126390230,1,0,0,0,0,0,0
1.1236485600460522,-0.17853136347627743,0.988,0.04092797095926706,0.16628431701660157,0.12440972900390625,1.0939657443537645,-0.12260997541107205,1,-0.021711895894809458,-0.0296828156922877,0.055921388065205385,0.01200000000000001,-0.06263986685407652,-0.07377240838476758,-0.01603174517344786,-0.016734476923076926,-0.07665620330855441,1427126390295,1,0,0,0,0,0,0
1.1307297864167345,-0.16803030947936196,0.989,0.04351105825221865,0.11257444763183594,0.1530378112792969,1.0939657443537645,-0.12260997541107205,1,-0.021711895894809458,-0.036764042062970015,0.04542033406828991,0.01100000000000001,-0.06522295414702811,-0.05693209130013443,-0.03005060875951409,0.004158169696969705,-0.0769642600240808,1427126390361,1,0,0,0,0,0,0
1.1360475680569548,-0.15457840822126936,0.991,0.04424409653805624,0.08846805572509765,0.19811790466308593,1.0939657443537645,-0.12260997541107205,1,-0.021711895894809458,-0.04208182370319036,0.03196843281019732,0.009000000000000008,-0.0659559924328657,-0.05114757480602403,-0.05463377703735546,-0.0030186999999999974,-0.06939210939772944,1427126390425,1,0,0,0,0,0,0
1.1393104721530771,-0.14134245577769783,0.991,0.04487241506877423,0.0576769905090332,0.19618023681640626,1.0939657443537645,-0.12260997541107205,1,-0.021711895894809458,-0.045344727799312645,0.01873248036662578,0.009000000000000008,-0.06658431096358369,-0.04077281087440946,-0.056817152645087375,0.007979100000000012,-0.06939767751903736,1427126390492,1,0,0,0,0,0,0
1.1395011629110916,-0.12750679033135257,0.992,0.04516912104161321,0.012166953086853028,0.20719776916503907,1.0939657443537645,-0.12260997541107205,1,-0.021711895894809458,-0.04553541855732712,0.004896814920280518,0.008000000000000007,-0.06688101693642268,-0.024895117606531326,-0.07025261166342606,0.0017615500000000067,-0.06827182618410542,1427126390556,1,0,0,0,0,0,0
1.1405094466141408,-0.11420965281292932,0.991,0.046809730538487936,0.024115066528320312,0.19857070922851563,1.0939657443537645,-0.12260997541107205,1,-0.021711895894809458,-0.046543702260376296,-0.008400322598142732,0.009000000000000008,-0.0685216264332974,-0.029815892721129028,-0.07284281647567407,0.013473415384615401,-0.07609367026502689,1427126390621,1,0,0,0,0,0,0
1.1371732897486624,-0.10195722117604804,0.989,0.04848524662040252,-0.0413876838684082,0.18592677307128908,1.0939657443537645,-0.12260997541107205,1,-0.021711895894809458,-0.043207545394897906,-0.02065275423502401,0.01100000000000001,-0.07019714251521197,-0.004782757670055791,-0.0733571172222184,0.02052953076923079,-0.07793029366251,1427126390686,1,0,0,0,0,0,0
1.132163571771328,-0.09234039327961105,0.986,0.049776790266878285,-0.0680660858154297,0.1477249298095703,1.0939657443537645,-0.12260997541107205,1,-0.021711895894809458,-0.03819782741756361,-0.030269582131460998,0.014000000000000012,-0.07148868616168774,0.0067087556407832635,-0.06399349395027616,0.028405146153846178,-0.07744965683772975,1427126390751,1,0,0,0,0,0,0
1.1253872980000572,-0.08502953604754337,0.987,0.05164429256651217,-0.09606179809570313,0.11458445739746094,1.0939657443537645,-0.12260997541107205,1,-0.021711895894809458,-0.03142155364629273,-0.03758043936352867,0.013000000000000012,-0.07335618846132164,0.01849888066594028,-0.054082227260475124,0.006314519402985086,-0.08171813905669728,1427126390818,1,0,0,0,0,0,0
1.1192563661329886,-0.08102359771067558,0.982,0.05173155902911194,-0.08873948669433594,0.06475626373291016,1.0939657443537645,-0.12260997541107205,1,-0.021711895894809458,-0.025290621779224143,-0.04158637770039647,0.018000000000000016,-0.0734434549239214,0.019678249175764127,-0.039828241748238485,0.04299735000000004,-0.07385251646735781,1427126390882,1,0,0,0,0,0,0
1.110140433200807,-0.07768070215273785,0.975,0.052831116457868386,-0.13396322631835939,0.05714691925048828,1.0939657443537645,-0.12260997541107205,1,-0.021711895894809458,-0.01617468884704243,-0.04492927325833419,0.025000000000000022,-0.07454301235267785,0.03903907527893609,-0.037349344011421204,0.058539812121212176,-0.07954100066520715,1427126390948,1,0,0,0,0,0,0
1.1017074964295857,-0.07667280769717351,0.974,0.05635668154689696,-0.1255192108154297,0.021777036666870118,1.0939657443537645,-0.12260997541107205,1,-0.021711895894809458,-0.007741752075821173,-0.04593716771389854,0.026000000000000023,-0.07806857744170642,0.041026143331082926,-0.02566713738679866,0.02785375000000003,-0.09459466379652784,1427126391012,1,0,0,0,0,0,0
1.095832061675236,-0.07808129020026412,0.968,0.05651376117957637,-0.08918163299560547,-0.01612952423095703,1.0939657443537645,-0.12260997541107205,1,-0.021711895894809458,-0.0018663173214714668,-0.044528685210807925,0.03200000000000003,-0.07822565707438583,0.02948198100395792,-0.011895780421669562,0.05970069230769236,-0.07895063999444467,1427126391077,1,0,0,0,0,0,0
1.091236276882495,-0.08133311380639274,0.962,0.05813691738393109,-0.07158184051513672,-0.044805679321289066,1.0939657443537645,-0.12260997541107205,1,-0.021711895894809458,0.0027294674712694533,-0.041276861604679305,0.038000000000000034,-0.07984881327874055,0.024152576780814342,-0.0008945224300132872,0.06379088358208962,-0.08711667688032881,1427126391144,1,0,0,0,0,0,0
1.081098519243227,-0.08959083873265221,0.96,0.06056292504420327,-0.15900657653808595,-0.11482091522216797,1.0939657443537645,-0.12260997541107205,1,-0.021711895894809458,0.012867225110537506,-0.03301913667841984,0.040000000000000036,-0.08227482093901273,0.06154260671912386,0.03210264932636901,0.045410711111111154,-0.09382723836888024,1427126391207,1,0,0,0,0,0,0
1.074944502024099,-0.09830647724622263,0.961,0.06106907052728158,-0.10005384826660156,-0.12490773010253907,1.0939657443537645,-0.12260997541107205,1,-0.021711895894809458,0.0190212423296654,-0.02430349816484942,0.039000000000000035,-0.08278096642209104,0.03908214052024664,0.034145399111960545,0.02877260000000003,-0.08495016134956952,1427126391277,1,0,0,0,0,0,0
1.0683307065697625,-0.112398799987153,0.964,0.062220987833597835,-0.1119230499267578,-0.2049360809326172,1.0939657443537645,-0.12260997541107205,1,-0.021711895894809458,0.025635037784002,-0.010211175423919042,0.03600000000000003,-0.08393288372840729,0.04958259623003372,0.07846472859470656,0.01437908524590166,-0.08959805080865116,1427126391338,1,0,0,0,0,0,0
1.0604404625643373,-0.12426585993050528,0.979,0.06246533392887707,-0.12919319152832032,-0.17030210876464844,1.0939657443537645,-0.12260997541107205,1,-0.021711895894809458,0.03352528178942715,0.001655884519433229,0.02100000000000002,-0.08417722982368653,0.058087432220681,0.06744129893530643,-0.06104053076923082,-0.08530498103266762,1427126391403,1,0,0,0,0,0,0
1.0555835155214472,-0.14077129958830728,0.98,0.06295402611943549,-0.08816732788085938,-0.24255082702636718,1.0939657443537645,-0.12260997541107205,1,-0.021711895894809458,0.03838222883231723,0.018161324177235233,0.020000000000000018,-0.08466592201424494,0.043427803993544616,0.09802907928387111,0.013838819402985094,-0.08685409600181994,1427126391470,1,0,0,0,0,0,0
1.052331549722286,-0.1582858405106528,0.982,0.06527531402458794,-0.06521109771728516,-0.25912884521484375,1.0939657443537645,-0.12260997541107205,1,-0.021711895894809458,0.04163419463147844,0.03567586509958076,0.018000000000000016,-0.0869872099193974,0.037774381679667235,0.11788938469060589,0.006464988888888901,-0.09804096184869482,1427126391533,1,0,0,0,0,0,0
1.0490621208675566,-0.17715099538524215,0.972,0.06471680866394977,-0.0673953094482422,-0.2791757507324219,1.0939657443537645,-0.12260997541107205,1,-0.021711895894809458,0.04490362348620791,0.0545410199741701,0.028000000000000025,-0.08642870455875923,0.03871013612675823,0.13009744204824877,0.0787912030303031,-0.08389004382858571,1427126391599,1,0,0,0,0,0,0
1.051151513905687,-0.19338422450785575,0.97,0.06370451769779309,0.01552784252166748,-0.24501556396484375,1.0939657443537645,-0.12260997541107205,1,-0.021711895894809458,0.04281423044807742,0.0707742490967837,0.030000000000000027,-0.08541641359260255,0.009104810669626446,0.1256272671757731,0.0383251307692308,-0.08074430144111017,1427126391664,1,0,0,0,0,0,0
1.0542271869094062,-0.20799628722163882,0.968,0.06407103684071183,0.032088138580322265,-0.22167337036132811,1.0939657443537645,-0.12260997541107205,1,-0.021711895894809458,0.03973855744435828,0.08538631181056677,0.03200000000000003,-0.08578293273552129,0.0022820659538591685,0.12425944204933095,0.04013313076923081,-0.0874745595489924,1427126391729,1,0,0,0,0,0,0
1.0572784644262574,-0.2198984354558365,0.98,0.06328563867731438,0.03424433135986328,-0.18109637451171876,1.0939657443537645,-0.12260997541107205,1,-0.021711895894809458,0.03668727992750709,0.09728846004476446,0.020000000000000018,-0.08499753457212383,0.0014028144304704566,0.1137707629684794,-0.04278866716417913,-0.08148082637780688,1427126391796,1,0,0,0,0,0,0
1.06394922258669,-0.22768534101205465,0.985,0.0634950781875537,0.09247400665283204,-0.12289797973632813,1.0939657443537645,-0.12260997541107205,1,-0.021711895894809458,0.030016521767074478,0.1050753656009826,0.015000000000000013,-0.08520697408236316,-0.023033912382604712,0.09881559842693043,-0.01178537777777778,-0.08620430508350282,0,1,0,0,0,0,0,0
1.0713843749167404,-0.23180774880581753,0.981,0.06407103684071183,0.10737889099121094,-0.0687881851196289,1.0939657443537645,-0.12260997541107205,1,-0.021711895894809458,0.022581369437024046,0.10919777339474548,0.019000000000000017,-0.08578293273552129,-0.02910565539974635,0.07954953988259117,0.04052992121212125,-0.08840092661351277,0,1,0,0,0,0,0,0
1.0815057032736686,-0.23188848160497025,0.985,0.0634427183099939,0.1514308776855469,-0.010929113388061523,1.0939657443537645,-0.12260997541107205,1,-0.021711895894809458,0.012460041080095907,0.1092785061938982,0.015000000000000013,-0.08515461420480336,-0.04922884282106377,0.05823439893178148,-0.005323161538461536,-0.08225468252456676,0,1,0,0,0,0,0,0
1.0926498817508536,-0.22760771162547316,0.998,0.06270968002415625,0.17089739990234376,0.05348422622680664,1.0939657443537645,-0.12260997541107205,1,-0.021711895894809458,0.0013158626029108333,0.10499773621440112,0.0020000000000000018,-0.08442157591896571,-0.060307731242655586,0.03267724750861183,-0.06417170000000005,-0.08103832229202271,0,1,0,0,0,0,0,0
1.1008970437124275,-0.21844042025717234,1.007,0.06290166624187568,0.132081787109375,0.12948651123046875,1.0939657443537645,-0.12260997541107205,1,-0.021711895894809458,-0.00693129935866299,0.09583044484610029,-0.006999999999999895,-0.08461356213668514,-0.047511030668367454,0.0033192726060588887,-0.04843352537313369,-0.08547320191751841,1427126392122,1,0,0,0,0,0,0
1.1113076992713729,-0.20505462977017774,1.009,0.06316346562967476,0.16847250366210936,0.19057353210449218,1.0939657443537645,-0.12260997541107205,1,-0.021711895894809458,-0.01734195491760837,0.0824446543591057,-0.008999999999999897,-0.08487536152448422,-0.06748206985540754,-0.029798349704668582,-0.01418641111111103,-0.0861220252759084,1427126392122,1,0,0,0,0,0,0
1.1201741611186011,-0.1876280183296232,1.006,0.06263986685407648,0.14923161315917968,0.25248294067382815,1.0939657443537645,-0.12260997541107205,1,-0.021711895894809458,-0.02620841676483665,0.06501804291855115,-0.006000000000000005,-0.08435176274888594,-0.06183784779213522,-0.057939491056047746,0.015439546153845574,-0.08193515301535541,1427126392122,1,0,0,0,0,0,0
1.1319642193845252,-0.16818525233196993,1.005,0.05963790054064623,0.19476046752929688,0.27999884033203126,1.0939657443537645,-0.12260997541107205,1,-0.021711895894809458,-0.0379984750307607,0.045575276920897884,-0.004999999999999893,-0.08134979643545569,-0.08253850530761497,-0.0769007715678646,0.005355730303030991,-0.06770449501077273,1427126392122,1,0,0,0,0,0,0
1.146159886887461,-0.15086347619262833,0.979,0.05914920835008787,0.22804278564453126,0.2466732482910156,1.0939657443537645,-0.12260997541107205,1,-0.021711895894809458,-0.052194142533696475,0.02825350078155628,0.02100000000000002,-0.08086110424489733,-0.10242780587427783,-0.07429533883597288,0.15887008787878742,-0.07863977610599569,1427126392122,1,0,0,0,0,0,0
1.1613815519929689,-0.12896120906433775,0.955,0.05839871677173021,0.2473468780517578,0.31446209716796875,1.0939657443537645,-0.12260997541107205,1,-0.021711895894809458,-0.0674158076392044,0.006351233653265703,0.04500000000000004,-0.08011061266653967,-0.11804521064985649,-0.11316252719918338,0.17172930000000017,-0.07659268339298814,1427126392446,1,0,0,0,0,0,0
1.1738424352731056,-0.10540540840874212,0.928,0.057770398241012336,0.20721731567382812,0.34182537841796873,1.0939657443537645,-0.12260997541107205,1,-0.021711895894809458,-0.07987669091934113,-0.017204567002329932,0.07199999999999995,-0.0794822941358218,-0.10818115490939675,-0.13201251374474704,0.20793191538461486,-0.07658236245558545,1427126392511,1,0,0,0,0,0,0
1.188388960195433,-0.08002005951532087,0.886,0.0567581072748556,0.2398194580078125,0.367546630859375,1.0939657443537645,-0.12260997541107205,1,-0.021711895894809458,-0.09442321584166846,-0.042589915895751174,0.11399999999999999,-0.07847000316966506,-0.12556033534378244,-0.15251364536370507,0.3196269727272729,-0.07386868059622534,0,1,0,0,0,0,0,0
1.1989187287195746,-0.05504074391334626,0.849,0.058730329329609206,0.17894744873046875,0.36512643432617187,1.0939657443537645,-0.12260997541107205,1,-0.021711895894809458,-0.10495298436581013,-0.06756923149772578,0.15100000000000002,-0.08044222522441866,-0.11045153017033577,-0.16493195581791187,0.3267119692307694,-0.08954478855405065,0,1,0,0,0,0,0,0
1.207347445096287,-0.030757655571968353,0.8,0.06199409503083853,0.1475927734375,0.356197265625,1.0939657443537645,-0.12260997541107205,1,-0.021711895894809458,-0.11338170074252263,-0.09185231983910369,0.19999999999999996,-0.08370599092564798,-0.10207370844470781,-0.1694829879774608,0.42399134925373094,-0.09831986719980915,0,1,0,0,0,0,0,0
1.2109889097492097,-0.0058605046907403355,0.755,0.06581636609270614,0.07765435791015625,0.36935577392578123,1.0939657443537645,-0.12260997541107205,1,-0.021711895894809458,-0.11702316539544522,-0.1167494707203317,0.245,-0.0875282619875156,-0.08016791661022113,-0.19347066645821642,0.45556470000000027,-0.10572955275831374,0,1,0,0,0,0,0,0
1.2120974311804749,0.01677542048966328,0.708,0.06918485154905518,0.03892290496826172,0.33771014404296873,1.0939657443537645,-0.12260997541107205,1,-0.021711895894809458,-0.11813168682671038,-0.13938539590073534,0.29200000000000004,-0.09089674744386464,-0.06644830779781376,-0.1866021156828087,0.49433432424242446,-0.10620804497272394,0,0,0,0,0,0,0,0
1.2099155307088905,0.03376813960716593,0.655,0.07436847942747837,-0.015029693603515625,0.25654351806640624,1.0939657443537645,-0.12260997541107205,1,-0.021711895894809458,-0.11594978635512598,-0.15637811501823798,0.345,-0.09608037532228783,-0.04780550733460181,-0.16666038063406735,0.5751190153846151,-0.12000481168424101,0,0,0,0,0,0,0,0
1.2045331059404027,0.0488113217121659,0.608,0.07812093731926617,-0.06374759674072265,0.23102273559570313,1.0939657443537645,-0.12260997541107205,1,-0.021711895894809458,-0.11056736158663827,-0.17142129712323795,0.392,-0.09983283321407563,-0.027952571367448324,-0.1637958885392985,0.5829593230769234,-0.11715186963771161,0,0,0,0,0,0,0,0
1.1918360082036448,0.0558020223600017,0.557,0.08344419153784888,-0.18169212341308594,0.11940420532226563,1.0939657443537645,-0.12260997541107205,1,-0.021711895894809458,-0.09787026384988029,-0.17841199777107375,0.44299999999999995,-0.10515608743265834,0.015676239714669513,-0.12292761057933843,0.6400684104477607,-0.12899155408302865,0,0,0,0,0,0,0,0
1.1792821294531313,0.057969616155440544,0.507,0.09325294193405703,-0.18494302368164062,0.04809577178955078,1.0939657443537645,-0.12260997541107205,1,-0.021711895894809458,-0.08531638509936679,-0.1805795915665126,0.493,-0.11496483782886649,0.025315078098047665,-0.09964877489841371,0.694534177777778,-0.16167317304890533,0,0,0,0,0,0,0,0
1.1657801208412366,0.05711887692437566,0.458,0.09716247945852433,-0.20283843994140624,0.006153526306152343,1.0939657443537645,-0.12260997541107205,1,-0.021711895894809458,-0.07181437648747213,-0.17972885233544772,0.542,-0.11887437535333378,0.034978755517909396,-0.08271713773257346,0.723325553846154,-0.136918394697029,0,0,0,0,0,0,0,0
1.157236957655606,0.053394501144382926,0.407,0.1021541211192281,-0.13296253967285157,-0.043170600891113284,1.0939657443537645,-0.12260997541107205,1,-0.021711895894809458,-0.0632712133018416,-0.17600447655545498,0.593,-0.12386601701403756,0.011810108072259663,-0.06580153872781788,0.7746477454545451,-0.1465552972899638,0,0,0,0,0,0,0,0
1.1489636402835819,0.0460935058477937,0.36,0.10810569386852877,-0.13462075805664062,-0.09628874206542969,1.0939657443537645,-0.12260997541107205,1,-0.021711895894809458,-0.05499789592981741,-0.16870348125886575,0.64,-0.12981758976333824,0.01585161922600238,-0.0420821709004802,0.8029204500000002,-0.15771558702568517,0,0,0,0,0,0,0,0
1.1408537571881687,0.03550742886530042,0.31,0.11095058054927952,-0.13807090759277343,-0.14473890686035157,1.0939657443537645,-0.12260997541107205,1,-0.021711895894809458,-0.04688801283440425,-0.15811740427637247,0.69,-0.13266247644408896,0.016995502373040764,-0.021521986950968124,0.8517062298507458,-0.1454007750146146,0,0,0,0,0,0,0,0
1.1340899679602314,0.021794867160440677,0.258,0.11463322527098756,-0.12360746765136718,-0.19319009399414064,1.0939657443537645,-0.12260997541107205,1,-0.021711895894809458,-0.04012422360646695,-0.14440484257151273,0.742,-0.136345121165797,0.014976128877995234,0.004932044478314704,0.9212360000000002,-0.15360751829880342,0,0,0,0,0,0,0,0
1.1261982382637017,0.00047740616450416343,0.21,0.11524409050918556,-0.15417413330078125,-0.30412313842773436,1.0939657443537645,-0.12260997541107205,1,-0.021711895894809458,-0.03223249390993721,-0.12308738157557621,0.79,-0.13695598640399503,0.02440549940009665,0.055306524794465364,0.9388575384615387,-0.1397753644264475,0,0,0,0,0,0,0,0
1.1211789382500847,-0.021220495307717024,0.171,0.1165356341556614,-0.11221543884277344,-0.31465213012695314,1.0939657443537645,-0.12260997541107205,1,-0.021711895894809458,-0.027213193896320265,-0.10138948010335502,0.829,-0.13824753005047086,0.011020759635984503,0.0663668590534043,0.9238855818181815,-0.14411818298899734,0,0,0,0,0,0,0,0
1.1189917858325156,-0.042967880700214206,0.132,0.11686724671354035,-0.0705139617919922,-0.32018365478515626,1.0939657443537645,-0.12260997541107205,1,-0.021711895894809458,-0.025026041478751093,-0.07964209471085784,0.868,-0.1385791426083498,-0.002558191110406973,0.08105596565490214,0.9671038500000002,-0.14013357647340735,0,0,0,0,0,0,0,0
1.1185909336045134,-0.06442267478151677,0.096,0.11871729572065431,-0.04349665451049805,-0.31892559814453125,1.0939657443537645,-0.12260997541107205,1,-0.021711895894809458,-0.02462518925074897,-0.05818730062955528,0.904,-0.14042919161546377,-0.01224124948065482,0.08489064585317974,0.9767391014925375,-0.14871299313985467,0,0,0,0,0,0,0,0
1.1192920002516131,-0.08487319474356855,0.044,0.1204451716801287,-0.025889991760253906,-0.3058441467285156,1.0939657443537645,-0.12260997541107205,1,-0.021711895894809458,-0.02532625589784865,-0.037736780667503494,0.956,-0.14215706757493815,-0.018535954010436156,0.09485325282278204,1.1207727999999997,-0.1502564861349743,0,0,0,0,0,0,0,0
1.1190823952776057,-0.10032042594762372,0,0.13651965409099648,-0.030962034225463866,-0.2296520233154297,1.0939657443537645,-0.12260997541107205,1,-0.021711895894809458,-0.02511665092384119,-0.022289549463448327,1,-0.15823154998580594,-0.013484876952474072,0.07390099796625398,1.1150208769230772,-0.2324214688051957,0,0,0,0,0,0,0,0
