0,0,0.717,0,-0.021752437591552733,-0.0017725499868392945,0,0,1,0,0,0,0.28300000000000003,0,0,0,0.22640000000000005,0,0,0,0,0,0,0,0,0
-0.0016219872792561849,0.00032340828577677406,0.716,0.001972222054753614,-0.024329809188842772,0.004851124286651611,0,0,1,0,0.0016219872792561849,-0.00032340828577677406,0.28400000000000003,-0.001972222054753614,0.00982305593192616,-0.0019305501870330172,0.23448635000000004,-0.01121701293641118,0,0,0,0,0,0,0,0
-0.0020746306479882018,0.0012118653311083611,0.715,0.0023561944901923093,-0.006763353824615479,0.013340220451354981,0,0,1,0,0.0020746306479882018,-0.0012118653311083611,0.28500000000000003,-0.0023561944901923093,0.0034769961329197767,-0.005465664707326103,0.23711035000000003,-0.0041560652813111935,0,0,0,0,0,0,0,0
-0.002445327283888633,0.0011671874389333008,0.717,0.002391101075232216,-0.005562013149261475,-0.0006570650339126587,0,0,1,0,0.002445327283888633,-0.0011671874389333008,0.28300000000000003,-0.002391101075232216,0.0030802289124523172,-0.0003620038649134087,0.22202260000000004,-0.0025407007254032443,0,0,0,0,0,0,0,0
-0.0030890097140930427,0.0015726059715447137,0.717,0.0026179938779914425,-0.009640667915344238,0.0061043472290039065,0,0,1,0,0.0030890097140930427,-0.0015726059715447137,0.28300000000000003,-0.0026179938779914425,0.005305254530073213,-0.0031539875959105852,0.23372060000000006,-0.003752457891787575,0,0,0,0,0,0,0,0
-0.0022992353028293434,0.0016420899911862934,0.721,0.0014486232791552922,0.01184930419921875,0.001011242389678955,0,0,1,0,0.0022992353028293434,-0.0016420899911862934,0.279,-0.0014486232791552922,-0.0027360685347183385,-0.0011674809067799444,0.21278319014084507,0.0034923792511383006,0,0,0,0,0,0,0,0
-0.00029846060804988503,0.0018000950533593693,0.725,0.0006981317007977439,0.03001502227783203,0.0023265979290008547,0,0,1,0,0.00029846060804988503,-0.0018000950533593693,0.275,-0.0006981317007977439,-0.011514208385257756,-0.0018267328335200383,0.2076181666666667,0.0030543261909899977,0,0,0,0,0,0,0,0
0.0016873581921917182,0.0018608015391928486,0.731,-0.0004014257279587041,0.02978791046142578,0.0008898016214370728,0,0,1,0,-0.0016873581921917182,-0.0018608015391928486,0.269,0.0004014257279587041,-0.011529899311496044,-0.001263480478992533,0.19559230769230768,0.00547630616837308,0,0,0,0,0,0,0,0
0.005934556728786631,0.00024141840393012608,0.731,-0.0017627825445142298,0.06371772384643555,-0.02426517105102539,0,0,1,0,-0.005934556728786631,-0.00024141840393012608,0.269,0.0017627825445142298,-0.025834016160492725,0.008592690587963515,0.22964850000000003,0.008045967851693578,0,0,0,0,0,0,0,0
0.011609584610114106,-0.0006606953683591615,0.737,-0.003420845333908906,0.08514913940429687,-0.013381628036499024,0,0,1,0,-0.011609584610114106,0.0006606953683591615,0.263,0.003420845333908906,-0.03636738818740529,0.005181957279317558,0.19425030769230772,0.011073442823422798,0,0,0,0,0,0,0,0
0.01806112509874659,-0.00260422608051189,0.744,-0.003577924966588375,0.09687226867675781,-0.028821744918823243,0,0,1,0,-0.01806112509874659,0.00260422608051189,0.256,0.003577924966588375,-0.04274949412704395,0.011450704146842785,0.18610603582089552,0.004281266605451668,0,0,0,0,0,0,0,0
0.02710501388179186,-0.005051738023213046,0.757,-0.003316125578789242,0.135788818359375,-0.03622706985473633,0,0,1,0,-0.02710501388179186,0.005051738023213046,0.243,0.003316125578789242,-0.0630454753303063,0.01590975179025793,0.14273464999999996,0.0020889409484808052,0,0,0,0,0,0,0,0
0.035055010455785025,-0.007585678876090499,0.767,-0.004188790204786408,0.11937533569335937,-0.03761345672607422,0,0,1,0,-0.035055010455785025,0.007585678876090499,0.23299999999999998,0.004188790204786408,-0.05974391588279776,0.01723446295700351,0.15433589696969693,0.008155447595682618,0,0,0,0,0,0,0,0
0.0438677634931547,-0.009480714491169117,0.777,-0.005218534463462988,0.1323092041015625,-0.027871564865112306,0,0,1,0,-0.0438677634931547,0.009480714491169117,0.22299999999999998,0.005218534463462988,-0.07021403820236077,0.015113959312882778,0.14610589999999996,0.010045460676009458,0,0,0,0,0,0,0,0
0.05158761886875297,-0.01231116140338383,0.783,-0.005183627878423192,0.11601781463623047,-0.04185183334350586,0,0,1,0,-0.05158761886875297,0.01231116140338383,0.21699999999999997,0.005183627878423192,-0.06685189753730686,0.021183777862148354,0.16560741818181812,0.005024961582787758,0,0,0,0,0,0,0,0
0.06315636157254999,-0.015523279839818974,0.791,-0.005393067388662521,0.173778564453125,-0.047281612396240236,0,0,1,0,-0.06315636157254999,0.015523279839818974,0.20899999999999996,0.005393067388662521,-0.09308871822223058,0.024824098103804905,0.14998075757575755,0.0063450651624776516,0,0,0,0,0,0,0,0
0.07324892312367168,-0.019404876179385015,0.798,-0.005934119456780741,0.1517002258300781,-0.057406654357910154,0,0,1,0,-0.07324892312367168,0.019404876179385015,0.20199999999999996,0.005934119456780741,-0.09202618116509101,0.03097083397100664,0.14981654999999994,0.008470301026084894,0,0,0,0,0,0,0,0
0.08352695484068413,-0.023270791574201387,0.808,-0.006789330790257897,0.15451187133789063,-0.05707284927368164,0,0,1,0,-0.08352695484068413,0.023270791574201387,0.19199999999999995,0.006789330790257897,-0.09653134248191897,0.032192736896514584,0.1283346969696969,0.01067665503333588,0,0,0,0,0,0,0,0
0.09207783697715972,-0.02836082508513972,0.819,-0.007592182246175362,0.12877864074707032,-0.07547792816162109,0,0,1,0,-0.09207783697715972,0.02836082508513972,0.18100000000000005,0.007592182246175362,-0.09170842835910861,0.04124800726082308,0.11542626666666725,0.0112415070458002,0,0,0,0,0,0,0,0
0.0992206088680979,-0.032605688214048786,0.834,-0.009389871375729497,0.10762190246582032,-0.06285768127441406,0,0,1,0,-0.0992206088680979,0.032605688214048786,0.16600000000000004,0.009389871375729497,-0.08967880226156169,0.039980951395290454,0.07947206666666665,0.01795029580217776,0,0,0,0,0,0,0,0
0.1051613751578234,-0.03624418240162816,0.839,-0.011344640137963213,0.08962003326416015,-0.053738273620605466,0,0,1,0,-0.1051613751578234,0.03624418240162816,0.16100000000000003,0.011344640137963213,-0.08274456375689473,0.03643546741627445,0.1349324,0.01972222054753628,0,0,0,0,0,0,0,0
0.10966196587258523,-0.04042939772222141,0.847,-0.0124092909816797,0.0682166976928711,-0.06200834274291992,0,0,1,0,-0.10966196587258523,0.04042939772222141,0.15300000000000002,0.0124092909816797,-0.08118098294297213,0.04437379659927879,0.1085640606557377,0.017645278737662418,0,0,0,0,0,0,0,0
0.11168170087295322,-0.044899209818862036,0.855,-0.013247049022636959,0.03112567901611328,-0.06666607666015625,0,0,1,0,-0.11168170087295322,0.044899209818862036,0.14500000000000002,0.013247049022636959,-0.06683942737644333,0.04563208937381455,0.10787522941176468,0.016943040379801336,0,0,0,0,0,0,0,0
0.11388862355567878,-0.04962448916834694,0.861,-0.014172073526193983,0.03403984832763672,-0.07043445587158204,0,0,1,0,-0.11388862355567878,0.04962448916834694,0.139,0.014172073526193983,-0.07007623930883256,0.05169407450998158,0.11124253225806452,0.01864799854340539,0,0,0,0,0,0,0,0
0.11684531007081804,-0.0544248678142102,0.869,-0.014817845349431811,0.04536627960205078,-0.07136993408203125,0,0,1,0,-0.11684531007081804,0.0544248678142102,0.131,0.014817845349431811,-0.07485266415813632,0.05291177360103017,0.09715385757575756,0.017753171818694666,0,0,0,0,0,0,0,0
0.11621929240677298,-0.059127666228670696,0.876,-0.01631882850614702,-0.008343992233276367,-0.07067337036132812,0,0,1,0,-0.11621929240677298,0.059127666228670696,0.124,0.01631882850614702,-0.05571713651719741,0.054052406270692493,0.0987918882352941,0.022940813021067062,0,0,0,0,0,0,0,0
0.11483287629655411,-0.06290608274832733,0.885,-0.018099064343181148,-0.019868623733520507,-0.057008056640625,0,0,1,0,-0.11483287629655411,0.06290608274832733,0.11499999999999999,0.018099064343181148,-0.05049073202911312,0.05310480690287678,0.07752784838709675,0.026713108715926928,0,0,0,0,0,0,0,0
0.11310999584344074,-0.06702233309953898,0.891,-0.019477874452256683,-0.02472153091430664,-0.06220135498046875,0,0,1,0,-0.11310999584344074,0.06702233309953898,0.10899999999999999,0.019477874452256683,-0.04825230726385439,0.05604115088757899,0.09193510769230769,0.025841613417220688,0,0,0,0,0,0,0,0
0.11103232542223761,-0.07105600433449423,0.898,-0.018901915799098667,-0.029980709075927734,-0.061100582122802734,0,0,1,0,-0.11103232542223761,0.07105600433449423,0.10199999999999998,0.018901915799098667,-0.0458721307543877,0.05670342274103457,0.08330698823529409,0.0163609217410486,0,0,0,0,0,0,0,0
0.10640707712243327,-0.07586021571854488,0.904,-0.01862266311877947,-0.06800428009033203,-0.07336161041259766,0,0,1,0,-0.10640707712243327,0.07586021571854488,0.09599999999999997,0.01862266311877947,-0.028624611049110474,0.06508184049259524,0.08180786666666662,0.017292888450592816,0,0,0,0,0,0,0,0
0.10277135837755327,-0.0800353882155854,0.908,-0.02014109956801452,-0.05336009979248047,-0.06363227081298828,0,0,1,0,-0.10277135837755327,0.0800353882155854,0.09199999999999997,0.02014109956801452,-0.033859201842463174,0.06202364600102592,0.09197856470588234,0.026840083902875032,0,0,0,0,0,0,0,0
0.09857778500137243,-0.08245521997098003,0.915,-0.021327923459370735,-0.06215982055664063,-0.03755697631835937,0,0,1,0,-0.09857778500137243,0.08245521997098003,0.08499999999999996,0.021327923459370735,-0.026863393535436025,0.055455166229102675,0.06797767096774188,0.027070619707868546,1427127199858,0,0,0,0,0,0,0
0.09301471705001298,-0.08404552172601938,0.918,-0.021572269554649914,-0.08291831207275391,-0.02562869644165039,0,0,1,0,-0.09301471705001298,0.08404552172601938,0.08199999999999996,0.021572269554649914,-0.018315529440476874,0.051078864994250364,0.08972590909090905,0.022682933624100732,1427127199858,0,0,0,0,0,0,0
0.08744116484737204,-0.08576171379987182,0.923,-0.021502456384570157,-0.08302854156494141,-0.027540264129638673,0,0,1,0,-0.08744116484737204,0.08576171379987182,0.07699999999999996,0.021502456384570157,-0.014605470000341975,0.052943855533953095,0.07478404999999994,0.021175207149821292,1427127199858,0,0,0,0,0,0,0
0.08306666372859194,-0.08680170860491157,0.928,-0.021101030656611452,-0.06526693725585937,-0.017007144927978515,0,0,1,0,-0.08306666372859194,0.08680170860491157,0.07199999999999995,0.021101030656611452,-0.01939757035636762,0.049734820670322706,0.07167272307692302,0.01924829652757128,1427127199858,0,0,0,0,0,0,0
0.08048037104519873,-0.08664965526617191,0.933,-0.022078415037728283,-0.03883387756347656,0.0014617514610290527,0,0,1,0,-0.08048037104519873,0.08664965526617191,0.06699999999999995,0.022078415037728283,-0.028202867720492387,0.04332256875689066,0.06892529701492531,0.026454763012878267,1427127199858,0,0,0,0,0,0,0
0.07609054395230977,-0.08543873617171567,0.938,-0.023003439541285253,-0.06623235321044922,0.016705671310424806,0,0,1,-0.022078415037728283,-0.07609054395230977,0.08543873617171567,0.062000000000000055,0.0009250245035569704,-0.038045271976154885,0.042719368085857835,0.04960000000000005,0.0009250245035569704,1427127199858,0,0,0,0,0,0,0
0.07153798705346355,-0.08416879644623186,0.944,-0.026424284875194104,-0.06870844268798829,0.01747332763671875,0,0,1,-0.022078415037728283,-0.07153798705346355,0.08416879644623186,0.05600000000000005,0.004345869837465821,-0.011301725301452275,0.03530097095743162,0.012856307692307715,0.020134386763198977,1427127200252,0,0,0,0,0,0,0
0.06919505333333346,-0.08482314696246632,0.952,-0.030106929596902202,-0.03487240600585938,-0.010740378379821777,0,0,1,-0.022078415037728283,-0.06919505333333346,0.08482314696246632,0.04800000000000004,0.00802851455917392,-0.02187539241042341,0.04609904939863637,-0.004678799999999997,0.02529091169218063,1427127200316,0,0,0,0,0,0,0
0.06710585025121876,-0.08533387792536021,0.959,-0.029810223624063163,-0.031093231201171877,-0.008600842475891114,0,0,1,-0.022078415037728283,-0.06710585025121876,0.08533387792536021,0.041000000000000036,0.00773180858633488,-0.022608892258854704,0.04554067762677902,-0.003379412121212122,0.006383145073430153,1427127200382,0,0,0,0,0,0,0
0.06538028001663743,-0.08675725178469536,0.963,-0.02865830631774691,-0.025235681533813475,-0.022112602233886718,0,0,1,-0.022078415037728283,-0.06538028001663743,0.08675725178469536,0.03700000000000003,0.006579891280018627,-0.023430345554046564,0.05138354321790575,0.008903600000000012,0.001180278906661194,1427127200446,0,0,0,0,0,0,0
0.06433768439820352,-0.08917103666147964,0.963,-0.02841396022246773,-0.014595029830932617,-0.03664002990722656,0,0,1,-0.022078415037728283,-0.06433768439820352,0.08917103666147964,0.03700000000000003,0.006335545184739447,-0.026685241294900706,0.058063815371436206,0.03101540000000003,0.005190172863118292,1427127200510,0,0,0,0,0,0,0
0.0639977569402785,-0.09066418369984608,0.968,-0.028431413514987684,-0.004460546016693115,-0.02253302574157715,0,0,1,-0.022078415037728283,-0.0639977569402785,0.09066418369984608,0.03200000000000003,0.006352998477259401,-0.03042819227666355,0.053708957079391065,0.00030032307692308413,0.0064335521350438,1427127200575,0,0,0,0,0,0,0
0.06166173784646513,-0.0912413216429421,0.971,-0.02754129559647051,-0.034780025482177734,-0.009649681091308595,0,0,1,-0.022078415037728283,-0.06166173784646513,0.0912413216429421,0.029000000000000026,0.005462880558742226,-0.018552077127650585,0.04912447624316631,0.00885805384615386,0.001354644011739881,1427127200640,0,0,0,0,0,0,0
0.06113362982295614,-0.09293539934527392,0.976,-0.027855454861829502,-0.00721884822845459,-0.025619672775268554,0,0,1,-0.022078415037728283,-0.06113362982295614,0.09293539934527392,0.02400000000000002,0.005777039824101219,-0.028062665738458455,0.05604621411517632,-0.005755176923076921,0.007227005664219649,1427127200705,0,0,0,0,0,0,0
0.06065422054713766,-0.09310271481233719,0.978,-0.027925268031909315,-0.007118448734283447,-0.002709044933319092,0,0,1,-0.022078415037728283,-0.06065422054713766,0.09310271481233719,0.02200000000000002,0.005846852994181032,-0.028276684919164113,0.04792085750774247,0.009574772463768125,0.006150388516267177,1427127200774,0,0,0,0,0,0,0
0.05846280994222727,-0.0933821923366644,0.981,-0.02724458962363147,-0.03274129104614258,-0.0051083450317382815,0,0,1,-0.022078415037728283,-0.05846280994222727,0.0933821923366644,0.019000000000000017,0.005166174585903186,-0.017665905251156182,0.04880005193964215,0.0010350500000000026,0.0019754945471007826,1427127200838,0,0,0,0,0,0,0
0.05727967643853998,-0.09317570499345804,0.983,-0.025830872929516087,-0.017824790954589845,0.00261271071434021,0,0,1,-0.022078415037728283,-0.05727967643853998,0.09317570499345804,0.017000000000000015,0.003752457891787804,-0.022822227008781525,0.046134902883954707,0.005347439393939403,-0.002673527081463933,1427127200904,0,0,0,0,0,0,0
0.05602835076108515,-0.09288139900562516,0.986,-0.026092672317315276,-0.01887764358520508,0.003928328514099121,0,0,1,-0.022078415037728283,-0.05602835076108515,0.09288139900562516,0.014000000000000012,0.004014257279586993,-0.021441559294155466,0.04547894022561297,-0.0032951838709677408,0.00528102851087339,1427127200966,0,0,0,0,0,0,0
0.05404387014663034,-0.09211990443939848,0.985,-0.025778513051956227,-0.030055084228515626,0.010641912460327148,0,0,1,-0.022078415037728283,-0.05404387014663034,0.09211990443939848,0.015000000000000013,0.003700098014227944,-0.01686271793141367,0.04271912029380437,0.0199224153846154,0.0022501321741092584,1427127201031,0,0,0,0,0,0,0
0.05173418202424918,-0.09135906385638663,0.987,-0.025743606466916376,-0.034927978515625,0.0105158109664917,0,0,1,-0.022078415037728283,-0.05173418202424918,0.09135906385638663,0.013000000000000012,0.003665191429188093,-0.014540617331160924,0.0425850882862356,0.00273208235294118,0.003511191789306397,1427127201099,0,0,0,0,0,0,0
0.04972919491390082,-0.09003442987354557,0.987,-0.026284658535034595,-0.030576297760009766,0.019088777542114257,0,0,1,-0.022078415037728283,-0.04972919491390082,0.09003442987354557,0.013000000000000012,0.004206243497306313,-0.014662463942246462,0.0387647403873329,0.013110700000000013,0.006703406888621172,1427127201164,0,0,0,0,0,0,0
0.04598096426712966,-0.08849854903510512,0.989,-0.026790804018112964,-0.056809520721435545,0.021552610397338866,0,0,1,-0.022078415037728283,-0.04598096426712966,0.08849854903510512,0.01100000000000001,0.004712388980384681,-0.002789897473513381,0.036652527252326,0.0004688888888888902,0.007122605566472149,1427127201227,0,0,0,0,0,0,0
0.04299080757111198,-0.08653321528342392,0.989,-0.026616271092913597,-0.045625953674316405,0.028267940521240233,0,0,1,-0.022078415037728283,-0.04299080757111198,0.08653321528342392,0.01100000000000001,0.0045378560551853145,-0.006045422995811414,0.033676211935882286,0.01165150000000001,0.0037323194773420843,1427127201292,0,0,0,0,0,0,0
0.040482783826231335,-0.08514816587694864,0.991,-0.025167647813758194,-0.03815993881225586,0.019767187118530274,0,0,1,-0.022078415037728283,-0.040482783826231335,0.08514816587694864,0.009000000000000008,0.0030892327760299113,-0.008010837418451188,0.036495223572024664,-0.00018141764705882288,-0.0033017522790674556,1427127201360,0,0,0,0,0,0,0
0.03565938925226872,-0.08253710993615905,0.994,-0.025935592684635807,-0.07331361389160156,0.03733272552490234,0,0,1,-0.022078415037728283,-0.03565938925226872,0.08253710993615905,0.006000000000000005,0.003857177646907524,0.008266085229606496,0.027864758411792513,-0.008916166666666673,0.007514057984419965,1427127201423,0,0,0,0,0,0,0
0.03136340473542565,-0.08033827313170361,0.995,-0.025813419636996134,-0.06527342224121094,0.03130036354064941,0,0,1,-0.022078415037728283,-0.03136340473542565,0.08033827313170361,0.0050000000000000044,0.0037350045992678507,0.007091033713468378,0.029297734067723305,0.0015137500000000012,0.0031623184384568827,1427127201487,0,0,0,0,0,0,0
0.027495329648579123,-0.07798810926045009,0.996,-0.025813419636996134,-0.05891168212890625,0.03374315643310547,0,0,1,-0.022078415037728283,-0.027495329648579123,0.07798810926045009,0.0040000000000000036,0.0037350045992678507,0.006025778412781728,0.027736022832229743,0.0009058696969697,0.0037350045992678507,1427127201553,0,0,0,0,0,0,0
0.02349693584715172,-0.07548929529965848,0.997,-0.02508038135115854,-0.06092336273193359,0.03592171096801758,0,0,1,-0.022078415037728283,-0.02349693584715172,0.07548929529965848,0.0030000000000000027,0.0030019663134302557,0.009026995682167872,0.02554352202355288,0.000043784615384616365,-0.00038128731351248996,1427127201618,0,0,0,0,0,0,0
0.019772023359344033,-0.07423630008987026,0.999,-0.02427752989524113,-0.056327449798583985,0.01738783073425293,0,0,1,-0.022078415037728283,-0.019772023359344033,0.07423630008987026,0.0010000000000000009,0.0021991148575128475,0.009404008422166595,0.03167353282681238,-0.0069343307692307735,-0.0015063534005674978,1427127201683,0,0,0,0,0,0,0
0.01584812922457106,-0.07220667597745761,1.001,-0.024190263432641364,-0.05958010864257812,0.02900659370422363,0,0,1,-0.022078415037728283,-0.01584812922457106,0.07220667597745761,-0.0009999999999998899,0.002111848394913081,0.011796070590158593,0.026851482506919953,-0.008219561194029187,0.001721103039988753,1427127201750,0,0,0,0,0,0,0
0.011253316381310328,-0.07077932091404718,1.001,-0.023492131731843675,-0.0694198989868164,0.01973697853088379,0,0,1,-0.022078415037728283,-0.011253316381310328,0.07077932091404718,-0.0009999999999998899,0.0014137166941153925,0.019115171005202693,0.028855159615176432,0.0022219000000000926,-0.00191071997634979,1427127201813,0,0,0,0,0,0,0
0.007229743511723374,-0.06829391027859949,1.004,-0.0229161730786856,-0.06121267318725586,0.035853168487548825,0,0,1,-0.022078415037728283,-0.007229743511723374,0.06829391027859949,-0.0040000000000000036,0.0008377580409573183,0.0166140397378391,0.022604473175489734,-0.01587654179104537,-0.001741161301541521,1427127201880,0,0,0,0,0,0,0
0.0019169112878590802,-0.06559640769867876,1.005,-0.021816615649929153,-0.08059872436523438,0.03862582778930664,0,0,1,-0.022078415037728283,-0.0019169112878590802,0.06559640769867876,-0.004999999999999893,-0.0002617993877991297,0.027305116006693917,0.019529224746644758,-0.006505649999999308,-0.00541597483509498,1427127201944,0,0,0,0,0,0,0
-0.0016195027734638712,-0.06319375914900846,1.008,-0.021013764194011745,-0.05381978988647461,0.03487395477294922,0,0,1,-0.022078415037728283,0.0016195027734638712,0.06319375914900846,-0.008000000000000007,-0.001064650843716538,0.019062054050870025,0.020183605304819385,-0.019642746153846764,-0.004770119101796883,1427127202009,0,0,0,0,0,0,0
-0.0038685836326222463,-0.062060935543565676,1.006,-0.02052507200345333,-0.03408581161499023,0.016279729843139648,0,0,1,-0.022078415037728283,0.0038685836326222463,0.062060935543565676,-0.006000000000000005,-0.001553343034274953,0.013073862134759301,0.02658809415628417,0.008677560606060614,-0.0037746711731768403,1427127202075,0,0,0,0,0,0,0
-0.006521282575623123,-0.060858931253819235,1.008,-0.01890191579909867,-0.04015214538574219,0.01720962142944336,2.5,0,1,0,2.506521282575623,0.060858931253819235,-0.008000000000000007,0.01890191579909867,1.2532606412878116,0.030429465626909617,-0.006400000000000006,0.01890191579909867,0,0,0,0,0,0,0,0
-0.007813923384523216,-0.06023252629537565,1.008,-0.01895427567665842,-0.01956374168395996,0.00902791690826416,2.5,0,1,0,2.507813923384523,0.06023252629537565,-0.008000000000000007,0.01895427567665842,1.2624974143288463,0.02678246451354513,-0.006452000000000006,0.019195936650011108,0,0,0,0,0,0,0,0
-0.00849421608967709,-0.05913297537098885,1.009,-0.01710422666954448,-0.010515156745910645,0.01629689598083496,2.5,0,1,0,2.508494216089677,0.05913297537098885,-0.008999999999999897,0.01710422666954448,1.2611404061080194,0.023813714719583087,-0.012614430303029635,0.008694913000844748,0,0,0,0,0,0,0,0
-0.006714720623593747,-0.05848600501164566,1.007,-0.0176278254451428,0.026522546768188476,0.010159667015075684,2.5,0,1,0,2.506714720623594,0.05848600501164566,-0.006999999999999895,0.0176278254451428,1.2490266725696855,0.025980671128000808,0.004689461194029943,0.019972297574687527,0,0,0,0,0,0,0,0
-0.002200663519417371,-0.055516944681942924,1.003,-0.01853539665617982,0.0669153060913086,0.04572251892089844,2.5,0,1,0,2.5022006635194174,0.055516944681942924,-0.0029999999999998916,0.01853539665617982,1.2333854849564525,0.011924674955040813,0.018960661538461644,0.02272418686096607,0,0,0,0,0,0,0,0
0.004884467043718262,-0.05432466443211739,1.002,-0.01958259420737641,0.10592723083496093,0.01985090446472168,2.5,0,1,0,2.4951155329562815,0.05432466443211739,-0.0020000000000000018,0.01958259420737641,1.2163594673289617,0.02072622813219144,0.0037651555555549433,0.02456924921307445,0,0,0,0,0,0,0,0
0.02055726183383121,-0.053533507860234204,1.003,-0.021240656996771027,0.23481446838378905,0.016468488693237304,2.5,0,1,0,2.479442738166169,0.053533507860234204,-0.0029999999999998916,0.021240656996771027,1.1651045722288185,0.022729151943454623,-0.007994515384614702,0.028893254486284645,0,0,0,0,0,0,0,0
0.04152542434996174,-0.05249969491980536,1.001,-0.022602013813326608,0.31412213134765626,0.022183856964111327,2.5,0,1,0,2.458474575650038,0.05249969491980536,-0.0009999999999998899,0.022602013813326608,1.1277049809202138,0.021024627769730048,0.009589560606060706,0.028789999343124706,0,0,0,0,0,0,0,0
0.06964624401790054,-0.05159092681217814,0.999,-0.021572269554649918,0.421396484375,0.023161035537719726,2.5,0,1,0,2.4303537559820994,0.05159092681217814,0.0010000000000000009,0.021572269554649918,1.0855851667540033,0.02141018399000289,0.010884417647058263,0.017029280178135108,0,0,0,0,0,0,0,0
0.10575790256297164,-0.04931987382502762,1.005,-0.02007128639793482,0.5408140258789063,0.04574211883544922,2.5,0,1,0,2.3942420974370284,0.04931987382502762,-0.004999999999999893,0.02007128639793482,1.0110592236478009,0.01236625088411714,-0.03757453333333265,0.012923747556434361,0,0,0,0,0,0,0,0
0.15128595792716007,-0.047089070859785094,1.005,-0.020385445663293814,0.6821116943359375,0.04716148376464844,2.5,0,1,0,2.34871404207284,0.047089070859785094,-0.004999999999999893,0.020385445663293814,0.9526560345874844,0.012245911792803217,-0.00427469999999991,0.021792128941020648,0,0,0,0,0,0,0,0
0.20228994483585447,-0.0439571907190595,1.001,-0.02082177797629237,0.7639432373046875,0.06256344604492188,2.5,0,1,0,2.2977100551641456,0.0439571907190595,-0.0009999999999998899,0.02082177797629237,0.8784860138550623,0.004680704970225883,0.021499745161290433,0.02293306336176925,0,0,0,0,0,0,0,0
0.2578747161057604,-0.04127166723319111,0.997,-0.020245819323134243,0.8327521362304687,0.057633472442626954,2.5,0,1,0,2.2421252838942394,0.04127166723319111,0.0030000000000000027,0.020245819323134243,0.84533143702524,0.006803738638960112,0.023351021212120647,0.01762782544514276,0,0,0,0,0,0,0,0
0.3187709080135293,-0.03683049789921581,0.995,-0.020350539078253908,0.9119070434570312,0.08509602355957031,2.5,0,1,0,2.1812290919864705,0.03683049789921581,0.0050000000000000044,0.020350539078253908,0.7831662946014047,-0.005065482500738867,0.014540630769230786,0.02083386102496005,0,0,0,0,0,0,0,0
0.37639842700219195,-0.031567054147465676,0.994,-0.020699604928652752,0.862627197265625,0.09652536010742188,2.5,0,1,0,2.123601572997808,0.031567054147465676,0.006000000000000005,0.020699604928652752,0.7870869258990718,-0.010853004662984472,0.009759258823529427,0.022239601327471183,0,0,0,0,0,0,0,0
0.44040381529966466,-0.027347990992926945,0.994,-0.022811453323565937,0.9585652465820312,0.08314426422119141,2.5,0,1,0,2.0595961847003355,0.027347990992926945,0.006000000000000005,0.022811453323565937,0.6916526710845942,-0.00967161788267027,0.00464940000000001,0.0330300745892749,0,0,0,0,0,0,0,0
0.5176420191468168,-0.021836341147717958,0.994,-0.02164208272472973,1.1563858642578124,0.10907968139648437,2.5,0,1,0,1.982357980853183,0.021836341147717958,0.006000000000000005,0.02164208272472973,0.5997448215220953,-0.018274071733225733,0.00468840000000001,0.016244987653178014,0,0,0,0,0,0,0,0
0.6000335322727095,-0.013000422182026527,0.992,-0.021310470166850785,1.232715087890625,0.1592525177001953,2.5,0,1,0,1.8999664677272905,0.013000422182026527,0.008000000000000007,0.021310470166850785,0.5320354547391865,-0.04058349159040476,0.01710963076923079,0.019779950668947954,0,0,0,0,0,0,0,0
0.6903070595036633,-0.006393301663538336,0.99,-0.02113593724165136,1.35168359375,0.12793869018554688,2.5,0,1,0,1.8096929404963367,0.006393301663538336,0.010000000000000009,0.02113593724165136,0.45301644713667905,-0.031342567395990145,0.018612460606060626,0.020342605763472153,0,0,0,0,0,0,0,0
0.7889656566388442,-0.00006842765876564905,0.987,-0.021729349187329383,1.4775433349609375,0.1261282196044922,2.5,0,1,0,1.7110343433611557,0.00006842765876564905,0.013000000000000012,0.021729349187329383,0.3603501514405629,-0.033008197420963725,0.026401290909090935,0.024426676213138585,0,0,0,0,0,0,0,0
0.9022773152540383,0.007021218621455427,0.982,-0.02258456052080665,1.6969630126953126,0.14324951171875,2.5,0,1,0,1.5977226847459618,-0.007021218621455427,0.018000000000000016,0.02258456052080665,0.20823326186168534,-0.04178801872579282,0.04195115000000004,0.026593363646481346,0,0,0,0,0,0,0,0
1.0286743753544054,0.014122182025520978,0.979,-0.024172810140121515,1.8930670166015624,0.149302978515625,2.5,0,1,0,1.4713256246455946,-0.014122182025520978,0.02100000000000002,0.024172810140121515,0.09539149984941953,-0.04423294208547226,0.033055090909090944,0.03139212659155271,0,0,0,0,0,0,0,0
1.1598423352355263,0.020124773268074974,0.975,-0.02474876879327959,1.964768310546875,0.1375684051513672,2.5,0,1,0,1.3401576647644737,-0.020124773268074974,0.025000000000000022,0.02474876879327959,-0.016372119859381473,-0.04241716430688915,0.042381000000000044,0.027448574979958063,0,0,0,0,0,0,0,0
1.2968042593005433,0.02195563833849029,0.973,-0.023876104167282475,2.0531201171875,0.07829396057128907,2.5,0,1,0,1.2031957406994567,-0.02195563833849029,0.027000000000000024,0.023876104167282475,-0.09304742578126934,-0.02022954965485519,0.032890260606060644,0.0199094467763865,0,0,0,0,0,0,0,0
1.432098912446128,0.02267028804796414,0.972,-0.023893557459802314,2.02858544921875,0.059166725158691404,2.5,0,1,0,1.067901087553872,-0.02267028804796414,0.028000000000000025,0.023893557459802314,-0.15114834942716548,-0.014682513015923262,0.02857203030303033,0.023972890607619764,0,0,0,0,0,0,0,0
1.5682829913979273,0.020877575876527086,0.971,-0.025220007691318044,2.042820556640625,0.021921180725097657,2.5,0,1,0,0.9317170086020727,-0.020877575876527086,0.029000000000000026,0.025220007691318044,-0.22334210768004004,-0.0005033200951496692,0.029563430303030335,0.03124932692548045,0,0,0,0,0,0,0,0
1.7075691300672726,0.01661833603493166,0.972,-0.024888395133439208,2.09023876953125,-0.011181903839111327,2.5,0,1,0,0.7924308699327274,-0.01661833603493166,0.028000000000000025,0.024888395133439208,-0.34410952959135593,0.015771466868623123,0.018081244444444467,0.023309287714968565,0,0,0,0,0,0,0,0
1.8330130470369577,0.010421621023833328,0.976,-0.024923301718479056,1.88338916015625,-0.046095306396484376,2.5,0,1,0,0.6669869529630423,-0.010421621023833328,0.02400000000000002,0.024923301718479056,-0.29781228821193684,0.028061870022974725,-0.000616921212121202,0.025081968014114726,0,0,0,0,0,0,0,0
1.9500626686672065,0.004505584499242393,0.981,-0.02586577951455598,1.7574105224609375,-0.044958572387695316,2.5,0,1,0,0.5499373313327935,-0.004505584499242393,0.019000000000000017,0.02586577951455598,-0.3308673644043742,0.030508961971950146,-0.01062695,0.03028364418366656,0,0,0,0,0,0,0,0
2.0570899017357114,-0.0007960564322491786,0.988,-0.027454029133870843,1.60692822265625,-0.037977500915527346,2.5,0,1,0,0.4429100982642886,0.0007960564322491786,0.01200000000000001,0.027454029133870843,-0.30306659906112354,0.028502130246007815,-0.02536996417910449,0.03456559459348963,0,0,0,0,0,0,0,0
2.1524222140001443,-0.005349076146349888,1.001,-0.0271922297460716,1.431320556640625,-0.029015649795532228,2.5,0,1,0,0.34757778599985567,0.005349076146349888,-0.0009999999999998899,0.0271922297460716,-0.3127614019276608,0.027986250878921138,-0.07030294999999936,0.02596504511576264,0,0,0,0,0,0,0,0
2.234916645728352,-0.008286159011784571,1.02,-0.027523842303950597,1.2381568603515625,-0.010395989418029786,2.5,0,1,0,0.2650833542716482,0.008286159011784571,-0.020000000000000018,0.027523842303950597,-0.26995555136777627,0.0201363740530092,-0.11529877575757642,0.0290311721124915,0,0,0,0,0,0,0,0
2.304782168981735,-0.009855534203802325,1.033,-0.028815385950426365,1.0482337646484374,0.005309161186218262,2.5,0,1,0,0.19521783101826484,0.009855534203802325,-0.03299999999999992,0.028815385950426365,-0.2493699825886078,0.013934450334344406,-0.09624614999999939,0.034869496793281524,0,0,0,0,0,0,0,0
2.3607611460125097,-0.00783225288327956,1.048,-0.030665434957540417,0.838461669921875,0.05452910995483398,2.5,0,1,0,0.13923885398749025,0.00783225288327956,-0.04800000000000004,0.030665434957540417,-0.19661714649190307,-0.0065492116687817445,-0.11823363076923146,0.039204122682682196,0,0,0,0,0,0,0,0
2.414859250365797,-0.009177355344284984,1.061,-0.030665434957540417,0.8117086791992187,0.004713177680969238,2.5,0,1,0,0.08514074963420315,0.009177355344284984,-0.06099999999999994,0.030665434957540417,-0.20062916737165654,0.011947493379715983,-0.11519096470588178,0.030665434957540417,1427127204358,0,0,0,0,0,0,0
2.456807565994542,-0.008293074440026652,1.07,-0.032602750427254065,0.628522216796875,0.0325504035949707,2.5,0,1,0,0.043192434005458136,0.008293074440026652,-0.07000000000000006,0.032602750427254065,-0.17617618654227668,-0.00032541561630912864,-0.1059202000000007,0.04182806218779525,1427127204358,0,0,0,0,0,0,0
2.4903718999045967,-0.009218470925496429,1.08,-0.03471459882216725,0.5036499328613281,0.00253786563873291,2.5,0,1,0,0.00962810009540327,0.009218470925496429,-0.08000000000000007,0.03471459882216725,-0.1352417773972336,0.009890291437261285,-0.11669500597014934,0.04417063641133077,1427127204358,0,0,0,0,0,0,0
2.517642425108561,-0.010168865459129069,1.082,-0.038100537571036194,0.40930621337890627,-0.00004990077018737793,2.5,0,1,0,-0.017642425108561177,0.010168865459129069,-0.08200000000000007,0.038100537571036194,-0.12505499986237095,0.010817703975617928,-0.07768391111111117,0.05422405542279307,1427127204358,0,0,0,0,0,0,0
2.5385648899533355,-0.011247154725964421,1.077,-0.040491638646268466,0.31422531127929687,-0.004208136081695557,2.5,0,1,0,-0.03856488995333551,0.011247154725964421,-0.07699999999999996,0.040491638646268466,-0.09669780775067174,0.011890362603582316,-0.03615022307692241,0.0515274897627251,1427127204358,0,0,0,0,0,0,0
2.5483075322708704,-0.013291915296433764,1.069,-0.044034657027816934,0.14726144409179687,-0.024730451583862306,2.5,0,1,-0.040491638646268466,-0.04830753227087037,0.013291915296433764,-0.06899999999999995,0.0035430183815484684,-0.024153766135435184,0.006645957648216882,-0.055199999999999964,0.0035430183815484684,1427127204358,0,0,0,0,0,0,0
2.554275593181663,-0.014207330609584887,1.062,-0.05218534463463053,0.09003858947753907,-0.009777170181274414,2.5,0,1,-0.040491638646268466,-0.05427559318166297,0.014207330609584887,-0.062000000000000055,0.011693705988362064,-0.05981036607636481,0.012118935490177778,-0.011715550000000623,0.0499000541453008,1427127204747,0,0,0,0,0,0,0
2.5578553053878155,-0.01567443165510021,1.05,-0.060946897479641986,0.05477048110961914,-0.019175701141357422,2.5,0,1,-0.040491638646268466,-0.05785530538781547,0.01567443165510021,-0.050000000000000044,0.02045525883337352,-0.048275368439790294,0.015756271760183176,0.02389358461538462,0.060893195041118696,1427127204812,0,0,0,0,0,0,0
2.5560205717050923,-0.017749570758298538,1.041,-0.06508332780686854,-0.02557398223876953,-0.03274557495117188,2.5,0,1,-0.040491638646268466,-0.05602057170509234,0.017749570758298538,-0.040999999999999925,0.024591689160600075,-0.0182397063376298,0.0200794296126068,0.014673238461539166,0.04368290605549187,1427127204877,0,0,0,0,0,0,0
2.551358011783479,-0.017912767558244242,1.032,-0.06831218692305813,-0.06963111877441407,-0.006991380214691162,2.5,0,1,-0.040491638646268466,-0.051358011783479096,0.017912767558244242,-0.03200000000000003,0.02782054827678966,-0.0007150524135357099,0.009877597370901462,0.02166523846153787,0.04272297496689544,1427127204942,0,0,0,0,0,0,0
2.5453972601704917,-0.017452842329757336,1.026,-0.07264060346800394,-0.08967364501953125,0.0007796573638916015,2.5,0,1,-0.040491638646268466,-0.04539726017049173,0.017452842329757336,-0.026000000000000023,0.03214896482173547,0.006931211490165717,0.006481473604146668,0.007821700000000004,0.05069932144293181,1427127205012,0,0,0,0,0,0,0
2.5380340972974214,-0.014938232431922974,1.019,-0.07489207820307664,-0.11289370727539062,0.029603761672973634,2.5,0,1,-0.040491638646268466,-0.038034097297421354,0.014938232431922974,-0.018999999999999906,0.034400439556808174,0.021691533786413197,-0.006436849103872544,0.02219088888888961,0.04512174781905913,1427127205075,0,0,0,0,0,0,0
2.5315707934081293,-0.012700219936213442,1.014,-0.07597418233931319,-0.09918959045410156,0.026222118377685545,2.5,0,1,-0.040491638646268466,-0.031570793408129294,0.012700219936213442,-0.014000000000000012,0.035482543693044724,0.01934271316189747,-0.005816803058910959,0.014556149999999407,0.04055490683165355,1427127205139,0,0,0,0,0,0,0
2.5221437964050657,-0.011377217900367963,1.009,-0.07733553915586877,-0.14250331115722656,0.009054990768432617,2.5,0,1,-0.040491638646268466,-0.022143796405065697,0.011377217900367963,-0.008999999999999897,0.036843900509600305,0.039456378144619386,-0.001355635165378002,0.01807697692307763,0.04312708581677991,1427127205204,0,0,0,0,0,0,0
2.512657760715249,-0.009082897344160549,1.006,-0.08021533242165935,-0.14452407836914063,0.023318796157836913,2.5,0,1,-0.040491638646268466,-0.012657760715248934,0.009082897344160549,-0.006000000000000005,0.03972369377539088,0.045307299607936065,-0.0079201908148497,0.009921749999999403,0.053222724708784204,1427127205268,0,0,0,0,0,0,0
2.5045025542258017,-0.006062689108542137,1.002,-0.08100073058505686,-0.12556485748291016,0.03535538101196289,2.5,0,1,-0.040491638646268466,-0.004502554225801703,0.006062689108542137,-0.0020000000000000018,0.04050909193878839,0.040106953407516556,-0.012656374590188587,0.017597622388059717,0.0440258001331056,1427127205335,0,0,0,0,0,0,0
2.500789391136963,-0.002526454813529653,0.999,-0.08185594191853407,-0.05980669403076172,0.048362995147705076,2.5,0,1,-0.040491638646268466,-0.0007893911369629691,0.002526454813529653,0.0010000000000000009,0.041364303272265604,0.019667565438821505,-0.017984448906471988,0.015514750000000016,0.04537310639794004,1427127205399,0,0,0,0,0,0,0
2.4940343959102593,0.0026700503040773186,0.997,-0.08201302155121354,-0.1073590087890625,0.06940179443359375,2.5,0,1,-0.040491638646268466,0.005965604089740673,-0.0026700503040773186,0.0030000000000000027,0.04152138290494507,0.03911563127345674,-0.02922683709962268,0.01149723076923078,0.042246365825004156,1427127205464,0,0,0,0,0,0,0
2.4892095774197367,0.008760270598807495,0.998,-0.08159414253073494,-0.07961278533935547,0.085117431640625,2.5,0,1,-0.040491638646268466,0.010790422580263304,-0.008760270598807495,0.0020000000000000018,0.04110250388446647,0.031141794944728254,-0.03708995391507886,-0.005443615384615386,0.03916921609764215,1427127205529,0,0,0,0,0,0,0
2.4866279346615894,0.014586352998220366,0.997,-0.08054694497953835,-0.04571850967407227,0.0839442901611328,2.5,0,1,-0.040491638646268466,0.013372065338410621,-0.014586352998220366,0.0030000000000000027,0.04005530633326988,0.020362669607327886,-0.03859019526944865,0.006145115384615393,0.03522208686620871,1427127205594,0,0,0,0,0,0,0
2.486170803417576,0.020505436165379247,0.998,-0.07972664023110099,-0.01397846794128418,0.08794667816162109,2.5,0,1,-0.040491638646268466,0.013829196582423986,-0.020505436165379247,0.0020000000000000018,0.03923500158483252,0.00912339002544284,-0.04158113492258191,-0.005329330303030304,0.03550634363738997,1427127205660,0,0,0,0,0,0,0
2.4865124849581046,0.02740561656163019,0.997,-0.07960446718346137,-0.0031342408657073976,0.10358211517333984,2.5,0,1,-0.040491638646268466,0.013487515041895382,-0.02740561656163019,0.0030000000000000027,0.039112828537192904,0.00469731162072155,-0.05081477888814663,0.006177815384615393,0.03854895293270236,1427127205725,0,0,0,0,0,0,0
2.488313113782988,0.03428680675446978,0.997,-0.07850490975470498,0.018715972900390624,0.10503878784179688,2.5,0,1,-0.040491638646268466,0.01168688621701186,-0.03428680675446978,0.0030000000000000027,0.03801327110843651,-0.004051276308359474,-0.05417540546751108,0.0008127000000000039,0.03293839066802239,1427127205790,0,0,0,0,0,0,0
2.4908666785265416,0.04047462793813965,0.994,-0.07604399550939295,0.0309063663482666,0.09553536987304688,2.5,0,1,-0.040491638646268466,0.009133321473458356,-0.04047462793813965,0.006000000000000005,0.03555235686312448,-0.009376392352478388,-0.05356209913351498,0.01940554615384617,0.0241942911155305,1427127205855,0,0,0,0,0,0,0
2.4955458250421594,0.04512946176167353,0.998,-0.07360053455660093,0.06467989349365234,0.07495289611816407,2.5,0,1,-0.040491638646268466,0.0044541749578406176,-0.04512946176167353,0.0020000000000000018,0.03310889591033246,-0.022776717615704958,-0.047284989168977484,-0.021147221212121224,0.02200225521582328,1427127205921,0,0,0,0,0,0,0
2.4990118574591715,0.05034284048978387,0.996,-0.07332128187628173,0.046099315643310546,0.08181204223632813,2.5,0,1,-0.040491638646268466,0.0009881425408284628,-0.05034284048978387,0.0040000000000000036,0.032829643230013264,-0.01807590082419539,-0.05288688536232803,0.012297360606060619,0.031560312864926006,1427127205987,0,0,0,0,0,0,0
2.5016230814295644,0.05480740132304033,0.994,-0.0715759526242874,0.034157310485839844,0.06965778350830078,2.5,0,1,-0.040491638646268466,-0.0016230814295643547,-0.05480740132304033,0.006000000000000005,0.031084313978018932,-0.015282207730891622,-0.05192310419633153,0.014267200000000016,0.0229030831092955,1427127206051,0,0,0,0,0,0,0
2.5039820981099274,0.0586119060637705,0.99,-0.07051130178057091,0.03121346855163574,0.059452022552490234,2.5,0,1,-0.040491638646268466,-0.0039820981099274455,-0.0586119060637705,0.010000000000000009,0.030019663134302446,-0.014886570856406314,-0.049933682006544675,0.028133161538461564,0.02510589000945713,1427127206116,0,0,0,0,0,0,0
2.50826732647338,0.06242443140818306,0.992,-0.06941174435181446,0.06008964920043945,0.06157437515258789,2.5,0,1,-0.040491638646268466,-0.00826732647337991,-0.06242443140818306,0.008000000000000007,0.028920105705545998,-0.02740646786312918,-0.05192370842514835,-0.005722530769230769,0.023845225265131623,1427127206181,0,0,0,0,0,0,0
2.5106416574627297,0.0657737561624561,0.989,-0.06866125277345692,0.03204476547241211,0.05258900451660156,2.5,0,1,-0.040491638646268466,-0.010641657462729714,-0.0657737561624561,0.01100000000000001,0.02816961412718845,-0.01831110303614053,-0.05114696671996234,0.023672046153846174,0.024705806842461302,1427127206246,0,0,0,0,0,0,0
2.5134607444917276,0.06833664388187713,0.988,-0.06660176425610359,0.03954917526245117,0.04125388336181641,2.5,0,1,-0.040491638646268466,-0.013460744491727628,-0.06833664388187713,0.01200000000000001,0.026110125609835125,-0.02167138010810557,-0.04782758996095323,0.01362248059701494,0.01688853523362621,1427127206313,0,0,0,0,0,0,0
2.5158882890303564,0.07054044961736157,0.984,-0.06567673975254662,0.034132404327392576,0.03540718460083008,2.5,0,1,-0.040491638646268466,-0.01588828903035644,-0.07054044961736157,0.016000000000000014,0.025185101106278154,-0.021654946515368294,-0.04782907907927885,0.03392162222222225,0.020780222517911628,1427127206376,0,0,0,0,0,0,0
2.517851965744679,0.07167470261758824,0.982,-0.0651880475619882,0.02827503967285156,0.018910242080688477,2.5,0,1,-0.040491638646268466,-0.017851965744679177,-0.07167470261758824,0.018000000000000016,0.02469640891571974,-0.01957564574339176,-0.04221512371748907,0.02402426060606063,0.02247508077681785,1427127206442,0,0,0,0,0,0,0
2.519157266448246,0.07244267375764128,0.981,-0.06494370146670903,0.01878751754760742,0.012770545959472657,2.5,0,1,-0.040491638646268466,-0.019157266448246002,-0.07244267375764128,0.019000000000000017,0.02445206282044056,-0.016855853446933293,-0.040766448209623246,0.019726315384615403,0.02332431161145973,1427127206507,0,0,0,0,0,0,0
2.51963267643941,0.07318459496943289,0.982,-0.062308254296197574,0.006393877983093261,0.01156815528869629,2.5,0,1,-0.040491638646268466,-0.019632676439409913,-0.07318459496943289,0.018000000000000016,0.021816615649929108,-0.012637677384646714,-0.041044709957764505,0.008274084615384628,0.009653013324491642,1427127206572,0,0,0,0,0,0,0
2.5195912556682583,0.07270133370411758,0.985,-0.060754911261922666,-0.00016873060166835784,-0.007273540019989013,2.5,0,1,-0.040491638646268466,-0.019591255668258256,-0.07270133370411758,0.015000000000000013,0.0202632726156542,-0.009853816025215022,-0.03433232970033351,-0.004312441791044775,0.013308005298005358,1427127206639,0,0,0,0,0,0,0
2.520553907734886,0.07131399144550651,0.981,-0.05911430176504795,0.015676679611206053,-0.019894990921020508,2.5,0,1,-0.040491638646268466,-0.020553907734885968,-0.07131399144550651,0.019000000000000017,0.018622663118779484,-0.01591253521995501,-0.0285006285405245,0.036901122222222256,0.010810236943185598,1427127206702,0,0,0,0,0,0,0
2.5198275367896654,0.0690040729146119,0.982,-0.057526052145733086,-0.008829486846923829,-0.035231964111328125,2.5,0,1,-0.040491638646268466,-0.019827536789665423,-0.0690040729146119,0.018000000000000016,0.01703441349946462,-0.006420092073200201,-0.023032620401988068,0.008775619402985086,0.009922848039845831,1427127206769,0,0,0,0,0,0,0
2.5179708765087443,0.06663611656291174,0.98,-0.056723200689815685,-0.025761674880981446,-0.03706180191040039,2.5,0,1,-0.040491638646268466,-0.017970876508744293,-0.06663611656291174,0.020000000000000018,0.01623156204354722,0.0008558725306092013,-0.021008266636603597,0.026665000000000025,0.012468195843934401,1427127206833,0,0,0,0,0,0,0
2.515740391699251,0.0642790128996476,0.981,-0.05663593422721603,-0.03139900016784668,-0.03719647598266602,2.5,0,1,-0.040491638646268466,-0.0157403916992509,-0.0642790128996476,0.019000000000000017,0.016144295580947564,0.003817575589812997,-0.02012916081337119,0.009666384615384629,0.015741527292026075,1427127206898,0,0,0,0,0,0,0
2.5142210417438995,0.06436306726064114,0.984,-0.055239670825620486,-0.022825077056884767,-0.00003126329183578491,2.5,0,1,-0.040491638646268466,-0.014221041743899487,-0.06436306726064114,0.016000000000000014,0.01474803217935202,0.0004943224010069856,-0.033345497842766594,-0.0029134417910447723,0.008496106500566007,1427127206965,0,0,0,0,0,0,0
2.5135957971392062,0.06335881024714435,0.98,-0.05455899241734276,-0.008532664299011231,-0.015558689117431641,2.5,0,1,-0.040491638646268466,-0.013595797139206223,-0.06335881024714435,0.020000000000000018,0.014067353771074292,-0.0036649422634950136,-0.0268649898104475,0.03830642222222226,0.010826028017370825,1427127207028,0,0,0,0,0,0,0
2.512779804092156,0.06305748739363125,0.981,-0.054087753519304296,-0.011975207328796388,-0.005180582523345947,2.5,0,1,-0.040491638646268466,-0.012779804092156066,-0.06305748739363125,0.019000000000000017,0.01359611487303583,-0.0023450250349291834,-0.030712013708271715,0.010023084615384628,0.011421166112858315,1427127207093,0,0,0,0,0,0,0
2.512211419310987,0.062020338767101814,0.981,-0.05510004448546104,-0.007672258377075195,-0.015995393753051756,2.5,0,1,-0.040491638646268466,-0.012211419310987015,-0.062020338767101814,0.019000000000000017,0.014608405839192574,-0.0034485391776546415,-0.026356849896124288,0.015533100000000017,0.01920972841263232,1427127207159,0,0,0,0,0,0,0
2.512906419862904,0.06203681826589583,0.983,-0.05380850083898522,0.010395573616027833,0.000820945143699646,2.5,0,1,-0.040491638646268466,-0.012906419862904084,-0.06203681826589583,0.017000000000000015,0.013316862192716751,-0.01056090100901362,-0.031994179935362965,0.0032743692307692397,0.0073558915166744895,1427127207224,0,0,0,0,0,0,0
2.5129848249151965,0.062175637102397284,0.99,-0.053791047546465263,0.0010623831748962401,0.0021425211429595948,2.5,0,1,-0.040491638646268466,-0.01298482491519648,-0.062175637102397284,0.010000000000000009,0.013299408900196798,-0.007282147223652269,-0.03275205000796292,-0.02861161212121214,0.013220075752378829,1427127207290,0,0,0,0,0,0,0
2.512366491803589,0.06348380749824008,0.992,-0.05270894341022877,-0.010316590309143066,0.019095502853393554,2.5,0,1,-0.040491638646268466,-0.012366491803589064,-0.06348380749824008,0.008000000000000007,0.012217304763960303,-0.0032863189560005295,-0.039649141272915994,-0.0036436606060606036,0.007298649599248965,1427127207356,0,0,0,0,0,0,0
2.511625602419853,0.06462775056543811,0.994,-0.0514872129338327,-0.012001928329467773,0.016549814224243165,2.5,0,1,-0.040491638646268466,-0.01162560241985311,-0.06462775056543811,0.006000000000000005,0.010995574287564237,-0.0022736275368055916,-0.039392864621499324,-0.005204060606060605,0.005442253940309394,1427127207422,0,0,0,0,0,0,0
2.512408273424469,0.06592681934003343,0.998,-0.05044001538263611,0.01072166919708252,0.02006440544128418,2.5,0,1,-0.040491638646268466,-0.01240827342446904,-0.06592681934003343,0.0020000000000000018,0.009948376736367642,-0.010949911352382468,-0.04123461690244038,-0.020007622222222236,0.0049617217306695705,1427127207485,0,0,0,0,0,0,0
2.512498655472169,0.06531484268410064,1.006,-0.051173053668473814,0.0018168318271636963,-0.009099620819091797,2.5,0,1,-0.040491638646268466,-0.012498655472168885,-0.06531484268410064,-0.006000000000000005,0.010681415022205348,-0.007141726818960638,-0.03045877555790567,-0.04730132307692311,0.014064668649148607,1427127207550,0,0,0,0,0,0,0
2.5100427508552583,0.0669074602003182,1.01,-0.05089380098815462,-0.038012298583984375,0.021973670959472655,2.5,0,1,-0.040491638646268466,-0.010042750855258298,-0.0669074602003182,-0.010000000000000009,0.01040216234188615,0.007590006443296676,-0.04304020110594643,-0.028702521212121232,0.00913283197679889,1427127207616,0,0,0,0,0,0,0
2.5078088659533546,0.06909552302635802,1.01,-0.051399946471232985,-0.03513454818725586,0.031073818206787108,2.5,0,1,-0.040491638646268466,-0.007808865953354616,-0.06909552302635802,-0.010000000000000009,0.01090830782496452,0.007894772672495262,-0.047698723283969936,-0.007554400000000004,0.013280864776894372,1427127207680,0,0,0,0,0,0,0
2.5065246233255323,0.07112571309910784,1.017,-0.05127777342359342,-0.020802783966064452,0.02942291831970215,2.5,0,1,-0.040491638646268466,-0.006524623325532275,-0.07112571309910784,-0.016999999999999904,0.010786134777324957,0.00323124753531014,-0.047725874153376084,-0.05095720769230704,0.010222259172834671,1427127207745,0,0,0,0,0,0,0
2.5051963778012905,0.07324501205594385,1.017,-0.05087634769563466,-0.021526874542236327,0.030726505279541017,2.5,0,1,-0.040491638646268466,-0.005196377801290453,-0.07324501205594385,-0.016999999999999904,0.010384709049366198,0.004020514341649888,-0.04914077922961074,-0.01337709999999992,0.008560046649553654,1427127207811,0,0,0,0,0,0,0
2.502933546158884,0.07597547380244532,1.021,-0.04981169685191818,-0.03598139572143555,0.03917780685424805,2.5,0,1,-0.040491638646268466,-0.0029335461588839706,-0.07597547380244532,-0.020999999999999908,0.009320058205649712,0.010290775167427543,-0.05401917389886686,-0.038252061538461474,0.004406285080804393,1427127207876,0,0,0,0,0,0,0
2.5005132305128037,0.07794300957184552,1.021,-0.04979424355939827,-0.037729190826416015,0.02766877746582031,2.5,0,1,-0.040491638646268466,-0.0005132305128037196,-0.07794300957184552,-0.020999999999999908,0.009302604913129807,0.012151123397894712,-0.050785799649994065,-0.01685219999999992,0.009223271765312058,1427127207942,0,0,0,0,0,0,0
