0,0,-0.477,0,-0.017680830001831054,-0.010662518501281738,0,0,0.5,0,0,0,0.977,0,0,0,0.7816000000000001,0,0,0,0,0,0,0,0,0
-0.0015438977559407551,-0.0008318239212036133,-0.477,-0.00029670597283915084,-0.02315846633911133,-0.0124773588180542,0,0,0.5,0,0.0015438977559407551,0.0008318239212036133,0.977,0.00029670597283915084,0.009086248020423494,0.00489550452955466,0.7879505000000001,0.0016661181551736932,0,0,0,0,0,0,0,0
-0.0037331263690101478,-0.001814774832994714,-0.475,-0.000645771823237995,-0.03283405303955078,-0.014754006385803223,0,0,0.5,0,0.0037331263690101478,0.001814774832994714,0.975,0.000645771823237995,0.013658147320559944,0.006201920307639667,0.7819187692307693,0.002256844978924968,0,0,0,0,0,0,0,0
-0.0021543258821981204,-0.0033682369980521324,-0.466,-0.0012740903539560922,0.02369705009460449,-0.02328663444519043,0,0,0.5,0,0.0021543258821981204,0.0033682369980521324,0.966,0.0012740903539560922,-0.0074192400719225934,0.010052824415651126,0.7433054615384616,0.0041740220341934635,0,0,0,0,0,0,0,0
-0.000893504295988341,-0.005712745895241782,-0.458,-0.0014311699866353944,0.018957115173339843,-0.03514350891113281,0,0,0.5,0,0.000893504295988341,0.005712745895241782,0.958,0.0014311699866353944,-0.006134200247121717,0.015111544668167533,0.7499945552238806,0.0021345116254979416,0,0,0,0,0,0,0,0
0.00323419627510512,-0.008481524669723817,-0.445,-0.002652900463031571,0.06197488403320312,-0.04144302749633789,0,0,0.5,0,-0.00323419627510512,0.008481524669723817,0.9450000000000001,0.002652900463031571,-0.02454537649523103,0.019635947181070583,0.7151168777777784,0.008470664636346697,0,0,0,0,0,0,0,0
0.009581460997541594,-0.01197066511999995,-0.421,-0.002757620218151402,0.09534748077392578,-0.05208434295654297,0,0,0.5,0,-0.009581460997541594,0.01197066511999995,0.921,0.002757620218151402,-0.03897114624134749,0.02479387338349939,0.6448948307692308,0.0032409421648583138,0,0,0,0,0,0,0,0
0.017883982092106822,-0.015407116549746257,-0.396,-0.003246312408709428,0.12467948913574219,-0.051203147888183594,0,0,0.5,0,-0.017883982092106822,0.015407116549746257,0.896,0.003246312408709428,-0.05366233491922172,0.02623840361358467,0.6253342153846154,0.005501814826669549,0,0,0,0,0,0,0,0
0.02721079208497757,-0.019566621221074523,-0.366,-0.004607669225265232,0.1401039581298828,-0.06193807601928711,0,0,0.5,0,-0.02721079208497757,0.019566621221074523,0.866,0.004607669225265232,-0.06094853830624463,0.03092662441941747,0.5897510869565217,0.010526611905942639,0,0,0,0,0,0,0,0
0.04301852124132532,-0.023127911081966587,-0.331,-0.005253441048503228,0.23735955810546874,-0.05232623291015625,0,0,0.5,0,-0.04301852124132532,0.023127911081966587,0.831,0.005253441048503228,-0.10414900915542372,0.030227581316326826,0.5366568791044776,0.008144956674942016,0,0,0,0,0,0,0,0
0.05460798058448818,-0.02526877445545121,-0.297,-0.005794493116621392,0.17400819396972655,-0.031199243545532225,0,0,0.5,0,-0.05460798058448818,0.02526877445545121,0.7969999999999999,0.005794493116621392,-0.09389625794305617,0.0249933162577059,0.5020724327868851,0.008455404927038591,0,0,0,0,0,0,0,0
0.06816601390338012,-0.02702778959499653,-0.261,-0.006510078109938756,0.20351997375488282,-0.025206361770629883,0,0,0.5,0,-0.06816601390338012,0.02702778959499653,0.761,0.006510078109938756,-0.10722747943496624,0.023078369566003454,0.47945474615384653,0.009812778079095821,0,0,0,0,0,0,0,0
0.08424609627420009,-0.02830330116512457,-0.223,-0.006789330790258008,0.2413206787109375,-0.01756204032897949,0,0,0.5,0,-0.08424609627420009,0.02830330116512457,0.723,0.006789330790258008,-0.12890254470872076,0.021131041738424044,0.4429850153846153,0.008078189314808403,0,0,0,0,0,0,0,0
0.10018272284149665,-0.030912732141918694,-0.19,-0.008220500776893402,0.23930963134765626,-0.0375175895690918,0,0,0.5,0,-0.10018272284149665,0.030912732141918694,0.69,0.008220500776893402,-0.13616352243555158,0.02963849346168458,0.44799309230769213,0.014825900715210606,0,0,0,0,0,0,0,0
0.11259262036156384,-0.03448921687482658,-0.154,-0.009424777960769458,0.1865831756591797,-0.05211524200439453,0,0,0.5,0,-0.11259262036156384,0.03448921687482658,0.654,0.009424777960769458,-0.1234515769137389,0.03665636635202743,0.40729024615384657,0.014982980347889712,0,0,0,0,0,0,0,0
0.126097473651693,-0.038728342746736866,-0.12,-0.010314895879286688,0.2031630859375,-0.06167488861083984,0,0,0.5,0,-0.126097473651693,0.038728342746736866,0.62,0.010314895879286688,-0.1340137048259349,0.04168856995254113,0.40047845970149243,0.014300498499513092,0,0,0,0,0,0,0,0
0.13681299736522684,-0.04267083102780417,-0.09,-0.009756390518648402,0.16133428955078125,-0.057476264953613285,0,0,0.5,0,-0.13681299736522684,0.04267083102780417,0.59,0.009756390518648402,-0.12751180624156494,0.04310291882144328,0.3938038999999999,0.007138396640656438,0,0,0,0,0,0,0,0
0.14416418204526696,-0.04576874129619945,-0.06,-0.010611601852125615,0.11071588134765625,-0.04539064407348633,0,0,0.5,0,-0.14416418204526696,0.04576874129619945,0.56,0.010611601852125615,-0.11226388711481913,0.03980219614175585,0.375967938461539,0.014558731083558905,0,0,0,0,0,0,0,0
0.14976101201770353,-0.0481311237637096,-0.034,-0.010611601852125615,0.08432374572753906,-0.03454288864135742,0,0,0.5,0,-0.14976101201770353,0.0481311237637096,0.534,0.010611601852125615,-0.10525800119041556,0.0368618844383896,0.382352012121212,0.010611601852125615,0,0,0,0,0,0,0,0
0.15257722480113708,-0.04928264874744242,-0.008,-0.009442231253289577,0.042424102783203126,-0.01682364273071289,0,0,0.5,0,-0.15257722480113708,0.04928264874744242,0.508,0.009442231253289577,-0.0924847617206679,0.031238804267689393,0.36049449999999994,0.003960806571245652,0,0,0,0,0,0,0,0
0.15279983367956293,-0.04944143248544664,0.017,-0.009791297103688198,0.003361473083496094,-0.00235012149810791,0,0,0.5,0,-0.15279983367956293,0.04944143248544664,0.483,0.009791297103688198,-0.07846016058977592,0.025883386929749664,0.3553210850746268,0.011354278523383513,0,0,0,0,0,0,0,0
0.15032091387815513,-0.0491206572128246,0.04,-0.009337511498169967,-0.0372291259765625,0.00444732666015625,0,0,0.5,0,-0.15032091387815513,0.0491206572128246,0.46,0.009337511498169967,-0.06259743120927312,0.023170729453821322,0.3446808500000003,0.007210391472303259,0,0,0,0,0,0,0,0
0.14765161134252858,-0.04842949059194558,0.063,-0.008220500776893399,-0.04013459777832031,0.009993183135986327,0,0,0.5,0,-0.14765161134252858,0.04842949059194558,0.437,0.008220500776893399,-0.06054217865325377,0.020889198664300536,0.3310564461538461,0.0030650666786938554,0,0,0,0,0,0,0,0
0.14097333374073182,-0.048070028963199625,0.084,-0.00724311639577668,-0.10021510314941406,0.004568269729614258,0,0,0.5,0,-0.14097333374073182,0.048070028963199625,0.416,0.00724311639577668,-0.0357078837014473,0.022526817172547065,0.3277296769230768,0.0027321115598533605,0,0,0,0,0,0,0,0
0.13324761763271387,-0.04748454695674737,0.104,-0.0059690260418208095,-0.1159463119506836,0.007942633152008056,0,0,0.5,0,-0.13324761763271387,0.04748454695674737,0.396,0.0059690260418208095,-0.02629158310386242,0.021047908321808917,0.3196882923076926,0.00008860902356294751,0,0,0,0,0,0,0,0
0.1230198034998084,-0.04627493493049165,0.123,-0.00389208423194742,-0.15352278137207032,0.017228111267089844,0,0,0.5,0,-0.1230198034998084,0.04627493493049165,0.377,0.00389208423194742,-0.010218178338003994,0.017401220431005296,0.3169500823529412,-0.005270894341023414,0,0,0,0,0,0,0,0
0.11296445698468673,-0.044247517426505616,0.144,-0.002792526803191194,-0.15094741821289062,0.029823989868164064,0,0,0.5,0,-0.11296445698468673,0.044247517426505616,0.356,0.002792526803191194,-0.002041797471413004,0.011377901290077555,0.28352033333333326,-0.002443460952790834,0,0,0,0,0,0,0,0
0.10227162874733793,-0.041811918029607174,0.159,-0.001692969374434524,-0.16049382019042968,0.0360859489440918,0,0,0.5,0,-0.10227162874733793,0.041811918029607174,0.34099999999999997,0.001692969374434524,0.004951871325333333,0.008335943932748486,0.3096342692307692,-0.0033819110659808757,0,0,0,0,0,0,0,0
0.0909408951978109,-0.0389868392239426,0.176,0.0010646508437164338,-0.17003250122070312,0.04208838272094727,0,0,0.5,0,-0.0909408951978109,0.0389868392239426,0.324,-0.0010646508437164338,0.013993001276101077,0.004851549158978756,0.2873710384615388,-0.013792128773643933,0,0,0,0,0,0,0,0
0.07988787769858177,-0.03576002543803298,0.189,0.002408554367752117,-0.16574363708496093,0.048578693389892576,0,0,0.5,0,-0.07988787769858177,0.03576002543803298,0.311,-0.002408554367752117,0.017972188788222862,0.0010981979273929979,0.300531,-0.008611186017147578,0,0,0,0,0,0,0,0
0.06896766683082045,-0.03294254627371822,0.206,0.0032114058236694144,-0.16370089721679687,0.042656593322753907,0,0,0.5,0,-0.06896766683082045,0.03294254627371822,0.29400000000000004,-0.0032114058236694144,0.020915715479964528,0.002368506267179278,0.27009482985074657,-0.006806263088970746,0,0,0,0,0,0,0,0
0.05943111038440629,-0.02910746336555364,0.221,0.002338741197672082,-0.1428628692626953,0.05798533248901367,0,0,0.5,0,-0.05943111038440629,0.02910746336555364,0.279,-0.002338741197672082,0.020753123191443165,-0.005785341325416389,0.26665515,0.0017518742366904143,0,0,0,0,0,0,0,0
0.049744590821398545,-0.025112746757982772,0.233,0.0028274333882307746,-0.14515725708007812,0.060260398864746094,0,0,0.5,0,-0.049744590821398545,0.025112746757982772,0.267,-0.0028274333882307746,0.025569188184935053,-0.008303279192088767,0.2762065153846154,-0.005082935806193971,0,0,0,0,0,0,0,0
0.040660506791815446,-0.020782697607221585,0.246,0.0012740903539558736,-0.1360770721435547,0.06533574676513672,0,0,0.5,0,-0.040660506791815446,0.020782697607221585,0.254,-0.0012740903539558736,0.02684091722879461,-0.012260431785049465,0.2620729,0.0058951851888513615,0,0,0,0,0,0,0,0
0.03325168803853555,-0.017807982218745955,0.258,0.000680678408277572,-0.1110753402709961,0.04476228713989258,0,0,0.5,0,-0.03325168803853555,0.017807982218745955,0.242,-0.000680678408277572,0.01918904901040608,-0.005508988726726446,0.2632731347826087,0.0018993735294541734,0,0,0,0,0,0,0,0
0.026928079627173827,-0.013642041761584196,0.272,-0.00034906585039906277,-0.09481156921386719,0.06255365753173828,0,0,0.5,0,-0.026928079627173827,0.013642041761584196,0.22799999999999998,0.00034906585039906277,0.019884081676270107,-0.015638342091396622,0.23660132222222224,0.0052526099393354194,0,0,0,0,0,0,0,0
0.022874263938320677,-0.009755884756670118,0.283,-0.00003490658504023622,-0.06082757949829101,0.05827112579345703,0,0,0.5,0,-0.022874263938320677,0.009755884756670118,0.21700000000000003,0.00003490658504023622,0.00893449669929336,-0.01568348429733459,0.24681165000000033,-0.0014377149713292632,0,0,0,0,0,0,0,0
0.01935030391049501,-0.0036699463138644877,0.297,-0.0016406094968748307,-0.05286258697509766,0.0912872314453125,0,0,0.5,0,-0.01935030391049501,0.0036699463138644877,0.203,0.0016406094968748307,0.007489763847848456,-0.030242084701962928,0.22170278461538467,0.009051546013034498,0,0,0,0,0,0,0,0
0.018821447433037413,0.0012285338210736947,0.308,-0.002600540585471874,-0.008053383827209472,0.0734640884399414,0,0,0.5,0,-0.018821447433037413,-0.0012285338210736947,0.192,0.002600540585471874,-0.008385522510082306,-0.0262981170432833,0.23030463076923083,0.007030991763612073,0,0,0,0,0,0,0,0
0.02007148360363653,0.005946153702758439,0.317,-0.004660029102824922,0.01856645393371582,0.07081282043457031,0,0,0.5,0,-0.02007148360363653,-0.005946153702758439,0.183,0.004660029102824922,-0.018602239780029606,-0.02768692908189857,0.23506336153846158,0.014165360721377451,0,0,0,0,0,0,0,0
0.02228087609540763,0.009781876320615406,0.328,-0.005742133239061471,0.03287240982055664,0.05768965148925781,0,0,0.5,0,-0.02228087609540763,-0.009781876320615406,0.172,0.005742133239061471,-0.0243629961455364,-0.02395156341789002,0.2192768529411765,0.010516122075399188,0,0,0,0,0,0,0,0
0.025483395189114067,0.013111356452929414,0.337,-0.005585053606381947,0.047750221252441404,0.05021721649169922,0,0,0.5,0,-0.025483395189114067,-0.013111356452929414,0.16299999999999998,0.005585053606381947,-0.03268691909730732,-0.02467719494003295,0.21889864838709677,0.004824990867610055,0,0,0,0,0,0,0,0
0.028614816535408264,0.015760469068082372,0.348,-0.004485496177625277,0.0467486572265625,0.03999840545654297,0,0,0.5,0,-0.028614816535408264,-0.015760469068082372,0.15200000000000002,0.004485496177625277,-0.03255123609020722,-0.021055506391652906,0.20446081343283615,-0.0004378952944195146,0,0,0,0,0,0,0,0
0.03448614222783987,0.0183927833326919,0.357,-0.004712388980384836,0.08789189147949218,0.03987935256958008,0,0,0.5,0,-0.03448614222783987,-0.0183927833326919,0.14300000000000002,0.004712388980384836,-0.05076597436844131,-0.02271897072987792,0.20719146153846157,0.0057595865315828035,0,0,0,0,0,0,0,0
0.03961058354714621,0.019836374046201383,0.367,-0.005183627878423409,0.07676372528076172,0.022015844345092773,0,0,0.5,0,-0.03961058354714621,-0.019836374046201383,0.133,0.005183627878423409,-0.048914574964062894,-0.01693526350605807,0.19550049696969699,0.007325622869507831,0,0,0,0,0,0,0,0
0.04440321918743533,0.020665455554350495,0.375,-0.004118977034706535,0.07182410430908204,0.01280870246887207,0,0,0.5,0,-0.04440321918743533,-0.020665455554350495,0.125,0.004118977034706535,-0.050373969399936463,-0.014241664350463947,0.19918080000000002,-0.0008715737952163143,0,0,0,0,0,0,0,0
0.04855458540031526,0.021239266722795566,0.385,-0.00253072741539206,0.062234512329101564,0.008863584518432617,0,0,0.5,0,-0.04855458540031526,-0.021239266722795566,0.11499999999999999,0.00253072741539206,-0.048624997206101236,-0.013098088405839302,0.18183214615384616,-0.004799655442982437,0,0,0,0,0,0,0,0
0.050623918706561286,0.02234843753145972,0.399,-0.00026179938779935085,0.03099779510498047,0.01671606254577637,0,0,0.5,0,-0.050623918706561286,-0.02234843753145972,0.10099999999999998,0.00026179938779935085,-0.03848162298604715,-0.016549906049592653,0.14975018461538459,-0.010210176124166997,0,0,0,0,0,0,0,0
0.0567141183866152,0.02168278562080332,0.408,-0.0002967059728391465,0.09135560607910156,-0.009960862159729003,0,0,0.5,0,-0.0567141183866152,-0.02168278562080332,0.09200000000000003,0.0002967059728391465,-0.06321440593891402,-0.006674436185499632,0.1700712615384619,0.00045781328840743417,1426078687305,0,0,0,0,0,0,0
0.058215193332737045,0.021858581584925093,0.418,-0.0006283185307180928,0.02251534080505371,0.002643620014190674,0,0,0.5,0,-0.058215193332737045,-0.021858581584925093,0.08200000000000002,0.0006283185307180928,-0.03905200098462101,-0.011279596062150732,0.1588433940298508,0.0021131508794297927,1426078687305,0,0,0,0,0,0,0
0.05974488116534556,0.0222876674783249,0.426,-0.0012740903539560878,0.022941268920898438,0.006450704097747803,0,0,0.5,0,-0.05974488116534556,-0.0222876674783249,0.07400000000000001,0.0012740903539560878,-0.0405113136270623,-0.012973653632240552,0.16070395555555558,0.004349194274137016,1426078687305,0,0,0,0,0,0,0
0.05968880384011731,0.021916586891297607,0.435,-0.0016057029118350342,-0.0008340673446655273,-0.005567276000976563,0,0,0.5,0,-0.05968880384011731,-0.021916586891297607,0.065,0.0016057029118350342,-0.03172702408327033,-0.008450916169315323,0.15065012727272728,0.0031130327203756996,1426078687305,0,0,0,0,0,0,0
0.05951944549707201,0.02232938886285064,0.44,-0.0020420352248333674,-0.002550314426422119,0.006187942504882813,0,0,0.5,0,-0.05951944549707201,-0.02232938886285064,0.06,0.0020420352248333674,-0.03109489493305213,-0.012796557653107362,0.1686599970149254,0.003995761999452769,1426078687305,0,0,0,0,0,0,0
0.05842770326406009,0.022809277001105067,0.441,-0.00272271363311138,-0.016390798568725586,0.007164866447448731,0,0,0.5,-0.0020420352248333674,-0.05842770326406009,-0.022809277001105067,0.059,0.0006806784082780126,-0.029213851632030045,-0.011404638500552533,0.0472,0.0006806784082780126,1426078687305,0,0,0,0,0,0,0
0.05482145205178807,0.02360562375699588,0.444,-0.0030194196059503088,-0.05412609100341797,0.01179787540435791,0,0,0.5,-0.0020420352248333674,-0.05482145205178807,-0.02360562375699588,0.055999999999999994,0.0009773843811169414,-0.008028084211339874,-0.0161061765271982,0.02901015384615384,0.0023467965634504586,1426078687696,0,0,0,0,0,0,0
0.05213881736580951,0.025049701396537387,0.447,-0.0031415926535898154,-0.04030474090576172,0.021539566040039062,0,0,0.5,-0.0020420352248333674,-0.05213881736580951,-0.025049701396537387,0.05299999999999999,0.001099557428756448,-0.011693976856603209,-0.020332279334072764,0.02695465384615383,0.0016634330332464787,1426078687761,0,0,0,0,0,0,0
0.04920772766068018,0.025711810391957357,0.456,-0.0026878070480713624,-0.043997329711914064,0.009793461799621582,0,0,0.5,-0.0020420352248333674,-0.04920772766068018,-0.025711810391957357,0.043999999999999984,0.000645771823237995,-0.009162207578516561,-0.01641568501880822,-0.011528372727272772,-0.0014168900200277005,1426078687827,0,0,0,0,0,0,0
0.04583329109546547,0.02645034169200571,0.457,-0.0024260076602724513,-0.050646141052246095,0.010941882133483887,0,0,0.5,-0.0020420352248333674,-0.04583329109546547,-0.02645034169200571,0.04299999999999998,0.0003839724354390839,-0.0048783954188584555,-0.017267666324571503,0.030293784615384595,-0.0008243324313251211,1426078687892,0,0,0,0,0,0,0
0.04301226972432616,0.027866593282659797,0.461,-0.0010995574287564437,-0.04236673355102539,0.021141054153442383,0,0,0.5,-0.0020420352248333674,-0.04301226972432616,-0.027866593282659797,0.03899999999999998,-0.0009424777960769237,-0.006930067193008855,-0.02141608494204699,0.011844177611940267,-0.006881807190924718,1426078687959,0,0,0,0,0,0,0
0.039039668299335716,0.03015310082893539,0.465,-0.0018325957145941497,-0.059626697540283206,0.03423207092285156,0,0,0.5,-0.0020420352248333674,-0.039039668299335716,-0.03015310082893539,0.034999999999999976,-0.0002094395102392177,0.002019733370232219,-0.027684645638500545,0.007888699999999964,0.0032266774546250293,1426078688023,0,0,0,0,0,0,0
0.0356274120194466,0.031746465907941196,0.467,-0.001343903524035901,-0.051227558135986326,0.023806636810302734,0,0,0.5,-0.0020420352248333674,-0.0356274120194466,-0.031746465907941196,0.032999999999999974,-0.0006981317007974663,0.0006386724542114322,-0.024711023048302867,0.017437399999999968,-0.002988876344039257,1426078688087,0,0,0,0,0,0,0
0.032148847891670655,0.03291208211116454,0.468,-0.00038397243543885755,-0.05220191192626953,0.01741410446166992,0,0,0.5,-0.0020420352248333674,-0.032148847891670655,-0.03291208211116454,0.03199999999999997,-0.00165806278939451,0.0024270111551197814,-0.022783135895691423,0.022483069696969674,-0.006021385919381071,1426078688152,0,0,0,0,0,0,0
0.028455248102709326,0.0337775536965848,0.471,-0.0005410520681181596,-0.05540897750854492,0.012960799217224121,0,0,0.5,-0.0020420352248333674,-0.028455248102709326,-0.0337775536965848,0.029000000000000026,-0.0015009831567152077,0.005111572275187359,-0.021716760664709227,0.009420753846154158,-0.0007760002366568896,1426078688218,0,0,0,0,0,0,0
0.02414414075555605,0.03400345937557036,0.47,0.00010471975511939125,-0.0646684341430664,0.0033535966873168947,0,0,0.5,-0.0020420352248333674,-0.02414414075555605,-0.03400345937557036,0.030000000000000027,-0.0021467549799527585,0.010184387788772004,-0.018372368501390388,0.03179948059701495,-0.005038270606389553,1426078688285,0,0,0,0,0,0,0
0.020236012061400546,0.034888024728973316,0.468,0.0005235987755980486,-0.05862054061889648,0.013274619102478027,0,0,0.5,-0.0020420352248333674,-0.020236012061400546,-0.034888024728973316,0.03199999999999997,-0.002565634000431416,0.011316819504450279,-0.022570778303812725,0.03948831111111079,-0.004560296002710737,1426078688348,0,0,0,0,0,0,0
0.016360463036379638,0.034380837447488204,0.471,0.001396263401595159,-0.058137210845947265,-0.0075773696899414066,0,0,0.5,-0.0020420352248333674,-0.016360463036379638,-0.034380837447488204,0.029000000000000026,-0.0034382986264285265,0.01240047454130413,-0.01469427180529529,0.010011853846154155,-0.007465981515645959,1426078688413,0,0,0,0,0,0,0
0.011167136375879181,0.034424815769350796,0.465,0.0014137166941150569,-0.0778989028930664,0.0007684429287910462,0,0,0.5,-0.0020420352248333674,-0.011167136375879181,-0.034424815769350796,0.034999999999999976,-0.0034557519189484243,0.021661795311756625,-0.017703208156914094,0.06301488181818153,-0.0035350850667661415,1426078688479,0,0,0,0,0,0,0
0.007231190048462871,0.034301995083468755,0.466,0.0014486232791548525,-0.05904174041748047,-0.0017588437795639038,0,0,0.5,-0.0020420352248333674,-0.007231190048462871,-0.034301995083468755,0.033999999999999975,-0.00349065850398822,0.017278256695390484,-0.016769533582514127,0.025233084615384593,-0.0036517658195565073,1426078688544,0,0,0,0,0,0,0
0.003799603294951938,0.032321032906373906,0.461,0.002129301687432865,-0.05151679229736328,-0.029639835357666015,0,0,0.5,-0.0020420352248333674,-0.003799603294951938,-0.032321032906373906,0.03899999999999998,-0.0041713369122662325,0.015460488072644192,-0.006266244098398417,0.06061819411764706,-0.007174329889963346,1426078688612,0,0,0,0,0,0,0
0.0004144856150180311,0.03209567814000417,0.457,0.0016231562043544966,-0.05078384780883789,-0.0032721948623657226,0,0,0.5,-0.0020420352248333674,-0.0004144856150180311,-0.03209567814000417,0.04299999999999998,-0.003665191429187864,0.015945602770948617,-0.015277329897426653,0.05783694444444444,-0.0015562519163613286,1426078688684,0,0,0,0,0,0,0
-0.001310155888201746,0.030801813511217347,0.456,0.0023038346126322867,-0.02590109062194824,-0.01936595344543457,0,0,0.5,-0.0020420352248333674,0.001310155888201746,-0.030801813511217347,0.043999999999999984,-0.004345869837465655,0.01041368521852808,-0.008196809561958607,0.04528983333333332,-0.0077492618788546075,1426078688744,0,0,0,0,0,0,0
-0.005272792003537051,0.028388077839143377,0.455,0.0028099800957106552,-0.059522796630859375,-0.03606900024414063,0,0,0.5,-0.0020420352248333674,0.005272792003537051,-0.028388077839143377,0.044999999999999984,-0.004852015320544023,0.02335205394964144,-0.0017561081127051206,0.0458565303030303,-0.00715267660726388,1426078688810,0,0,0,0,0,0,0
-0.00532334802832924,0.02691170009078175,0.451,0.003543018381548139,-0.0008205661773681641,-0.022143447875976562,0,0,0.5,-0.0020420352248333674,0.00532334802832924,-0.02691170009078175,0.04899999999999999,-0.005585053606381507,0.0026390374876315626,-0.005885798918764952,0.06561046153846155,-0.00896830723332374,1426078688875,0,0,0,0,0,0,0
-0.005812649463796664,0.024646752150416555,0.451,0.004328416544945761,-0.007459846496582032,-0.03394800186157226,0,0,0.5,-0.0020420352248333674,0.005812649463796664,-0.024646752150416555,0.04899999999999999,-0.0063704517697791285,0.00506203948844603,-0.0013955643105935077,0.04441499999999999,-0.009736443898626077,1426078688945,0,0,0,0,0,0,0
-0.006209966568652972,0.02153512369613531,0.452,0.004817108735504454,-0.0061617264747619626,-0.046648193359375,0,0,0.5,-0.0020420352248333674,0.006209966568652972,-0.02153512369613531,0.04799999999999999,-0.006859143960337821,0.005135599955140055,0.006973755123810729,0.038069666666666654,-0.009302604913131285,1426078689005,0,0,0,0,0,0,0
-0.005003049305544526,0.017790754718645663,0.451,0.0052010811709428725,0.01783299446105957,-0.05625209045410156,0,0,0.5,-0.0020420352248333674,0.005003049305544526,-0.017790754718645663,0.04899999999999999,-0.00724311639577624,-0.004182558595048788,0.010539533884488158,0.050329430303030304,-0.008988445647769051,1426078689071,0,0,0,0,0,0,0
-0.003387936101417064,0.013888837398189488,0.453,0.005724679946541361,0.023921958923339842,-0.05865397262573242,0,0,0.5,-0.0020420352248333674,0.003387936101417064,-0.013888837398189488,0.046999999999999986,-0.007766715171374728,-0.0072843576259722966,0.013635286680278795,0.03296266923076921,-0.010183324904906213,1426078689136,0,0,0,0,0,0,0
-0.0013328498383038802,0.008776159138174124,0.453,0.005759586531581156,0.030386764526367186,-0.07686538696289062,0,0,0.5,-0.0020420352248333674,0.0013328498383038802,-0.008776159138174124,0.046999999999999986,-0.007801621756414524,-0.010680120107364797,0.022705403289088454,0.04403739999999999,-0.00796272907198281,1426078689201,0,0,0,0,0,0,0
0.001777846377195693,0.0026040249714357373,0.454,0.0070511301780571455,0.04612643814086914,-0.09284922027587891,0,0,0.5,-0.0020420352248333674,-0.001777846377195693,-0.0026040249714357373,0.045999999999999985,-0.009093165402890513,-0.017420715866472297,0.03050241157605698,0.03832171940298506,-0.014876196655768077,1426078689268,0,0,0,0,0,0,0
0.006238782333689331,-0.0028910407150780086,0.457,0.00720820981073667,0.06633118438720703,-0.082895751953125,0,0,0.5,-0.0020420352248333674,-0.006238782333689331,0.0028910407150780086,0.04299999999999998,-0.009250245035570037,-0.028188186210309128,0.031537416562020956,0.024749833333333308,-0.009998243286424915,1426078689331,0,0,0,0,0,0,0
0.009265440224417713,-0.006815134728023997,0.453,0.008150687606813369,0.044974407196044924,-0.05918712997436523,0,0,0.5,-0.0020420352248333674,-0.009265440224417713,0.006815134728023997,0.046999999999999986,-0.010192722831646735,-0.021221948798127017,0.024105487695999107,0.06646046153846155,-0.014542620352000726,1426078689396,0,0,0,0,0,0,0
0.013684914191909902,-0.01053817843836335,0.451,0.007487462491055697,0.06583473205566406,-0.05638412094116211,0,0,0.5,-0.0020420352248333674,-0.013684914191909902,0.01053817843836335,0.04899999999999999,-0.009529497715889065,-0.030579933555920816,0.02458764137158798,0.05745146060606061,-0.0065148380988087435,1426078689462,0,0,0,0,0,0,0
0.01953555976201778,-0.013837371789738538,0.45,0.007696902001294693,0.08738668823242188,-0.05014360427856445,0,0,0.5,-0.0020420352248333674,-0.01953555976201778,0.013837371789738538,0.04999999999999999,-0.00973893722612806,-0.04158482622849015,0.02426770600013857,0.05335501538461539,-0.01070558111953881,1426078689527,0,0,0,0,0,0,0
0.024642816376541348,-0.01759658986803837,0.443,0.006719517620177974,0.07617256927490235,-0.05697624588012695,3,0,0.5,0,2.9753571836234585,0.01759658986803837,0.056999999999999995,-0.006719517620177974,1.4876785918117292,0.008798294934019185,0.0456,-0.006719517620177974,0,0,0,0,0,0,0,0
0.027387369385823267,-0.01966334791878239,0.442,0.007627088831215324,0.04095905303955078,-0.03127729988098144,3,0,0.5,0,2.9726126306141767,0.01966334791878239,0.057999999999999996,-0.007627088831215324,1.472931544546143,0.02132605103938015,0.05232095555555556,-0.011948856502821754,0,0,0,0,0,0,0,0
0.03191040217958327,-0.020513724009135557,0.441,0.00842994028713262,0.06774623107910156,-0.01327272891998291,3,0,0.5,0,2.9680895978204167,0.020513724009135557,0.059,-0.00842994028713262,1.4638907040351479,0.014792359147717914,0.05325783030303031,-0.012079265086756694,0,0,0,0,0,0,0,0
0.03550328330819885,-0.020462512698160226,0.445,0.007347836150896071,0.053897777557373044,0.0003138311505317688,3,0,0.5,0,2.964496716691801,0.020462512698160226,0.05499999999999999,-0.007347836150896071,1.4686606833033604,0.009994730736424689,0.02357383846153844,-0.0023535093682658433,0,0,0,0,0,0,0,0
0.04036816660063822,-0.01899317774426655,0.444,0.006789330790257786,0.0731332244873047,0.021503238677978515,3,0,0.5,0,2.959631833399362,0.01899317774426655,0.055999999999999994,-0.006789330790257786,1.4613027599282622,0.0016363584400666976,0.05166091538461539,-0.00421161374115801,0,0,0,0,0,0,0,0
0.04695353581231501,-0.017564025440096134,0.442,0.005864306286700538,0.0989238052368164,0.020766141891479493,3,0,0.5,0,2.953046464187685,0.017564025440096134,0.057999999999999996,-0.005864306286700538,1.4512321989234478,0.0012663401659996666,0.05886516060606061,-0.0016596494523494114,0,0,0,0,0,0,0,0
0.060212611458540406,-0.016689860335590848,0.442,0.006318091892219435,0.19895960998535156,0.011945928573608398,3,0,0.5,0,2.9397873885414594,0.016689860335590848,0.057999999999999996,-0.006318091892219435,1.4100409126786086,0.003711901129213383,0.048636099999999995,-0.008412486994614344,0,0,0,0,0,0,0,0
0.07905269309376026,-0.01565880093048521,0.448,0.004660029102824703,0.28269329833984375,0.01368009376525879,3,0,0.5,0,2.92094730690624,0.01565880093048521,0.05199999999999999,-0.004660029102824703,1.3724679169005203,0.0023617341824942574,0.011866407692307665,0.0029925683866894436,0,0,0,0,0,0,0,0
0.1057986964367869,-0.015844710069450697,0.45,0.0045378560551851965,0.4011726989746094,-0.004658157348632812,3,0,0.5,0,2.894201303563213,0.015844710069450697,0.04999999999999999,-0.0045378560551851965,1.3206168152967495,0.009002886393351284,0.03229803939393938,-0.003982524020460166,0,0,0,0,0,0,0,0
0.14215391171225808,-0.01630534972463801,0.453,0.0027227136331111623,0.545291259765625,-0.009384136199951171,3,0,0.5,0,2.857846088287742,0.01630534972463801,0.046999999999999986,-0.0027227136331111623,1.2472855118308066,0.01077688296153008,0.024398649999999977,0.005785766470360873,0,0,0,0,0,0,0,0
0.1819065945089892,-0.018055542499879628,0.44,0.0008377580409568708,0.596216552734375,-0.027876319885253905,3,0,0.5,0,2.8180934054910107,0.018055542499879628,0.06,-0.0008377580409568708,1.2140056073167291,0.018568707281078907,0.12159490000000006,0.007862036999755243,0,0,0,0,0,0,0,0
0.2290852962964339,-0.02012309261355793,0.437,-0.0015009831567152077,0.707654296875,-0.03160610580444336,3,0,0.5,0,2.770914703703566,0.02012309261355793,0.063,0.0015009831567152077,1.1635218324708088,0.0208338531529837,0.06986447647058824,0.011818959028797905,0,0,0,0,0,0,0,0
0.28024495832800617,-0.021192873311652812,0.442,-0.003089232776030126,0.7674181518554688,-0.014894845962524415,3,0,0.5,0,2.719755041671994,0.021192873311652812,0.057999999999999996,0.003089232776030126,1.1193011983327048,0.016247576781556652,0.025082405882352915,0.010096216390654764,0,0,0,0,0,0,0,0
0.3420440967311282,-0.024391226137394584,0.448,-0.004206243497306472,0.927130859375,-0.04511138916015625,3,0,0.5,0,2.657955903268872,0.024391226137394584,0.05199999999999999,0.004206243497306472,0.9928232185232786,0.031012221898899586,0.01132969999999997,0.009791297103688205,0,0,0,0,0,0,0,0
0.4090393566030724,-0.027129468295558574,0.452,-0.0049043751981041606,1.0050927734375,-0.03684630584716797,3,0,0.5,0,2.5909606433969277,0.027129468295558574,0.04799999999999999,0.0049043751981041606,0.9607609800209491,0.028486299833865615,0.02190323846153843,0.008126521509478107,0,0,0,0,0,0,0,0
0.4840950047882836,-0.030336765590662465,0.454,-0.00638790506229947,1.12605712890625,-0.04258738708496094,3,0,0.5,0,2.5159049952117165,0.030336765590662465,0.045999999999999985,0.00638790506229947,0.8814664032576405,0.03263534888565095,0.03137146923076921,0.013234965973970132,0,0,0,0,0,0,0,0
0.5647680843431341,-0.033222637354200314,0.464,-0.007260569688296803,1.2103480224609375,-0.03555726623535156,3,0,0.5,0,2.435231915656866,0.033222637354200314,0.035999999999999976,0.007260569688296803,0.8124650568504099,0.03236912661942142,-0.019471453846153904,0.01128825257751526,0,0,0,0,0,0,0,0
0.6496626424216504,-0.03497080449347568,0.469,-0.009459684545809477,1.2735751953125,-0.01697615432739258,3,0,0.5,0,2.3503373575783497,0.03497080449347568,0.031000000000000028,0.009459684545809477,0.7690522282819987,0.026725599939353067,0.004850205882353232,0.01916166185836539,0,0,0,0,0,0,0,0
0.7404771459052147,-0.036179613648705505,0.477,-0.011135200627724107,1.362328125,-0.0052453699111938475,3,0,0.5,0,2.259522854094785,0.036179613648705505,0.02300000000000002,0.011135200627724107,0.6654065394687496,0.02496591543815484,-0.019417300000000023,0.018989182261698934,0,0,0,0,0,0,0,0
0.8367135725446121,-0.03722109799375783,0.482,-0.012932889757278021,1.443630859375,0.00045254993438720705,3,0,0.5,0,2.163286427455388,0.03722109799375783,0.018000000000000016,0.012932889757278021,0.589021687204162,0.024595421557738775,-0.006895850000000009,0.021359557552061995,0,0,0,0,0,0,0,0
0.9393467847450006,-0.038220735637744224,0.483,-0.015742869852989116,1.5395633544921874,0.004916294574737549,3,0,0.5,0,2.0606532152549994,0.038220735637744224,0.017000000000000015,0.015742869852989116,0.5126970904913812,0.024807130582741446,0.014373784615384624,0.02871200875627109,0,0,0,0,0,0,0,0
1.0472700936433446,-0.03857181769993314,0.481,-0.01673770752662551,1.61873193359375,0.020218708038330077,3,0,0.5,0,1.9527299063566554,0.03857181769993314,0.019000000000000017,0.01673770752662551,0.4315195744154261,0.021515520931815968,0.03225113076923079,0.02132926602033195,0,0,0,0,0,0,0,0
1.1678268633728082,-0.03936056631040454,0.474,-0.01729621288726402,1.8082962646484375,0.018436674118041993,3,0,0.5,0,1.8321731366271918,0.03936056631040454,0.026000000000000023,0.01729621288726402,0.3142597301626979,0.024228189120294487,0.06437471212121218,0.019834873617439065,0,0,0,0,0,0,0,0
1.2923426154645377,-0.0394405409169819,0.451,-0.01719149313214441,1.8674776611328125,0.031103713989257813,3,0,0.5,0,1.7076573845354623,0.0394405409169819,0.04899999999999999,0.01719149313214441,0.23213430455436812,0.020535557159938166,0.16794659696969677,0.01671549424523708,0,0,0,0,0,0,0,0
1.4179019876789494,-0.038485814066048465,0.444,-0.017924531417981896,1.8828660888671875,0.046695487976074215,3,0,0.5,0,1.5820980123210506,0.038485814066048465,0.055999999999999994,0.017924531417981896,0.14402515092453405,0.014437554427278804,0.09021655000000003,0.02136064838284512,0,0,0,0,0,0,0,0
1.5553715394772656,-0.03780977070518023,0.441,-0.019268434942017805,2.0615302734375,0.047098201751708986,3,0,0.5,0,1.4446284605227344,0.03780977070518023,0.059,0.019268434942017805,0.02266153679288474,0.01570503808224712,0.07087264615384617,0.025471066591414307,0,0,0,0,0,0,0,0
1.6998132167410878,-0.03859600385499325,0.44,-0.019669860669976343,2.1664501953125,0.02995358467102051,3,0,0.5,0,1.3001867832589122,0.03859600385499325,0.06,0.019669860669976343,-0.08625639447494016,0.02399703865563531,0.06129341538461539,0.02152259479901575,0,0,0,0,0,0,0,0
1.8449983716624712,-0.04076711118296691,0.442,-0.019163715186897974,2.17799658203125,0.010273504257202148,3,0,0.5,0,1.1550016283375288,0.04076711118296691,0.057999999999999996,0.019163715186897974,-0.15024506938474735,0.03238938345000061,0.04408553939393939,0.01686305390017812,0,0,0,0,0,0,0,0
1.987022690524685,-0.04343930497203224,0.445,-0.019250981649497685,2.13074169921875,0.0007476582527160644,3,0,0.5,0,1.012977309475315,0.04343930497203224,0.05499999999999999,0.019250981649497685,-0.19257534152884048,0.036200358013651235,0.036988458208955216,0.019641727004421763,0,0,0,0,0,0,0,0
2.1358708605922403,-0.04782499842095599,0.451,-0.017924531417981903,2.2335751953125,-0.022793766021728515,3,0,0.5,0,0.8641291394077597,0.04782499842095599,0.04899999999999999,0.017924531417981903,-0.35147121974929607,0.04882907680608811,0.01483546666666663,0.011608101744097227,0,0,0,0,0,0,0,0
2.289740574018213,-0.051471357862474455,0.459,-0.017819811662862516,2.3086552734375,-0.013318182945251465,3,0,0.5,0,0.7102594259817869,0.051471357862474455,0.04099999999999998,0.017819811662862516,-0.4295393558221628,0.04595499245096385,-0.0010416230769231191,0.017336489716157654,0,0,0,0,0,0,0,0
2.443347063735807,-0.05465613289231784,0.467,-0.017749998492782703,2.304582763671875,-0.006707633018493652,3,0,0.5,0,0.556652936264193,0.05465613289231784,0.032999999999999974,0.017749998492782703,-0.5045634178426559,0.04509745192786129,-0.0072271230769231296,0.017427783861645105,0,0,0,0,0,0,0,0
2.5877631325145267,-0.056353020108282054,0.476,-0.017697638615222566,2.1663515625,0.012999457359313965,3,0,0.5,0,0.4122368674854733,0.056353020108282054,0.02400000000000002,0.017697638615222566,-0.5152302971674132,0.0378329442339642,-0.018919072727272446,0.017459639171767394,0,0,0,0,0,0,0,0
2.733893801975825,-0.058680518891926256,0.489,-0.016720254234105846,2.192234619140625,0.0038834772109985352,3,0,0.5,0,0.266106198024175,0.058680518891926256,0.01100000000000001,0.016720254234105846,-0.597212581184677,0.0423795750211034,-0.05045859393939399,0.012277597956302577,0,0,0,0,0,0,0,0
2.8597281407597364,-0.05928544046261469,0.51,-0.01755801227506316,1.8874029541015624,0.022485706329345705,3,0,0.5,0,0.14027185924026364,0.05928544046261469,-0.010000000000000009,0.01755801227506316,-0.5732611484558645,0.0336853467481147,-0.1132269500000001,0.021485003092050575,0,0,0,0,0,0,0,0
2.9656702700782693,-0.059007674611052975,0.53,-0.017208946424664095,1.5888138427734375,0.032066410064697265,3,0,0.5,0,0.03432972992173067,0.059007674611052975,-0.030000000000000027,0.017208946424664095,-0.49986733741260286,0.028804243319895957,-0.12064180606060615,0.015622283468304703,1426078691875,0,0,0,0,0,0,0
3.056959774590643,-0.05765545348471158,0.547,-0.017034413499464895,1.368790771484375,0.04384409332275391,3,0,0.5,0,-0.056959774590643164,0.05765545348471158,-0.04700000000000004,0.017034413499464895,-0.4829736995828367,0.022243073690254758,-0.12145075000000011,0.016216290412593645,1426078691875,0,0,0,0,0,0,0
3.1349725302174085,-0.05552624284117518,0.565,-0.017488199104983348,1.1694775390625,0.051866085052490234,3,0,0.5,0,-0.13497253021740852,0.05552624284117518,-0.06499999999999995,0.017488199104983348,-0.43036035162774716,0.017487888068142214,-0.1373473507462681,0.01952007495058836,0,0,0,0,0,0,0,0
3.2004205926872618,-0.05073708431029277,0.574,-0.018325957145940885,0.9803145751953125,0.08899404907226563,3,0,0.5,0,-0.20042059268726176,0.05073708431029277,-0.07399999999999995,0.018325957145940885,-0.41360242323567714,0.00005781198862387163,-0.10020985,0.02225294796292934,0,0,0,0,0,0,0,0
3.253195111630033,-0.044595257715622214,0.58,-0.020420352248333728,0.789796630859375,0.10661827087402344,3,0,0.5,0,-0.25319511163003305,0.044595257715622214,-0.07999999999999996,0.020420352248333728,-0.3664056545125347,-0.009864777646736086,-0.0886187923076923,0.03008679118245454,0,0,0,0,0,0,0,0
3.2944959728190244,-0.03883268983577167,0.584,-0.022811453323565944,0.6176187744140625,0.09907028961181641,3,0,0.5,0,-0.2944959728190244,0.03883268983577167,-0.08399999999999996,0.022811453323565944,-0.32209968426063784,-0.010208130130183256,-0.08127762121212119,0.03368009457462147,0,0,0,0,0,0,0,0
3.3222883939574004,-0.033031515804186756,0.581,-0.02394591733736241,0.41479302978515625,0.09650392913818359,3,0,0.5,0,-0.3222883939574004,0.033031515804186756,-0.08099999999999996,0.02394591733736241,-0.269172244075983,-0.014253675370974522,-0.04177764999999996,0.029263717402033342,0,0,0,0,0,0,0,0
3.3364948620664228,-0.027080358356285562,0.581,-0.02560398012675714,0.21089854431152344,0.09434408569335938,3,0,0.5,0,-0.33649486206642276,0.027080358356285562,-0.08099999999999996,0.02560398012675714,-0.1998450925201436,-0.017045378857504484,-0.058718499999999965,0.033140629169460464,0,0,0,0,0,0,0,0
3.342495554798381,-0.020736788840643863,0.571,-0.027715828521670108,0.08754484558105469,0.09742672729492187,3,0,0.5,0,-0.342495554798381,0.020736788840643863,-0.07099999999999995,0.027715828521670108,-0.16004215251841453,-0.022802198425555857,0.002666153846153922,0.03746282111357611,0,0,0,0,0,0,0,0
3.3406100626540027,-0.014389406710201533,0.556,-0.0297578637465037,-0.030910026550292968,0.09439039611816406,3,0,0.5,0,-0.34061006265400273,0.014389406710201533,-0.05600000000000005,0.0297578637465037,-0.11701396470696135,-0.025469070257695542,0.03999585454545398,0.03903984204120185,0,0,0,0,0,0,0,0
3.3310420922801858,-0.007981749926030474,0.543,-0.031014500807939674,-0.14631576538085939,0.09180209350585937,3,0,0.5,0,-0.3310420922801858,0.007981749926030474,-0.04300000000000004,0.031014500807939674,-0.07170805244787387,-0.028987269010058006,0.03950599393939396,0.03672648745083046,0,0,0,0,0,0,0,0
3.316532824920669,-0.001487599179873819,0.531,-0.033213615665452126,-0.2205550537109375,0.09061653137207032,3,0,0.5,0,-0.31653282492066914,0.001487599179873819,-0.031000000000000028,0.033213615665452126,-0.03478503039245957,-0.03433202435420205,0.0466379666666667,0.04368559117741618,0,0,0,0,0,0,0,0
3.2915759321462956,0.004229138161559123,0.518,-0.035185837720205906,-0.3769945068359375,0.07327242279052734,3,0,0.5,0,-0.2915759321462956,-0.004229138161559123,-0.018000000000000016,0.035185837720205906,0.029241093645287902,-0.031430600355763075,0.05919189393939398,0.04415048342363218,0,0,0,0,0,0,0,0
3.262667476903334,0.009561278386248852,0.517,-0.03633775502652227,-0.43617208862304685,0.06467822265625,3,0,0.5,0,-0.26266747690333414,-0.009561278386248852,-0.017000000000000015,0.03633775502652227,0.06683834160151639,-0.03249837822976606,-0.0036733846153846235,0.0416542964402901,0,0,0,0,0,0,0,0
3.2313757165909336,0.015599835620239047,0.505,-0.037856191475757375,-0.47235723876953123,0.07346623229980469,3,0,0.5,0,-0.2313757165909336,-0.015599835620239047,-0.0050000000000000044,0.037856191475757375,0.09516700868506597,-0.0393315806361476,0.06512488461538465,0.04486435970299632,0,0,0,0,0,0,0,0
3.198172658745797,0.021980094977203393,0.487,-0.03909537524467323,-0.5013111572265625,0.07678570556640625,3,0,0.5,0,-0.19817265874579704,-0.021980094977203393,0.013000000000000012,0.03909537524467323,0.11659047757519848,-0.043350841854009343,0.10902645074626874,0.044643959284594956,0,0,0,0,0,0,0,0
3.165756021565706,0.02809831036710465,0.48,-0.03993313328563054,-0.48946499633789065,0.07269783782958984,3,0,0.5,0,-0.16575602156570612,-0.02809831036710465,0.020000000000000018,0.03993313328563054,0.136522387251291,-0.04655720982234844,0.05900585000000005,0.043860124102617956,0,0,0,0,0,0,0,0
3.1322443135159674,0.03490449482445254,0.474,-0.041503929612425564,-0.5063506774902343,0.08194329833984375,3,0,0.5,0,-0.13224431351596744,-0.03490449482445254,0.026000000000000023,0.041503929612425564,0.156361456623115,-0.05317268509870135,0.058001292307692354,0.04875375881301797,0,0,0,0,0,0,0,0
3.101457820369255,0.04066850810783332,0.477,-0.04160864936754495,-0.46498712158203126,0.06722483825683594,3,0,0.5,0,-0.1014578203692551,-0.04066850810783332,0.02300000000000002,0.04160864936754495,0.1570145215200123,-0.05046943533391582,0.007289253846153854,0.04209197131424981,0,0,0,0,0,0,0,0
3.074417229917176,0.04607190181972358,0.476,-0.0433190720344996,-0.40862924194335937,0.0641087875366211,3,0,0.5,0,-0.07441722991717592,-0.04607190181972358,0.02400000000000002,0.0433190720344996,0.14187245955789923,-0.04957444602772586,0.029481163768115968,0.05075569232560676,1426078693117,0,0,0,0,0,0,0
3.0527334103505894,0.049693120480123275,0.471,-0.045186574334133325,-0.327304443359375,0.040181884765625,3,0,0.5,0,-0.05273341035058943,-0.049693120480123275,0.029000000000000026,0.045186574334133325,0.13410159287670448,-0.043811879675664966,0.055938050000000045,0.053940491363666423,1426078693117,0,0,0,0,0,0,0
3.035471449395103,0.05333286121940733,0.467,-0.04572762640225149,-0.26113128662109375,0.04284423065185547,3,0,0.5,0,-0.03547144939510316,-0.05333286121940733,0.032999999999999974,0.04572762640225149,0.12002662117259363,-0.04608259208372579,0.054224422222221916,0.048304064821861795,1426078693117,0,0,0,0,0,0,0
3.0234377163268835,0.05526358622504066,0.469,-0.04607669225265055,-0.18164115905761719,0.020679367065429687,3,0,0.5,0,-0.023437716326883518,-0.05526358622504066,0.031000000000000028,0.04607669225265055,0.09492549431854652,-0.03725930560147221,0.019834469230769546,0.047687765408338516,1426078693117,0,0,0,0,0,0,0
3.0130662187307826,0.056276369636158716,0.475,-0.04679227724596814,-0.15610708618164063,0.008009899139404296,3,0,0.5,0,-0.01306621873078262,-0.056276369636158716,0.025000000000000022,0.04679227724596814,0.0903059612386733,-0.03277744926176165,-0.005849481818181821,0.050044936306502655,1426078693117,0,0,0,0,0,0,0
3.006762500852174,0.056523443972260064,0.479,-0.047158796388887106,-0.09462562561035157,-0.0007208068370819092,3,0,0.5,-0.04679227724596815,-0.006762500852174114,-0.056523443972260064,0.02100000000000002,0.0003665191429189571,-0.003381250426087057,-0.028261721986130032,0.016800000000000016,0.0003665191429189571,1426078693117,0,0,0,0,0,0,0
3.0074124634008332,0.055915595474819016,0.486,-0.05209807817203084,0.010168420791625976,-0.00864798927307129,3,0,0.5,-0.04679227724596815,-0.007412463400833236,-0.055915595474819016,0.014000000000000012,0.005305800926062691,-0.0071578950176352995,-0.024771263028841577,-0.025828812121212144,0.027757081758534207,1426078693505,0,0,0,0,0,0,0
3.00956226592391,0.05345770357416953,0.495,-0.05448917924726327,0.03412318801879883,-0.03513910675048828,3,0,0.5,-0.04679227724596815,-0.009562265923909852,-0.05345770357416953,0.0050000000000000044,0.007696902001295122,-0.01636810040029333,-0.013565701045462567,-0.0443366384615385,0.018732753117752493,1426078693569,0,0,0,0,0,0,0
3.0121662443174193,0.0519839890288522,0.5,-0.057194439587854314,0.04020563125610352,-0.01994563293457031,3,0,0.5,-0.04679227724596815,-0.012166244317419306,-0.0519839890288522,0,0.010402162341886165,-0.020123560035108123,-0.0181620498943843,-0.02679817692307694,0.022887979298460204,1426078693635,0,0,0,0,0,0,0
3.014572715404789,0.05182725224325895,0.496,-0.05984734005088567,0.03617243576049805,-0.00028378137946128844,3,0,0.5,-0.04679227724596815,-0.014572715404788994,-0.05182725224325895,0.0040000000000000036,0.01305506280491752,-0.02027276696459196,-0.025208787921752376,0.02488936153846156,0.025299218788139163,1426078693700,0,0,0,0,0,0,0
3.019440759996019,0.051045540417319256,0.499,-0.06162757588791991,0.07359127044677734,-0.007337200164794922,3,0,0.5,-0.04679227724596815,-0.019440759996018908,-0.051045540417319256,0.0010000000000000009,0.01483529864195176,-0.035974052313451695,-0.021485861392803677,-0.015196446153846164,0.023051771735955937,1426078693765,0,0,0,0,0,0,0
3.0230140417842586,0.0513390009938797,0.497,-0.06389650391551262,0.05322636795043945,0.0076946520805358885,3,0,0.5,-0.04679227724596815,-0.023014041784258588,-0.0513390009938797,0.0030000000000000027,0.01710422666954447,-0.03022996221788874,-0.027409209347923406,0.013025261194029861,0.027263605897571527,1426078693832,0,0,0,0,0,0,0
3.026430676193914,0.05117167221317356,0.493,-0.06597344572538577,0.051305198669433595,0.0007676273584365845,3,0,0.5,-0.04679227724596815,-0.02643067619391415,-0.05117167221317356,0.007000000000000006,0.019181168479417622,-0.03197351708203242,-0.02491021254641709,0.027697300000000025,0.02891683321319803,1426078693896,0,0,0,0,0,0,0
3.0268083883838965,0.050325562462819204,0.483,-0.0685914396033771,0.006490061759948731,-0.012290522575378418,3,0,0.5,-0.04679227724596815,-0.026808388383896542,-0.050325562462819204,0.017000000000000015,0.021799162357408954,-0.015528914070805264,-0.020878972977496357,0.0677789538461539,0.033882211025061254,1426078693961,0,0,0,0,0,0,0
3.0259208519779346,0.049419359494903545,0.482,-0.06949901081441445,-0.01235010528564453,-0.014473526000976563,3,0,0.5,-0.04679227724596815,-0.02592085197793459,-0.049419359494903545,0.018000000000000016,0.022706733568446304,-0.008289117366525007,-0.020134415213418563,0.0202344153846154,0.02689552377323407,1426078694026,0,0,0,0,0,0,0
3.027058305192425,0.0481734951639025,0.48,-0.0707381945833303,0.018318359375,-0.017458026885986327,3,0,0.5,-0.04679227724596815,-0.027058305192424914,-0.0481734951639025,0.020000000000000018,0.023945917337362156,-0.019779222136119046,-0.017713850018545575,0.027349030769230794,0.029665227040050705,1426078694091,0,0,0,0,0,0,0
3.025057131396478,0.045979191910123,0.48,-0.07255333700540434,-0.027616161346435547,-0.03495385360717773,3,0,0.5,-0.04679227724596815,-0.025057131396478027,-0.045979191910123,0.020000000000000018,0.02576105975943619,-0.002216782474254773,-0.01189322650270195,0.016713800000000015,0.03388856314185724,1426078694158,0,0,0,0,0,0,0
3.0208408062773158,0.043589681757124535,0.48,-0.07410668003967946,-0.060480266571044924,-0.040332958221435546,3,0,0.5,-0.04679227724596815,-0.02084080627731577,-0.043589681757124535,0.020000000000000018,0.027314402793711313,0.012482177000825817,-0.00912151336470236,0.016841800000000014,0.03459569826687595,1426078694222,0,0,0,0,0,0,0
3.0174193881868847,0.040923725031226946,0.482,-0.07599163563183331,-0.04821964645385742,-0.04367936325073242,3,0,0.5,-0.04679227724596815,-0.01741938818688471,-0.040923725031226946,0.018000000000000016,0.02919935838586516,0.009546555935237766,-0.006527617471247206,0.004589569230769237,0.037899153426575224,1426078694287,0,0,0,0,0,0,0
3.012159513418533,0.037587677347620384,0.484,-0.07677703379523071,-0.07487140655517578,-0.05588612747192383,3,0,0.5,-0.04679227724596815,-0.012159513418533052,-0.037587677347620384,0.016000000000000014,0.02998475654926256,0.022067971747571684,-0.0012758435397484842,0.003093569230769236,0.03360967114955825,1426078694352,0,0,0,0,0,0,0
3.006411750796205,0.03400204595155331,0.484,-0.07934266779566235,-0.08183709716796875,-0.06023896789550781,3,0,0.5,-0.04679227724596815,-0.006411750796205151,-0.03400204595155331,0.016000000000000014,0.0325503905496942,0.02756477386520556,0.00183878312628084,0.013966800000000014,0.04439177824399407,1426078694417,0,0,0,0,0,0,0
2.9990739167885407,0.029929327620485478,0.485,-0.08203047484373349,-0.10487921905517578,-0.06962247467041016,3,0,0.5,-0.04679227724596815,0.000926083211459261,-0.029929327620485478,0.015000000000000013,0.03523819759776534,0.03861678899823976,0.005823237930258582,0.008043419402985082,0.04727315452942718,1426078694484,0,0,0,0,0,0,0
2.992467641028947,0.025881016528129734,0.484,-0.08281587300713111,-0.09378523254394532,-0.06864009857177734,3,0,0.5,-0.04679227724596815,0.007532358971053199,-0.025881016528129734,0.016000000000000014,0.036023595761162965,0.03972084945130316,0.008694636645406666,0.01963845000000002,0.039705149652089315,1426078694548,0,0,0,0,0,0,0
2.9841111793135453,0.021845528658843455,0.486,-0.08553858664024228,-0.11991001892089843,-0.07069371032714844,3,0,0.5,-0.04679227724596815,0.015888820686454697,-0.021845528658843455,0.014000000000000012,0.03874630939427413,0.052777669795871125,0.01028852976548874,0.0018914692307692334,0.051312680008633337,1426078694613,0,0,0,0,0,0,0
2.9768853414433094,0.016907260578302608,0.485,-0.08810422064067391,-0.1016628189086914,-0.08306320953369141,3,0,0.5,-0.04679227724596815,0.023114658556690593,-0.016907260578302608,0.015000000000000013,0.041311943394705765,0.050317638708159224,0.017607798300830944,0.0189428153846154,0.053153331089005634,1426078694678,0,0,0,0,0,0,0
2.9688349436991883,0.011728222556932726,0.486,-0.08922123136195026,-0.11345201873779297,-0.08800960540771484,3,0,0.5,-0.04679227724596815,0.031165056300811678,-0.011728222556932726,0.014000000000000012,0.04242895411598211,0.058803032649274,0.021486147494394835,0.007464584615384623,0.04758438821418063,1426078694743,0,0,0,0,0,0,0
2.961270613160884,0.0068355501447115614,0.486,-0.09068730793362567,-0.10647437286376953,-0.08320822906494141,3,0,0.5,-0.04679227724596815,0.038729386839115865,-0.0068355501447115614,0.014000000000000012,0.04389503068765752,0.058778010590795626,0.02159951255628452,0.012943000000000012,0.050459552650383245,1426078694810,0,0,0,0,0,0,0
2.954661476526481,0.001683248252123945,0.487,-0.09105382707654441,-0.09173054504394532,-0.08594509887695312,3,0,0.5,-0.04679227724596815,0.045338523473518855,-0.001683248252123945,0.013000000000000012,0.044261549830576265,0.058740152003956825,0.026792500717033152,0.006757450000000007,0.04597960831300787,1426078694874,0,0,0,0,0,0,0
2.9494938639886668,-0.0024382550485399705,0.492,-0.09208357133522083,-0.07157167816162109,-0.06861466217041015,3,0,0.5,-0.04679227724596815,0.05050613601133325,0.0024382550485399705,0.008000000000000007,0.04529129408925268,0.05303867726472676,0.022870896338556136,-0.018644876923076932,0.05004395989852843,1426078694939,0,0,0,0,0,0,0
2.9445689291222137,-0.005310232250006838,0.503,-0.09372418083209566,-0.06959971618652344,-0.04969011688232422,3,0,0.5,-0.04679227724596815,0.055431070877786315,0.005310232250006838,-0.0030000000000000027,0.04693190358612751,0.05382920206913702,0.017347861741067533,-0.05887493333333338,0.05438921948101312,1426078695005,0,0,0,0,0,0,0
2.9398865488438397,-0.00792368019709602,0.501,-0.09363691436949595,-0.06625867462158203,-0.04560281753540039,3,0,0.5,-0.04679227724596815,0.06011345115616029,0.00792368019709602,-0.0010000000000000009,0.0468446371235278,0.05569855312717052,0.01772176820159127,0.01198950000000001,0.046435575580091655,1426078695069,0,0,0,0,0,0,0
2.938490841930647,-0.008560095319353596,0.499,-0.09478883167581209,-0.019951316833496095,-0.011461889266967774,3,0,0.5,-0.04679227724596815,0.0615091580693532,0.008560095319353596,0.0010000000000000009,0.04799655442984394,0.03812185683526378,0.007077974174748284,0.01310646119402986,0.05315439311484159,1426078695136,0,0,0,0,0,0,0
2.93746233975384,-0.008593325430768028,0.491,-0.09456193887305298,-0.015311100006103516,-0.001956382989883423,3,0,0.5,-0.04679227724596815,0.06253766024615981,0.008593325430768028,0.009000000000000008,0.047769661627084826,0.03700974704268776,0.003957259521720638,0.05286630000000005,0.04670610161415147,1426078695200,0,0,0,0,0,0,0
2.9373848022565228,-0.008629301055662748,0.487,-0.09499827118605153,-0.0011069134473800659,-0.0006470410823822022,3,0,0.5,-0.04679227724596815,0.06261519774347724,0.008629301055662748,0.013000000000000012,0.04820599394008338,0.03187640424034145,0.003989995330054212,0.03361422121212124,0.05018932263553136,1426078695266,0,0,0,0,0,0,0
2.939608780751338,-0.006615461963916807,0.484,-0.09620254836992757,0.03034390640258789,0.0332357292175293,3,0,0.5,-0.04679227724596815,0.060391219248661976,0.006615461963916807,0.016000000000000014,0.049410271123959425,0.018229499281836575,-0.008216652682134614,0.031310750000000026,0.05505532042337838,1426078695330,0,0,0,0,0,0,0
2.940612475566686,-0.00409294992110754,0.485,-0.0965341609278063,0.011351338386535645,0.03910886001586914,3,0,0.5,-0.04679227724596815,0.05938752443331419,0.00409294992110754,0.015000000000000013,0.04974188368183815,0.024524125614384888,-0.012044822906693274,0.008817384615384624,0.05127240317973995,1426078695395,0,0,0,0,0,0,0
2.94248790589082,-0.0003303348882071717,0.49,-0.0973719189687636,0.022560625076293944,0.05888788604736328,3,0,0.5,-0.04679227724596815,0.05751209410918001,0.0003303348882071717,0.010000000000000009,0.05057964172279545,0.019517551972636993,-0.01942887376623773,-0.01509131884057972,0.054222067987827194,1426078695464,0,0,0,0,0,0,0
2.9452581577040196,0.0046626829592400915,0.492,-0.09854128956760008,0.03407576370239258,0.07858027648925782,3,0,0.5,-0.04679227724596815,0.05474184229598045,-0.0046626829592400915,0.008000000000000007,0.05174901232163193,0.012040900076737134,-0.031028936199939662,-0.0025697225806451604,0.05740725715471169,1426078695526,0,0,0,0,0,0,0
2.947058543919621,0.009041903644076574,0.491,-0.09883799554043902,0.020412240982055664,0.06802651977539062,3,0,0.5,-0.04679227724596815,0.052941456080378924,-0.009041903644076574,0.009000000000000008,0.052045718294470876,0.01711924990093131,-0.028618451777623927,0.014963715384615398,0.053415130476804455,1426078695591,0,0,0,0,0,0,0
2.952064020246713,0.015138647782514498,0.497,-0.09964084699635634,0.06569156646728516,0.09841372680664062,3,0,0.5,-0.04679227724596815,0.047935979753286784,-0.015138647782514498,0.0030000000000000027,0.05284856975038819,-0.0026105073991861336,-0.0409248671796016,-0.027509092307692325,0.05655403800846808,1426078695656,0,0,0,0,0,0,0
2.956155954915939,0.021432690559693136,0.496,-0.10089748405779231,0.051682979583740234,0.10004810333251953,3,0,0.5,-0.04679227724596815,0.04384404508406092,-0.021432690559693136,0.0040000000000000036,0.05410520681182416,0.0002910943609393847,-0.04514819710258164,0.011009215384615394,0.059905070172297875,1426078695721,0,0,0,0,0,0,0
2.9584881005883537,0.026508400987786795,0.5,-0.10220648099678796,0.02713540267944336,0.07927207183837891,3,0,0.5,-0.04679227724596815,0.04151189941164635,-0.026508400987786795,0,0.05541420375081981,0.009003478342553705,-0.040327718597251636,-0.018470922388059714,0.06127538407468094,1426078695788,0,0,0,0,0,0,0
2.9614603585664176,0.03245713500890109,0.499,-0.10292206599010578,0.03524708938598633,0.09331418609619141,3,0,0.5,-0.04679227724596815,0.03853964143358235,-0.03245713500890109,0.0010000000000000009,0.05612978874413763,0.0034703294340405443,-0.04934009213079852,0.008699750000000008,0.05948409340031492,1426078695852,0,0,0,0,0,0,0
2.9639184058562367,0.03712263731745432,0.499,-0.10356783781334379,0.029485559463500975,0.07340031433105469,3,0,0.5,-0.04679227724596815,0.03608159414376333,-0.03712263731745432,0.0010000000000000009,0.05677556056737564,0.005283655389990314,-0.04428676932895695,0.003237500000000003,0.05975604590539722,1426078695917,0,0,0,0,0,0,0
2.9669766707209666,0.04151108476986274,0.502,-0.10552260657557723,0.03882281494140625,0.07021656799316406,3,0,0.5,-0.04679227724596815,0.0330233292790334,-0.04151108476986274,-0.0020000000000000018,0.05873032932960908,0.0005440473336748922,-0.04501614141948185,-0.015329346153846164,0.06775233900145572,1426078695982,0,0,0,0,0,0,0
2.97058738017781,0.04464233594508015,0.514,-0.1060462053511755,0.04891230773925781,0.052412082672119144,3,0,0.5,-0.04679227724596815,0.02941261982218979,-0.04464233594508015,-0.014000000000000012,0.05925392810520735,-0.003922016689890527,-0.039586249150576916,-0.0725042636363637,0.06163392253974492,1426078696048,0,0,0,0,0,0,0
2.972637983189045,0.04774637953483475,0.512,-0.10723302924253167,0.025657920837402343,0.04955486297607422,3,0,0.5,-0.04679227724596815,0.02736201681095496,-0.04774637953483475,-0.01200000000000001,0.06044075199656352,0.003344032492603531,-0.041025500905765636,0.003258960606060606,0.06583540604818248,1426078696114,0,0,0,0,0,0,0
2.973782367330889,0.04990317653817629,0.504,-0.10929251775988516,0.013604609489440918,0.034003337860107424,3,0,0.5,-0.04679227724596815,0.026217632669110813,-0.04990317653817629,-0.0040000000000000036,0.062500240513917,0.00740467883894301,-0.03746998383404926,0.04277730000000004,0.07215409293901147,1426078696178,0,0,0,0,0,0,0
2.97529426554971,0.05169748334753746,0.499,-0.10960667702524421,0.01960745048522949,0.0292276725769043,3,0,0.5,-0.04679227724596815,0.024705734450289896,-0.05169748334753746,0.0010000000000000009,0.06281439977927605,0.004782148823599704,-0.036267409041288015,0.029956876923076945,0.06426436561939473,1426078696243,0,0,0,0,0,0,0
2.9762166228888622,0.053302484557639654,0.492,-0.11067132786896042,0.011118834495544433,0.02544396209716797,3,0,0.5,-0.04679227724596815,0.02378337711113776,-0.053302484557639654,0.008000000000000007,0.06387905062299226,0.007510880239670087,-0.03608521841913786,0.04637810769230773,0.0687928237478363,1426078696308,0,0,0,0,0,0,0
2.976847535742266,0.05293254504562452,0.49,-0.11175343200519697,0.010018668174743652,-0.004469921588897705,3,0,0.5,-0.04679227724596815,0.023152464257734096,-0.05293254504562452,0.010000000000000009,0.06496115475922881,0.008831493977718909,-0.025331069492113337,0.02095786060606062,0.0698798099239404,1426078696374,0,0,0,0,0,0,0
2.97857679719396,0.05257319293405681,0.489,-0.11250392358355457,0.026378246307373048,-0.002463923931121826,3,0,0.5,-0.04679227724596815,0.02142320280603993,-0.05257319293405681,0.01100000000000001,0.06571164633758642,0.0021564266656984403,-0.02524223704906893,0.016527430303030315,0.06912297169375735,1426078696440,0,0,0,0,0,0,0
2.9787841120297953,0.05090314222697762,0.49,-0.1140572666178297,0.005902430534362793,-0.02454327392578125,3,0,0.5,-0.04679227724596815,0.021215887970204683,-0.05090314222697762,0.010000000000000009,0.06726498937186154,0.010102920287804055,-0.01721235503931682,0.005019650000000004,0.07454628484502618,1426078696504,0,0,0,0,0,0,0
2.9779470301350934,0.05094954639580023,0.489,-0.11590731562494352,-0.012553863525390625,-0.0007374861240386963,3,0,0.5,-0.04679227724596815,0.02205296986490657,-0.05094954639580023,0.01100000000000001,0.06911503837897537,0.01610883985746197,-0.026648356342141875,0.016664030303030316,0.07752435204767459,1426078696570,0,0,0,0,0,0,0
2.978604797519072,0.04940380147744748,0.488,-0.11548843660446509,0.01248174285888672,-0.02188955879211426,3,0,0.5,-0.04679227724596815,0.021395202480928077,-0.04940380147744748,0.01200000000000001,0.06869615935849693,0.007866845975805108,-0.017464875535707657,0.01754323030303032,0.06679216381086768,1426078696636,0,0,0,0,0,0,0
2.9785619065202615,0.04904588345214652,0.491,-0.11592476891746364,-0.00002042575180530548,-0.005407143115997315,3,0,0.5,-0.04679227724596815,0.021438093479738463,-0.04904588345214652,0.009000000000000008,0.06913249167149549,0.011628241170409807,-0.02352551409851753,-0.0067697666666666715,0.07121026459053623,1426078696699,0,0,0,0,0,0,0
2.9785602676029743,0.04778292935220467,0.492,-0.11592476891746364,0.002166780710220337,-0.018820005416870116,3,0,0.5,-0.04679227724596815,0.02143973239702568,-0.04778292935220467,0.008000000000000007,0.06913249167149549,0.011413703431251863,-0.01831696366750013,0.00392661940298508,0.06913249167149549,1426078696766,0,0,0,0,0,0,0
2.9782350038416303,0.0458152488007035,0.5,-0.11583750245486416,-0.0014323246479034423,-0.029881435394287108,3,0,0.5,-0.04679227724596815,0.021764996158369687,-0.0458152488007035,0,0.069045225208896,0.013256725713894794,-0.013834031634049388,-0.038425970588235325,0.06866022610919237,1426078696834,0,0,0,0,0,0,0
2.9766824064193216,0.044333289509830044,0.502,-0.11505210429146653,-0.02056364440917969,-0.02477212142944336,3,0,0.5,-0.04679227724596815,0.02331759358067842,-0.044333289509830044,-0.0020000000000000018,0.06825982704549838,0.02128144231003918,-0.014744817728135969,-0.010337109836065582,0.06439721312714942,1426078696895,0,0,0,0,0,0,0
2.9756684590432196,0.04398266113658071,0.505,-0.11383037381507036,-0.01450488567352295,-0.006970648288726807,3,0,0.5,-0.04679227724596815,0.024331540956780362,-0.04398266113658071,-0.0050000000000000044,0.0670380965691022,0.018355602274555134,-0.02121313844993806,-0.017448046153846167,0.06139934052419677,1426078696960,0,0,0,0,0,0,0
2.974545710635921,0.04401788015809283,0.508,-0.11306242894419265,-0.016792240142822264,-0.0013880393505096436,3,0,0.5,-0.04679227724596815,0.025454289364078786,-0.04401788015809283,-0.008000000000000007,0.0662701516982245,0.01942802849521827,-0.02333456623280134,-0.019656090909090925,0.06277949319423498,1426078697026,0,0,0,0,0,0,0
2.9736554832601882,0.04369448039041723,0.505,-0.11206759127055603,-0.012720854759216308,-0.0063265786170959475,3,0,0.5,-0.04679227724596815,0.026344516739811752,-0.04369448039041723,-0.0050000000000000044,0.06527531402458789,0.018729829315560588,-0.021273116858488348,0.014774346153846164,0.06068375553088043,1426078697091,0,0,0,0,0,0,0
2.973962675382513,0.043950944673302135,0.502,-0.10993828958312295,0.00414875841140747,0.004338146209716797,3,0,0.5,-0.04679227724596815,0.0260373246174872,-0.043950944673302135,-0.0020000000000000018,0.0631460123371548,0.012195411271347462,-0.02451191828845884,0.01667874179104479,0.053611825677006675,1426078697158,0,0,0,0,0,0,0
2.9731795623424913,0.043646310406619586,0.503,-0.10770426814057026,-0.011174426078796387,-0.0058307390213012695,3,0,0.5,-0.04679227724596815,0.026820437657508744,-0.043646310406619586,-0.0030000000000000027,0.06091199089460211,0.018559227634569207,-0.021354946946803087,-0.005367355555555561,0.050273793549113065,1426078697221,0,0,0,0,0,0,0
2.972329099315995,0.04374278553068696,0.506,-0.1066570705893735,-0.01283858585357666,0.0000674188807606697,3,0,0.5,-0.04679227724596815,0.027670900684004796,-0.04374278553068696,-0.006000000000000005,0.05986479334340535,0.019231233529659348,-0.023643511349398405,-0.01840464615384617,0.05503157387634341,1426078697286,0,0,0,0,0,0,0
2.97103519405214,0.043264693191627755,0.512,-0.10520844731021821,-0.018534860610961913,-0.009196773529052734,3,0,0.5,-0.04679227724596815,0.028964805947860217,-0.043264693191627755,-0.01200000000000001,0.05841617006425006,0.02217950546047117,-0.020378200278411827,-0.038948181818181854,0.051831518795362366,1426078697352,0,0,0,0,0,0,0
2.9699489940432207,0.04292713791761047,0.516,-0.1028871594050658,-0.015671188354492188,-0.006746333122253418,3,0,0.5,-0.04679227724596815,0.030051005956779342,-0.04292713791761047,-0.016000000000000014,0.05609488215909766,0.021729289074122204,-0.020955058121095698,-0.03197246153846157,0.04538124567377888,1426078697417,0,0,0,0,0,0,0
2.9700413470720672,0.042311665385459205,0.522,-0.10094984393535204,0.002326158046722412,-0.009040988922119141,3,0,0.5,-0.04679227724596815,0.02995865292793276,-0.042311665385459205,-0.02200000000000002,0.054157566689383894,0.01536436508128601,-0.019228983387125042,-0.04719738181818185,0.045351587281594066,1426078697483,0,0,0,0,0,0,0
2.970455634085492,0.04142319689851048,0.516,-0.10021680564951456,0.007525744915008545,-0.012632909774780274,3,0,0.5,-0.04679227724596815,0.02954436591450804,-0.04142319689851048,-0.016000000000000014,0.05342452840354641,0.013400248774642555,-0.017216317440345824,0.02213090000000002,0.049988411438683204,1426078697547,0,0,0,0,0,0,0
2.9700284599801767,0.03913839591565977,0.521,-0.09861110273767974,-0.002946575880050659,-0.03474113082885742,3,0,0.5,-0.04679227724596815,0.029971540019823273,-0.03913839591565977,-0.02100000000000002,0.051818825491711594,0.01800653556848393,-0.009697413811433452,-0.0394785873239437,0.045034165300860254,1426078697618,0,0,0,0,0,0,0
2.9694901033144605,0.037840861194661936,0.521,-0.09676105373056591,-0.00611995792388916,-0.020163496017456053,3,0,0.5,-0.04679227724596815,0.030509896685539495,-0.037840861194661936,-0.02100000000000002,0.049968776484597764,0.019328645879594743,-0.012765501865085294,-0.014956700000000014,0.040718531449028615,1426078697678,0,0,0,0,0,0,0
2.971017168254588,0.0365127846959979,0.529,-0.09573130947188928,0.024723411560058594,-0.017615013122558594,3,0,0.5,-0.04679227724596815,0.028982831745412163,-0.0365127846959979,-0.029000000000000026,0.04893903222592113,0.007220880996904565,-0.012542968318307191,-0.06462212307692314,0.044186366416644356,1426078697743,0,0,0,0,0,0,0
2.9721928546610856,0.03414375475232468,0.531,-0.09487609813841207,0.020951210021972658,-0.03368706893920898,3,0,0.5,-0.04679227724596815,0.027807145338914374,-0.03414375475232468,-0.031000000000000028,0.04808382089244392,0.008443956701054193,-0.005575853991701676,-0.03428110000000004,0.04407501776676948,1426078697807,0,0,0,0,0,0,0
2.9730970347734367,0.03224880508727992,0.534,-0.09290387608365828,0.016194442749023437,-0.027011564254760742,3,0,0.5,-0.04679227724596815,0.026902965226563325,-0.03224880508727992,-0.03400000000000003,0.046111598837690136,0.009644263102268024,-0.007556320378550313,-0.04187709090909095,0.03714695313426386,1426078697873,0,0,0,0,0,0,0
2.973395641534782,0.03154828412994086,0.529,-0.0915425192671027,0.005434598445892334,-0.010046972274780273,3,0,0.5,-0.04679227724596815,0.026604358465217803,-0.03154828412994086,-0.029000000000000026,0.044750242021134555,0.01272389242927223,-0.013560973399179216,0.00435575151515151,0.03856225649133646,1426078697939,0,0,0,0,0,0,0
2.9731477788051976,0.02957740205711271,0.528,-0.09018116245054734,-0.0009998591542243957,-0.029779321670532228,3,0,0.5,-0.04679227724596815,0.02685222119480235,-0.02957740205711271,-0.028000000000000025,0.043388885204579196,0.015804029222149706,-0.005531084428979571,-0.016069850000000014,0.03700752512697595,1426078698003,0,0,0,0,0,0,0
2.972951887344822,0.028129001794484056,0.525,-0.08923868465447042,-0.0009698099493980407,-0.021902345657348634,3,0,0.5,-0.04679227724596815,0.027048112655177814,-0.028129001794484056,-0.025000000000000022,0.04244640740850227,0.015587911484377217,-0.008037722035989348,-0.0036344582089552283,0.038226357575322015,1426078698070,0,0,0,0,0,0,0
2.9737176371854352,0.027647860911885723,0.53,-0.08710938296703734,0.012083733558654785,-0.0061647377014160155,3,0,0.5,-0.04679227724596815,0.026282362814564753,-0.027647860911885723,-0.030000000000000027,0.04031710572106919,0.010010849236443025,-0.012749877052621303,-0.05084185000000004,0.030336004061226614,1426078698134,0,0,0,0,0,0,0
2.9747673365606677,0.026155126894387145,0.528,-0.08672541053159848,0.017633790969848632,-0.02093626594543457,3,0,0.5,-0.04679227724596815,0.02523266343933228,-0.026155126894387145,-0.028000000000000025,0.03993313328563033,0.008037867815817112,-0.0066139515223014225,-0.011310869230769242,0.038160952814374045,1426078698199,0,0,0,0,0,0,0
2.975971908945063,0.02429501809329514,0.526,-0.08600982553828065,0.02041742706298828,-0.026231727600097655,3,0,0.5,-0.04679227724596815,0.024028091054936862,-0.02429501809329514,-0.026000000000000023,0.039217548292312505,0.00671578371217121,-0.003873517050334306,-0.010045639393939406,0.03596488923177695,1426078698265,0,0,0,0,0,0,0
2.9786051706798267,0.024210730568834115,0.527,-0.08581783932056133,0.03946152496337891,0.0021334693431854248,3,0,0.5,-0.04679227724596815,0.021394829320173336,-0.024210730568834115,-0.027000000000000024,0.039025562074593186,-0.0019544736460167054,-0.013271499853106803,-0.026856480597014953,0.03816592229376041,1426078698332,0,0,0,0,0,0,0
2.97947705905687,0.023243514759338946,0.523,-0.08463101542920516,0.014273734092712402,-0.013333868980407716,3,0,0.5,-0.04679227724596815,0.020522940943129786,-0.023243514759338946,-0.02300000000000002,0.03783873818323701,0.006755321705255169,-0.008114365884379887,0.002627721212121209,0.03244408413161805,1426078698398,0,0,0,0,0,0,0
2.9808681255202423,0.021705323123548743,0.517,-0.08342673824532912,0.022741666793823244,-0.021226491928100586,3,0,0.5,-0.04679227724596815,0.019131874479757727,-0.021705323123548743,-0.017000000000000015,0.03663446099936097,0.0028425061687745636,-0.00380456223468343,0.019981167741935493,0.030807313335444633,1426078698460,0,0,0,0,0,0,0
2.9821058129357767,0.02199661532566963,0.509,-0.08234463410909257,0.018136640548706055,0.005901233673095703,3,0,0.5,-0.04679227724596815,0.0178941870642233,-0.02199661532566963,-0.009000000000000008,0.03555235686312442,0.003524773305505295,-0.014192797356203136,0.03487504242424245,0.030633701698412827,1426078698526,0,0,0,0,0,0,0
2.9833810629614845,0.021005138168386867,0.497,-0.08229227423153265,0.020287193298339844,-0.013248394012451172,3,0,0.5,-0.04679227724596815,0.01661893703851547,-0.021005138168386867,0.0030000000000000027,0.035499996985564504,0.0024872547045246595,-0.006743629987215908,0.06769500000000006,0.0352545600595024,1426078698590,0,0,0,0,0,0,0
2.9871240655866638,0.01950165350970224,0.492,-0.08166395570081478,0.05780882263183594,-0.017860860824584962,3,0,0.5,-0.04679227724596815,0.012875934413336232,-0.01950165350970224,0.008000000000000007,0.03487167845484663,-0.01225098125890993,-0.0034538747479343646,0.03263795151515154,0.03201568513340174,1426078698656,0,0,0,0,0,0,0
2.9876124239145536,0.01782021054256291,0.491,-0.07997098632638025,0.009358372688293457,-0.024540035247802735,3,0,0.5,-0.04679227724596815,0.012387576085446383,-0.01782021054256291,0.009000000000000008,0.0331787090804121,0.0048854634262126325,-0.0020694153858172113,0.012057363768115953,0.025817972669827202,1426078698725,0,0,0,0,0,0,0
2.988035272813646,0.01560601329590898,0.495,-0.0794997474283419,0.008975705146789551,-0.032600116729736325,3,0,0.5,-0.04679227724596815,0.011964727186354107,-0.01560601329590898,0.0050000000000000044,0.03270747018237375,0.004771586794789739,0.0029984495662482916,-0.018764745161290335,0.03042728196605915,1426078698787,0,0,0,0,0,0,0
2.9901089492373822,0.01218659369775073,0.498,-0.07894124206770384,0.03508025360107422,-0.0486590461730957,3,0,0.5,-0.04679227724596815,0.009891050762617759,-0.01218659369775073,0.0020000000000000018,0.03214896482173569,-0.005212288850087277,0.010900810286839178,-0.014977550000000013,0.029530970943744773,1426078698851,0,0,0,0,0,0,0
2.992757951585855,0.008843016525021528,0.497,-0.07782423134642727,0.04356637191772461,-0.046863990783691405,3,0,0.5,-0.04679227724596815,0.007242048414144886,-0.008843016525021528,0.0030000000000000027,0.03103195410045912,-0.009455523550015681,0.011870777068961051,0.007632815384615391,0.025876520002259578,1426078698916,0,0,0,0,0,0,0
2.993815780288644,0.0064651850901039,0.502,-0.07679448708775086,0.018592395782470704,-0.03432588958740234,3,0,0.5,-0.04679227724596815,0.006184219711355965,-0.0064651850901039,-0.0020000000000000018,0.030002209841782708,-0.0013261951832362158,0.00766126083520014,-0.028280151515151536,0.025321554120526286,1426078698982,0,0,0,0,0,0,0
2.9956078247413105,0.004956053180016425,0.501,-0.07667231404011113,0.028538129806518556,-0.020508003234863282,3,0,0.5,-0.04679227724596815,0.004392175258689512,-0.004956053180016425,-0.0010000000000000009,0.02988003679414298,-0.005699569699339805,0.00345771189390978,0.004100563768115945,0.029348849630491985,1426078699051,0,0,0,0,0,0,0
2.995437801440076,0.002621375044183631,0.5,-0.07642796794483167,0.00013959074020385742,-0.035112636566162106,3,0,0.5,-0.04679227724596815,0.004562198559924013,-0.002621375044183631,0,0.029635690698863522,0.004453848981076107,0.01036412920981434,0.005565804918032792,0.028433988590931766,1426078699112,0,0,0,0,0,0,0
2.9956745093315797,0.0009505946488474984,0.509,-0.07510151771331633,0.00545380449295044,-0.024717443466186522,3,0,0.5,-0.04679227724596815,0.004325490668420251,-0.0009505946488474984,-0.009000000000000008,0.02830924046734818,0.002107537205881157,0.0066633968591991895,-0.055158572727272766,0.02227992123318754,1426078699178,0,0,0,0,0,0,0
2.9965180508297706,-0.000120525963974834,0.504,-0.07452555906015815,0.01382296371459961,-0.015072144508361817,3,0,0.5,-0.04679227724596815,0.0034819491702293703,0.000120525963974834,-0.0040000000000000036,0.02773328181419,-0.0016698535423658538,0.004196526087422969,0.02388685000000002,0.025033475627511022,1426078699242,0,0,0,0,0,0,0
2.996838842334488,-0.0012520298447283723,0.503,-0.07382742735936024,0.006062234878540039,-0.016567171096801756,3,0,0.5,-0.04679227724596815,0.003161157665512171,0.0012520298447283723,-0.0030000000000000027,0.027035150113392088,0.0010837875670961664,0.004905812883757528,0.002626330303030304,0.023861824200674314,1426078699308,0,0,0,0,0,0,0
2.9976911748294626,-0.002514384340572355,0.496,-0.07387978723692015,0.01414683723449707,-0.017940711975097657,3,0,0.5,-0.04679227724596815,0.002308825170537432,0.002514384340572355,0.0040000000000000036,0.027087509990952004,-0.0016708054203917466,0.005509046996910414,0.03606100810810814,0.027299779764843553,1426078699382,0,0,0,0,0,0,0
2.997341985400732,-0.004196276970741051,0.498,-0.07229153761760523,-0.003361380338668823,-0.025546188354492187,3,0,0.5,-0.04679227724596815,0.002658014599267844,0.004196276970741051,0.0020000000000000018,0.025499260371637085,0.0046807523184030815,0.010709200488417581,-0.010916401754385975,0.017140051848926988,1426078699438,0,0,0,0,0,0,0
2.9973999063970584,-0.004040324457129475,0.494,-0.07271041663808411,0.0006975822448730468,0.0023959310054779055,3,0,0.5,-0.04679227724596815,0.0026000936029415556,0.004040324457129475,0.006000000000000005,0.025918139392115964,0.0021974539781597644,-0.0005333047485541724,0.02614176153846156,0.02785142717894156,1426078699504,0,0,0,0,0,0,0
2.9956977362060133,-0.0028693542165536936,0.492,-0.07204719152232622,-0.026741090774536132,0.015663296699523925,3,0,0.5,-0.04679227724596815,0.004302263793986683,0.0028693542165536936,0.008000000000000007,0.02525491427635807,0.012671918042699301,-0.006680952681229943,0.017192000000000016,0.02214604654624295,1426078699568,0,0,0,0,0,0,0
2.994552999126178,-0.00101172134323708,0.498,-0.07087782092348996,-0.019132331848144533,0.026556148529052734,3,0,0.5,-0.04679227724596815,0.005447000873822105,0.00101172134323708,0.0020000000000000018,0.02408554367752181,0.010009713794285363,-0.011056441297756158,-0.03035048181818184,0.018770222773720622,1426078699634,0,0,0,0,0,0,0
2.9935557770765744,0.0006028899108359658,0.494,-0.06948155752189436,-0.016635938644409178,0.02309903335571289,3,0,0.5,-0.04679227724596815,0.006444222923425613,-0.0006028899108359658,0.006000000000000005,0.02268928027592621,0.009574892016735198,-0.010323572572675356,0.02529673529411767,0.01652929468065151,1426078699702,0,0,0,0,0,0,0
2.9935990351681268,0.0025662988983700414,0.494,-0.06859143960337713,-0.0013973588943481446,0.029425121307373046,3,0,0.5,-0.04679227724596815,0.006400964831873246,-0.0025662988983700414,0.006000000000000005,0.02179916235740898,0.004188031350844587,-0.013733813296467768,0.004746900000000004,0.017626734614359464,1426078699766,0,0,0,0,0,0,0
2.992664080117228,0.004675053295718655,0.5,-0.0666890307187036,-0.016159284591674806,0.030595741271972655,3,0,0.5,-0.04679227724596815,0.007335919882772046,-0.004675053295718655,0,0.019896753472735458,0.010090892921212699,-0.015769045085633697,-0.03338643333333336,0.010837663545718681,1426078699829,0,0,0,0,0,0,0
2.9940352153290366,0.006584837478067997,0.502,-0.06627015169822473,0.018612300872802735,0.029953662872314452,3,0,0.5,-0.04679227724596815,0.005964784670963397,-0.006584837478067997,-0.0020000000000000018,0.01947787445225658,-0.00294751963502879,-0.014989531345087122,-0.01211426119402986,0.017602296748619805,1426078699896,0,0,0,0,0,0,0
2.9937402137676834,0.007521610341680298,0.505,-0.06583381938522617,-0.005345829963684082,0.013727716445922852,3,0,0.5,-0.04679227724596815,0.0062597862323166,-0.007521610341680298,-0.0050000000000000044,0.019041542139258023,0.005979923826337976,-0.010609223670730979,-0.02050475000000002,0.016996234422077296,1426078699960,0,0,0,0,0,0,0
2.9933223184639686,0.009007811987663261,0.508,-0.0645248224462305,-0.007721425533294678,0.021832355499267576,3,0,0.5,-0.04679227724596815,0.006677681536031432,-0.009007811987663261,-0.008000000000000007,0.017732545200262358,0.006796100418452652,-0.014116665416815711,-0.022460390909090928,0.011782559113918423,1426078700026,0,0,0,0,0,0,0
2.9930936446953837,0.009794359327860623,0.509,-0.06304129258203542,-0.004183717727661133,0.011552484512329101,3,0,0.5,-0.04679227724596815,0.006906355304616252,-0.009794359327860623,-0.009000000000000008,0.01624901533606727,0.005949305582994439,-0.01093626587852738,-0.012877650000000011,0.009294969097652796,1426078700090,0,0,0,0,0,0,0
2.99334360640155,0.009274465685758376,0.511,-0.062395520758797424,0.0042332735061645504,-0.007546701431274414,3,0,0.5,-0.04679227724596815,0.006656393598449828,-0.009274465685758376,-0.01100000000000001,0.015603243512829275,0.003232144065213552,-0.0035814893898401933,-0.019849630769230783,0.01262275817480776,1426078700155,0,0,0,0,0,0,0
2.9934510618682046,0.007267328299752421,0.517,-0.06133086991508099,0.003486022472381592,-0.029947967529296876,3,0,0.5,-0.04679227724596815,0.0065489381317953566,-0.007267328299752421,-0.017000000000000015,0.014538592669112844,0.003958846683746814,0.005261765943192078,-0.04581078181818186,0.009699270652219979,1426078700221,0,0,0,0,0,0,0
2.9943140481436554,0.0046720687985439616,0.525,-0.061121430404841554,0.015306502342224122,-0.03806228256225586,3,0,0.5,-0.04679227724596815,0.005685951856344573,-0.0046720687985439616,-0.025000000000000022,0.014329153158873405,-0.0005459601648812465,0.009886922706018958,-0.06363202307692313,0.013362509265460606,1426078700286,0,0,0,0,0,0,0
2.9946366017970707,0.0013684750526563854,0.523,-0.059777526880806085,0.007856190204620361,-0.04916583251953125,3,0,0.5,-0.04679227724596815,0.005363398202929304,-0.0013684750526563854,-0.02300000000000002,0.012985249634837936,0.002258223889138995,0.014820907732963112,-0.00866143880597016,0.006967771169007482,1426078700353,0,0,0,0,0,0,0
2.9942842722510474,-0.002272659521490428,0.519,-0.058328903601650786,-0.002012577295303345,-0.05483519744873047,3,0,0.5,-0.04679227724596815,0.00571572774895257,0.002272659521490428,-0.019000000000000017,0.011536626355682637,0.006049830704297001,0.019297804954933696,0.005844200000000004,0.004746204734642173,1426078700417,0,0,0,0,0,0,0
2.994777910852094,-0.005057829022082125,0.519,-0.057526052145733045,0.00982744312286377,-0.04127483749389648,3,0,0.5,-0.04679227724596815,0.005222089147905784,0.005057829022082125,-0.019000000000000017,0.010733774899764896,0.0012215495512684646,0.01577828913337611,-0.016154300000000014,0.007028306641683014,1426078700482,0,0,0,0,0,0,0
