0,0,0.741,0,-0.031443864822387695,-0.04573798370361328,0,0,1,0,0,0,0.259,0,0,0,0.20720000000000002,0,0,0,0,0,0,0,0,0
-0.003197670237223307,-0.0032222399393717445,0.739,0.0005235987755984882,-0.04796505355834961,-0.04833359909057617,0,0,1,0,0.003197670237223307,0.0032222399393717445,0.261,-0.0005235987755984882,0.01881913795854519,0.0189637371761097,0.22126573076923078,-0.002940208509129972,0,0,0,0,0,0,0,0
-0.004273943247290221,-0.0053660820175543255,0.736,0.00010471975511983078,-0.016160930633544922,-0.032149173736572265,0,0,1,0,0.004273943247290221,0.0053660820175543255,0.264,-0.00010471975511983078,0.008027653456781006,0.01441270612228998,0.23099235000000004,0.0018587756533738758,0,0,0,0,0,0,0,0
-0.0037388628529550464,-0.00904457748739047,0.735,-0.0002617993877989112,0.008020427703857422,-0.055178272247314454,0,0,1,0,0.0037388628529550464,0.00904457748739047,0.265,0.0002617993877989112,-0.0009608346604239003,0.0240409598593895,0.22243813030303033,0.001927795491975011,0,0,0,0,0,0,0,0
-0.004967075893125845,-0.0133741500926229,0.738,-0.0010821041362365502,-0.018406192779541017,-0.06494841003417968,0,0,1,0,0.004967075893125845,0.0133741500926229,0.262,0.0010821041362365502,0.009107502836397777,0.030020349672409012,0.20028425384615386,0.004868126052102576,0,0,0,0,0,0,0,0
-0.004438055793313241,-0.018656174004098115,0.739,-0.0012391837689160745,0.008021032333374024,-0.07922172546386719,0,0,1,0,0.004438055793313241,0.018656174004098115,0.261,0.0012391837689160745,-0.0006161470771534928,0.0378020720979412,0.21194998461538464,0.0019641666889754173,0,0,0,0,0,0,0,0
-0.002887515125366683,-0.02520478164975712,0.744,-0.0006632251157578928,0.02337981605529785,-0.0982002182006836,0,0,1,0,0.002887515125366683,0.02520478164975712,0.256,0.0006632251157578928,-0.006890035893170425,0.04791282528983267,0.18807552307692307,-0.0019950455911260227,0,0,0,0,0,0,0,0
0.0005705680572375789,-0.034556964279029774,0.751,0.0005061454830783685,0.05196427536010742,-0.14024830627441406,0,0,1,0,-0.0005705680572375789,0.034556964279029774,0.249,-0.0005061454830783685,-0.018335008270444073,0.066205021670708,0.1744997358208955,-0.005742133239061627,0,0,0,0,0,0,0,0
0.004849363196104327,-0.04286797052895241,0.758,-0.00012217304763950665,0.06411882019042969,-0.12469756317138672,0,0,1,0,-0.004849363196104327,0.04286797052895241,0.242,0.00012217304763950665,-0.02581255670753046,0.0669840903492748,0.16873444999999998,0.0030674161603795463,0,0,0,0,0,0,0,0
0.012495289665381357,-0.051577305192092936,0.768,-0.0007853981633973994,0.11470485687255859,-0.13062600708007813,0,0,1,0,-0.012495289665381357,0.051577305192092936,0.23199999999999998,0.0007853981633973994,-0.04741435426088103,0.07281788491686605,0.14667754615384612,0.0038464371592030586,0,0,0,0,0,0,0,0
0.02187794086871869,-0.06095512499530979,0.775,-0.000541052068118164,0.14085020446777344,-0.1405567169189453,0,0,1,0,-0.02187794086871869,0.06095512499530979,0.22499999999999998,0.000541052068118164,-0.06070622966147757,0.08038147037687751,0.15928748787878783,-0.0005696120013329061,0,0,0,0,0,0,0,0
0.03230856377645968,-0.06927841702157668,0.782,-0.0005759586531579596,0.15652687072753907,-0.12476470947265625,0,0,1,0,-0.03230856377645968,0.06927841702157668,0.21799999999999997,0.0005759586531579596,-0.07235095060788495,0.07967501106354156,0.15453339230769228,0.000737065968726247,0,0,0,0,0,0,0,0
0.04410678781939281,-0.07669952628546724,0.791,0.0009424777960767018,0.17703744506835936,-0.11121469116210937,0,0,1,0,-0.04410678781939281,0.07669952628546724,0.20899999999999996,-0.0009424777960767018,-0.0856427381540072,0.078577513205546,0.1379226615384615,-0.007950646023313601,0,0,0,0,0,0,0,0
0.05339422859920106,-0.08362642984302987,0.797,0.002565634000431638,0.139213623046875,-0.10403480529785156,0,0,1,0,-0.05339422859920106,0.08362642984302987,0.20299999999999996,-0.002565634000431638,-0.07680156260644372,0.07943421451426723,0.1505960076923077,-0.010057124174377497,0,0,0,0,0,0,0,0
0.0639579323868268,-0.08915995085430997,0.806,0.00026179938779913314,0.15824208068847656,-0.08340908050537109,0,0,1,0,-0.0639579323868268,0.08915995085430997,0.19399999999999995,-0.00026179938779913314,-0.08899717258301762,0.0747560998925951,0.12850316153846147,0.010371283439735503,0,0,0,0,0,0,0,0
0.07244254777150295,-0.09355467085924588,0.817,-0.00010471975511960885,0.12725196838378905,-0.06595411682128906,0,0,1,0,-0.07244254777150295,0.09355467085924588,0.18300000000000005,0.00010471975511960885,-0.08139998291801026,0.07052465696890743,0.11103916666666727,0.0017707158592957088,0,0,0,0,0,0,0,0
0.07890942860535444,-0.09602689527332575,0.826,-0.000541052068118164,0.09700709533691407,-0.03707320785522461,0,0,1,0,-0.07890942860535444,0.09602689527332575,0.17400000000000004,0.000541052068118164,-0.07202889160972242,0.0608837767135295,0.11839050000000001,0.0024110476952548285,0,0,0,0,0,0,0,0
0.08670420091704081,-0.09825983815666907,0.835,-0.001099557428756448,0.11693968963623047,-0.033430877685546874,0,0,1,0,-0.08670420091704081,0.09825983815666907,0.16500000000000004,0.001099557428756448,-0.08911340126836229,0.0627235821405318,0.10468049999999998,0.0038920842319478685,0,0,0,0,0,0,0,0
0.09280124830684897,-0.09837979015298061,0.845,-0.0009075712110369061,0.09145763397216797,-0.0016987180709838866,0,0,1,0,-0.09280124830684897,0.09837979015298061,0.15500000000000003,0.0009075712110369061,-0.079582995799052,0.050467900214205434,0.09634184615384617,0.00002148097540825096,0,0,0,0,0,0,0,0
0.09933826005880282,-0.09765696848741391,0.854,-0.0006632251157578928,0.09804529571533203,0.010931312561035156,0,0,1,0,-0.09933826005880282,0.09765696848741391,0.14600000000000002,0.0006632251157578928,-0.08475278116265418,0.045691902419682295,0.09622432727272726,-0.00044743895369216764,0,0,0,0,0,0,0,0
0.10210531947163326,-0.09646446136729055,0.864,-0.0012217304763959547,0.0414940185546875,0.017915130615234375,0,0,1,0,-0.10210531947163326,0.09646446136729055,0.136,0.0012217304763959547,-0.06643625859932105,0.04257030377041673,0.08298944615384612,0.0037994475254947016,0,0,0,0,0,0,0,0
0.1026195806591559,-0.09401763731894348,0.863,-0.0009599310885970436,0.007669071674346924,0.03671175765991211,0,0,1,0,-0.1026195806591559,0.09401763731894348,0.137,0.0009599310885970436,-0.05462963993808421,0.03465398898160367,0.1439107153846154,-0.00024837377816716143,0,0,0,0,0,0,0,0
0.10412314336684776,-0.09125511757053015,0.867,-0.002652900463031349,0.022513652801513673,0.04145942687988281,0,0,1,0,-0.10412314336684776,0.09125511757053015,0.133,0.002652900463031349,-0.06077610952064519,0.03163214501038407,0.11465213846153843,0.010466605268112758,0,0,0,0,0,0,0,0
0.10367379473104851,-0.08861379779187982,0.875,-0.003473205211468544,-0.00684531307220459,0.039601776123046876,0,0,1,0,-0.10367379473104851,0.08861379779187982,0.125,0.003473205211468544,-0.050103146704368606,0.03102169931142444,0.08752617692307689,0.007259227127332521,0,0,0,0,0,0,0,0
0.10129328654487325,-0.0843630354059438,0.876,-0.0027227136331111623,-0.035928863525390625,0.06363703155517578,0,0,1,0,-0.10129328654487325,0.0843630354059438,0.124,0.0027227136331111623,-0.03858018182243355,0.020284924667624236,0.12522448461538463,-0.0007410936516152153,0,0,0,0,0,0,0,0
0.09887813719497876,-0.07996233018325083,0.881,-0.003473205211468544,-0.03640683364868164,0.06591169738769531,0,0,1,0,-0.09887813719497876,0.07996233018325083,0.119,0.003473205211468544,-0.03744837753168272,0.017688994583209695,0.10087934848484849,0.006884530567638461,0,0,0,0,0,0,0,0
0.09333630555252087,-0.07587285042306395,0.889,-0.004101523742186641,-0.08334002685546875,0.06105310821533203,0,0,1,0,-0.09333630555252087,0.07587285042306395,0.11099999999999999,0.004101523742186641,-0.01770510857697025,0.017010369574760265,0.07863907692307688,0.007001455422424013,0,0,0,0,0,0,0,0
0.0900604304449484,-0.0714726672668702,0.889,-0.004956735075663854,-0.049408424377441404,0.06580065155029297,0,0,1,0,-0.0900604304449484,0.0714726672668702,0.11099999999999999,0.004956735075663854,-0.0291079221596024,0.014231153502947805,0.12247079999999999,0.008729726252769203,0,0,0,0,0,0,0,0
0.08381646239088461,-0.06758863043357377,0.894,-0.0054454272662223255,-0.09394715118408203,0.05779559326171875,0,0,1,0,-0.08381646239088461,0.06758863043357377,0.10599999999999998,0.0054454272662223255,-0.009790427073106373,0.01438458009656151,0.09265524848484845,0.007666755405124469,0,0,0,0,0,0,0,0
0.07808148102869031,-0.06261893535129584,0.9,-0.005846852994181085,-0.08642937469482422,0.07407588195800781,0,0,1,0,-0.07808148102869031,0.06261893535129584,0.09999999999999998,0.005846852994181085,-0.0077084039255196635,0.004480991017215278,0.08111943225806448,0.007789235548820245,1426173930181,0,0,0,0,0,0,0
0.07225274039649507,-0.05750463477288658,0.906,-0.008360127117052585,-0.0878781509399414,0.07620200347900391,0,0,1,0,-0.07225274039649507,0.05750463477288658,0.09399999999999997,0.008360127117052585,-0.005830366196209219,0.002477407467745031,0.07849370769230767,0.01995985383799797,1426173930181,0,0,0,0,0,0,0
0.06605352827512616,-0.052529060980046824,0.91,-0.008203047484373284,-0.09360887145996094,0.0738536148071289,0,0,1,0,-0.06605352827512616,0.052529060980046824,0.08999999999999997,0.008203047484373284,-0.0007788484487376707,0.0007707548447979731,0.08664793846153843,0.0074780645643149745,1426173930181,0,0,0,0,0,0,0
0.06153932949653953,-0.04698209167235916,0.918,-0.008115781021773575,-0.06839322662353516,0.08264629364013672,0,0,1,0,-0.06153932949653953,0.04698209167235916,0.08199999999999996,0.008115781021773575,-0.008361717960897078,-0.004156405954078218,0.060544755223880545,0.0077250356668495035,1426173930181,0,0,0,0,0,0,0
0.05505670860880487,-0.042024209307584624,0.925,-0.008011061266653968,-0.09783966064453126,0.07357662200927734,0,0,1,0,-0.05505670860880487,0.042024209307584624,0.07499999999999996,0.008011061266653968,0.007277831833434299,-0.005175957461348874,0.05831941111111105,0.00751239576608441,1426173930181,0,0,0,0,0,0,0
0.05050656173521604,-0.03720209879936893,0.931,-0.008307767239492897,-0.06882946014404297,0.0717825698852539,0,0,1,-0.00801106126665397,-0.05050656173521604,0.03720209879936893,0.06899999999999995,0.000296705972838927,-0.02525328086760802,0.018601049399684464,0.055199999999999964,0.000296705972838927,1426173930181,0,0,0,0,0,0,0
0.045042457059907684,-0.03265233332497333,0.935,-0.008447393579652745,-0.08252571105957031,0.06756321716308594,0,0,1,-0.00801106126665397,-0.045042457059907684,0.03265233332497333,0.06499999999999995,0.00043633231299877555,0.006871595970771437,-0.008151346490674543,0.030884038461538407,0.0010807615752749995,1426173930572,0,0,0,0,0,0,0
0.039415762545275325,-0.02993990543930435,0.943,-0.00837758040957271,-0.08474109649658203,0.03997201156616211,0,0,1,-0.00801106126665397,-0.039415762545275325,0.02993990543930435,0.05700000000000005,0.00036651914291874026,0.01053480673263936,0.0004052567520159752,0.003316076923077532,0.000044304511780115846,1426173930637,0,0,0,0,0,0,0
0.03584646075691208,-0.026745561798200094,0.947,-0.011239920382843497,-0.05393905639648437,0.04746494674682617,0,0,1,-0.00801106126665397,-0.03584646075691208,0.026745561798200094,0.05300000000000005,0.0032288591161895273,0.001217888901264539,-0.0037694614441726396,0.021999038461538487,0.01643965899282393,1426173930702,0,0,0,0,0,0,0
0.03209065687141225,-0.025169407755366923,0.947,-0.010751228192285025,-0.0565992317199707,0.023007606506347655,0,0,1,-0.00801106126665397,-0.03209065687141225,0.025169407755366923,0.05300000000000005,0.002740166925631055,0.003772435505567922,0.004300992605779588,0.043887300000000046,0.0005188387867289075,1426173930768,0,0,0,0,0,0,0
0.03088246567621402,-0.022901860078303443,0.953,-0.010873401239924753,-0.018487497329711913,0.033816410064697267,0,0,1,-0.00801106126665397,-0.03088246567621402,0.022901860078303443,0.04700000000000004,0.0028623399732707836,-0.008953079893169963,-0.0008603827498549158,0.006575600000000008,0.003435026134082012,1426173930832,0,0,0,0,0,0,0
0.029688516619733422,-0.0205091447237165,0.954,-0.011449359893082935,-0.018298423767089844,0.035693878173828124,0,0,1,-0.00801106126665397,-0.029688516619733422,0.0205091447237165,0.04600000000000004,0.0034382986264289653,-0.008838263128968325,-0.0019575895278163852,0.03375384117647062,0.005979292684479767,1426173930900,0,0,0,0,0,0,0
0.02829538254412707,-0.018202956804782497,0.959,-0.011414453308042916,-0.021291698455810547,0.03435129928588867,0,0,1,-0.00801106126665397,-0.02829538254412707,0.018202956804782497,0.041000000000000036,0.003403392041388946,-0.006565214454802406,-0.0035959240516642496,0.007381422222222232,0.0032371702078650443,1426173930963,0,0,0,0,0,0,0
0.02811394341440429,-0.015571666251316148,0.961,-0.011013027580084156,-0.0031719210147857667,0.03943572235107422,0,0,1,-0.00801106126665397,-0.02811394341440429,0.015571666251316148,0.039000000000000035,0.0030019663134301863,-0.013255422777252493,-0.006257780235733193,0.02304346923076925,0.0011492321843897574,1426173931028,0,0,0,0,0,0,0
0.027017279060718356,-0.01268572080422543,0.962,-0.009494591130849273,-0.016925703048706053,0.04310539627075195,0,0,1,-0.00801106126665397,-0.027017279060718356,0.01268572080422543,0.038000000000000034,0.001483529864195303,-0.008139922252381734,-0.008162365933462434,0.028202436231884086,-0.005118367741173754,1426173931097,0,0,0,0,0,0,0
0.025059288606630672,-0.009563479750629753,0.962,-0.008307767239492891,-0.029813192367553712,0.04655265426635742,0,0,1,-0.00801106126665397,-0.025059288606630672,0.009563479750629753,0.038000000000000034,0.0002967059728389218,-0.0016860820658932702,-0.012704257720502366,0.033510500000000026,-0.005445990275659697,1426173931159,0,0,0,0,0,0,0
0.02449787179815364,-0.006792733942940409,0.963,-0.00755727566113551,-0.008766238212585448,0.041489791870117185,0,0,1,-0.00801106126665397,-0.02449787179815364,0.006792733942940409,0.03700000000000003,-0.00045378560551846,-0.009451455612453393,-0.011379061515412429,0.02756638461538464,-0.003917592890244837,1426173931224,0,0,0,0,0,0,0
0.022599758124201477,-0.004143265177254535,0.965,-0.006527531402458875,-0.028771230697631836,0.039525730133056644,0,0,1,-0.00801106126665397,-0.022599758124201477,0.004143265177254535,0.03500000000000003,-0.0014835298641950947,-0.0013194901118534722,-0.012048072549717629,0.020809269230769253,-0.00623619567347187,1426173931289,0,0,0,0,0,0,0
0.0216651984899702,-0.0005621935924763045,0.967,-0.007086036763096936,-0.014368726730346679,0.053623424530029294,0,0,1,-0.00801106126665397,-0.0216651984899702,0.0005621935924763045,0.03300000000000003,-0.0009250245035570337,-0.006131123355935495,-0.018562398148965324,0.01959023939393941,0.001613636226615971,1426173931355,0,0,0,0,0,0,0
0.021003556811156066,0.003067437391651498,0.964,-0.006422811647339265,-0.010310168266296387,0.05437277221679687,0,0,1,-0.00801106126665397,-0.021003556811156066,-0.003067437391651498,0.03600000000000003,-0.0015882496193147045,-0.007207266925927715,-0.020932843181545334,0.04898414615384619,-0.004649288615119339,1426173931420,0,0,0,0,0,0,0
0.021178613101512297,0.0068031739539569525,0.967,-0.006091199089460097,0.0022658836841583253,0.0560517578125,0,0,1,-0.00801106126665397,-0.021178613101512297,-0.0068031739539569525,0.03300000000000003,-0.001919862177193873,-0.011760060967203985,-0.022210627174635473,0.015440608695652188,-0.0033616559071033007,1426173931489,0,0,0,0,0,0,0
0.02023483613987747,0.009047897857547034,0.967,-0.006126105674499892,-0.014361486434936524,0.033584003448486326,0,0,1,-0.00801106126665397,-0.02023483613987747,-0.009047897857547034,0.03300000000000003,-0.0018849555921540773,-0.004997435331920935,-0.017268683365857764,0.030859300000000027,-0.0017132838624501646,1426173931550,0,0,0,0,0,0,0
0.020150068604874186,0.011654244050820474,0.967,-0.00637045176977935,-0.00151098895072937,0.039086669921875,0,0,1,-0.00801106126665397,-0.020150068604874186,-0.011654244050820474,0.03300000000000003,-0.00164060949687462,-0.009954088576038187,-0.01892093114218141,0.031087000000000028,-0.0005782351695726314,1426173931619,0,0,0,0,0,0,0
0.020726157290577488,0.014569163296962196,0.968,-0.007417649320976104,0.008362616539001465,0.043777950286865236,0,0,1,-0.00801106126665397,-0.020726157290577488,-0.014569163296962196,0.03200000000000003,-0.0005934119456778653,-0.013937076934751748,-0.023622016306685485,0.024840238709677446,0.004473672979467722,1426173931681,0,0,0,0,0,0,0
0.021323192438830713,0.015380835700917483,0.969,-0.007330382858375949,0.008864971160888671,0.01224117946624756,0,0,1,-0.00801106126665397,-0.021323192438830713,-0.015380835700917483,0.031000000000000028,-0.0006806784082780204,-0.014070955759185625,-0.011760847792797614,0.02474914117647061,-0.0010656775079845872,1426173931749,0,0,0,0,0,0,0
0.020946334408199773,0.015710187849120812,0.971,-0.0071209433481367315,-0.005688932418823242,0.004898712158203125,0,0,1,-0.00801106126665397,-0.020946334408199773,-0.015710187849120812,0.029000000000000026,-0.0008901179185172381,-0.00879393128391032,-0.009531444524579593,0.01771546923076925,-0.001856761811929012,1426173931814,0,0,0,0,0,0,0
0.018732175762835368,0.014724085270140682,0.971,-0.0054628805587422224,-0.03310620880126953,-0.015027665138244628,0,0,1,-0.00801106126665397,-0.018732175762835368,-0.014724085270140682,0.029000000000000026,-0.002548180707911747,0.00219412928078316,-0.0019647461287580284,0.028673200000000027,-0.010200778197424865,1426173931879,0,0,0,0,0,0,0
0.016364094767848808,0.01235306608218883,0.972,-0.005131268000863276,-0.03532639694213867,-0.03575880432128906,0,0,1,-0.00801106126665397,-0.016364094767848808,-0.01235306608218883,0.028000000000000025,-0.0028797932657906936,0.004601473220467472,0.007075526737955534,0.022494044444444465,-0.004458900684261867,1426173931942,0,0,0,0,0,0,0
0.012759388002889468,0.00960198889193648,0.973,-0.006998770300497448,-0.0538581428527832,-0.04154306411743164,0,0,1,-0.00801106126665397,-0.012759388002889468,-0.00960198889193648,0.027000000000000024,-0.0010122909661565219,0.012355269087279831,0.009861444904341968,0.02212476969696972,0.007476355850362441,1426173932008,0,0,0,0,0,0,0
0.007005701063993368,0.0061201820729629465,0.976,-0.00900589894029058,-0.0859376678466797,-0.05282984924316406,0,0,1,-0.00801106126665397,-0.007005701063993368,-0.0061201820729629465,0.02400000000000002,0.0009948376736366102,0.02662359577702362,0.015473390358091102,0.009277109090909102,0.010118149672696301,1426173932074,0,0,0,0,0,0,0
0.004192559732199781,0.0013201006876901273,0.976,-0.010419615634406298,-0.041546981811523435,-0.0723783187866211,0,0,1,-0.00801106126665397,-0.004192559732199781,-0.0013201006876901273,0.02400000000000002,0.002408554367752329,0.012663149182251962,0.02525503798951227,0.025342200000000023,0.008933400648286415,1426173932139,0,0,0,0,0,0,0
0.001044047998688394,-0.005233554218559413,0.977,-0.011903145498601388,-0.04620083236694336,-0.09879157257080078,0,0,1,-0.00801106126665397,-0.001044047998688394,0.005233554218559413,0.02300000000000002,0.0038920842319474184,0.016580795057336364,0.03909776443085734,0.019131544444444464,0.01095651215668594,1426173932202,0,0,0,0,0,0,0
-0.00230907040680067,-0.010779003411562894,0.977,-0.011641346110802033,-0.049303112030029295,-0.08377452087402344,0,0,1,-0.00801106126665397,0.00230907040680067,0.010779003411562894,0.02300000000000002,0.003630284844148063,0.018283459662340355,0.03443728147709922,0.02484120000000002,0.002458048779374831,1426173932269,0,0,0,0,0,0,0
-0.005467870039379859,-0.01567514490707701,0.979,-0.01235693110411984,-0.04652383804321289,-0.07398872375488282,0,0,1,-0.00801106126665397,0.005467870039379859,0.01567514490707701,0.02100000000000002,0.00434586983746587,0.01885142488411669,0.03350394868953689,0.012934138805970163,0.007549981747844107,1426173932336,0,0,0,0,0,0,0
-0.00770452831801639,-0.019997136457481,0.983,-0.011100294042683867,-0.032746234893798826,-0.06523948669433594,0,0,1,-0.00801106126665397,0.00770452831801639,0.019997136457481,0.017000000000000015,0.0030892327760298974,0.016099635454742304,0.03449882352812859,-0.00229334516129032,-0.0029912691341441614,1426173932398,0,0,0,0,0,0,0
-0.008248279127109251,-0.024084355928063773,0.984,-0.010698868314725107,-0.0074752335548400875,-0.06139505004882812,3,0,1,0,3.0082482791271095,0.024084355928063773,0.016000000000000014,0.010698868314725107,1.5041241395635547,0.012042177964031887,0.012800000000000013,0.010698868314725107,0,0,0,0,0,0,0,0
-0.006974700409407077,-0.02546858228703707,0.988,-0.010611601852125396,0.01932472801208496,-0.020557823181152343,3,0,1,0,3.006974700409407,0.02546858228703707,0.01200000000000001,0.010611601852125396,1.5043532372873603,0.01630552781395728,-0.0004545781021897781,0.010420507408476394,0,0,0,0,0,0,0,0
-0.0074006006225193054,-0.02676451198162266,0.991,-0.009250245035569815,-0.006181869029998779,-0.01950564193725586,3,0,1,0,3.0074006006225193,0.02676451198162266,0.009000000000000008,0.009250245035569815,1.5120679748810613,0.020412627852178098,-0.008730946153846158,0.0029670597283902094,0,0,0,0,0,0,0,0
-0.005845755531259043,-0.02792567508448251,0.996,-0.008552113334772127,0.023482791900634764,-0.017200963973999023,3,0,1,0,3.005845755531259,0.02792567508448251,0.0040000000000000036,0.008552113334772127,1.5017308212498963,0.02080533327116236,-0.02571976666666669,0.005061454830783685,0,0,0,0,0,0,0,0
0.0010762723124374011,-0.028942104399917377,0.999,-0.008552113334772127,0.1039570083618164,-0.01435792350769043,3,0,1,0,2.9989237276875627,0.028942104399917377,0.0010000000000000009,0.008552113334772127,1.472611303273797,0.01994935374507407,-0.01485559090909092,0.008552113334772127,0,0,0,0,0,0,0,0
0.010597751515272156,-0.029223938623419956,0.998,-0.008150687606813365,0.1428531188964844,-0.003005942106246948,3,0,1,0,2.989402248484728,0.029223938623419956,0.0020000000000000018,0.008150687606813365,1.452661430657529,0.01630923388693731,0.007511061290322587,0.006208305052174197,0,0,0,0,0,0,0,0
0.02314010143660315,-0.02977070398090139,0.995,-0.008674286382411632,0.18819584655761717,-0.006667793273925781,3,0,1,0,2.9768598985633967,0.02977070398090139,0.0050000000000000044,0.008674286382411632,1.4345397701077531,0.017955089030129993,0.02045224615384617,0.011090896115942092,0,0,0,0,0,0,0,0
0.04405295114386681,-0.030968261672493752,0.993,-0.007714355293815031,0.31383676147460937,-0.015241662979125976,3,0,1,0,2.955947048856133,0.030968261672493752,0.007000000000000006,0.007714355293815031,1.3843533303084208,0.021886393844492806,0.016393061194029862,0.003416156389651149,0,0,0,0,0,0,0,0
0.07390199234898556,-0.031286539620807303,1.004,-0.006492624817418855,0.4477591247558594,-0.0013200697898864747,3,0,1,0,2.9260980076510146,0.031286539620807303,-0.0040000000000000036,0.006492624817418855,1.3146904745696433,0.01757755577365954,-0.06399101111111116,0.000674860644103728,0,0,0,0,0,0,0,0
0.11047012817410455,-0.03133752834203546,1,-0.005934119456780571,0.5485154418945313,0.002796508073806763,3,0,1,0,2.8895298718258955,0.03133752834203546,0,0.005934119456780571,1.2731428231604638,0.01612219444578897,0.021215622388059716,0.003433349185265867,0,0,0,0,0,0,0,0
0.1515860860469441,-0.030215792235733882,0.998,-0.004764748857944532,0.616628662109375,0.02048552894592285,3,0,1,0,2.8484139139530558,0.030215792235733882,0.0020000000000000018,0.004764748857944532,1.2205825097177274,0.009179811176841943,0.012870400000000011,-0.0007166758240993972,0,0,0,0,0,0,0,0
0.20110568709405488,-0.027983468005533325,0.995,-0.003874630939427524,0.7426260375976562,0.037023696899414066,3,0,1,0,2.798894312905945,0.027983468005533325,0.0050000000000000044,0.003874630939427524,1.1558508794763642,0.0021961252538943953,0.02051924615384617,-0.00023360560757405228,0,0,0,0,0,0,0,0
0.2566280308990837,-0.025183938050666606,0.993,-0.0025307274153918407,0.8326661987304688,0.045219554901123046,3,0,1,0,2.743371969100916,0.025183938050666606,0.007000000000000006,0.0025307274153918407,1.1190423545653658,-0.001163453347849475,0.016014400000000012,-0.0032288591161896583,0,0,0,0,0,0,0,0
0.31941093555770084,-0.022972768186723724,0.995,-0.0007330382858374822,0.9416566162109375,0.035550735473632813,3,0,1,0,2.680589064442299,0.022972768186723724,0.0050000000000000044,0.0007330382858374822,1.0181574776017037,-0.0005411926834345843,-0.006665211111111116,-0.007827386140611844,0,0,0,0,0,0,0,0
0.3911448005545934,-0.02251801129805421,0.993,-0.001204277183876055,1.076002685546875,0.007610106468200683,3,0,1,0,2.6088551994454066,0.02251801129805421,0.007000000000000006,0.001204277183876055,0.9277527122113266,0.008962491076715675,0.017379622580645175,0.0034844654001917287,0,0,0,0,0,0,0,0
0.4657561974946704,-0.022607159458125678,0.992,0.00031415926535927253,1.1191717529296874,0.000010570287704467774,3,0,1,0,2.5342438025053298,0.022607159458125678,0.008000000000000007,-0.00031415926535927253,0.9186812721836435,0.012042040893158905,0.012016963768115953,-0.006916056870730262,0,0,0,0,0,0,0,0
0.5496590585268838,-0.022893525964748432,0.993,0.002303834612632506,1.25854150390625,-0.004690880298614502,3,0,1,0,2.450340941473116,0.022893525964748432,0.007000000000000006,-0.002303834612632506,0.7830674774719386,0.013363802438643385,0.0005427387096774211,-0.011931295970406219,0,0,0,0,0,0,0,0
0.639144753975599,-0.024479832145436142,0.997,0.003682644721708207,1.34222705078125,-0.026886930465698244,3,0,1,0,2.3608552460244008,0.024479832145436142,0.0030000000000000027,-0.003682644721708207,0.7460889978438542,0.020843445976712387,-0.017887522388059712,-0.009856421329509852,0,0,0,0,0,0,0,0
0.7331770347521067,-0.026827363244004716,0.996,0.0026354471705114526,1.410344970703125,-0.040407028198242184,3,0,1,0,2.2668229652478935,0.026827363244004716,0.0040000000000000036,-0.0026354471705114526,0.6455619842191528,0.02678927812311309,0.009388755555555564,0.002351207835187379,0,0,0,0,0,0,0,0
0.8294151202252369,-0.02989018538361346,0.996,0.0014660765716751913,1.4434451904296874,-0.049746623992919924,3,0,1,0,2.170584879774763,0.02989018538361346,0.0040000000000000036,-0.0014660765716751913,0.6185625258245715,0.03129869332784227,0.0038600000000000036,0.0037699111843080674,0,0,0,0,0,0,0,0
0.9341381241993064,-0.0348798702230822,0.996,-0.001343903524035682,1.570733642578125,-0.07714817047119141,3,0,1,0,2.0658618758006937,0.0348798702230822,0.0040000000000000036,0.001343903524035682,0.523260950170015,0.04388260593153652,0.0038868000000000036,0.01392590395259183,0,0,0,0,0,0,0,0
1.0389732342803908,-0.04151856565804537,0.998,-0.003106686068550023,1.5726590576171875,-0.09746701812744141,3,0,1,0,1.9610267657196092,0.04151856565804537,0.0020000000000000018,0.003106686068550023,0.4273085949490324,0.05863868382930113,-0.008991122580645168,0.011636279025877478,0,0,0,0,0,0,0,0
1.1572529709116948,-0.047389180476045345,1.001,-0.003996803987066809,1.7744610595703125,-0.08254693603515625,3,0,1,0,1.8427470290883052,0.047389180476045345,-0.0009999999999998899,0.003996803987066809,0.34333525123100994,0.05479662634182313,-0.01577914179104412,0.007982406607291222,0,0,0,0,0,0,0,0
1.2837687437676426,-0.051416665952138514,1.007,-0.004136430327226657,1.897962890625,-0.05282693862915039,3,0,1,0,1.7162312562323574,0.051416665952138514,-0.006999999999999895,0.004136430327226657,0.19617240694750093,0.0485502900507499,-0.03828493333333328,0.004801317661321174,0,0,0,0,0,0,0,0
1.4120251349416233,-0.060044693824085955,1.008,-0.002391101075231992,1.92436474609375,-0.12146147918701172,3,0,1,0,1.5879748650583767,0.060044693824085955,-0.008000000000000007,0.002391101075231992,0.1854294215133444,0.0742961742845814,-0.010879263768116513,-0.0051972869769187245,0,0,0,0,0,0,0,0
1.54140886169636,-0.0706332325675493,1.016,-0.0006806784082777888,1.941130126953125,-0.15418708801269532,3,0,1,0,1.45859113830364,0.0706332325675493,-0.016000000000000014,0.0006806784082777888,0.041825776027533346,0.09564288652543726,-0.05746729032258069,-0.007595560302790938,0,0,0,0,0,0,0,0
1.6681868499525763,-0.08174505100765074,1.021,0.0009948376736366189,1.9017828369140626,-0.1653828125,3,0,1,0,1.3318131500474237,0.08174505100765074,-0.020999999999999908,-0.0009948376736366189,0.06667098682218553,0.09784548723030022,-0.04181321884057909,-0.00827969020369926,0,0,0,0,0,0,0,0
1.7979723823031288,-0.09308552423359992,1.026,0.005323254218582598,1.94661279296875,-0.17204374694824218,3,0,1,0,1.2020276176968712,0.09308552423359992,-0.026000000000000023,-0.005323254218582598,-0.09908287773927893,0.11227649857910793,-0.04929802459016461,-0.026610548701923475,0,0,0,0,0,0,0,0
1.9346064770128923,-0.10111415463813248,1.032,0.008621926504852162,2.04884130859375,-0.1313377685546875,3,0,1,0,1.0653935229871077,0.10111415463813248,-0.03200000000000003,-0.008621926504852162,-0.13577522042152357,0.0932308778544757,-0.0569671835820896,-0.023392100920984538,0,0,0,0,0,0,0,0
2.0761778438976775,-0.1089568784183363,1.032,0.011519173063162524,2.122477294921875,-0.13594552612304686,3,0,1,0,0.9238221561023225,0.1089568784183363,-0.03200000000000003,-0.011519173063162524,-0.2787262934649002,0.0988509636549385,-0.025825500000000022,-0.02531558524559282,0,0,0,0,0,0,0,0
2.212367958186741,-0.11591649941017304,1.039,0.012671090369478888,2.041513671875,-0.12791883087158204,3,0,1,0,0.787632041813259,0.11591649941017304,-0.038999999999999924,-0.012671090369478888,-0.24071298582111889,0.09363933299182862,-0.06669849999999941,-0.017607878825120445,0,0,0,0,0,0,0,0
2.3416108143974967,-0.11982872211993068,1.043,0.015446163880149742,1.93774365234375,-0.08324269104003906,3,0,1,0,0.6583891856025033,0.11982872211993068,-0.04299999999999993,-0.015446163880149742,-0.3655395967790187,0.08331761439023286,-0.05811161967213111,-0.029094066391645745,0,0,0,0,0,0,0,0
2.462195865748783,-0.12049235275580551,1.045,0.01823869068334094,1.80840625,-0.03789080810546875,3,0,1,0,0.5378041342512172,0.12049235275580551,-0.04499999999999993,-0.01823869068334094,-0.3332293007271121,0.06485396598687936,-0.04782253076923072,-0.031127275928838783,0,0,0,0,0,0,0,0
2.572619778610102,-0.11813926875000397,1.048,0.019739673840055927,1.6567269287109374,0.005082250595092774,3,0,1,0,0.42738022138989784,0.11813926875000397,-0.04800000000000004,-0.019739673840055927,-0.2989635392668762,0.04824961098502088,-0.05500189130434843,-0.02626568756490369,0,0,0,0,0,0,0,0
2.6711508525536853,-0.11322784550781538,1.053,0.021676989309769468,1.47913232421875,0.044484321594238284,3,0,1,0,0.32884914744631466,0.11322784550781538,-0.052999999999999936,-0.021676989309769468,-0.34412769716484426,0.03007425762370926,-0.07233890645161224,-0.031051096421286603,0,0,0,0,0,0,0,0
2.756906557395298,-0.1062573357977555,1.056,0.023788837704682875,1.2882996826171875,0.07665138244628907,3,0,1,0,0.24309344260470178,0.1062573357977555,-0.05600000000000005,-0.023788837704682875,-0.28538640482609956,0.01742008475748493,-0.06279179090909155,-0.03338814859065291,0,0,0,0,0,0,0,0
2.8232696041361494,-0.11185054978658858,1.058,0.02535963403147745,0.9931683959960937,-0.107552734375,3,0,1,0,0.17673039586385064,0.11185054978658858,-0.05800000000000005,-0.02535963403147745,-0.21035704962682758,0.08647473787149063,-0.059319061194029896,-0.032393050420109884,0,0,0,0,0,0,0,0
2.8824288189971945,-0.1089081512868217,1.055,0.025761059759436433,0.8882220458984375,0.021620357513427734,3,0,1,0,0.1175711810028055,0.1089081512868217,-0.05499999999999994,-0.025761059759436433,-0.2069095369611645,0.04025350756238423,-0.030925209090908443,-0.027585722159249985,0,0,0,0,0,0,0,0
2.9329209074390965,-0.10367784567354164,1.052,0.024696408915719562,0.75915087890625,0.05891976547241211,3,0,1,0,0.0670790925609035,0.10367784567354164,-0.052000000000000046,-0.024696408915719562,-0.20810025799889792,0.023295276409328255,-0.027538385245902297,-0.019460421159734953,0,0,0,0,0,0,0,0
2.9668979172578673,-0.10064183129430741,1.045,0.022933626371205447,0.5106242980957031,0.032940956115722654,3,0,1,0,0.033102082742132666,0.10064183129430741,-0.04499999999999993,-0.022933626371205447,-0.11553932403412583,0.03575356681498199,-0.002327287878787207,-0.014920978441595832,0,0,0,0,0,0,0,0
2.9898817087957816,-0.09703858109256112,1.036,0.020420352248333946,0.3459056396484375,0.046128707885742186,3,0,1,0,0.010118291204218366,0.09703858109256112,-0.03600000000000003,-0.020420352248333946,-0.06514215372314666,0.031571863458484284,0.013830229411764143,-0.009332378176842033,1426173935140,0,0,0,0,0,0,0
3.0001148261633763,-0.09333485067899852,1.025,0.018570303241219673,0.15459915161132812,0.05241013336181641,3,0,1,0,-0.00011482616337632479,0.09333485067899852,-0.02499999999999991,-0.018570303241219673,-0.00972745460865615,0.02741585104297228,0.03824847419354914,-0.009618453206795767,1426173935140,0,0,0,0,0,0,0
3.006517110943866,-0.08896710489493273,1.01,0.015585790220309377,0.09723429870605468,0.06372160720825196,3,0,1,0,-0.0065171109438662,0.08896710489493273,-0.010000000000000009,-0.015585790220309377,0.013712091041155686,0.024972092465466854,0.060996366666666184,-0.003150319299849812,1426173935140,0,0,0,0,0,0,0
3.004557716853551,-0.08313412822955911,0.997,0.011676252695842057,-0.028023723602294923,0.08794208526611329,3,0,1,0,-0.004557716853550886,0.08313412822955911,0.0030000000000000027,-0.011676252695842057,0.05724106999931077,0.00931188495646925,0.07433103333333341,0.007871434926494543,1426173935140,0,0,0,0,0,0,0
3.0011980354600105,-0.07808542622473297,0.979,0.007051130178057149,-0.049507556915283205,0.07631378173828125,3,0,1,0,-0.0011980354600105159,0.07808542622473297,0.02100000000000002,-0.007051130178057149,0.06586360271413778,0.013253116752626505,0.11146960000000009,0.01462913162405961,1426173935140,0,0,0,0,0,0,0
2.995492794894135,-0.0727796712536831,0.969,0.0035604716740682634,-0.08501531219482422,0.08018776702880859,3,0,1,0.007051130178057148,0.0045072051058649976,0.0727796712536831,0.031000000000000028,0.0034906585039888847,0.0022536025529324988,0.03638983562684155,0.024800000000000023,0.0034906585039888847,1426173935140,0,0,0,0,0,0,0
2.9880735256709667,-0.06696031981916212,0.96,-0.0027925268031909673,-0.1109775390625,0.0876859588623047,3,0,1,0.007051130178057148,0.011926474329033265,0.06696031981916212,0.040000000000000036,0.009843656981248115,0.04592090057450579,0.0021887148546581928,0.08072153846153854,0.03916518841475226,1426173935529,0,0,0,0,0,0,0
2.978571771432421,-0.059662049831625444,0.96,-0.008028514559174074,-0.14283146667480467,0.10907561492919922,3,0,1,0.007051130178057148,0.021428228567578866,0.059662049831625444,0.040000000000000036,0.015079644737231222,0.061899086894379306,-0.009385047399880962,0.03252000000000003,0.039245742072537865,1426173935594,0,0,0,0,0,0,0
2.9680735015041697,-0.051222353049213465,0.957,-0.007295476273336368,-0.15848533630371095,0.1253271026611328,3,0,1,0.007051130178057148,0.03192649849583029,0.051222353049213465,0.04300000000000004,0.014346606451393516,0.07341777643396025,-0.020428328407984267,0.05160145000000005,0.010910489486529269,1426173935658,0,0,0,0,0,0,0
2.962207336493135,-0.042158842538326184,0.96,-0.0048520153205442364,-0.08898196411132812,0.1353070983886719,3,0,1,0.007051130178057148,0.037792663506865054,0.042158842538326184,0.040000000000000036,0.011903145498601385,0.05007183924336062,-0.026841737939606012,0.01715010909090911,0.0007965048040916977,1426173935724,0,0,0,0,0,0,0
2.954878348649398,-0.03119661722872949,0.965,-0.0030194196059500824,-0.11073135375976563,0.16389804077148437,3,0,1,0.007051130178057148,0.045121651350601866,0.03119661722872949,0.03500000000000003,0.01007054978400723,0.060943871248195475,-0.041503234064700294,0.00317429701492538,0.001864897330600572,1426173935791,0,0,0,0,0,0,0
2.9462276207436435,-0.020518717052432873,0.971,-0.0010821041362365415,-0.13024394226074218,0.15977597045898437,3,0,1,0.007051130178057148,0.05377237925635647,0.020518717052432873,0.029000000000000026,0.00813323431429369,0.07507695388376379,-0.04888556891228978,-0.008656933333333335,-0.0010920774462469807,1426173935854,0,0,0,0,0,0,0
2.940408044963885,-0.009854031261278207,0.977,0.0021118483949131937,-0.08746669006347656,0.159875732421875,3,0,1,0.007051130178057148,0.05959195503611481,0.009854031261278207,0.02300000000000002,0.004939281783143954,0.06082785969839196,-0.051444892423932256,-0.011789981818181826,-0.009578684267536658,1426173935920,0,0,0,0,0,0,0
2.9361377451320854,0.000769821296838712,0.983,0.0021991148575126827,-0.06371781539916992,0.1594927062988281,3,0,1,0.007051130178057148,0.06386225486791464,-0.000769821296838712,0.017000000000000015,0.004852015320544465,0.05412453366514387,-0.05488378430781387,-0.015538552941176481,0.004467016220840838,1426173935988,0,0,0,0,0,0,0
2.932810003528967,0.010446150882183071,0.991,0.0027052603405912728,-0.049596813201904295,0.14525436401367187,3,0,1,0.007051130178057148,0.06718999647103319,-0.010446150882183071,0.009000000000000008,0.004345869837465875,0.051771202168204654,-0.05715045820128251,-0.034074623076923105,0.0020098137617185342,1426173936053,0,0,0,0,0,0,0
2.931391735607411,0.01944708641913928,0.998,0.006492624817419088,-0.020908693313598632,0.1350710906982422,3,0,1,0.007051130178057148,0.06860826439258894,-0.01944708641913928,0.0020000000000000018,0.0005585053606380602,0.04261061579080191,-0.06037140288140033,-0.0361014290322581,-0.01776745178530298,1426173936115,0,0,0,0,0,0,0
2.9297711969953077,0.026357045973350906,1,0.008656833089891744,-0.023634614944458007,0.10380503082275391,3,0,1,0.007051130178057148,0.07022880300469225,-0.026357045973350906,0,-0.0016057029118345962,0.043683115195581,-0.048083355628198717,-0.00833022753623189,-0.011015304096498318,1426173936184,0,0,0,0,0,0,0
2.931725371144528,0.03255796582281766,1.002,0.010018189906447547,0.030116708755493164,0.09275656127929688,3,0,1,0.007051130178057148,0.06827462885547186,-0.03255796582281766,-0.0020000000000000018,-0.0029670597283903994,0.024007807046890102,-0.04954402717303749,-0.010567530769230778,-0.00925024503557103,1426173936249,0,0,0,0,0,0,0
2.934013993987243,0.036917032758040334,1.001,0.010978120995044369,0.03498265838623047,0.06503881072998047,3,0,1,0.007051130178057148,0.06598600601275706,-0.036917032758040334,-0.0009999999999998899,-0.003926990816987221,0.020507238057528757,-0.04296451670539732,0.006640661290323303,-0.008571818665036358,1426173936311,0,0,0,0,0,0,0
2.93642736127745,0.039684399094197256,0.998,0.01068141502220544,0.03665402603149414,0.04111058807373047,3,0,1,0.007051130178057148,0.06357263872255015,-0.039684399094197256,0.0020000000000000018,-0.003630284844148292,0.01984168548112151,-0.03401134665867046,0.01885027647058768,-0.0023212879051530185,1426173936379,0,0,0,0,0,0,0
2.9399036593493117,0.039637460140289,0.995,0.012863076587198216,0.05213397598266602,-0.0012610102891921996,3,0,1,0.007051130178057148,0.06009634065068825,-0.039637460140289,0.0050000000000000044,-0.005811946409141068,0.010938276272972964,-0.01950367712293746,0.02277558387096776,-0.01636837333652547,1426173936441,0,0,0,0,0,0,0
2.9431417528752464,0.03831459023469431,0.993,0.015079644737230788,0.04831214904785156,-0.02046616744995117,3,0,1,0.007051130178057148,0.056858247124753625,-0.03831459023469431,0.007000000000000006,-0.00802851455917364,0.011544562462963467,-0.012008978973893886,0.018254830769230786,-0.01825882909778551,1426173936506,0,0,0,0,0,0,0
2.9494715039391473,0.036646103977864115,0.99,0.014765485471871962,0.0945580825805664,-0.02645615005493164,3,0,1,0.007051130178057148,0.050528496060852746,-0.036646103977864115,0.010000000000000009,-0.007714355293814814,-0.006729666539290226,-0.009735003931538222,0.025394776470588257,-0.006328358534878814,1426173936574,0,0,0,0,0,0,0
2.955230251836568,0.032967796011152364,0.986,0.01448623279155293,0.0855571517944336,-0.05644401931762695,3,0,1,0.007051130178057148,0.044769748163432155,-0.032967796011152364,0.014000000000000012,-0.007435102613495783,-0.008994278357020699,0.0039306276896849505,0.03546402222222225,-0.006105327945309921,1426173936637,0,0,0,0,0,0,0
2.9617545750145013,0.02781892221208725,0.983,0.016022122533307932,0.09673580169677734,-0.07864264678955078,3,0,1,0.007051130178057148,0.038245424985498655,-0.02781892221208725,0.017000000000000015,-0.008970992355250784,-0.015369507503291493,0.013776643102158998,0.03190614615384618,-0.016059714240273866,1426173936702,0,0,0,0,0,0,0
2.9690859847413607,0.02172468562408892,0.969,0.020228366030614404,0.1084924545288086,-0.09316371154785157,3,0,1,0.007051130178057148,0.03091401525863935,-0.02172468562408892,0.031000000000000028,-0.013177235852557256,-0.022762526104013005,0.02140263933174833,0.10139932424242433,-0.03229652447667758,1426173936768,0,0,0,0,0,0,0
2.977204199536424,0.01407672006533777,0.966,0.020507618710933435,0.11942787933349609,-0.11715911865234375,3,0,1,0.007051130178057148,0.02279580046357621,-0.01407672006533777,0.03400000000000003,-0.013456488532876287,-0.028518062471069743,0.031138674900842767,0.04479490000000004,-0.014653285734243562,1426173936838,0,0,0,0,0,0,0
2.9847370323443667,0.005809402268230903,0.959,0.021764255772369408,0.11042576599121094,-0.12630073547363282,3,0,1,0.007051130178057148,0.015262967655633286,-0.005809402268230903,0.041000000000000036,-0.01471312559431226,-0.03490526633830842,0.044464392253656906,0.07580893442622957,-0.0208933078636695,1426173936899,0,0,0,0,0,0,0
2.9924399684300345,-0.0036013975364191904,0.958,0.02612757890235518,0.11244463348388672,-0.14364309692382812,3,0,1,0.007051130178057148,0.007560031569965542,0.0036013975364191904,0.04200000000000004,-0.01907644872429803,-0.03765615583058015,0.05320197849868539,0.04218255000000004,-0.03952952589610633,1426173936963,0,0,0,0,0,0,0
2.9981973346226507,-0.012825226438142233,0.953,0.02844886680750758,0.08271648406982422,-0.14056634521484376,3,0,1,0.007051130178057148,0.0018026653773492995,0.012825226438142233,0.04700000000000004,-0.021397736629450433,-0.028483992966107652,0.054541355249476765,0.06714810298507469,-0.03179156307043134,1426173937030,0,0,0,0,0,0,0
3.0045279297940377,-0.02201040889327255,0.949,0.03071779483510029,0.09100141143798827,-0.140423095703125,3,0,1,0.007051130178057148,-0.0045279297940377106,0.02201040889327255,0.051000000000000045,-0.023666664657043143,-0.036746322778425995,0.06199242362213883,0.06677222222222229,-0.03447108383605604,1426173937093,0,0,0,0,0,0,0
3.0073176633265195,-0.030570351383655638,0.944,0.033178709080412316,0.03788274383544922,-0.129623779296875,3,0,1,0.007051130178057148,-0.007317663326519508,0.030570351383655638,0.05600000000000005,-0.02612757890235517,-0.017549354075896955,0.05998020307244262,0.07504460298507469,-0.03714659791121498,1426173937160,0,0,0,0,0,0,0
3.0073042411060023,-0.03820472955410409,0.943,0.034173546754048933,-0.004000007629394531,-0.11444596862792969,3,0,1,0.007051130178057148,-0.007304241106002252,0.03820472955410409,0.05700000000000005,-0.027122416575991785,-0.002900680040318857,0.060856231317145605,0.05555875000000006,-0.03178571817116343,1426173937224,0,0,0,0,0,0,0
3.0092087494379354,-0.04492324518448768,0.945,0.03487167845484662,0.025107683181762694,-0.10169496154785156,3,0,1,0.007051130178057148,-0.00920874943793537,0.04492324518448768,0.05500000000000005,-0.027820548276789474,-0.014187367526129075,0.058670806247209786,0.03807826923076926,-0.03104269458816342,1426173937289,0,0,0,0,0,0,0
3.0116893182703524,-0.052503820430851465,0.953,0.03548254369304482,0.03322150421142578,-0.11493675994873047,3,0,1,0.007051130178057148,-0.011689318270352356,0.052503820430851465,0.04700000000000004,-0.028431413514987673,-0.01833485371520051,0.06651914401260214,0.0003334575757575897,-0.03120807368861585,1426173937355,0,0,0,0,0,0,0
3.009354542768262,-0.0578901104075491,0.955,0.03850196329899491,-0.03786577606201172,-0.0795010986328125,3,0,1,0.007051130178057148,-0.009354542768261975,0.0578901104075491,0.04500000000000004,-0.031450833120937764,0.008552853358284047,0.05805299720137305,0.030680969230769264,-0.04538661591763049,1426173937420,0,0,0,0,0,0,0
3.0068589546393474,-0.06459911500772794,0.951,0.03673918075448057,-0.04127976989746094,-0.09911956787109374,3,0,1,0.007051130178057148,-0.006858954639347381,0.06459911500772794,0.049000000000000044,-0.029688050576423423,0.010662103246663841,0.06857179843727015,0.0665071615384616,-0.02155213114020339,1426173937485,0,0,0,0,0,0,0
3.0054513527787035,-0.07189114472664922,0.926,0.03487167845484662,-0.025117424011230467,-0.10853109741210938,3,0,1,0.007051130178057148,-0.0054513527787034555,0.07189114472664922,0.07399999999999995,-0.027820548276789474,0.005503973199299124,0.07540390856480084,0.2000650846153841,-0.019201306893863554,1426173937550,0,0,0,0,0,0,0
3.0035714530648723,-0.07813466664564273,0.909,0.03371976114853048,-0.0314465217590332,-0.09261276245117188,3,0,1,0.007051130178057148,-0.0035714530648722764,0.07813466664564273,0.09099999999999997,-0.026668630970473332,0.008831336412060114,0.0724220489287641,0.1698018151515152,-0.02143264321449087,1426173937616,0,0,0,0,0,0,0
3.003092909761962,-0.08382786645417444,0.885,0.03207915165165587,-0.010053123474121094,-0.08510745239257812,3,0,1,0.007051130178057148,-0.0030929097619618595,0.08382786645417444,0.11499999999999999,-0.02502802147359872,0.0016762041541214003,0.07286924228887788,0.22882856923076933,-0.017455977641869742,0,0,0,0,0,0,0,0
3.0035299705671417,-0.08906392534625746,0.846,0.031241393610698553,0.004033446311950684,-0.07871074676513672,3,0,1,0.007051130178057148,-0.0035299705671416604,0.08906392534625746,0.15400000000000003,-0.024190263432641405,-0.003474796695976776,0.07308363527474768,0.34179880000000024,-0.02032368785899226,0,0,0,0,0,0,0,0
3.004241393656618,-0.09377068954156904,0.811,0.03152064629101759,0.008460809707641601,-0.07090034484863281,3,0,1,0.007051130178057148,-0.004241393656617909,0.09377068954156904,0.18899999999999995,-0.024469516112960443,-0.005310600523572575,0.0726479199533747,0.349488838461538,-0.025758374637509848,0,0,0,0,0,0,0,0
3.0053818706389688,-0.09859589722800526,0.771,0.03200933848157584,0.01481762981414795,-0.07288130187988281,3,0,1,0.007051130178057148,-0.005381870638968778,0.09859589722800526,0.22899999999999998,-0.024958208303518692,-0.008194627423065138,0.07576238377430822,0.4099004153846155,-0.02721371072147984,0,0,0,0,0,0,0,0
3.006977795415096,-0.10556766004897117,0.723,0.03347541505325125,0.020579757690429686,-0.10528900909423829,3,0,1,0.007051130178057148,-0.006977795415096022,0.10556766004897117,0.277,-0.026424284875194104,-0.01144953657540598,0.09087525796513676,0.4931778384615386,-0.03319079212908062,0,0,0,0,0,0,0,0
3.0097768976545742,-0.11127489883061557,0.671,0.03419100004656884,0.03909776306152344,-0.08696587371826171,3,0,1,0.007051130178057148,-0.009776897654574235,0.11127489883061557,0.32899999999999996,-0.02713986986851169,-0.019105823342606427,0.0865277176512146,0.5542452757575753,-0.030392528929046172,0,0,0,0,0,0,0,0
3.012453742006261,-0.11571792098361523,0.62,0.03584906283596335,0.03785097122192383,-0.06797897338867187,3,0,1,0.007051130178057148,-0.012453742006261148,0.11571792098361523,0.38,-0.0287979326579062,-0.020022393731835154,0.08248275060989269,0.5963730846153849,-0.03645053014741932,0,0,0,0,0,0,0,0
3.016804970194306,-0.11876494371192188,0.569,0.036372661611561614,0.06358834457397461,-0.04801528549194336,3,0,1,0.007051130178057148,-0.016804970194305824,0.11876494371192188,0.43100000000000005,-0.029321531433504466,-0.03087001676447214,0.07631913525989917,0.6358568454545457,-0.03170152586804204,0,0,0,0,0,0,0,0
3.0201586953295116,-0.11993545680198638,0.519,0.03665191429188087,0.04963412475585938,-0.019375438690185546,3,0,1,0.007051130178057148,-0.020158695329511644,0.11993545680198638,0.481,-0.02960078411382372,-0.027825770293642218,0.06722394009634268,0.6819181999999997,-0.030909781052820218,0,0,0,0,0,0,0,0
3.0232889742282802,-0.11961250926585461,0.469,0.03837979025135541,0.04710015869140625,0.003120384216308594,3,0,1,0.007051130178057148,-0.023288974228280246,0.11961250926585461,0.531,-0.031328660073298265,-0.027665559989966573,0.05902756655270631,0.7171368151515154,-0.039182641707273466,0,0,0,0,0,0,0,0
3.0247229251635934,-0.11816101763183819,0.42,0.039601520727751374,0.022328838348388672,0.02093102264404297,3,0,1,0.007051130178057148,-0.024722925163593423,0.11816101763183819,0.5800000000000001,-0.032550390549694226,-0.019519915768944233,0.05227550178438919,0.7588014538461542,-0.03818914659459866,0,0,0,0,0,0,0,0
3.0234180204400403,-0.11619160270275858,0.372,0.04071853144902772,-0.018388652801513673,0.03029300308227539,3,0,1,0.007051130178057148,-0.023418020440040266,0.11619160270275858,0.628,-0.03366740127097057,-0.004135000803481107,0.048577501118958255,0.7958988384615382,-0.03882283536916909,0,0,0,0,0,0,0,0
3.0190838500527812,-0.113336401493332,0.322,0.04209734155810319,-0.06321525573730469,0.045439002990722656,3,0,1,0.007051130178057148,-0.019083850052781237,0.113336401493332,0.6779999999999999,-0.035046211380046044,0.013977315901343162,0.04268802593020594,0.8470636151515148,-0.04131353005766183,0,0,0,0,0,0,0,0
3.010823905315911,-0.11003983630009463,0.278,0.04118977034706629,-0.12170836639404296,0.05461895370483399,3,0,1,0.007051130178057148,-0.010823905315910931,0.11003983630009463,0.722,-0.034138640169009145,0.038918644831117497,0.03877180304473049,0.8552106333333335,-0.030013316482477785,0,0,0,0,0,0,0,0
3.0029052158935774,-0.10784989164182841,0.231,0.03914773512223292,-0.11732692718505859,0.03771245956420898,3,0,1,0.007051130178057148,-0.0029052158935773953,0.10784989164182841,0.769,-0.03209660494417577,0.04237872574152001,0.04325137991200749,0.9214301500000004,-0.022524564827769343,0,0,0,0,0,0,0,0
2.9956553400350296,-0.10419983853070797,0.195,0.03670427416944079,-0.10652199554443359,0.05896500396728516,3,0,1,0.007051130178057148,0.004344659964970354,0.10419983853070797,0.8049999999999999,-0.02965314399138364,0.04173894800587247,0.03381621096458321,0.8922775538461535,-0.018375631901573805,0,0,0,0,0,0,0,0
2.989471616002431,-0.09866170457406327,0.169,0.033894294073729916,-0.08964497375488281,0.08641983032226562,3,0,1,0.007051130178057148,0.010528383997569168,0.09866170457406327,0.831,-0.02684316389567277,0.038592441601570646,0.021397500653754217,0.8625947878787881,-0.01407052709698698,0,0,0,0,0,0,0,0
2.9844223829420713,-0.09171412485259922,0.134,0.03396410724380973,-0.07216342163085937,0.10672045135498047,3,0,1,0.007051130178057148,0.015577617057928705,0.09171412485259922,0.866,-0.02691297706575258,0.035522885669710395,0.00994217251446712,0.9468065384615386,-0.02723519169689018,0,0,0,0,0,0,0,0
2.981213188372832,-0.0845516075486997,0.124,0.03628539514896213,-0.044461830139160156,0.10901044464111329,3,0,1,0.007051130178057148,0.01878681162716811,0.0845516075486997,0.876,-0.029234264970904984,0.027501611296978895,0.004655055039685198,0.8266389000000001,-0.04011530202630687,0,0,0,0,0,0,0,0
2.979558518327179,-0.07766830786911123,0.12,0.03935717463247214,-0.021058086395263673,0.10408193969726562,3,0,1,0.007051130178057148,0.020441481672821116,0.07766830786911123,0.88,-0.03230604445441499,0.019436158057946736,0.0044779238322225565,0.8019429223880598,-0.04606028094774338,0,0,0,0,0,0,0,0
2.979750082530147,-0.06945573966961675,0,0.037419859162758376,0.007718338489532471,0.12298006439208985,3,0,1,0.007051130178057148,0.020249917469853163,0.06945573966961675,1,-0.030368728984701228,0.009661920422713932,-0.00853885529548034,1.5396974,-0.021287562720417964,0,0,0,0,0,0,0,0
