0,0,0.717,0,0.0025720155239105226,0.003041357517242432,0,0,1,0,0,0,0.28300000000000003,0,0,0,0.22640000000000005,0,0,0,0,0,0,0,0,0
-0.0017595785776774087,0.0002432544231414795,0.713,-0.00043633231299861075,-0.02639367866516113,0.0036488163471221926,0,0,1,0,0.0017595785776774087,-0.0002432544231414795,0.28700000000000003,0.00043633231299861075,0.01021204912868623,-0.0014117733367554346,0.25300396153846155,0.0024501737576075834,0,0,0,0,0,0,0,0
-0.000934582686642951,-0.0009620446796547956,0.712,-0.0020769418098732506,0.01238282585144043,-0.018074085235595703,0,0,1,0,0.000934582686642951,0.0009620446796547956,0.28800000000000003,0.0020769418098732506,-0.003973225423179557,0.006971559212929843,0.23952211538461543,0.009648985641602357,0,0,0,0,0,0,0,0
-0.0002648165985141903,-0.0004463642428103458,0.709,-0.00279252680319092,0.010030404090881347,0.00775605583190918,0,0,1,0,0.0002648165985141903,0.0004463642428103458,0.29100000000000004,0.00279252680319092,-0.003472083551578074,-0.0025528037744923042,0.2545828461538462,0.006095226772349394,0,0,0,0,0,0,0,0
0.002404957337204334,-0.0000669379619115472,0.708,-0.0026354471705114235,0.040030559539794924,0.005803203105926514,0,0,1,0,-0.002404957337204334,0.0000669379619115472,0.29200000000000004,0.0026354471705114235,-0.015148729319837644,-0.0019478088395141855,0.24640928059701495,0.0019321055316480064,0,0,0,0,0,0,0,0
0.006380314089208943,-0.0011165850153471173,0.707,-0.004153883619746557,0.05967163848876953,-0.015587498664855957,0,0,1,0,-0.006380314089208943,0.0011165850153471173,0.29300000000000004,0.004153883619746557,-0.025279162321414476,0.006391168241634538,0.24938685555555562,0.011384533378009095,0,0,0,0,0,0,0,0
0.009498703363779117,-0.004455464681057531,0.713,-0.0049567350756639095,0.04698347473144531,-0.04988846206665039,0,0,1,0,-0.009498703363779117,0.004455464681057531,0.28700000000000003,0.0049567350756639095,-0.02155054269004169,0.020210714422809695,0.2085891076923077,0.008662203333743998,0,0,0,0,0,0,0,0
0.014979970124442932,-0.008273145184041757,0.724,-0.006248278722139732,0.08250183868408204,-0.05685696792602539,0,0,1,0,-0.014979970124442932,0.008273145184041757,0.276,0.006248278722139732,-0.03702409951453563,0.02470309057322273,0.17466003076923076,0.01220924939818199,0,0,0,0,0,0,0,0
0.025910912530999326,-0.015878664005505652,0.729,-0.006597344572538576,0.16467375183105468,-0.11305606842041016,0,0,1,0,-0.025910912530999326,0.015878664005505652,0.271,0.006597344572538576,-0.0709592774160805,0.0482918855127736,0.2051642484848485,0.00818400752889696,0,0,0,0,0,0,0,0
0.03912303594879808,-0.026581747263843054,0.736,-0.00694641042293742,0.19923670959472656,-0.15923529052734375,0,0,1,0,-0.03912303594879808,0.026581747263843054,0.264,0.00694641042293742,-0.08968833235802165,0.07008744916946565,0.19070058787878785,0.008533073379295803,0,0,0,0,0,0,0,0
0.05685851009388191,-0.037418336297990094,0.743,-0.007557275661135453,0.26715481567382815,-0.16069696044921875,0,0,1,0,-0.05685851009388191,0.037418336297990094,0.257,0.007557275661135453,-0.12551904225598773,0.07803351284744195,0.18558534999999998,0.010420706465188733,0,0,0,0,0,0,0,0
0.07526437320340679,-0.048477784776951326,0.755,-0.00863937979737195,0.277333740234375,-0.163800537109375,0,0,1,0,-0.07526437320340679,0.048477784776951326,0.245,0.00863937979737195,-0.13688851508907762,0.0838830277917118,0.15124371538461537,0.013633706580001938,0,0,0,0,0,0,0,0
0.09227620582225728,-0.059272187092658815,0.767,-0.00909316540289046,0.25656680297851564,-0.1597054443359375,0,0,1,0,-0.09227620582225728,0.059272187092658815,0.23299999999999998,0.00909316540289046,-0.1379480929055791,0.08789158422288641,0.14315821538461534,0.011187560505283585,0,0,0,0,0,0,0,0
0.11059670281238707,-0.07103024732181755,0.77,-0.009302604913129817,0.27639984130859374,-0.17386477661132813,0,0,1,0,-0.11059670281238707,0.07103024732181755,0.22999999999999998,0.009302604913129817,-0.1542268835643606,0.09900571122450089,0.19071475384615386,0.010269248806542232,0,0,0,0,0,0,0,0
0.12666302939112073,-0.07991601667708378,0.775,-0.009337511498169668,0.242224365234375,-0.13103892517089843,0,0,1,0,-0.12666302939112073,0.07991601667708378,0.22499999999999998,0.009337511498169668,-0.1476246528165187,0.08660770575467033,0.17825669701492536,0.00949380964013915,0,0,0,0,0,0,0,0
0.14324219143397723,-0.0888706869961857,0.78,-0.009075712110370563,0.2499307861328125,-0.1319921112060547,0,0,1,0,-0.14324219143397723,0.0888706869961857,0.21999999999999997,0.009075712110370563,-0.16274462958238423,0.09369457333696232,0.17444034999999997,0.007848527480062257,0,0,0,0,0,0,0,0
0.15930445568849522,-0.09648507646373569,0.794,-0.009581857593448876,0.24196061706542968,-0.11202452087402344,0,0,1,0,-0.15930445568849522,0.09648507646373569,0.20599999999999996,0.009581857593448876,-0.16670113240060455,0.08959418873427324,0.11653848461538455,0.011917913669194936,0,0,0,0,0,0,0,0
0.16950591897376008,-0.10227387641819909,0.805,-0.010262536001726694,0.153846923828125,-0.08536180114746093,0,0,1,0,-0.16950591897376008,0.10227387641819909,0.19499999999999995,0.010262536001726694,-0.14035388382536082,0.08272496935301814,0.12515983076923068,0.013404128655316625,0,0,0,0,0,0,0,0
0.17564963722577842,-0.10684508445237677,0.818,-0.012548917321839246,0.09285459136962891,-0.0676187744140625,0,0,1,0,-0.17564963722577842,0.10684508445237677,0.18200000000000005,0.012548917321839246,-0.12169051888270088,0.07852375848884718,0.10517360000000059,0.023101446491589482,0,0,0,0,0,0,0,0
0.18239980608138195,-0.1111206591230321,0.83,-0.013665928043115618,0.10204934692382812,-0.06285799407958985,0,0,1,0,-0.18239980608138195,0.1111206591230321,0.17000000000000004,0.013665928043115618,-0.1273683274733786,0.07845689112180153,0.10402603283582089,0.018667468586144147,0,0,0,0,0,0,0,0
0.1853348902556809,-0.1134016906979926,0.844,-0.013212142437597054,0.044489723205566406,-0.03361063766479492,0,0,1,0,-0.1853348902556809,0.1134016906979926,0.15600000000000003,0.013212142437597054,-0.1097436493571273,0.06980928385376889,0.07994849999999995,0.011085022411728785,0,0,0,0,0,0,0,0
0.1862307227509985,-0.11460842486253273,0.858,-0.0163013752136271,0.013675460815429688,-0.017921899795532225,0,0,1,0,-0.1862307227509985,0.11460842486253273,0.14200000000000002,0.0163013752136271,-0.09908508743270249,0.06451055433415816,0.07084938461538459,0.030559372641458072,0,0,0,0,0,0,0,0
0.18489872963585502,-0.11550059383414547,0.87,-0.017784905077822242,-0.019759098052978517,-0.01370644187927246,0,0,1,0,-0.18489872963585502,0.11550059383414547,0.13,0.017784905077822242,-0.0864293752773312,0.0634118089160018,0.07184099999999995,0.024738951316236976,0,0,0,0,0,0,0,0
0.18135615991984977,-0.11643936844953655,0.879,-0.019058995431778112,-0.052879714965820314,-0.015024406433105469,0,0,1,0,-0.18135615991984977,0.11643936844953655,0.121,0.019058995431778112,-0.0735579751919033,0.06398420803536291,0.08406177462686562,0.024763877613670066,0,0,0,0,0,0,0,0
0.17926480684757304,-0.11902721591247396,0.888,-0.02049016541841345,-0.03062481689453125,-0.039408512115478515,0,0,1,0,-0.17926480684757304,0.11902721591247396,0.11199999999999999,0.02049016541841345,-0.07987365005558443,0.07438601622083384,0.0761431615384615,0.027095565356730397,0,0,0,0,0,0,0,0
0.17524721412087874,-0.1200674347437004,0.897,-0.020804324683772444,-0.059931549072265625,-0.01683473777770996,0,0,1,0,-0.17524721412087874,0.1200674347437004,0.10299999999999998,0.020804324683772444,-0.06726693361280911,0.06673710226598185,0.06884514999999995,0.022276946240142724,0,0,0,0,0,0,0,0
0.16887101133537621,-0.12071533004007055,0.906,-0.02117084382669124,-0.09542017364501953,-0.011705971717834473,0,0,1,0,-0.16887101133537621,0.12071533004007055,0.09399999999999997,0.02117084382669124,-0.052348300721862556,0.0648878336885656,0.06375702727272722,0.022836839930867592,0,0,0,0,0,0,0,0
0.16065782440867818,-0.1219414560466102,0.914,-0.022968532956245378,-0.12278085327148437,-0.02099577522277832,0,0,1,0,-0.16065782440867818,0.1219414560466102,0.08599999999999997,0.022968532956245378,-0.03724185885054133,0.0687465672067144,0.06256637692307686,0.0312655597080337,0,0,0,0,0,0,0,0
0.1546713256133863,-0.12423635895745833,0.919,-0.02403318379996192,-0.08898320770263672,-0.03647679901123047,0,0,1,0,-0.1546713256133863,0.12423635895745833,0.08099999999999996,0.02403318379996192,-0.04703001830681391,0.07592156326728146,0.07481794999999994,0.029023734629883207,0,0,0,0,0,0,0,0
0.14733581519405367,-0.12681879670507049,0.923,-0.024661502330679905,-0.10907000732421875,-0.041369560241699216,0,0,1,0,-0.14733581519405367,0.12681879670507049,0.07699999999999996,0.024661502330679905,-0.03794114133567159,0.07804072762420891,0.07889706470588231,0.027433495848553372,0,0,0,0,0,0,0,0
0.13873523790644304,-0.12867107134126324,0.928,-0.02577851305195625,-0.1282843017578125,-0.03095689582824707,0,0,1,0,-0.13873523790644304,0.12867107134126324,0.07199999999999995,0.02577851305195625,-0.02370357458949518,0.07604638336770299,0.06816112222222218,0.031097611724700755,0,0,0,0,0,0,0,0
0.13254968138107903,-0.13194007688163514,0.935,-0.027454029133870825,-0.09148860931396484,-0.05141034317016602,0,0,1,0,-0.13254968138107903,0.13194007688163514,0.06499999999999995,0.027454029133870825,-0.03567707035258267,0.08481318738448171,0.053646687878787805,0.035070011324391616,0,0,0,0,0,0,0,0
0.1271931342016535,-0.1365246882200941,0.941,-0.028361600344907843,-0.07843017578125,-0.07094886016845703,0,0,1,0,-0.1271931342016535,0.1365246882200941,0.05900000000000005,0.028361600344907843,-0.03704071964446036,0.09454496740523621,0.05404370769230832,0.03248692403143974,0,0,0,0,0,0,0,0
0.12310373910362293,-0.13976936957271585,0.946,-0.029600784113823803,-0.05993607711791992,-0.050390140533447265,0,0,1,0,-0.12310373910362293,0.13976936957271585,0.05400000000000005,0.029600784113823803,-0.04155387539686946,0.08931474287967575,0.05535325000000003,0.035501659203899805,0,0,0,0,0,0,0,0
0.11702601534647264,-0.14303990949230105,0.951,-0.03159045946109737,-0.08967397308349609,-0.05173479461669922,0,0,1,0,-0.11702601534647264,0.14303990949230105,0.049000000000000044,0.03159045946109737,-0.030572192385640108,0.08965848922688871,0.054040000000000026,0.04011763952084123,0,0,0,0,0,0,0,0
0.11047579396134198,-0.14511259561792816,0.954,-0.03340560188317146,-0.09722230529785156,-0.03417813110351563,0,0,1,0,-0.11047579396134198,0.14511259561792816,0.04600000000000004,0.03340560188317146,-0.019542361208607542,0.08651986931530516,0.059416000000000024,0.04248131399354191,0,0,0,0,0,0,0,0
0.10647873561582752,-0.14738957865956856,0.96,-0.03529055747532536,-0.05878167724609375,-0.03613817977905273,0,0,1,0,-0.10647873561582752,0.14738957865956856,0.040000000000000036,0.03529055747532536,-0.0346272112187089,0.08773987896118765,0.040561818181818185,0.04385853743966128,0,0,0,0,0,0,0,0
0.10348033025528254,-0.15015526536978724,0.965,-0.036145768808802575,-0.04348434066772461,-0.04304637145996094,0,0,1,0,-0.10348033025528254,0.15015526536978724,0.03500000000000003,0.036145768808802575,-0.037993228163562806,0.09226876081333693,0.041260250000000005,0.04015457193447701,0,0,0,0,0,0,0,0
0.10301128789139659,-0.15316540290939484,0.972,-0.03532546406036527,-0.005399339199066162,-0.04537682342529297,0,0,1,0,-0.10301128789139659,0.15316540290939484,0.028000000000000025,0.03532546406036527,-0.051736877878016334,0.09471292014138075,0.026067587878787865,0.03159680611292297,0,0,0,0,0,0,0,0
0.10192788659902269,-0.15380186185037084,0.976,-0.03462733235956747,-0.01590370273590088,-0.010114883422851563,0,0,1,0,-0.10192788659902269,0.15380186185037084,0.02400000000000002,0.03462733235956747,-0.04800448562227592,0.08254496930249207,0.03893507878787879,0.0314540064468502,0,0,0,0,0,0,0,0
0.101141409522776,-0.15386568229555056,0.979,-0.036547194536761286,-0.011756941795349122,-0.0013651552200317383,0,0,1,0,-0.101141409522776,0.15386568229555056,0.02100000000000002,0.036547194536761286,-0.049120240959324095,0.07964921057069738,0.041475349999999994,0.0455465484923573,0,0,0,0,0,0,0,0
0.09997410906970829,-0.1544170149503265,0.983,-0.03787364476827696,-0.01719563674926758,-0.008904248237609864,0,0,1,0,-0.09997410906970829,0.1544170149503265,0.017000000000000015,0.03787364476827696,-0.04661715643635265,0.08264494419317385,0.03325363846153846,0.043995722759887765,0,0,0,0,0,0,0,0
0.10142262648240308,-0.15351444603852937,0.989,-0.03923500158483254,0.021199548721313476,0.014351537704467773,0,0,1,0,-0.10142262648240308,0.15351444603852937,0.01100000000000001,0.03923500158483254,-0.061492512973250195,0.07446474338411455,0.017755907692307685,0.04551818689201215,0,0,0,0,0,0,0,0
0.10195180561758718,-0.15354973941889374,0.992,-0.038083084278516297,0.007952343940734864,-0.00021763801574707032,0,0,1,0,-0.10195180561758718,0.15354973941889374,0.008000000000000007,0.038083084278516297,-0.05687308818174383,0.07963222513194249,0.031561753846153846,0.03276654286474901,0,0,0,0,0,0,0,0
0.10197544634561045,-0.1509138721564179,0.997,-0.04009021291830976,-0.00115101158618927,0.03952284240722656,0,0,1,0,-0.10197544634561045,0.1509138721564179,0.0030000000000000027,0.04009021291830976,-0.054227302322697304,0.06445590666740995,0.017616297014925356,0.049077356081564084,0,0,0,0,0,0,0,0
0.10255761598470675,-0.14774857865932786,1.004,-0.04134684997974568,0.006822578430175781,0.047791248321533204,0,0,1,0,-0.10255761598470675,0.14774857865932786,-0.0040000000000000036,0.04134684997974568,-0.05764426788986346,0.05942707604575003,-0.00017115000000002267,0.047237336205226535,0,0,0,0,0,0,0,0
0.10188958609935236,-0.14551077361746556,1.007,-0.04145156973486534,-0.011399381637573243,0.03312419128417969,0,0,1,0,-0.10188958609935236,0.14551077361746556,-0.006999999999999895,0.04145156973486534,-0.05059565696628089,0.06366323488369982,0.019510753846154527,0.04193489168157149,0,0,0,0,0,0,0,0
0.1034769473737422,-0.14224668072131,1.01,-0.04174827570770438,0.02176102066040039,0.049906032562255856,0,0,1,0,-0.1034769473737422,0.14224668072131,-0.010000000000000009,0.04174827570770438,-0.06360101155635303,0.056597483408819496,0.017045753846153238,0.04311768789003841,0,0,0,0,0,0,0,0
0.10320299493973653,-0.13794801907629956,1.009,-0.04101523742186673,-0.006796849727630615,0.06425223541259766,0,0,1,0,-0.10320299493973653,0.13794801907629956,-0.008999999999999897,0.04101523742186673,-0.053554756602430365,0.049660767424046105,0.039163180597015596,0.03773297644050412,0,0,0,0,0,0,0,0
0.10126560305215201,-0.13444154023352897,1.01,-0.04089306437422717,-0.031193119049072265,0.05136134338378906,0,0,1,0,-0.10126560305215201,0.13444154023352897,-0.010000000000000009,0.04089306437422717,-0.04365086794121263,0.05156957024170409,0.027689684615384014,0.04032918876973688,0,0,0,0,0,0,0,0
0.10054862931684826,-0.13148908242555565,1.009,-0.04204498168054342,-0.012556136131286621,0.04381017684936524,0,0,1,0,-0.10054862931684826,0.13148908242555565,-0.008999999999999897,0.04204498168054342,-0.04986789224529774,0.05291228063572653,0.0392854500000007,0.047444594053900856,0,0,0,0,0,0,0,0
0.10059332140882453,-0.12964800163165166,1.009,-0.041172317054546256,-0.0004909921288490295,0.0276199836730957,0,0,1,0,-0.10059332140882453,0.12964800163165166,-0.008999999999999897,0.041172317054546256,-0.054117223791170115,0.05830875311001384,0.033758200000000085,0.037144634165328566,0,0,0,0,0,0,0,0
0.09816860854010463,-0.12678042744590293,1.014,-0.03974114706791092,-0.038110340118408206,0.04148011779785156,0,0,1,0,-0.09816860854010463,0.12678042744590293,-0.014000000000000012,0.03974114706791092,-0.040250832519121295,0.05211511566009485,0.003927705882352351,0.033427161832755015,0,0,0,0,0,0,0,0
0.09618199852116444,-0.12323381279648624,1.014,-0.04195771521794371,-0.03188926315307617,0.05197327423095703,0,0,1,0,-0.09618199852116444,0.12323381279648624,-0.014000000000000012,0.04195771521794371,-0.040582566136316174,0.04515657458362542,0.029576200000000004,0.05268304497616691,0,0,0,0,0,0,0,0
0.09267743946583368,-0.12231703797671466,1.019,-0.042010075095503516,-0.05309893798828125,0.011534517288208007,0,0,1,0,-0.09267743946583368,0.12231703797671466,-0.018999999999999906,0.042010075095503516,-0.03258709951751129,0.060221146732043526,0.00044320000000062226,0.04223447457075982,0,0,0,0,0,0,0,0
0.08998187100357469,-0.12051652236667267,1.019,-0.0423242343608625,-0.0415321159362793,0.025285789489746094,0,0,1,0,-0.08998187100357469,0.12051652236667267,-0.018999999999999906,0.0423242343608625,-0.03309195032246028,0.05347406521405549,0.02532920000000009,0.04389503068765743,0,0,0,0,0,0,0,0
0.08724207144546929,-0.11970395504966103,1.018,-0.04209734155810327,-0.041575904846191405,0.010438714981079102,0,0,1,0,-0.08724207144546929,0.11970395504966103,-0.018000000000000016,0.04209734155810327,-0.03340361502491959,0.059469856191492004,0.031153858823528845,0.04109634389887135,0,0,0,0,0,0,0,0
0.08223123277837034,-0.11998544885310816,1.021,-0.04202752838802351,-0.07491828918457032,-0.007381876468658447,0,0,1,0,-0.08223123277837034,0.11998544885310816,-0.020999999999999908,0.04202752838802351,-0.018481748500030506,0.06536489543799041,0.007559109090909753,0.041710195796751885,0,0,0,0,0,0,0,0
0.07845366464273444,-0.12082214501644613,1.022,-0.04303981935418019,-0.05608617782592774,-0.014920086860656738,0,0,1,0,-0.07845366464273444,0.12082214501644613,-0.02200000000000002,0.04303981935418019,-0.021889253588664923,0.0690886678728111,0.01688663870967679,0.047938001448486714,0,0,0,0,0,0,0,0
0.07545494466011371,-0.12098338096950854,1.023,-0.04221951460574283,-0.0448350830078125,-0.004351667404174805,0,0,1,0,-0.07545494466011371,0.12098338096950854,-0.02299999999999991,0.04221951460574283,-0.02655604045744893,0.0653473431192011,0.0165006362318847,0.03865297222123256,0,0,0,0,0,0,0,0
0.07052393604368659,-0.12109761393310697,1.026,-0.04178318229274423,-0.07382689666748046,-0.00483381175994873,0,0,1,0,-0.07052393604368659,0.12109761393310697,-0.026000000000000023,0.04178318229274423,-0.01105178182345503,0.06531590065251293,0.0018013852459009827,0.03963728567143962,0,0,0,0,0,0,0,0
0.0669117799352355,-0.12158744557809577,1.026,-0.042254421190782744,-0.05382814025878906,-0.009604313850402831,0,0,1,0,-0.0669117799352355,0.12158744557809577,-0.026000000000000023,0.042254421190782744,-0.01813179746232515,0.06762196828907105,0.018845499999999994,0.044429369950960515,0,0,0,0,0,0,0,0
0.06506988653602902,-0.12169984594796272,1.025,-0.04194026192542375,-0.027532520294189452,-0.0028515753746032714,0,0,1,0,-0.06506988653602902,0.12169984594796272,-0.02499999999999991,0.04194026192542375,-0.02722483596637825,0.06570190067326269,0.024622558823530073,0.04055426516648702,0,0,0,0,0,0,0,0
0.06306181220583444,-0.12149559122965976,1.026,-0.04134684997974567,-0.030223087310791017,0.0017982094287872315,0,0,1,0,-0.06306181220583444,0.12149559122965976,-0.026000000000000023,0.04134684997974567,-0.025093874245964,0.0640182601281336,0.013200869696969101,0.03864952295393622,0,0,0,0,0,0,0,0
0.05978036918545447,-0.12023191623679493,1.025,-0.042202061313222884,-0.04996308898925781,0.016904344558715822,0,0,1,0,-0.05978036918545447,0.12023191623679493,-0.02499999999999991,0.042202061313222884,-0.01673989502845328,0.057847637876771135,0.024441930303030983,0.04608938555630113,0,0,0,0,0,0,0,0
0.057987231587604535,-0.11918217720065442,1.029,-0.04347615166717875,-0.027537435531616212,0.014597290992736817,0,0,1,0,-0.057987231587604535,0.11918217720065442,-0.028999999999999915,0.04347615166717875,-0.02331957441656001,0.058267276376567236,-0.006466022222222149,0.0495432485907781,0,0,0,0,0,0,0,0
0.05597492189608309,-0.1169620314797728,1.034,-0.04295255289158043,-0.031603517532348635,0.031958818435668945,0,0,1,0,-0.05597492189608309,0.1169620314797728,-0.03400000000000003,0.04295255289158043,-0.02113106102897431,0.05072863023628578,-0.016235777777778414,0.04045922538873131,0,0,0,0,0,0,0,0
0.05448681197130323,-0.11455538571831324,1.033,-0.04326671215693948,-0.023851158142089844,0.035107913970947265,0,0,1,0,-0.05448681197130323,0.11455538571831324,-0.03299999999999992,0.04326671215693948,-0.02358902118562753,0.04897504945758514,0.01751211538461607,0.04471667799705817,0,0,0,0,0,0,0,0
0.05286285915027404,-0.11043258954154594,1.033,-0.04506440128649362,-0.027011358261108398,0.06073044967651367,0,0,1,0,-0.05286285915027404,0.11043258954154594,-0.03299999999999992,0.04506440128649362,-0.022079943884525763,0.0377446226238234,0.011913000000000083,0.053361428038281936,0,0,0,0,0,0,0,0
0.051379050244910046,-0.10768853895339146,1.035,-0.04557054676957193,-0.024088794708251954,0.04011630630493164,0,0,1,0,-0.051379050244910046,0.10768853895339146,-0.03499999999999992,0.04557054676957193,-0.022365584189102238,0.044309827747212004,-0.0003692611940297741,0.04783686982813154,0,0,0,0,0,0,0,0
0.05010998133757506,-0.10670483208169088,1.032,-0.04557054676957193,-0.019688459396362306,0.013873102188110352,0,0,1,0,-0.05010998133757506,0.10670483208169088,-0.03200000000000003,0.04557054676957193,-0.022574140086911536,0.052841211073969,0.028679949999999406,0.04557054676957193,0,0,0,0,0,0,0,0
0.05062261216076288,-0.10366669746780667,1.031,-0.0468446371235278,0.005605456352233887,0.045875,0,0,1,0,-0.05062261216076288,0.10366669746780667,-0.030999999999999917,0.0468446371235278,-0.0325225837991521,0.04065889081985502,0.018172130303030987,0.0526359569142363,0,0,0,0,0,0,0,0
0.04919805859871392,-0.10021212609523135,1.029,-0.04616395871525001,-0.023771396636962892,0.05076110076904297,0,0,1,0,-0.04919805859871392,0.10021212609523135,-0.028999999999999915,0.04616395871525001,-0.021208618549584904,0.03591399551414656,0.02539751111111121,0.04292263296154625,0,0,0,0,0,0,0,0
0.045770366630800405,-0.09715428294642824,1.028,-0.04696681017116742,-0.0534772834777832,0.04344608688354492,0,0,1,0,-0.045770366630800405,0.09715428294642824,-0.028000000000000025,0.04696681017116742,-0.010053697258927598,0.03813337499506669,0.01996566376811539,0.05045746867515615,1427122339319,0,0,0,0,0,0,0
0.0435911471904863,-0.09572679021566828,1.027,-0.048240900525123295,-0.03365754699707031,0.019854078292846678,0,0,1,0,-0.0435911471904863,0.09572679021566828,-0.026999999999999913,0.048240900525123295,-0.014075912137952347,0.04493135111460281,0.02117096129032331,0.05440585385071625,1427122339319,0,0,0,0,0,0,0
0.04221931169746537,-0.0938473850632504,1.03,-0.04719370297392671,-0.021913028717041014,0.027165987014770507,0,0,1,0,-0.04221931169746537,0.0938473850632504,-0.030000000000000027,0.04719370297392671,-0.018332675670742978,0.04199120214695319,-0.0032230461538467585,0.04236048350686553,1427122339319,0,0,0,0,0,0,0
0.04021613704189406,-0.09154875167752187,1.029,-0.04700171675620733,-0.031640775680541994,0.03302357864379883,0,0,1,0,-0.04021613704189406,0.09154875167752187,-0.028999999999999915,0.04700171675620733,-0.014121541593529892,0.03883245902775533,0.01884243030303099,0.04612905213021017,1427122339319,0,0,0,0,0,0,0
0.038157845369317066,-0.08827757776285189,1.025,-0.04909611185860051,-0.03314569091796875,0.04756280517578125,0,0,1,0,-0.038157845369317066,0.08827757776285189,-0.02499999999999991,0.04909611185860051,-0.012656985251304636,0.03182996160935721,0.03811536153846165,0.058762550792722856,1427122339319,0,0,0,0,0,0,0
0.03645224356516742,-0.08690928380728284,1.023,-0.04914847173616031,-0.026560462951660157,0.01924410629272461,0,0,1,-0.04909611185860051,-0.03645224356516742,0.08690928380728284,-0.02299999999999991,0.000052359877559804424,-0.01822612178258371,0.04345464190364142,-0.018399999999999927,0.000052359877559804424,1427122339319,0,0,0,0,0,0,0
0.03637449894231988,-0.08449443823970192,1.021,-0.05396558047166465,-0.0029443340301513674,0.03612165069580078,0,0,1,-0.04909611185860051,-0.03637449894231988,0.08449443823970192,-0.020999999999999908,0.004869468613064143,-0.017792268003216455,0.029299125910040247,-0.006167269230769146,0.027102278161545704,1427122339707,0,0,0,0,0,0,0
0.03776472883970716,-0.0811371264422077,1.021,-0.05860815628196962,0.018106719970703126,0.05141118621826172,0,0,1,-0.04909611185860051,-0.03776472883970716,0.0811371264422077,-0.020999999999999908,0.009512044423369115,-0.026416408211535725,0.02259839098240904,-0.017072999999999925,0.030939317394007446,1427122339772,0,0,0,0,0,0,0
0.03456263576704715,-0.07947389965771567,1.02,-0.06096435077216198,-0.04941027069091797,0.022092145919799806,0,0,1,-0.04909611185860051,-0.03456263576704715,0.07947389965771567,-0.020000000000000018,0.011868238913561473,-0.000625313475441272,0.031209359730728303,-0.011183119402985662,0.022418363496512328,1427122339839,0,0,0,0,0,0,0
0.03270194966890225,-0.07810875143496852,1.018,-0.06359979794267341,-0.029106048583984374,0.018738702774047853,0,0,1,-0.04909611185860051,-0.03270194966890225,0.07810875143496852,-0.018000000000000016,0.014503686084072903,-0.006724230599516963,0.03213624529790135,-0.004479838805970155,0.026304195802780803,1427122339906,0,0,0,0,0,0,0
0.0310838205057529,-0.07851914597139573,1.02,-0.06410594342575172,-0.023831613540649416,-0.007686121940612793,0,0,1,-0.04909611185860051,-0.0310838205057529,0.07851914597139573,-0.020000000000000018,0.015009831567151216,-0.0063697814962710726,0.0418754333080079,-0.028125009836065598,0.017499071647864232,1427122339967,0,0,0,0,0,0,0
0.029120437226214883,-0.07812024906301829,1.021,-0.06600835231042554,-0.029773567199707033,0.004084487915039062,0,0,1,-0.04909611185860051,-0.029120437226214883,0.07812024906301829,-0.020999999999999908,0.01691224045182503,-0.004279775974632537,0.03725745907529797,-0.02289123030302964,0.02555955356397873,1427122340033,0,0,0,0,0,0,0
0.02670838032428405,-0.07787114830940867,1.02,-0.06841690667817771,-0.0363485221862793,0.0013418694734573364,0,0,1,-0.04909611185860051,-0.02670838032428405,0.07787114830940867,-0.020000000000000018,0.0193207948195772,-0.0005149902960265487,0.03795757558759928,-0.011533584615385221,0.03043719959381798,1427122340098,0,0,0,0,0,0,0
0.024269338955298484,-0.07898261414362047,1.02,-0.07112216701876893,-0.03536027145385742,-0.019134105682373045,0,0,1,-0.04909611185860051,-0.024269338955298484,0.07898261414362047,-0.020000000000000018,0.022026055160168423,0.0006348242121262376,0.04580088577985367,-0.017050200000000012,0.03432269307194671,1427122340164,0,0,0,0,0,0,0
0.022380293388629825,-0.08038020659354388,1.018,-0.07272786993060375,-0.026774307250976563,-0.022924484252929686,0,0,1,-0.04909611185860051,-0.022380293388629825,0.08038020659354388,-0.018000000000000016,0.02363175807200324,-0.001038568739663905,0.04830007204794583,-0.0046279000000000025,0.031158490471228942,1427122340228,0,0,0,0,0,0,0
0.02029053108477028,-0.08027450836545205,1.018,-0.07464773210779749,-0.03137877655029297,-0.0006964679956436157,0,0,1,-0.04909611185860051,-0.02029053108477028,0.08027450836545205,-0.018000000000000016,0.02555162024919698,0.0009149718758929264,0.040087173348708996,-0.015682400000000013,0.03441252260547578,1427122340293,0,0,0,0,0,0,0
0.01562966636939263,-0.07899713627412566,1.015,-0.07609635538695278,-0.0711472396850586,0.013893222808837891,0,0,1,-0.04909611185860051,-0.01562966636939263,0.07899713627412566,-0.014999999999999902,0.027000243528352272,0.017079642550923757,0.033190822331899406,0.0027739461538468443,0.03368619712445362,1427122340358,0,0,0,0,0,0,0
0.012772764977021286,-0.07879617762826548,1.015,-0.08021533242165937,-0.04295866775512695,-0.0002521941661834717,0,0,1,-0.04909611185860051,-0.012772764977021286,0.07879617762826548,-0.014999999999999902,0.031119220563058866,0.00855293402670581,0.038954816112385875,-0.01347889999999992,0.04984184344808884,1427122340424,0,0,0,0,0,0,0
0.009599431089008237,-0.07899161310564366,1.015,-0.08218755447641299,-0.047212047576904295,-0.0067362627983093264,0,0,1,-0.04909611185860051,-0.009599431089008237,0.07899161310564366,-0.014999999999999902,0.03309144261781248,0.011811316459445043,0.0412067583632009,-0.01357789999999992,0.042056088321238,1427122340490,0,0,0,0,0,0,0
0.006586310507453095,-0.07888890623358877,1.01,-0.08300785922485035,-0.04517072296142578,-0.002175031900405884,0,0,1,-0.04909611185860051,-0.006586310507453095,0.07888890623358877,-0.010000000000000009,0.03391174736624984,0.012963378922111359,0.03960781536178904,0.017701849999999412,0.03775692587454997,1427122340554,0,0,0,0,0,0,0
0.001662100882497318,-0.07678537949658754,1.01,-0.0856607596878817,-0.07622495269775391,0.025320075988769532,0,0,1,-0.04909611185860051,-0.001662100882497318,0.07678537949658754,-0.010000000000000009,0.03656464782928119,0.025461375092243967,0.027840958266504776,-0.009706900000000004,0.0488088038125028,1427122340619,0,0,0,0,0,0,0
-0.0028406246127974447,-0.07612822368270171,1.006,-0.08843583319855272,-0.06813658905029298,0.00404266357421875,0,0,1,-0.04909611185860051,0.0028406246127974447,0.07612822368270171,-0.006000000000000005,0.03933972133995221,0.025077727496303024,0.03540439022235,0.014665621212121224,0.05195369184300232,1427122340685,0,0,0,0,0,0,0
-0.0061022441504996056,-0.07709572495912456,1.007,-0.09023352232810686,-0.047451347351074216,-0.01877682876586914,0,0,1,-0.04909611185860051,0.0061022441504996056,0.07709572495912456,-0.006999999999999895,0.04113741046950635,0.020671334800443864,0.04471342192482182,-0.012860049999999311,0.049564078264291364,1427122340749,0,0,0,0,0,0,0
-0.007241646304986856,-0.07696887590161909,1.004,-0.0920137581651411,-0.01719295883178711,0.00035490286350250245,0,0,1,-0.04909611185860051,0.007241646304986856,0.07696887590161909,-0.0040000000000000036,0.04291764630654059,0.009361006740926088,0.03874789960723323,0.010653541791044208,0.0508888515469924,1427122340816,0,0,0,0,0,0,0
-0.007040637230705123,-0.07654741695080841,1.004,-0.09293878266869807,0.002421501398086548,0.006572183609008789,0,0,1,-0.04909611185860051,0.007040637230705123,0.07654741695080841,-0.0040000000000000036,0.04384267081009756,0.002196119918874654,0.03690660071914448,-0.0050433000000000006,0.048178723170520854,1427122340879,0,0,0,0,0,0,0
-0.0073998060160940845,-0.075897319846887,1,-0.09442231253289321,-0.006269265174865723,0.00920938205718994,0,0,1,-0.04909611185860051,0.0073998060160940845,0.075897319846887,0,0.0453262006742927,0.005373634109989691,0.03557781233974539,0.01905222238805972,0.05206951823881608,1427122340946,0,0,0,0,0,0,0
-0.00787612067052381,-0.07592084947895125,1,-0.09653416092780634,-0.007079617500305176,-0.0010249912738800049,0,0,1,-0.04909611185860051,0.00787612067052381,0.07592084947895125,0,0.04743804906920583,0.006345423071799441,0.03916287382214613,-0.0018432999999999972,0.05733733842036112,1427122341010,0,0,0,0,0,0,0
-0.0068799352487576935,-0.07663117438917737,0.996,-0.09775589140420235,0.01590017318725586,-0.009165017127990723,0,0,1,-0.04909611185860051,0.0068799352487576935,0.07663117438917737,0.0040000000000000036,0.04865977954560184,-0.0021171187955558875,0.04326399530493983,0.022921161538461562,0.05429853559050651,1427122341075,0,0,0,0,0,0,0
-0.005168483277527933,-0.07795002587368678,0.994,-0.09808750396208135,0.027480018615722655,-0.017182750701904295,0,0,1,-0.04909611185860051,0.005168483277527933,0.07795002587368678,0.006000000000000005,0.048991392103480844,-0.006545727294633518,0.04704034380512389,0.013470661194029865,0.05047622445219279,1427122341142,0,0,0,0,0,0,0
-0.0008479315710980597,-0.07845031807304079,0.992,-0.0985238362750799,0.0652316665649414,-0.0011216180324554444,0,0,1,-0.04909611185860051,0.0008479315710980597,0.07845031807304079,0.008000000000000007,0.0494277244164794,-0.023768113241450083,0.04322979203243609,0.01578441111111113,0.05150549733552014,1427122341205,0,0,0,0,0,0,0
0.0055512321145481025,-0.07796458431698546,0.993,-0.099117248220758,0.0948052749633789,0.016692432403564453,0,0,1,-0.04909611185860051,-0.0055512321145481025,0.07796458431698546,0.007000000000000006,0.05002113636215749,-0.037425273579828514,0.037642711571009665,-0.0014658153846153809,0.052759960726825615,1427122341270,0,0,0,0,0,0,0
0.008904860859690602,-0.07833981848985937,0.995,-0.0991521548057979,0.050614501953125,-0.000623010516166687,0,0,1,-0.04909611185860051,-0.008904860859690602,0.07833981848985937,0.0050000000000000044,0.0500560429471974,-0.022708841816938847,0.04251723069523788,-0.00841793076923077,0.0502171502627662,1427122341335,0,0,0,0,0,0,0
0.013115453375492237,-0.07825913044374325,0.996,-0.1002866188195942,0.0627288703918457,0.007456459999084473,0,0,1,-0.04909611185860051,-0.013115453375492237,0.07825913044374325,0.0040000000000000036,0.0511905069609937,-0.02909369304369347,0.0400801548445363,-0.0037253303030303007,0.05634716156915869,1427122341401,0,0,0,0,0,0,0
0.017764677323807303,-0.07887779350824803,0.996,-0.10121164332315118,0.07031705474853515,-0.0022512121200561524,0,0,1,-0.04909611185860051,-0.017764677323807303,0.07887779350824803,0.0040000000000000036,0.05211553146455067,-0.03375610548336503,0.04415022585258468,0.001604100000000006,0.056320188298900536,1427122341467,0,0,0,0,0,0,0
0.022598759496389748,-0.07871076502879104,0.997,-0.10196213490150872,0.07188700866699219,0.009819063186645507,0,0,1,-0.04909611185860051,-0.022598759496389748,0.07871076502879104,0.0030000000000000027,0.05286602304290822,-0.037969021173555204,0.03992286052700976,-0.004645449999999999,0.05638395231645922,1427122341531,0,0,0,0,0,0,0
0.026498429925462585,-0.07943008570467794,0.996,-0.10138617624835065,0.05928950119018555,-0.004779819965362549,2.5,0,1,0,2.4735015700745375,0.07943008570467794,0.0040000000000000036,0.10138617624835065,1.2367507850372688,0.03971504285233897,0.003200000000000003,0.10138617624835065,0,0,0,0,0,0,0,0
0.029675548583876346,-0.07768753473817253,0.998,-0.10576695267085645,0.04476653289794922,0.030827505111694336,2.5,0,1,0,2.470324451416124,0.07768753473817253,0.0020000000000000018,0.10576695267085645,1.219368365693768,0.029363911793242214,-0.009324700000000009,0.12630184215135237,0,0,0,0,0,0,0,0
0.03199092187126345,-0.07662968580354612,1,-0.10545279340549746,0.032861366271972656,0.019445568084716796,2.5,0,1,0,2.4680090781287367,0.07662968580354612,0,0.10545279340549746,1.2247223579896664,0.03271826257178947,-0.010756430769230777,0.10400282756537903,0,0,0,0,0,0,0,0
0.034108005427701385,-0.07676230090552476,1.004,-0.1046324886570601,0.03178922843933105,0.0013644061088562013,2.5,0,1,0,2.465891994572299,0.07676230090552476,-0.0040000000000000036,0.1046324886570601,1.2263343599437995,0.03924465658470221,-0.024751661538461558,0.10084646674119535,0,0,0,0,0,0,0,0
0.0398942293549481,-0.07599855568885786,1.006,-0.10524335389525813,0.08512218475341797,0.0204583683013916,2.5,0,1,0,2.4601057706450518,0.07599855568885786,-0.006000000000000005,0.10524335389525813,1.2052834070421232,0.034085627475629,-0.015621430769230782,0.10806273191771058,0,0,0,0,0,0,0,0
0.04754027330743741,-0.07517630607571493,1.005,-0.10531316706533783,0.11276042938232422,0.024313661575317384,2.5,0,1,0,2.4524597266925627,0.07517630607571493,-0.004999999999999893,0.10531316706533783,1.194318102812916,0.03354201123771894,0.0011381805970155949,0.1056257633492768,0,0,0,0,0,0,0,0
0.059881630221687424,-0.07080086945654328,1.002,-0.10547024669801736,0.1771956329345703,0.08472752380371094,2.5,0,1,0,2.4401183697783124,0.07080086945654328,-0.0020000000000000018,0.10547024669801736,1.162159325134973,0.011766770273490657,0.014707749999999407,0.10620655747620263,0,0,0,0,0,0,0,0
0.08086348596967045,-0.06745571153761044,1.002,-0.1049990077999789,0.307696533203125,0.08303145599365234,2.5,0,1,0,2.4191365140303294,0.06745571153761044,-0.0020000000000000018,0.1049990077999789,1.1077534083615375,0.016053817743364947,-0.001711500000000001,0.10282405903980138,0,0,0,0,0,0,0,0
0.10871145064985141,-0.06480229185653058,1.003,-0.1023635606294675,0.4112475280761719,0.08336167907714843,2.5,0,1,0,2.391288549350149,0.06480229185653058,-0.0029999999999998916,0.1023635606294675,1.0607082991456733,0.018711101234280533,-0.00783433030302963,0.09038425530896116,0,0,0,0,0,0,0,0
0.14515420165235648,-0.06202919240308262,1,-0.1001644457719546,0.539529296875,0.09723722839355468,2.5,0,1,0,2.3548457983476436,0.06202919240308262,0,0.1001644457719546,0.995465976284265,0.016503961477937666,0.01602254615384557,0.09001468489112585,0,0,0,0,0,0,0,0
0.18758776168889363,-0.05950761518652789,1.008,-0.09594074898212834,0.6295308227539063,0.10128253173828125,2.5,0,1,0,2.3124122383111065,0.05950761518652789,-0.008000000000000007,0.09594074898212834,0.946979131309867,0.01684252148496728,-0.04900834242424246,0.0767421272101908,0,0,0,0,0,0,0,0
0.23870945457527892,-0.053605091668202126,1,-0.09178686536238184,0.7548175659179688,0.16158767700195312,2.5,0,1,0,2.261290545424721,0.053605091668202126,0,0.09178686536238184,0.8683202075825381,-0.004981858115551435,0.04356590000000004,0.07231553589482012,0,0,0,0,0,0,0,0
0.29597797852524216,-0.049280234010298046,0.999,-0.08758062186507548,0.8494656982421875,0.1433365936279297,2.5,0,1,0,2.2040220214747577,0.049280234010298046,0.0010000000000000009,0.08758062186507548,0.8123213427787466,0.0018794756174252726,0.006007015384615391,0.06816719033904613,0,0,0,0,0,0,0,0
0.357565802759333,-0.04604841720791816,0.989,-0.08405505677604691,0.916036376953125,0.1290965576171875,2.5,0,1,0,2.142434197240667,0.04604841720791816,0.01100000000000001,0.08405505677604691,0.7596622421292236,0.006179103294089227,0.0625400538461539,0.06778321790360736,0,0,0,0,0,0,0,0
0.4316042431562756,-0.04099602003457583,0.985,-0.07932521450314234,1.10029296875,0.16875808715820312,2.5,0,1,0,2.0683957568437243,0.04099602003457583,0.015000000000000013,0.07932521450314234,0.656945699834266,-0.006123572953972662,0.03352986153846157,0.057495173243582776,0,0,0,0,0,0,0,0
0.5104827966275491,-0.035004053242718706,0.982,-0.07428121296487872,1.17233544921875,0.18335433959960937,2.5,0,1,0,1.9895172033724509,0.035004053242718706,0.018000000000000016,0.07428121296487872,0.6287495658802078,-0.011427352390233791,0.029307932394366226,0.05296853040883524,0,0,0,0,0,0,0,0
0.5948070581544666,-0.026232328265694473,0.979,-0.07033676885537155,1.251611328125,0.22508229064941407,2.5,0,1,0,1.9051929418455336,0.026232328265694473,0.02100000000000002,0.07033676885537155,0.48467696495529505,-0.03742800671419322,0.03454520000000003,0.05061454830783568,0,0,0,0,0,0,0,0
0.6830849067314694,-0.015788063210624547,0.976,-0.06618288523562504,1.3098834228515626,0.24933750915527345,2.5,0,1,0,1.8169150932685305,0.015788063210624547,0.02400000000000002,0.06618288523562504,0.4582682994826245,-0.0477098315978636,0.035755046153846184,0.047011114682948885,0,0,0,0,0,0,0,0
0.769266501667111,-0.003598509214431552,0.974,-0.06302383928951527,1.277801513671875,0.267936767578125,2.5,0,1,0,1.730733498332889,0.003598509214431552,0.026000000000000023,0.06302383928951527,0.42758999839605155,-0.06319997924794109,0.0321394307692308,0.04844362723054709,0,0,0,0,0,0,0,0
0.8655628961698083,0.0027525723174083184,0.977,-0.060545471751683344,1.435578125,0.18605136108398437,2.5,0,1,0,1.6344371038301917,-0.0027525723174083184,0.02300000000000002,0.060545471751683344,0.3260398799011226,-0.03493938053165821,0.0029658538461538562,0.04910685234630522,0,0,0,0,0,0,0,0
0.9688339679510817,0.012039681887305009,0.976,-0.05698500007761492,1.5377984619140626,0.2327830352783203,2.5,0,1,0,1.5311660320489184,-0.012039681887305009,0.02400000000000002,0.05698500007761492,0.25447352446304616,-0.0539076220627144,0.025304380597014953,0.041042589596711546,0,0,0,0,0,0,0,0
1.0845693047150302,0.02161350499930987,0.977,-0.05777039824101238,1.7250330810546874,0.24224838256835937,2.5,0,1,0,1.4154306952849698,-0.02161350499930987,0.02300000000000002,0.05777039824101238,0.09399923239718233,-0.06338130482013622,0.01386984444444446,0.06151038949528597,0,0,0,0,0,0,0,0
1.2022389388480406,0.030194070991736613,0.978,-0.05813691738393118,1.7546685791015626,0.23040438842773436,2.5,0,1,0,1.2977610611519594,-0.030194070991736613,0.02200000000000002,0.05813691738393118,0.08215900784876606,-0.05802912565404158,0.013704736231884073,0.0597304788748825,0,0,0,0,0,0,0,0
1.3320094315714128,0.037792762569981916,0.982,-0.05616469532917757,1.93664599609375,0.22689091491699218,2.5,0,1,0,1.1679905684285872,-0.037792762569981916,0.018000000000000016,0.05616469532917757,-0.1177024907614097,-0.06122313240405573,-0.006891845161290322,0.04662168538682137,0,0,0,0,0,0,0,0
1.4762745522504201,0.04061351457039038,0.978,-0.05408775351930429,2.158189453125,0.1637197723388672,2.5,0,1,0,1.0237254477495799,-0.04061351457039038,0.02200000000000002,0.05408775351930429,-0.2334064556833847,-0.03495273225170416,0.04057026153846158,0.044501868242966085,0,0,0,0,0,0,0,0
1.6263207840145106,0.040750793588892845,0.975,-0.05401794034922453,2.247290771484375,0.12373178100585938,2.5,0,1,0,0.8736792159854894,-0.040750793588892845,0.025000000000000022,0.05401794034922453,-0.32674046891178143,-0.020587597462228883,0.03750589090909094,0.053700607757952906,0,0,0,0,0,0,0,0
1.771936209848009,0.037552090812435344,0.977,-0.051207960253513714,2.183635986328125,0.07001975250244141,2.5,0,1,0,0.7280637901519911,-0.037552090812435344,0.02300000000000002,0.051207960253513714,-0.3997168671292972,-0.0007913788082793,0.00920650000000001,0.03803617855486925,0,0,0,0,0,0,0,0
1.9180117914067771,0.03637240822909039,0.981,-0.04895648551844101,2.189167236328125,0.09448241424560547,2.5,0,1,0,0.5819882085932229,-0.03637240822909039,0.019000000000000017,0.04895648551844101,-0.4626028293241346,-0.011365948403465605,-0.004470961538461538,0.03856506366425932,0,0,0,0,0,0,0,0
2.0668609925317654,0.03324493416009179,0.988,-0.04735078260660625,2.232358642578125,0.06240744400024414,2.5,0,1,0,0.43313900746823464,-0.03324493416009179,0.01200000000000001,0.04735078260660625,-0.551680764119113,0.0006642874235030793,-0.026146807692307705,0.03993984609044582,0,0,0,0,0,0,0,0
2.2040700372368747,0.02927879653644293,0.996,-0.043703044469938064,2.058644775390625,0.037992538452148436,2.5,0,1,0,0.29592996276312533,-0.02927879653644293,0.0040000000000000036,0.043703044469938064,-0.557415166658062,0.007144205696464852,-0.0379054230769231,0.026867329993007966,0,0,0,0,0,0,0,0
2.3276845587830945,0.02529442826948156,1.008,-0.040509091938788384,1.8550584716796874,0.02130071258544922,2.5,0,1,0,0.17231544121690545,-0.02529442826948156,-0.008000000000000007,0.040509091938788384,-0.5260365436726264,0.008577180978344926,-0.06716866716417916,0.02641812488959862,0,0,0,0,0,0,0,0
2.4363951320981987,0.021504196725514475,1.02,-0.03888593573443367,1.631623291015625,0.009231602668762207,2.5,0,1,0,0.06360486790180131,-0.021504196725514475,-0.020000000000000018,0.03888593573443367,-0.5291145704171157,0.010372498739352639,-0.07983510000000008,0.031156620475601696,1427122343616,0,0,0,0,0,0,0
2.537664790741056,0.014973339020575283,1.034,-0.03757693879543795,1.5217049560546876,-0.03883421325683594,2.5,0,1,0,-0.03766479074105611,-0.014973339020575283,-0.03400000000000003,0.03757693879543795,-0.5305610959586287,0.028066523038138357,-0.10101571538461546,0.031535414461611545,1427122343616,0,0,0,0,0,0,0
2.6187423001254944,0.008942040752373733,1.05,-0.036878807094640205,1.218702880859375,-0.04471669387817383,2.5,0,1,0,-0.11874230012549436,-0.008942040752373733,-0.050000000000000044,0.036878807094640205,-0.4624500756005954,0.028386424417162794,-0.12490994615384626,0.033656660783266006,0,0,0,0,0,0,0,0
2.687043579720858,0.003936246087794729,1.063,-0.03518583772020573,1.026591064453125,-0.037261383056640625,2.5,0,1,0,-0.18704357972085806,-0.003936246087794729,-0.06299999999999994,0.03518583772020573,-0.42235671521310764,0.024956383179882028,-0.11851129393939336,0.027490522381867225,0,0,0,0,0,0,0,0
2.739237643226808,-0.0004133589796873425,1.069,-0.034470252726888036,0.7847215576171875,-0.0376619987487793,2.5,0,1,0,-0.23923764322680796,0.0004133589796873425,-0.06899999999999995,0.034470252726888036,-0.3631945887909937,0.023651665212611375,-0.0866454818181818,0.031217593666353047,0,0,0,0,0,0,0,0
2.780995821685391,-0.0039605073138413325,1.074,-0.0338070276111302,0.6278342895507812,-0.03158866882324219,2.5,0,1,0,-0.28099582168539117,0.0039605073138413325,-0.07400000000000007,0.0338070276111302,-0.3358318533812005,0.021760154077702272,-0.08664465000000068,0.030698159881015336,0,0,0,0,0,0,0,0
2.8070402119881606,-0.0036327652696416914,1.071,-0.03539527723044506,0.39027645874023437,0.018118057250976562,2.5,0,1,0,-0.30704021198816056,0.0036327652696416914,-0.07099999999999995,0.03539527723044506,-0.2631157752911508,0.00040780126875360526,-0.040949049999999335,0.042840197320983486,0,0,0,0,0,0,0,0
2.8174685212259756,-0.0009755006498923589,1.067,-0.0345575191894878,0.1549161376953125,0.04536954116821289,2.5,0,1,0,-0.3174685212259756,0.0009755006498923589,-0.06699999999999995,0.0345575191894878,-0.1814108395633012,-0.013219402708176349,-0.03338537878787873,0.030749528094227534,0,0,0,0,0,0,0,0
2.8205855913824993,0.0030057742489004325,1.061,-0.03344050846821141,0.044664802551269533,0.061298919677734376,2.5,0,1,0,-0.3205855913824993,-0.0030057742489004325,-0.06099999999999994,0.03344050846821141,-0.14466033929820105,-0.02255807317955625,-0.017886307692307625,0.028285074370012667,0,0,0,0,0,0,0,0
2.814739719976781,0.012203566514778014,1.06,-0.03474950540720713,-0.09225186920166016,0.1349579620361328,2.5,0,1,0,-0.3147397199767812,-0.012203566514778014,-0.06000000000000005,0.03474950540720713,-0.09507815868516323,-0.05306921150637814,-0.044654941176471195,0.04052449190277649,0,0,0,0,0,0,0,0
2.8011194900102154,0.020531676211147022,1.053,-0.03569198320328411,-0.20852020263671875,0.11774821472167969,2.5,0,1,0,-0.30111949001021543,-0.020531676211147022,-0.052999999999999936,0.03569198320328411,-0.042878848721907906,-0.05617189956243883,-0.005647011111110413,0.04017997270841258,0,0,0,0,0,0,0,0
2.778041427171288,0.032803736702961085,1.046,-0.03733259270015878,-0.352519287109375,0.1716107635498047,2.5,0,1,0,-0.2780414271712881,-0.032803736702961085,-0.04600000000000004,0.03733259270015878,0.019022448075851295,-0.08317447892350498,-0.0009490500000006036,0.04502294971675882,0,0,0,0,0,0,0,0
2.745747400567544,0.04746574239967017,1.037,-0.03815289744859609,-0.49228152465820313,0.20169674682617186,2.5,0,1,0,-0.24574740056754418,-0.04746574239967017,-0.03699999999999992,0.03815289744859609,0.08269248189866857,-0.10237276513362929,0.01619073846153917,0.04193891936446058,0,0,0,0,0,0,0,0
2.7111638539564518,0.06230082708819771,1.03,-0.04038691889114884,-0.5268636474609375,0.2025771942138672,2.5,0,1,0,-0.21116385395645176,-0.06230082708819771,-0.030000000000000027,0.04038691889114884,0.10661218105801287,-0.1083794986476962,0.009695364179103907,0.050389999977205946,0,0,0,0,0,0,0,0
2.673734075452028,0.07673463527341359,1.022,-0.04028219913602918,-0.5697305297851563,0.19366163635253905,2.5,0,1,0,-0.1737340754520278,-0.07673463527341359,-0.02200000000000002,0.04028219913602918,0.14609878622120162,-0.11587007480646057,0.022462123076923097,0.03979887718932303,0,0,0,0,0,0,0,0
2.6404563665054392,0.09030552793434501,1.014,-0.03822271061867591,-0.5069584655761719,0.18329620361328125,2.5,0,1,0,-0.14045636650543925,-0.09030552793434501,-0.014000000000000012,0.03822271061867591,0.14309025824392102,-0.11920863030157208,0.02944560000000003,0.028568858193582458,0,0,0,0,0,0,0,0
2.611046520445951,0.1020642913203875,1.011,-0.035971235883603146,-0.44756561279296875,0.1593948669433594,2.5,0,1,0,-0.1110465204459512,-0.1020642913203875,-0.010999999999999899,0.035971235883603146,0.1340962397848085,-0.11425495277701929,0.00417794615384685,0.025579814029421166,0,0,0,0,0,0,0,0
2.586293619199144,0.11134508561453016,1.007,-0.03543018381548498,-0.37605987548828124,0.12576885223388673,2.5,0,1,0,-0.08629361919914391,-0.11134508561453016,-0.006999999999999895,0.03543018381548498,0.12134074287206711,-0.10562481373489489,0.012717061538461643,0.03293302042417038,0,0,0,0,0,0,0,0
2.5573599632396604,0.11996398021464948,1.005,-0.03434807967924843,-0.43831204223632814,0.11382862854003906,2.5,0,1,0,-0.057359963239660416,-0.11996398021464948,-0.004999999999999893,0.03434807967924843,0.1559209147392411,-0.10574618876726194,0.0033516606060607045,0.02942942451453684,0,0,0,0,0,0,0,0
2.5282573469153213,0.12752325334242626,1.003,-0.032515483964654444,-0.4401756896972656,0.09833087921142578,2.5,0,1,0,-0.028257346915321335,-0.12752325334242626,-0.0029999999999998916,0.032515483964654444,0.17134957498728676,-0.10399078590078227,0.0049318606060607065,0.024185503443772682,0,0,0,0,0,0,0,0
2.501735655833193,0.13184656011742926,1.013,-0.03293436298513305,-0.39972332763671875,0.051882118225097654,2.5,0,1,0,-0.0017356558331931282,-0.13184656011742926,-0.0129999999999999,0.03293436298513305,0.17531775154857174,-0.08979285054707369,-0.06844489999999996,0.03489785839362653,0,0,0,0,0,0,0,0
2.477105684940767,0.13263146735986292,1.018,-0.03347541505325133,-0.36963690185546877,-0.00039816254377365113,2.5,0,1,0,0.022894315059232895,-0.13263146735986292,-0.018000000000000016,0.03347541505325133,0.1732208311426247,-0.07079214390264399,-0.04439135151515213,0.03593474263560712,0,0,0,0,0,0,0,0
2.4601303456178334,0.13047219241429,1.022,-0.03303908274025271,-0.2534033966064453,-0.040893234252929685,2.5,0,1,0,0.03986965438216661,-0.13047219241429,-0.02200000000000002,0.03303908274025271,0.1439544222999004,-0.05382508688270716,-0.043092000000000026,0.03099377502307169,0,0,0,0,0,0,0,0
2.4451879492670647,0.12484364300019313,1.02,-0.034714598822167285,-0.22122470092773439,-0.09178606414794922,2.5,0,1,0,0.05481205073293527,-0.12484364300019313,-0.020000000000000018,0.034714598822167285,0.13786789015449033,-0.033053375733581525,-0.009142939393939392,0.04233058101268808,0,0,0,0,0,0,0,0
2.4315533364884714,0.1171288082703768,1.011,-0.03637266161156185,-0.2003795166015625,-0.12275117492675781,2.5,0,1,0,0.06844666351152862,-0.1171288082703768,-0.010999999999999899,0.03637266161156185,0.13779515542865373,-0.018209629132104457,0.03510567272727344,0.04390931065426442,0,0,0,0,0,0,0,0
2.425691880148312,0.10793214294498997,1.006,-0.036163222101322584,-0.0828471908569336,-0.14105598449707032,2.5,0,1,0,0.07430811985168795,-0.10793214294498997,-0.006000000000000005,0.036163222101322584,0.10052351542072009,-0.004298111897773134,0.01868374999999942,0.03518147439707602,0,0,0,0,0,0,0,0
2.423619331700286,0.09722463133572841,1,-0.03441789284932825,-0.025260894775390626,-0.1616316680908203,2.5,0,1,0,0.07638066829971413,-0.09722463133572841,0,0.03441789284932825,0.08071447397748414,0.008354016140457797,0.028447692307692337,0.026362527070892875,1427122345310,0,0,0,0,0,0,0
2.426512097308851,0.08499894907189898,0.992,-0.034051373706409455,0.049676273345947264,-0.1817834777832031,2.5,0,1,0,0.07348790269114902,-0.08499894907189898,0.008000000000000007,0.034051373706409455,0.05257955185138239,0.02258637301853355,0.04566892307692312,0.03235974689293808,1427122345310,0,0,0,0,0,0,0
2.428678042646819,0.0732485008078323,0.99,-0.03295181627765301,0.03847097015380859,-0.1750484619140625,2.5,0,1,0,0.07132195735318092,-0.0732485008078323,0.010000000000000009,0.03295181627765301,0.05545658606558485,0.025855033318626985,0.015026230769230792,0.02787693583723863,1427122345310,0,0,0,0,0,0,0
2.4350799560253518,0.06199925095634481,0.986,-0.032218777991815356,0.10153581237792969,-0.1654833984375,2.5,0,1,0,0.06492004397464823,-0.06199925095634481,0.014000000000000012,0.032218777991815356,0.03051907731295337,0.02693121227756791,0.028446322388059733,0.02893651701045274,1427122345310,0,0,0,0,0,0,0
2.4453896587008734,0.05179935801470291,0.984,-0.02785545486182958,0.1594938507080078,-0.14793736267089844,2.5,0,1,0,0.054610341299126564,-0.05179935801470291,0.016000000000000014,0.02785545486182958,0.0024608211687520073,0.029013933653705068,0.02019070000000003,0.007402377690021264,1427122345310,0,0,0,0,0,0,0
2.4585265762359656,0.04210628084662805,0.982,-0.026424284875194243,0.20102687072753905,-0.1398514404296875,2.5,0,1,-0.02785545486182958,0.0414734237640344,-0.04210628084662805,0.018000000000000016,-0.001431169986635339,0.0207367118820172,-0.021053140423314024,0.014400000000000013,-0.001431169986635339,1427122345310,0,0,0,0,0,0,0
2.4709957164791323,0.031360221541080965,0.981,-0.024190263432641492,0.19123066711425782,-0.15619287109375,2.5,0,1,-0.02785545486182958,0.029004283520867702,-0.031360221541080965,0.019000000000000017,-0.0036651914291880895,-0.05160294397469002,0.041285869618719356,0.02062843030303032,-0.01381983434988241,1427122345702,0,0,0,0,0,0,0
2.481667231524594,0.024796583644229306,0.989,-0.024853488548399326,0.1624073028564453,-0.09455393981933594,2.5,0,1,-0.02785545486182958,0.01833276847540599,-0.024796583644229306,0.01100000000000001,-0.0030019663134302557,-0.04916258786821769,0.02346003536654344,-0.034754200000000034,0.00010690141668459044,1427122345766,0,0,0,0,0,0,0
2.4934680345492986,0.020386569729046133,0.998,-0.025813419636996203,0.17860127258300781,-0.061730865478515626,2.5,0,1,-0.02785545486182958,0.006531965450701449,-0.020386569729046133,0.0020000000000000018,-0.0020420352248333787,-0.05743812707223284,0.012454885742342795,-0.04451412941176474,0.002192954871917549,1427122345834,0,0,0,0,0,0,0
2.505819699079966,0.018546062196113763,0.996,-0.027925268031909332,0.18592581176757814,-0.02281636619567871,2.5,0,1,-0.02785545486182958,-0.005819699079966156,-0.018546062196113763,0.0040000000000000036,0.0000698131700797508,-0.07260527869753333,0.001055001795673284,0.014724522580645173,0.010288434435788441,1427122345896,0,0,0,0,0,0,0
2.516285046719869,0.01770641404424929,0.992,-0.03054326190990083,0.15727067565917968,-0.008206666946411133,2.5,0,1,-0.02785545486182958,-0.01628504671986919,-0.01770641404424929,0.008000000000000007,0.0026878070480712488,-0.06447327122544774,-0.004405462820786846,0.02822466153846156,0.014770855715724314,1427122345961,0,0,0,0,0,0,0
2.5256290100762633,0.017372960836320964,0.992,-0.032323497746935013,0.140246826171875,-0.0007192040085792541,2.5,0,1,-0.02785545486182958,-0.02562901007626328,-0.017372960836320964,0.008000000000000007,0.004468042885105432,-0.06236161697248756,-0.007003072260881406,0.006739000000000007,0.012560023962533536,1427122346027,0,0,0,0,0,0,0
2.5339238377763804,0.018361574963404913,0.989,-0.03399901382884959,0.123878173828125,0.018842533111572267,2.5,0,1,-0.02785545486182958,-0.03392383777638042,-0.018361574963404913,0.01100000000000001,0.006143558967020006,-0.061644217334522744,-0.01460093365258051,0.025364346153846175,0.013876710114318042,1427122346092,0,0,0,0,0,0,0
2.538717803624097,0.02074222507684059,0.989,-0.0348367718698069,0.07065406799316407,0.03813349533081055,2.5,0,1,-0.02785545486182958,-0.03871780362409716,-0.02074222507684059,0.01100000000000001,0.006981317007977321,-0.04482484332412268,-0.023106301432166635,0.009283100000000008,0.010789308103237843,1427122346158,0,0,0,0,0,0,0
2.540604844479258,0.02589802469022694,0.989,-0.03708824660487955,0.025594812393188476,0.07827594757080078,2.5,0,1,-0.02785545486182958,-0.04060484447925816,-0.02589802469022694,0.01100000000000001,0.009232791743049966,-0.030691559366697416,-0.04127189541790625,0.009353500000000008,0.01978657956370299,1427122346222,0,0,0,0,0,0,0
2.541210445847963,0.03162190347276462,0.992,-0.04017747938090951,0.0058941740989685056,0.08613597106933593,2.5,0,1,-0.02785545486182958,-0.04121044584796296,-0.03162190347276462,0.008000000000000007,0.012322024519079926,-0.02396232261106125,-0.046779495662851736,-0.009148346153846158,0.02658002194691051,1427122346287,0,0,0,0,0,0,0
2.540756093252638,0.03711625526989552,0.994,-0.04235914094590246,-0.010120136260986328,0.08207501983642577,2.5,0,1,-0.02785545486182958,-0.04075609325263807,-0.03711625526989552,0.006000000000000005,0.014503686084072875,-0.018091669306805183,-0.04786699661346354,-0.005160960606060608,0.024420329561313556,1427122346353,0,0,0,0,0,0,0
2.5375944157315224,0.046293700614649644,0.996,-0.04452334921837539,-0.05321210861206055,0.1355299072265625,2.5,0,1,-0.02785545486182958,-0.037594415731522446,-0.046293700614649644,0.0040000000000000036,0.01666789435654581,-0.0019202950763494014,-0.07276610951037582,-0.006898130769230773,0.026656547921805503,1427122346418,0,0,0,0,0,0,0
2.534155751930667,0.05450696032047736,0.998,-0.04656538444320877,-0.057012256622314454,0.12078105163574218,2.5,0,1,-0.02785545486182958,-0.03415575193066722,-0.05450696032047736,0.0020000000000000018,0.018709929581379188,0.0012683001685365042,-0.07171640006250965,-0.008485130769230775,0.028134707542148626,1427122346483,0,0,0,0,0,0,0
2.5280407236701214,0.06254828457011373,1.001,-0.048223447232603446,-0.09724067687988282,0.11621942901611328,2.5,0,1,-0.02785545486182958,-0.028040723670121448,-0.06254828457011373,-0.0009999999999998899,0.020367992370773864,0.018718781072911382,-0.07485191226972962,-0.01627624615384548,0.028020589860287756,1427122346548,0,0,0,0,0,0,0
2.5212650093079545,0.06958677926592301,1.001,-0.053023102675587776,-0.10660689544677734,0.10055535888671875,2.5,0,1,-0.02785545486182958,-0.021265009307954497,-0.06958677926592301,-0.0009999999999998899,0.025167647813758194,0.025650356545135644,-0.07301653958047277,-0.00012889999999990973,0.0473199037044551,1427122346613,0,0,0,0,0,0,0
2.513108607542473,0.07450457707161154,1.002,-0.055850536063818595,-0.12608360290527343,0.06717916870117188,2.5,0,1,-0.02785545486182958,-0.013108607542473116,-0.07450457707161154,-0.0020000000000000018,0.027995081201989014,0.03715450746620527,-0.06410472935776342,-0.006326515384615986,0.041044773763054335,1427122346678,0,0,0,0,0,0,0
2.5074337382535896,0.07999150433152181,1.008,-0.05825909043157082,-0.08958464050292969,0.07742388153076171,2.5,0,1,-0.02785545486182958,-0.007433738253589617,-0.07999150433152181,-0.008000000000000007,0.03040363556974124,0.026625012229870522,-0.06996473068057421,-0.038101592307692334,0.041520040343982274,1427122346743,0,0,0,0,0,0,0
2.501365199546241,0.08391242071157935,1.007,-0.05817182396897111,-0.09429814147949218,0.053413749694824215,2.5,0,1,-0.02785545486182958,-0.001365199546241147,-0.08391242071157935,-0.006999999999999895,0.030316369107141528,0.030802700026797022,-0.06291881625480189,0.00018308059701559534,0.02992562375221745,1427122346810,0,0,0,0,0,0,0
2.4926192191975303,0.08902643950834083,1.006,-0.05925392810520755,-0.1354276580810547,0.06895328521728515,2.5,0,1,-0.02785545486182958,0.007380780802469733,-0.08902643950834083,-0.006000000000000005,0.03139847324337797,0.052067798202566754,-0.07346072884733607,0.0012769555555549403,0.036551350082599104,1427122346873,0,0,0,0,0,0,0
2.4849233979843217,0.0921103151782908,1.001,-0.06202900161587857,-0.11797409820556641,0.03934083938598633,2.5,0,1,-0.02785545486182958,0.015076602015678287,-0.0921103151782908,-0.0009999999999998899,0.03417354675404899,0.04814805275178932,-0.06300613008128754,0.026229951515152217,0.04678751725709909,1427122346939,0,0,0,0,0,0,0
2.4775424709320073,0.09404544257852754,0.995,-0.06469935537142987,-0.11230033874511719,0.02210801696777344,2.5,0,1,-0.02785545486182958,0.0224575290679927,-0.09404544257852754,0.0050000000000000044,0.03684390050960029,0.050785393930108405,-0.058100853961064916,0.036854992307691736,0.0491686101506063,1427122347004,0,0,0,0,0,0,0
2.474271100754697,0.09440067932053213,0.99,-0.06424556976591131,-0.04931239700317383,0.0021447837352752686,2.5,0,1,-0.02785545486182958,0.025728899245303083,-0.09440067932053213,0.010000000000000009,0.03639011490408173,0.03030941963017443,-0.0498327292292986,0.035535376923076956,0.03429571980168836,1427122347069,0,0,0,0,0,0,0
2.471166283917786,0.09374835357994839,0.985,-0.06344271830999396,-0.04584796905517578,-0.012754702568054199,2.5,0,1,-0.02785545486182958,0.028833716082214078,-0.09374835357994839,0.015000000000000013,0.035587263448164375,0.03048526888451216,-0.044248892750557926,0.03883220298507466,0.031992406182862795,1427122347136,0,0,0,0,0,0,0
2.4714845910916527,0.09248349970127225,0.981,-0.06211626807847828,0.005967881202697754,-0.018631927490234373,2.5,0,1,-0.02785545486182958,0.02851540890834725,-0.09248349970127225,0.019000000000000017,0.0342608132166487,0.012356514385417365,-0.04005543620255522,0.03825472222222226,0.027944383542764538,1427122347199,0,0,0,0,0,0,0
2.472549504233683,0.09050466642713878,0.978,-0.0596553538331662,0.017785470962524415,-0.028633665084838868,2.5,0,1,-0.02785545486182958,0.027450495766316863,-0.09050466642713878,0.02200000000000002,0.031799898971336615,0.007963281667474622,-0.035658905820601196,0.034486790909090945,0.020613925129008958,1427122347265,0,0,0,0,0,0,0
2.475374655428008,0.08940447513753297,0.977,-0.05960299395560639,0.04328578567504883,-0.01394698143005371,2.5,0,1,-0.02785545486182958,0.02462534457199217,-0.08940447513753297,0.02300000000000002,0.03174753909377681,-0.0029983733782588395,-0.03973662895798083,0.024911815384615413,0.031505878120423866,1427122347330,0,0,0,0,0,0,0
2.475524635635426,0.08958752484726966,0.976,-0.05909684847252803,0.002082150459289551,0.002874879598617554,2.5,0,1,-0.02785545486182958,0.02447536436457387,-0.08958752484726966,0.02400000000000002,0.03124139361069845,0.011347312357441875,-0.04679614493122876,0.02586781538461541,0.028905337534952166,1427122347395,0,0,0,0,0,0,0
2.477273228264053,0.08916101226834647,0.976,-0.059219021520167656,0.026560964584350585,-0.004837377548217774,2.5,0,1,-0.02785545486182958,0.02272677173594717,-0.08916101226834647,0.02400000000000002,0.031363566658338074,0.0022959468622298067,-0.04346258051421918,0.020646400000000023,0.03190256539792465,1427122347463,0,0,0,0,0,0,0
2.4801309540738767,0.08683166959586147,0.976,-0.05665338751973608,0.04485865783691406,-0.032341899871826174,2.5,0,1,-0.02785545486182958,0.019869045926123263,-0.08683166959586147,0.02400000000000002,0.0287979326579065,-0.006252811236250084,-0.03139751505921016,0.020795200000000024,0.016383574591302102,1427122347525,0,0,0,0,0,0,0
2.4844910314456032,0.08515760423617341,0.975,-0.054227379859463846,0.06671809387207031,-0.021367477416992187,2.5,0,1,-0.02785545486182958,0.015508968554396763,-0.08515760423617341,0.025000000000000022,0.026371924997634265,-0.01541191330871611,-0.03488858215309175,0.027063230303030327,0.015344617450942295,1427122347591,0,0,0,0,0,0,0
2.4905526317387126,0.0814756823867755,0.966,-0.051242866838553607,0.09378379821777344,-0.05021949005126953,2.5,0,1,-0.02785545486182958,0.009447368261287448,-0.0814756823867755,0.03400000000000003,0.023387411976724025,-0.027954336433744113,-0.022152466718403742,0.07764273846153853,0.009612736495599843,1427122347656,0,0,0,0,0,0,0
2.495313009582067,0.07848488643300165,0.953,-0.04909611185860057,0.07360978698730469,-0.04114562225341797,2.5,0,1,-0.02785545486182958,0.004686990417932968,-0.07848488643300165,0.04700000000000004,0.02124065699677099,-0.0233248963898929,-0.024429531047981755,0.1098867000000001,0.011332557089295437,1427122347721,0,0,0,0,0,0,0
2.49925828527839,0.07646730106098205,0.916,-0.04794419455228431,0.06059306335449219,-0.027323015213012697,2.5,0,1,-0.02785545486182958,0.0007417147216099984,-0.07646730106098205,0.08399999999999996,0.02008873969045473,-0.02058615750583907,-0.02887617631883769,0.26625322121212075,0.014852751934471733,1427122347787,0,0,0,0,0,0,0
2.5037023535283276,0.07364493335085537,0.886,-0.04813618077000369,0.06861338806152344,-0.03909208297729492,2.5,0,1,-0.02785545486182958,-0.0037023535283275955,-0.07364493335085537,0.11399999999999999,0.020280725908174112,-0.02581827985808633,-0.023014813444233152,0.2563205615384617,0.02116681614380203,0,0,0,0,0,0,0,0
2.5070362736384713,0.07253822083218336,0.85,-0.04949753758655933,0.050749660491943356,-0.014175155639648437,2.5,0,1,-0.02785545486182958,-0.007036273638471258,-0.07253822083218336,0.15000000000000002,0.02164208272472975,-0.0217925204617402,-0.03165291215273207,0.3214171000000002,0.028023442802334295,0,0,0,0,0,0,0,0
2.5116168948411457,0.07175027801543041,0.805,-0.05031784233499658,0.06920994567871094,-0.008405113220214843,2.5,0,1,-0.02785545486182958,-0.011616894841145697,-0.07175027801543041,0.19499999999999995,0.022462387473167,-0.030522889841392224,-0.03311514349826799,0.4041172923076919,0.02624840938903123,0,0,0,0,0,0,0,0
2.5164251991230344,0.07225079601630707,0.763,-0.050492375260196065,0.07165566253662109,0.01112588882446289,2.5,0,1,-0.02785545486182958,-0.016425199123034417,-0.07225079601630707,0.237,0.022636920398366484,-0.034163704172920376,-0.0403502314571995,0.42310394615384633,0.02344245697621026,0,0,0,0,0,0,0,0
2.522019728925794,0.07350904508354347,0.716,-0.05007349623971736,0.08285842132568359,0.023085098266601562,2.5,0,1,-0.02785545486182958,-0.02201972892579418,-0.07350904508354347,0.28400000000000003,0.022218041377887777,-0.04031000876856897,-0.0449064530117746,0.4819752880597017,0.02034246367425178,0,0,0,0,0,0,0,0
2.525955146150832,0.06530702665398716,0.668,-0.050160762702317126,0.06511524963378906,-0.11992140197753906,2.5,0,1,-0.02785545486182958,-0.025955146150832054,-0.06530702665398716,0.33199999999999996,0.022305307840487544,-0.03459098593799185,0.010580490881129445,0.5394776999999996,0.02271436938392395,0,0,0,0,0,0,0,0
2.527511701559869,0.05357637373251266,0.616,-0.04974188368183846,0.03214154052734375,-0.1745677947998047,2.5,0,1,-0.02785545486182958,-0.02751170155986893,-0.05357637373251266,0.384,0.02188642882000888,-0.022246785501604575,0.03472125860485947,0.6010737000000003,0.019953141033184275,0,0,0,0,0,0,0,0
2.524152444362451,0.03831328656872611,0.563,-0.04813618077000371,-0.03894300842285156,-0.23116853332519532,2.5,0,1,-0.02785545486182958,-0.024152444362450787,-0.03831328656872611,0.43700000000000006,0.020280725908174126,0.005886904196872832,0.06134869831677872,0.6516988153846157,0.012869789392013723,0,0,0,0,0,0,0,0
2.516117813491913,0.02086010124944929,0.509,-0.04616395871525009,-0.10778278350830078,-0.26729364013671875,2.5,0,1,-0.02785545486182958,-0.01611781349191288,-0.02086010124944929,0.491,0.01830850385342051,0.03506883206247847,0.08185456813247566,0.7034749307692305,0.009205940523788448,0,0,0,0,0,0,0,0
2.5046867203852856,0.0026661232790656277,0.456,-0.045081854579013654,-0.15868960571289062,-0.28053167724609374,2.5,0,1,-0.02785545486182958,-0.004686720385285614,-0.0026661232790656277,0.544,0.017226399717184072,0.05723250700031107,0.0920142491363534,0.7356161716417913,0.01238115731612539,0,0,0,0,0,0,0,0
2.491269381554179,-0.016450098416198346,0.404,-0.04078834461910758,-0.188133056640625,-0.2955220947265625,2.5,0,1,-0.02785545486182958,0.008730618445821126,0.016450098416198346,0.596,0.012932889757278,0.07877278250703042,0.11274078668433882,0.7929941888888885,-0.00751239576608425,0,0,0,0,0,0,0,0
2.475540051843714,-0.03875453694478029,0.352,-0.03792600464583685,-0.22210107421875,-0.3439092407226563,2.5,0,1,-0.02785545486182958,0.02445994815628616,0.03875453694478029,0.648,0.010070549784007267,0.09428120452215,0.1342334635047987,0.8216886910447765,-0.002745897857503477,0,0,0,0,0,0,0,0
2.460134563889007,-0.06004739417871979,0.301,-0.034958944917446506,-0.21880575561523438,-0.32792510986328127,2.5,0,1,-0.02785545486182958,0.03986543611099291,0.06004739417871979,0.6990000000000001,0.007103490055616925,0.10409008435236829,0.14484791179537815,0.8742267500000003,-0.006804602421212804,0,0,0,0,0,0,0,0
2.4452957521459084,-0.07953206815500038,0.26,-0.033684854563490636,-0.21223080444335937,-0.2998711853027344,2.5,0,1,-0.02785545486182958,0.05470424785409156,0.07953206815500038,0.74,0.005829399701661055,0.1071975797340206,0.14311410688660803,0.8536997307692303,-0.000051017316596807354,0,0,0,0,0,0,0,0
2.4316122892863086,-0.09725434245281267,0.23,-0.03007202301186241,-0.1961826171875,-0.27259588623046876,2.5,0,1,-0.02785545486182958,0.06838771071369143,0.09725434245281267,0.77,0.0022165681500328285,0.10674697124643898,0.14110371428455118,0.8211034090909093,-0.014205393448277287,0,0,0,0,0,0,0,0
2.4196771788132656,-0.11420521874192349,0.195,-0.027646015351590232,-0.1713006591796875,-0.25953106689453126,2.5,0,1,-0.02785545486182958,0.0803228211867344,0.11420521874192349,0.8049999999999999,-0.00020943951023934954,0.10547225029312589,0.1483705908352626,0.8865707499999996,-0.011581350417765184,0,0,0,0,0,0,0,0
2.409965122606289,-0.12905975748547083,0.188,-0.02761110876655038,-0.13946592712402345,-0.22675991821289063,2.5,0,1,-0.02785545486182958,0.09003487739371119,0.12905975748547083,0.812,-0.00024434609527920065,0.09741235293580305,0.14316762219319729,0.7437348076923085,-0.00040545341084774424,0,0,0,0,0,0,0,0
2.4028891646537933,-0.14144126408118202,0.138,-0.024417156235400757,-0.1009715576171875,-0.18858206176757814,2.5,0,1,-0.02785545486182958,0.09711083534620668,0.14144126408118202,0.862,-0.003438298626428825,0.08681907873858807,0.1361339853628187,1.0208762692307687,-0.01817961800096555,0,0,0,0,0,0,0,0
2.398470692981965,-0.14659937947304066,0,-0.02731440279371134,-0.06436830902099609,-0.07896680450439453,2.5,0,1,-0.02785545486182958,0.1015293070180352,0.14659937947304066,1,-0.0005410520681182404,0.07478476711278033,0.09991314925004566,1.6116224230769232,0.012830855124084455,0,0,0,0,0,0,0,0
