0,0,0.718,0,-0.0004456171989440918,-0.001559274435043335,0,0,1,0,0,0,0.28200000000000003,0,0,0,0.22560000000000002,0,0,0,0,0,0,0,0,0
-0.0006987579981486003,0.0004913067181905111,0.719,0.0009250245035568039,-0.010481369972229005,0.007369600772857666,0,0,1,0,0.0006987579981486003,-0.0004913067181905111,0.281,-0.0009250245035568039,0.004112376258727098,-0.0028914704217956008,0.22124188461538466,-0.005194368366126668,0,0,0,0,0,0,0,0
-0.00002769549615936432,-0.00044509056479467705,0.721,0.0016057029118348165,0.010052940368652345,-0.014055264472961427,0,0,1,0,0.00002769549615936432,0.00044509056479467705,0.279,-0.0016057029118348165,-0.0034912298867649533,0.005114151741392745,0.2164480388059702,-0.004653516680243828,0,0,0,0,0,0,0,0
0.0012749305200147735,-0.0011793164355783155,0.72,0.0009424777960769237,0.01952168083190918,-0.011044748306274414,0,0,1,0,-0.0012749305200147735,0.0011793164355783155,0.28,-0.0009424777960769237,-0.007874606918521205,0.004669412663919818,0.2350153555555556,0.0022157370408654228,0,0,0,0,0,0,0,0
0.003535778202543766,-0.001912963182125346,0.716,0.0016231562043549363,0.033902328491210935,-0.01103665828704834,0,0,1,0,-0.003535778202543766,0.001912963182125346,0.28400000000000003,-0.0016231562043549363,-0.013944313028267572,0.004908852406127221,0.2560442615384616,-0.004764748857945764,0,0,0,0,0,0,0,0
0.005670979005462507,-0.0040970781162139565,0.716,0.0009599310885968215,0.03197479248046875,-0.032813667297363285,0,0,1,0,-0.005670979005462507,0.0040970781162139565,0.28400000000000003,-0.0009599310885968215,-0.014164895623185613,0.013635636067170996,0.23638020000000004,0.0020547285284855184,0,0,0,0,0,0,0,0
0.012131111829984664,-0.005923544454910864,0.719,0.0027227136331111623,0.09687564849853515,-0.027490001678466797,0,0,1,0,-0.012131111829984664,0.005923544454910864,0.281,-0.0027227136331111623,-0.04086514329078431,0.012805110606471713,0.21965285384615388,-0.010858633069331197,0,0,0,0,0,0,0,0
0.019186962483601352,-0.007815998910200586,0.725,0.0026179938779915535,0.10576007843017578,-0.028674877166748047,0,0,1,0,-0.019186962483601352,0.007815998910200586,0.275,-0.0026179938779915535,-0.04703779124903645,0.013957420970073903,0.20100351818181816,-0.0021419949910842406,0,0,0,0,0,0,0,0
0.031511147134113654,-0.010899225677579564,0.732,0.0018500490071140518,0.18474105834960938,-0.04673221206665039,0,0,1,0,-0.031511147134113654,0.010899225677579564,0.268,-0.0018500490071140518,-0.08216397026213362,0.02207236581283452,0.19127139230769233,0.0016943119353974938,0,0,0,0,0,0,0,0
0.04172490293065742,-0.013390778644596372,0.738,0.0003490658503988442,0.15313693237304687,-0.037656669616699216,0,0,1,0,-0.04172490293065742,0.013390778644596372,0.262,-0.0003490658503988442,-0.07593412167209525,0.020140910454357924,0.19355900769230766,0.00657854871905596,0,0,0,0,0,0,0,0
0.05451049857313387,-0.017354618788842625,0.747,0.00033161255787894644,0.19176316833496093,-0.05952454376220703,0,0,1,0,-0.05451049857313387,0.017354618788842625,0.253,-0.00033161255787894644,-0.096210719718582,0.030061811213775425,0.1718496615384615,-0.000251058900094803,0,0,0,0,0,0,0,0
0.06439279710778488,-0.02106400643917152,0.755,-0.0013962634015953768,0.14821601867675782,-0.05568996810913086,0,0,1,0,-0.06439279710778488,0.02106400643917152,0.245,0.0013962634015953768,-0.08639138548947908,0.03087194509293263,0.17172919999999997,0.009495681961631267,0,0,0,0,0,0,0,0
0.07599633615883422,-0.024261694607314185,0.765,-0.0011170107212763458,0.17411988830566405,-0.04772225189208985,0,0,1,0,-0.07599633615883422,0.024261694607314185,0.235,0.0011170107212763458,-0.09881575495433909,0.02890567197651941,0.15681489402985072,-0.00013337441448050906,0,0,0,0,0,0,0,0
0.08455403393523882,-0.026995616007804726,0.776,-0.0022340214425526916,0.12841119384765626,-0.040865409851074216,0,0,1,0,-0.08455403393523882,0.026995616007804726,0.22399999999999998,0.0022340214425526916,-0.08933312563349094,0.02853670135307764,0.14153104999999996,0.007470009198535563,0,0,0,0,0,0,0,0
0.09427789959398858,-0.02891169351164568,0.787,-0.0020071286397933537,0.1459218292236328,-0.02841524124145508,0,0,1,0,-0.09427789959398858,0.02891169351164568,0.21299999999999997,0.0020071286397933537,-0.09981570600692646,0.024879740452145492,0.1350410307692307,0.0009599310885964093,0,0,0,0,0,0,0,0
0.1020657335596843,-0.031581175786305156,0.796,-0.003001966313430193,0.11689764404296875,-0.03980768585205078,0,0,1,0,-0.1020657335596843,0.031581175786305156,0.20399999999999996,0.003001966313430193,-0.09271682926493963,0.030074330156118212,0.14069092727272722,0.007523955739052188,0,0,0,0,0,0,0,0
0.10769891997758803,-0.03382965653592465,0.805,-0.004520402762665299,0.08459866333007812,-0.0334734001159668,0,0,1,0,-0.10769891997758803,0.03382965653592465,0.19499999999999995,0.004520402762665299,-0.08463684950707466,0.029171418448167515,0.13402416153846147,0.011528570989904249,0,0,0,0,0,0,0,0
0.11244288944396935,-0.03628793450003599,0.817,-0.004345869837465654,0.07132550048828125,-0.0365521240234375,0,0,1,0,-0.11244288944396935,0.03628793450003599,0.18300000000000005,0.004345869837465654,-0.0811702430553285,0.030970930475137735,0.11236539411764765,0.0035758716380554553,0,0,0,0,0,0,0,0
0.11533969194579362,-0.0383625711731876,0.828,-0.003316125578789241,0.04358686828613281,-0.030930419921875,0,0,1,0,-0.11533969194579362,0.0383625711731876,0.17200000000000004,0.003316125578789241,-0.07462558236376288,0.0310907909587328,0.1042997258064516,-0.0016665079309353369,0,0,0,0,0,0,0,0
0.1169911857905671,-0.03973725211080086,0.841,-0.001396263401595376,0.02484065055847168,-0.020537952423095703,0,0,1,0,-0.1169911857905671,0.03973725211080086,0.15900000000000003,0.001396263401595376,-0.0680671153720704,0.027494430128262238,0.08702999999999997,-0.007464638954684,0,0,0,0,0,0,0,0
0.11787455812537614,-0.04181472784117142,0.851,0.000628318530717876,0.013294082641601562,-0.031143604278564455,0,0,1,0,-0.11787455812537614,0.04181472784117142,0.14900000000000002,-0.000628318530717876,-0.06444938110244797,0.0323446272198528,0.09615234615384616,-0.009972542833702115,0,0,0,0,0,0,0,0
0.11658269841357016,-0.04336024021383137,0.856,0.0029845130209102963,-0.019392457962036133,-0.02317050552368164,0,0,1,0,-0.11658269841357016,0.04336024021383137,0.14400000000000002,-0.0029845130209102963,-0.05227300436417039,0.030155492331729494,0.12043374848484849,-0.01369448797633039,0,0,0,0,0,0,0,0
0.1152865128908486,-0.045444318294893746,0.865,0.004572762640225215,-0.019535995483398436,-0.031203004837036134,0,0,1,0,-0.1152865128908486,0.045444318294893746,0.135,-0.004572762640225215,-0.05178180636314076,0.03391905516992012,0.09363847462686564,-0.011684328099844253,0,0,0,0,0,0,0,0
0.11036559124124792,-0.04679793262316025,0.869,0.004939281783143957,-0.07390589904785157,-0.01996647071838379,0,0,1,0,-0.11036559124124792,0.04679793262316025,0.131,-0.004939281783143957,-0.028823540654206618,0.03125844958276072,0.11605647777777776,-0.006684611035137966,0,0,0,0,0,0,0,0
0.10502877972178372,-0.0483346048556755,0.877,0.006510078109938978,-0.08016504669189453,-0.02265440368652344,0,0,1,0,-0.10502877972178372,0.0483346048556755,0.123,-0.006510078109938978,-0.024825179797686742,0.032812512535006805,0.08960127692307689,-0.01375990731053138,0,0,0,0,0,0,0,0
0.10198780344732009,-0.05124439078771451,0.884,0.006527531402458654,-0.04589781951904297,-0.04334891128540039,0,0,1,0,-0.10198780344732009,0.05124439078771451,0.11599999999999999,-0.006527531402458654,-0.03573317351346799,0.041694403506320143,0.09013989230769229,-0.006608085060241772,0,0,0,0,0,0,0,0
0.0985044381142425,-0.055770180957508395,0.888,0.0075572756611355105,-0.05269249725341797,-0.06754434204101563,0,0,1,0,-0.0985044381142425,0.055770180957508395,0.11199999999999999,-0.0075572756611355105,-0.031958599489976196,0.05232643123062797,0.10415927878787877,-0.01223793138239395,0,0,0,0,0,0,0,0
0.09261257338039233,-0.05808807156018281,0.896,0.007522369076095271,-0.08863819885253907,-0.0340994758605957,0,0,1,0,-0.09261257338039233,0.05808807156018281,0.10399999999999998,-0.007522369076095271,-0.016301446114354804,0.04181515634871287,0.07723355757575753,-0.007363702780457818,0,0,0,0,0,0,0,0
0.08880431563053316,-0.05932989962780248,0.9,0.0073652894434159686,-0.05726237106323242,-0.01819719123840332,0,0,1,0,-0.08880431563053316,0.05932989962780248,0.09999999999999998,-0.0073652894434159686,-0.024872479656849453,0.036973444657988006,0.09522279999999997,-0.006628978665231739,1427125691761,0,0,0,0,0,0,0
0.08313008575650013,-0.05961073849073674,0.9,0.007574728953655408,-0.08514216613769532,-0.0035855891704559325,0,0,1,0,-0.08313008575650013,0.05961073849073674,0.09999999999999998,-0.007574728953655408,-0.012362263369554535,0.03187357308663272,0.11774779999999999,-0.008541372847068207,1427125691761,0,0,0,0,0,0,0
0.0765919047294728,-0.058751427953040794,0.905,0.006614797865058588,-0.09797226715087891,0.013632155418395997,0,0,1,0,-0.0765919047294728,0.058751427953040794,0.09499999999999997,-0.006614797865058588,-0.004490912924145725,0.02534284024256082,0.08744222307692304,-0.0021843466869194157,1427125691761,0,0,0,0,0,0,0
0.07127728769808163,-0.05848063829626205,0.91,0.005532693728822037,-0.07969064331054687,0.004589078903198242,0,0,1,0,-0.07127728769808163,0.05848063829626205,0.08999999999999997,-0.005532693728822037,-0.008902662397394283,0.02843709362124184,0.08444414848484845,-0.0006140385641104458,1427125691761,0,0,0,0,0,0,0
0.06623340414545988,-0.05591981274819464,0.913,0.006213372137099606,-0.07544457244873047,0.03883038711547852,0,0,1,0,-0.06623340414545988,0.05591981274819464,0.08699999999999997,-0.006213372137099606,-0.007860142509778466,0.015049458197091114,0.09322440909090907,-0.009307364901997645,1427125691761,0,0,0,0,0,0,0
0.06100262538214234,-0.05461168264546046,0.919,0.00727802298081648,-0.07833824920654296,0.020109081268310548,0,0,1,0.006213372137099606,-0.06100262538214234,0.05461168264546046,0.08099999999999996,-0.0010646508437168745,-0.03050131269107117,0.02730584132273023,0.06479999999999997,-0.0010646508437168745,1427125691761,0,0,0,0,0,0,0
0.05405776189988969,-0.05174080221478484,0.924,0.009651670763528799,-0.10385678100585938,0.04382023239135742,0,0,1,0.006213372137099606,-0.05405776189988969,0.05174080221478484,0.07599999999999996,-0.0034382986264291926,0.009764262423995581,0.010680184116604681,0.03478644848484843,-0.014227606729667002,1427125692153,0,0,0,0,0,0,0
0.05007607583496072,-0.04875883940515965,0.929,0.012182398178920197,-0.05929080200195312,0.04530379867553711,0,0,1,0.006213372137099606,-0.05007607583496072,0.04875883940515965,0.07099999999999995,-0.005969026041820591,-0.003330919061288358,0.00813716517412312,0.03041224999999994,-0.01783181080146777,1427125692217,0,0,0,0,0,0,0
0.04622687454630043,-0.046101720152152935,0.934,0.01356120828799612,-0.05724819564819336,0.040557201385498044,0,0,1,0.006213372137099606,-0.04622687454630043,0.046101720152152935,0.06599999999999995,-0.007347836150896514,-0.0024847430755920302,0.008838615572358748,0.027261923076923014,-0.013711575115862313,1427125692282,0,0,0,0,0,0,0
0.04299680768471589,-0.04371844602380164,0.937,0.015184364492350834,-0.04796176147460938,0.03640285873413086,0,0,1,0.006213372137099606,-0.04299680768471589,0.04371844602380164,0.06299999999999994,-0.008970992355251228,-0.0047515023780577495,0.009533895599054754,0.036535458208955165,-0.0162388559568395,1427125692349,0,0,0,0,0,0,0
0.040557311740348205,-0.04101295409117397,0.944,0.01617920216598745,-0.035972026824951174,0.0411333122253418,0,0,1,0.006213372137099606,-0.040557311740348205,0.04101295409117397,0.05600000000000005,-0.009965830028887844,-0.007090201244919289,0.005861678393263655,0.008684250000000615,-0.014629131624059478,1427125692413,0,0,0,0,0,0,0
0.03714019241142414,-0.03814710124254143,0.946,0.016406094968746565,-0.050554603576660154,0.043811424255371094,0,0,1,0.006213372137099606,-0.03714019241142414,0.03814710124254143,0.05400000000000005,-0.01019272283164696,-0.000059033419307883556,0.003576192354340986,0.034773600000000036,-0.011256282844580313,1427125692477,0,0,0,0,0,0,0
0.03499908962050789,-0.03699060667725372,0.95,0.018168877513260906,-0.03182762908935547,0.01787196731567383,0,0,1,0.006213372137099606,-0.03499908962050789,0.03699060667725372,0.050000000000000044,-0.0119555053761613,-0.006344619770921156,0.01256206591305277,0.021628978787878807,-0.019968153305771938,1427125692543,0,0,0,0,0,0,0
0.03188763235006617,-0.036339625007355804,0.955,0.0180467044656214,-0.046486751556396484,0.010611042022705078,0,0,1,0.006213372137099606,-0.03188763235006617,0.036339625007355804,0.04500000000000004,-0.011833332328521793,0.0005900496081344374,0.014887835644534218,0.01221052307692309,-0.011269456724031762,1427125692608,0,0,0,0,0,0,0
0.02850053199966988,-0.03463121175877879,0.958,0.017784905077822488,-0.05033578872680664,0.02653886604309082,0,0,1,0.006213372137099606,-0.02850053199966988,0.03463121175877879,0.04200000000000004,-0.011571532940722882,0.0024451504759203622,0.009021090540426735,0.022027600000000022,-0.010449535564441835,1427125692678,0,0,0,0,0,0,0
0.025145034460512746,-0.03430609026542897,0.959,0.019844393595175314,-0.050237773895263675,0.005771162033081055,0,0,1,0.006213372137099606,-0.025145034460512746,0.03430609026542897,0.041000000000000036,-0.013631021458075708,0.006746046117924464,0.015524637646255501,0.03064026666666669,-0.023928464044839837,1427125692738,0,0,0,0,0,0,0
0.02141455608404721,-0.03420785848165936,0.965,0.019600047499896522,-0.05591691970825195,0.002583549976348877,0,0,1,0.006213372137099606,-0.02141455608404721,0.03420785848165936,0.03500000000000003,-0.013386675362796916,0.009110821457510654,0.016865358532780365,-0.0004065923076922995,-0.01225892415381788,1427125692803,0,0,0,0,0,0,0
0.01769550868792933,-0.033254352119212,0.968,0.02031563249321411,-0.05549468231201172,0.015393180847167969,0,0,1,0.006213372137099606,-0.01769550868792933,0.033254352119212,0.03200000000000003,-0.014102260356114503,0.010897291642281233,0.011804896026015536,0.013555253846153862,-0.017404960325272594,1427125692868,0,0,0,0,0,0,0
0.012254105767690983,-0.0321663086508565,0.97,0.020018926520374958,-0.08127265930175781,0.017975353240966798,0,0,1,0.006213372137099606,-0.012254105767690983,0.0321663086508565,0.030000000000000027,-0.013805554383275352,0.022884249986607756,0.0105573518221862,0.017534869230769246,-0.01243614220094081,1427125692933,0,0,0,0,0,0,0
0.006819425794950866,-0.03087800730111879,0.976,0.019634954084936318,-0.08111703491210938,0.02095248603820801,0,0,1,0.006213372137099606,-0.006819425794950866,0.03087800730111879,0.02400000000000002,-0.013421581947836712,0.024687278340071415,0.009062652587043463,-0.0076783835820895575,-0.01170230238617116,1427125693000,0,0,0,0,0,0,0
0.001316586640031129,-0.029663659531189903,0.979,0.02050761871093343,-0.0821690444946289,0.019832321166992187,0,0,1,0.006213372137099606,-0.001316586640031129,0.029663659531189903,0.02100000000000002,-0.014294246573833823,0.02914138766996628,0.00856343150138335,0.004993050000000002,-0.01838486200819528,1427125693064,0,0,0,0,0,0,0
-0.004934489768385118,-0.028206201959708695,0.977,0.019826940302655416,-0.09329812622070313,0.023780052185058593,0,0,1,0.006213372137099606,0.004934489768385118,0.028206201959708695,0.02300000000000002,-0.01361356816555581,0.03583612386322094,0.006646152651893257,0.03391803076923079,-0.010471975511964982,1427125693129,0,0,0,0,0,0,0
-0.009248972843332608,-0.026031387583191287,0.979,0.020525072003453326,-0.06405776977539063,0.03389886474609375,0,0,1,0.006213372137099606,0.009248972843332608,0.026031387583191287,0.02100000000000002,-0.01431169986635372,0.026546910682940537,0.002230397742820474,0.011397482352941187,-0.01739169266399156,1427125693197,0,0,0,0,0,0,0
-0.012972578731725975,-0.02552245354192957,0.981,0.020472712125893633,-0.055685646057128904,0.00877873134613037,0,0,1,0.006213372137099606,0.012972578731725975,0.02552245354192957,0.019000000000000017,-0.014259339988794027,0.026896687551824575,0.010358496053770708,0.009100188888888895,-0.014010007238509772,1427125693260,0,0,0,0,0,0,0
-0.016528714558938826,-0.024414990571743483,0.982,0.01829105056090041,-0.052990791320800784,0.017700443267822264,0,0,1,0.006213372137099606,0.016528714558938826,0.024414990571743483,0.018000000000000016,-0.012077678423800803,0.026575959272349167,0.006863279630835975,0.014308019402985086,-0.0023090445506968177,1427125693327,0,0,0,0,0,0,0
-0.019330178579588617,-0.021543688993033605,0.984,0.017575465567583045,-0.04122718811035156,0.043830902099609374,0,0,1,0.006213372137099606,0.019330178579588617,0.021543688993033605,0.016000000000000014,-0.011362093430483439,0.02497572935066232,-0.004725219749862834,0.006921588888888896,-0.007954545843257896,1427125693390,0,0,0,0,0,0,0
-0.022643743443129277,-0.020050245489709923,0.985,0.01722639971718398,-0.04930209732055664,0.02327170944213867,0,0,1,0.006213372137099606,0.022643743443129277,0.020050245489709923,0.015000000000000013,-0.011013027580084373,0.028925813554202755,0.002451147731270144,0.011945584615384626,-0.009401954424396375,1427125693455,0,0,0,0,0,0,0
-0.024168975999320514,-0.018358705631924203,0.985,0.015358897417550251,-0.022438028335571288,0.025763427734375,0,0,1,0.006213372137099606,0.024168975999320514,0.018358705631924203,0.015000000000000013,-0.009145525280450645,0.019950463478966406,0.000688826287523708,0.017429200000000013,-0.0006568784639337018,1427125693521,0,0,0,0,0,0,0
-0.02404362741615635,-0.01586565977760064,0.985,0.015009831567151187,0.002454340934753418,0.03736240005493164,0,0,1,0.006213372137099606,0.02404362741615635,0.01586565977760064,0.015000000000000013,-0.00879645943005158,0.011140109171208834,-0.005001189897903652,0.017526700000000013,-0.007185386274363591,1427125693586,0,0,0,0,0,0,0
-0.025228918840646715,-0.01356827460644762,0.987,0.012199851471440313,-0.017260137557983397,0.03472375106811523,0,0,1,0.006213372137099606,0.025228918840646715,0.01356827460644762,0.013000000000000012,-0.005986479334340707,0.018709996221228695,-0.0048999375408545764,0.005406439393939399,0.006786157464345081,1427125693652,0,0,0,0,0,0,0
-0.023913146297924744,-0.010765278140420909,0.992,0.009337511498169524,0.02024804878234863,0.04180104064941406,0,0,1,0.006213372137099606,0.023913146297924744,0.010765278140420909,0.008000000000000007,-0.0031241393610699185,0.004697088076771774,-0.009204393056709706,-0.014858576923076933,0.01008666051556449,1427125693717,0,0,0,0,0,0,0
-0.02289846585558385,-0.007649636064426701,0.991,0.007993607974134063,0.015655921936035155,0.046590476989746096,0,0,1,0.006213372137099606,0.02289846585558385,0.007649636064426701,0.009000000000000008,-0.0017802358370344572,0.005740298280892369,-0.01270292803672892,0.018390850000000014,0.004519311931881768,1427125693781,0,0,0,0,0,0,0
-0.022397323229834204,-0.003135913614765659,0.994,0.006248278722139841,0.008058107376098633,0.06764358520507813,0,0,1,0.006213372137099606,0.022397323229834204,0.003135913614765659,0.006000000000000005,-0.000034906585040235354,0.00839596833991045,-0.021855458885501056,-0.005347390909090914,0.00789840819675168,1427125693847,0,0,0,0,0,0,0
-0.020990001079393358,0.0018107386810171456,0.995,0.006422811647339041,0.02157303810119629,0.07406643676757813,0,0,1,0.006213372137099606,0.020990001079393358,-0.0018107386810171456,0.0050000000000000044,-0.0002094395102394354,0.002785636793508393,-0.027029375137729537,0.004409584615384618,-0.0010149760880818971,1427125693912,0,0,0,0,0,0,0
-0.01897537395748713,0.005707169175618874,0.994,0.005183627878423189,0.03059417152404785,0.05825115966796875,0,0,1,0.006213372137099606,0.01897537395748713,-0.005707169175618874,0.006000000000000005,0.001029744258676417,-0.0013148931950344323,-0.023008426048995525,0.015936830303030315,0.006662397753748474,1427125693978,0,0,0,0,0,0,0
-0.015058975086827355,0.009396360593039554,0.997,0.00584685299418086,0.05903204345703125,0.055032611846923825,2.5,0,1,0,2.5150589750868275,-0.009396360593039554,0.0030000000000000027,-0.00584685299418086,1.2575294875434138,-0.004698180296519777,0.0024000000000000024,-0.00584685299418086,0,0,0,0,0,0,0,0
-0.012398553198037685,0.01281576560206109,0.996,0.0017278759594745424,0.04020553588867187,0.051056873321533205,2.5,0,1,0,2.5123985531980377,-0.01281576560206109,0.0040000000000000036,-0.0017278759594745424,1.2435069870266526,-0.024828393866480156,0.008610615384615392,0.017282787277631537,0,0,0,0,0,0,0,0
-0.009460616226619955,0.015639169976071277,0.995,-0.0017104226669542061,0.04414216613769531,0.042274856567382814,2.5,0,1,0,2.5094606162266198,-0.015639169976071277,0.0050000000000000044,0.0017104226669542061,1.2426972738455173,-0.022587520806479834,0.009283380597014931,0.017105789650963526,0,0,0,0,0,0,0,0
-0.0025374769359082657,0.017690951992509554,0.995,-0.0033335788713093643,0.10379429626464844,0.030954307556152343,2.5,0,1,0,2.5025374769359083,-0.017690951992509554,0.0050000000000000044,0.0033335788713093643,1.218931343165813,-0.019923840618165933,0.004092000000000004,0.010825069045256248,0,0,0,0,0,0,0,0
0.003512782587314354,0.019682713991219417,0.999,-0.004956735075664079,0.09065379333496094,0.03017879867553711,2.5,0,1,0,2.4964872174126858,-0.019682713991219417,0.0010000000000000009,0.004956735075664079,1.2227476277094471,-0.020447029432746955,-0.020313521212121228,0.012334717822730962,0,0,0,0,0,0,0,0
0.013655363978427608,0.021771460111603125,0.998,-0.00581194640914107,0.15198155212402345,0.032084915161132814,2.5,0,1,0,2.486344636021572,-0.021771460111603125,0.0020000000000000018,0.00581194640914107,1.1949797693323554,-0.022546889390469345,0.007266755555555561,0.009884381330460077,0,0,0,0,0,0,0,0
0.0324779219371304,0.022820734865735513,0.996,-0.006614797865058812,0.28224212646484376,0.017379781723022462,2.5,0,1,0,2.4675220780628697,-0.022820734865735513,0.0040000000000000036,0.006614797865058812,1.1421678189365765,-0.017132156115745218,0.014106430769230781,0.010320266123140699,0,0,0,0,0,0,0,0
0.05636287431946929,0.024002100439173397,0.996,-0.007068583470577044,0.3581492309570313,0.020089990615844728,2.5,0,1,0,2.4436371256805307,-0.024002100439173397,0.0040000000000000036,0.007068583470577044,1.1045546599805949,-0.01844969852554845,0.0033632000000000033,0.009162978572968883,0,0,0,0,0,0,0,0
0.0887374061646434,0.02415820443857616,1.001,-0.0061959188445799345,0.4855892944335938,0.005774104118347168,2.5,0,1,0,2.4112625938353567,-0.02415820443857616,-0.0009999999999998899,0.0061959188445799345,1.0442215945595046,-0.013022814113330408,-0.027566376923076258,0.0021682359553625062,0,0,0,0,0,0,0,0
0.12267241538552466,0.023035057734782496,0.999,-0.0059166661642606816,0.5091197509765625,-0.013693018913269043,2.5,0,1,0,2.3773275846144752,-0.023035057734782496,0.0010000000000000009,0.0059166661642606816,1.0258988654455155,-0.00576892997978278,0.01141116119402928,0.0046662810285028325,0,0,0,0,0,0,0,0
0.16847188300494872,0.020736786349065173,1,-0.0037000980142281098,0.6871839599609375,-0.030408788681030273,2.5,0,1,0,2.3315281169950515,-0.020736786349065173,0,0.0037000980142281098,0.9272989438034187,0.0022681316292232218,-0.005392155555555559,-0.006854988414498424,0,0,0,0,0,0,0,0
0.22567502163275985,0.015704659069489,1.003,-0.0026179938779915595,0.8583204956054687,-0.07230654144287109,2.5,0,1,0,2.27432497836724,-0.015704659069489,-0.0029999999999998916,0.0026179938779915595,0.8512899381780854,0.018691179281227082,-0.018165490909090243,-0.002300661286720032,0,0,0,0,0,0,0,0
0.28687586600191606,0.012140716480393797,0.999,-0.0010821041362363342,0.9181494750976562,-0.05105560684204102,2.5,0,1,0,2.213124133998084,-0.012140716480393797,0.0010000000000000009,0.0010821041362363342,0.7907637753671694,0.013270168099043748,0.022824999999999415,-0.006117379028241284,0,0,0,0,0,0,0,0
0.35555953427484366,0.006584652079183784,0.998,0.0023038346126327204,1.0303446044921876,-0.08222607421875,2.5,0,1,0,2.1444404657251566,-0.006584652079183784,0.0020000000000000018,-0.0023038346126327204,0.7282978154072934,0.026017521280366707,0.00706623030303031,-0.017694465289310242,0,0,0,0,0,0,0,0
0.4295865229562062,-0.0006893343762355095,0.992,0.005148721293383167,1.1101505126953124,-0.11166769409179687,2.5,0,1,0,2.0704134770437936,0.0006893343762355095,0.008000000000000007,-0.005148721293383167,0.6701949224428302,0.03818943518431804,0.037960083582089583,-0.017887019863907554,0,0,0,0,0,0,0,0
0.5135547437957627,-0.00919645113317933,0.986,0.00403171057210682,1.258849609375,-0.1340899658203125,2.5,0,1,0,1.9864452562042372,0.00919645113317933,0.014000000000000012,-0.00403171057210682,0.5496803065871623,0.051712110380388636,0.04483833333333337,0.0012873881006376878,0,0,0,0,0,0,0,0
0.6039816716424761,-0.01657528253216954,0.983,0.0034557519189486385,1.3559466552734376,-0.11615018463134766,2.5,0,1,0,1.896018328357524,0.01657528253216954,0.017000000000000015,-0.0034557519189486385,0.492671591954781,0.04728087251535254,0.029926290909090936,-0.0008377580409569033,0,0,0,0,0,0,0,0
0.708243346294313,-0.020489359708893526,0.982,0.003857177646907398,1.563712890625,-0.06411533355712891,2.5,0,1,0,1.791756653705687,0.020489359708893526,0.018000000000000016,-0.003857177646907398,0.35983311767878023,0.031196862860088666,0.020318815384615406,-0.005709911775947827,0,0,0,0,0,0,0,0
0.8170142964301506,-0.021489269434058406,0.982,0.00275762021815095,1.6314942626953124,-0.021291751861572266,2.5,0,1,0,1.6829857035698494,0.021489269434058406,0.018000000000000016,-0.00275762021815095,0.2822608691735633,0.016019114854792675,0.015051200000000016,0.0023172602222634254,0,0,0,0,0,0,0,0
0.9371934578616202,-0.021770234835397508,0.982,0.0025656340004318523,1.8026689453125,-0.009185585975646973,2.5,0,1,0,1.5628065421383797,0.021770234835397508,0.018000000000000016,-0.0025656340004318523,0.1811065107743457,0.012257784031940437,0.015171800000000017,-0.001705994219600071,0,0,0,0,0,0,0,0
1.0574961406524785,-0.02042852972938532,0.982,0.0018849555921540617,1.8045859375,0.015495725631713867,2.5,0,1,0,1.4425038593475215,0.02042852972938532,0.018000000000000016,-0.0018849555921540617,0.08131729865069481,0.002678154488552748,0.015285200000000016,0.0013563701615497028,0,0,0,0,0,0,0,0
1.1777894435668996,-0.01966782063580415,0.981,0.0026529004630313413,1.8044178466796874,0.008009405136108398,2.5,0,1,0,1.3222105564331004,0.01966782063580415,0.019000000000000017,-0.0026529004630313413,0.08024778962401646,0.005906618678357332,0.021288763768115962,-0.005991791205976035,0,1,0,0,0,0,0,0
1.295806585996599,-0.02080721924992342,0.982,0.002094395102393279,1.77020556640625,-0.021787229537963866,2.5,0,1,0,1.204193414003401,0.02080721924992342,0.018000000000000016,-0.002094395102393279,-0.04499034155895665,0.016885212736258093,0.009788395081967225,0.0006523525728758797,0,0,0,0,0,0,0,0
1.4304800225706182,-0.024162806793379864,0.985,0.002268928027592479,2.01999169921875,-0.054564590454101565,2.5,0,1,0,1.0695199774293818,0.024162806793379864,0.015000000000000013,-0.002268928027592479,-0.15964899180506287,0.030109727611489445,-0.002930246153846152,-0.0030744646054349407,0,0,0,0,0,0,0,0
1.5731380337036798,-0.02803391217481819,0.988,0.004799655442984321,2.13973291015625,-0.06292163848876953,2.5,0,1,0,0.9268619662963202,0.02803391217481819,0.01200000000000001,-0.004799655442984321,-0.22880139684329648,0.03363211718059447,-0.004310991304347825,-0.015802818118601025,0,0,0,0,0,0,0,0
1.715196269818106,-0.03269834866702201,0.989,0.004345869837465867,2.13051318359375,-0.08019316101074218,2.5,0,1,0,0.784803730181894,0.03269834866702201,0.01100000000000001,-0.004345869837465867,-0.37765799936852584,0.042680062939922436,0.004529438709677425,-0.002150133036570122,0,0,0,0,0,0,0,0
1.8612406702162303,-0.03750052500791849,0.993,0.005707226654021226,2.190332275390625,-0.08155228424072265,2.5,0,1,0,0.6387593297837697,0.03750052500791849,0.007000000000000006,-0.005707226654021226,-0.4347162757392335,0.04463190272949599,-0.014518361538461547,-0.011990411961199807,0,0,0,0,0,0,0,0
1.9839545295607746,-0.04629911899020842,0.999,0.006300638599699528,1.8399246826171876,-0.14248204040527343,2.5,0,1,0,0.5160454704392254,0.04629911899020842,0.0010000000000000009,-0.006300638599699528,-0.3600950048862631,0.06986309504649084,-0.029591481818181838,-0.00899796562550999,0,0,0,0,0,0,0,0
2.058050821322177,-0.05932854521693839,1.005,0.007853981633974428,1.11019091796875,-0.20244027709960938,2.5,0,1,0,0.4419491786778229,0.05932854521693839,-0.004999999999999893,-0.007853981633974428,-0.15131908415686407,0.10101124259408059,-0.03541779999999933,-0.015135277107138023,0,0,0,0,0,0,0,0
2.122058374025866,-0.07008559591178862,1.015,0.007417649320975873,0.95881640625,-0.16889141845703126,2.5,0,1,0,0.37794162597413417,0.07008559591178862,-0.014999999999999902,-0.007417649320975873,-0.10252397719184891,0.08974820222666957,-0.06143343768115937,-0.005520552307938676,0,0,0,0,0,0,0,0
2.1756344557554095,-0.07895071207650545,1.02,0.007853981633974428,0.8026327514648437,-0.13893415832519532,2.5,0,1,0,0.3243655442445905,0.07895071207650545,-0.020000000000000018,-0.007853981633974428,-0.10688054211073508,0.08970997045637362,-0.043058606451613565,-0.009965267019451308,0,0,0,0,0,0,0,0
2.2186100648221303,-0.0860686880301796,1.023,0.00841248699461249,0.6437756958007812,-0.11182923889160157,2.5,0,1,0,0.2813899351778697,0.0860686880301796,-0.02299999999999991,-0.00841248699461249,-0.057146946263332554,0.0816074553006341,-0.033536146153845495,-0.010990204043711236,0,0,0,0,0,0,0,0
2.251989933564669,-0.09099377537190889,1.029,0.008185594191853374,0.500058837890625,-0.07808576202392578,2.5,0,1,0,0.24801006643533086,0.09099377537190889,-0.028999999999999915,-0.008185594191853374,-0.0220063031150545,0.07232128316886431,-0.054678492307692256,-0.007138396640657457,0,0,0,0,0,0,0,0
2.3331974120635683,-0.11134568164242016,1.03,0.00637045176977934,1.215572509765625,-0.3152392272949219,2.5,0,1,0,0.16680258793643166,0.11134568164242016,-0.030000000000000027,-0.00637045176977934,-0.3069787011259761,0.16236806511876054,-0.028595680597015526,0.0017570516126417073,0,0,0,0,0,0,0,0
2.4040294414699312,-0.1285419431213396,1.03,0.00390953752446731,1.060815673828125,-0.2647071228027344,2.5,0,1,0,0.09597055853006875,0.1285419431213396,-0.030000000000000027,-0.00390953752446731,-0.30547778422483923,0.15877458938586836,-0.023563800000000017,0.00762599800043283,0,0,0,0,0,0,0,0
2.507115423921389,-0.13128072410895375,1.03,0.0010471975511967433,1.5461173095703125,-0.04712666320800781,2.5,0,1,0,-0.007115423921388864,0.13128072410895375,-0.030000000000000027,-0.0010471975511967433,-0.52474110670638,0.0809345396285049,-0.023758800000000017,0.012163602325436642,0,0,0,0,0,0,0,0
2.604374200807742,-0.13264030887638806,1.029,0.00003490658503956228,1.4588594970703126,-0.021921497344970703,2.5,0,1,0,-0.10437420080774196,0.13264030887638806,-0.028999999999999915,-0.00003490658503956228,-0.5420610776449033,0.07427410702740792,-0.01776268461538394,0.004637205566455119,0,0,0,0,0,0,0,0
2.692157406218674,-0.1315385782819568,1.029,0.0026878070480711334,1.3167486572265625,0.01647999572753906,2.5,0,1,0,-0.19215740621867416,0.1315385782819568,-0.028999999999999915,-0.0026878070480711334,-0.5350552747198376,0.06055550524218411,-0.023335799999999927,-0.01493196303129377,0,0,0,0,0,0,0,0
2.7363387854951133,-0.12640130502084884,1.03,0.004625122517785118,0.6629254150390625,0.07527755737304688,2.5,0,1,0,-0.23633878549511333,0.12640130502084884,-0.030000000000000027,-0.004625122517785118,-0.3154237629293288,0.03716745088420456,-0.029560680597015526,-0.013299669397101466,0,0,0,0,0,0,0,0
2.7689220124912266,-0.11593492212593474,1.031,0.004869468613064132,0.48946929931640626,0.15473355102539063,2.5,0,1,0,-0.2689220124912266,0.11593492212593474,-0.030999999999999917,-0.004869468613064132,-0.2792787591988264,0.0016069284406121237,-0.030803949999999324,-0.0060148409346845065,0,0,0,0,0,0,0,0
2.793373356820897,-0.10210426982198342,1.035,0.004380776422505883,0.3677760314941406,0.20567135620117188,2.5,0,1,0,-0.29337335682089716,0.10210426982198342,-0.03499999999999992,-0.004380776422505883,-0.24722095697991842,-0.023641399309349775,-0.05063419999999995,-0.0020900317792640925,0,0,0,0,0,0,0,0
2.809578242869393,-0.08731773799370877,1.032,0.0034033920413889416,0.2440426025390625,0.22073100280761718,2.5,0,1,0,-0.30957824286939317,0.08731773799370877,-0.03200000000000003,-0.0034033920413889416,-0.20774443411390173,-0.03375408209124,-0.010661309090909687,0.0010392642364153368,0,0,0,0,0,0,0,0
2.818004669810294,-0.0719437394558717,1.028,0.0009773843811169299,0.12718052673339844,0.230178466796875,2.5,0,1,0,-0.31800466981029407,0.0719437394558717,-0.028000000000000025,-0.0009773843811169299,-0.17160241699071407,-0.04576396061734166,-0.00201393846153846,0.010219574050907738,0,0,0,0,0,0,0,0
2.8163139391816068,-0.04101399086418132,1.023,-0.0017802358370344721,-0.024907493591308595,0.4639707946777344,2.5,0,1,0,-0.3163139391816068,0.04101399086418132,-0.02299999999999991,0.0017802358370344721,-0.11676373894633114,-0.13999160002809696,0.006412902985075304,0.014127789052637764,0,0,0,0,0,0,0,0
2.803677826619343,-0.02397406342178244,1.021,-0.0021642082724728897,-0.1899964141845703,0.2552610778808594,2.5,0,1,0,-0.30367782661934317,0.02397406342178244,-0.020999999999999908,0.0021642082724728897,-0.04926854927603906,-0.08158941011954225,-0.0071276888888887995,0.003992648441227258,0,0,0,0,0,0,0,0
2.7841545697378254,-0.0077228415241519036,1.014,-0.0015533430342749123,-0.293375732421875,0.24313397216796875,2.5,0,1,0,-0.2841545697378254,0.0077228415241519036,-0.014000000000000012,0.0015533430342749123,-0.0063626653406822775,-0.08122438260847328,0.024390012121211557,-0.0012233171393522574,0,0,0,0,0,0,0,0
2.7478939340279904,0.017209530991037482,1.005,-0.0013439035240354726,-0.5444898071289063,0.3731402587890625,2.5,0,1,0,-0.24789393402799043,-0.017209530991037482,-0.004999999999999893,0.0013439035240354726,0.10332367549969453,-0.14177226949705835,0.042897838461539196,0.0003772596306226738,0,0,0,0,0,0,0,0
2.7098850449137215,0.04475558852340748,0.999,0.0007504915783578147,-0.5706881103515625,0.41242428588867186,2.5,0,1,0,-0.2098850449137215,-0.04475558852340748,0.0010000000000000009,-0.0007504915783578147,0.1316053669553564,-0.169648077949833,0.03155049230769174,-0.010416930512480679,0,0,0,0,0,0,0,0
2.673924980399518,0.06952758238599976,0.994,0.0013264502315155522,-0.5391219482421875,0.371984619140625,2.5,0,1,0,-0.17392498039951798,-0.06952758238599976,0.006000000000000005,-0.0013264502315155522,0.13265670368191063,-0.16316167127519637,0.02940240298507466,-0.003905369574012884,0,0,0,0,0,0,0,0
2.6439344136837915,0.07938742046979905,0.994,0.0032288591161895195,-0.4496619262695313,0.14849415588378906,2.5,0,1,0,-0.14393441368379145,-0.07938742046979905,0.006000000000000005,-0.0032288591161895195,0.12632448460781442,-0.09351254454715273,0.003320800000000012,-0.012287949043208412,0,0,0,0,0,0,0,0
2.614453037333608,0.0857152563877773,0.991,0.004572762640225203,-0.441911865234375,0.09634490966796876,2.5,0,1,0,-0.1144530373336079,-0.0857152563877773,0.009000000000000008,-0.004572762640225203,0.1331223914316598,-0.07602826181473207,0.02193314615384618,-0.010775394289620665,0,0,0,0,0,0,0,0
2.589225801587022,0.0889850936426492,0.99,0.005654866776461531,-0.3781802978515625,0.050777412414550784,2.5,0,1,0,-0.08922580158702198,-0.0889850936426492,0.010000000000000009,-0.005654866776461531,0.12071204324690521,-0.06098899401726776,0.011948330303030321,-0.010573521941172113,1427125697366,0,0,0,0,0,0,0
2.564609985340042,0.09106590809668917,0.99,0.005777039824101482,-0.36905484008789063,0.0332996940612793,2.5,0,1,0,-0.06460998534004192,-0.09106590809668917,0.010000000000000009,-0.005777039824101482,0.131743862122444,-0.0559529335577412,0.0067103000000000145,-0.0063409154285935625,1427125697366,0,0,0,0,0,0,0
2.5423711836914595,0.08943970889325464,0.994,0.006824237375298014,-0.3337173767089844,-0.022465475082397462,2.5,0,1,0,-0.042371183691459535,-0.08943970889325464,0.006000000000000005,-0.006824237375298014,0.1264610158182008,-0.03550030257352596,-0.017345022388059704,-0.011513181634386966,1427125697366,0,0,0,0,0,0,0
2.5262810151312225,0.08366385517349588,0.997,0.009843656981247884,-0.24193814086914062,-0.08498875427246094,2.5,0,1,0,-0.026281015131222496,-0.08366385517349588,0.0030000000000000027,-0.009843656981247884,0.1049555421760981,-0.010061076886511075,-0.014983846153846155,-0.02377943977793959,1427125697366,0,0,0,0,0,0,0
2.5196646119139743,0.07612303932067417,1,0.00970403064108848,-0.10035466003417969,-0.11212982940673828,2.5,0,1,0,-0.019664611913974284,-0.07612303932067417,0,-0.00970403064108848,0.05836978156008822,0.004454044130991763,-0.017896666666666672,-0.009039143306996077,1427125697366,0,0,0,0,0,0,0
2.510170796159199,0.06825068190329442,1.007,0.01176351915844175,-0.14354641723632813,-0.11669789886474609,2.5,0,1,0.00970403064108848,-0.010170796159199025,-0.06825068190329442,-0.006999999999999895,-0.0020594885173532695,-0.005085398079599512,-0.03412534095164721,-0.005599999999999917,-0.0020594885173532695,1427125697366,0,0,0,0,0,0,0
2.5032886171683244,0.05657316012601314,1.007,0.014154620233673965,-0.10528602600097656,-0.17393635559082032,2.5,0,1,0.00970403064108848,-0.0032886171683244037,-0.05657316012601314,-0.006999999999999895,-0.0044505895925854855,0.034849924667993325,0.03360233350052915,-0.005646199999999916,-0.015319230843641013,1427125697757,0,0,0,0,0,0,0
2.500294110490325,0.04648545337744826,1.012,0.01637118838370698,-0.04705484390258789,-0.1506646728515625,2.5,0,1,0.00970403064108848,-0.0002941104903251279,-0.04648545337744826,-0.01200000000000001,-0.006667157742618501,0.01573053981063949,0.030184669202086425,-0.03624055151515214,-0.016742467515495844,1427125697823,0,0,0,0,0,0,0
2.4957762728753794,0.034523899989278295,1.014,0.018378317023500335,-0.07069572448730468,-0.17828987121582032,2.5,0,1,0.00970403064108848,0.004223727124620602,-0.034523899989278295,-0.014000000000000012,-0.008674286382411855,0.026819126604149812,0.04806268111600994,-0.022352500000000018,-0.018082701881443203,1427125697887,0,0,0,0,0,0,0
2.4931626739474817,0.023713752018841426,1.014,0.019949113350295134,-0.04217728042602539,-0.16140437316894532,2.5,0,1,0.00970403064108848,0.0068373260525183,-0.023713752018841426,-0.014000000000000012,-0.010245082709206654,0.017496670869670553,0.04624608514244476,-0.01150600000000001,-0.017494911909798034,1427125697952,0,0,0,0,0,0,0
2.491899745434198,0.014211545578085433,1.015,0.022776546738526124,-0.021783378601074217,-0.14212684631347655,2.5,0,1,0.00970403064108848,0.00810025456580199,-0.014211545578085433,-0.014999999999999902,-0.013072516097437644,0.010860559597704742,0.04394518877529997,-0.017788115384614712,-0.026122208658503752,1427125698017,0,0,0,0,0,0,0
2.491417164685504,0.0036475138600382487,1.016,0.023422318561763675,-0.010845704078674316,-0.1582545166015625,2.5,0,1,0.00970403064108848,0.008582835314495885,-0.0036475138600382487,-0.016000000000000014,-0.013718287920675195,0.006866270675045243,0.05408045060946731,-0.018612130303030907,-0.01665361438993679,1427125698083,0,0,0,0,0,0,0
2.4895042140799672,-0.004580240169456228,1.014,0.022165681500327702,-0.03157682037353516,-0.12271043395996094,2.5,0,1,0.00970403064108848,0.010495785920032752,0.004580240169456228,-0.014000000000000012,-0.012461650859239223,0.015414967891900295,0.04580799920403779,-0.0011954393939393963,-0.00674966421634844,1427125698149,0,0,0,0,0,0,0
2.4887006355648134,-0.011692088852239713,1.009,0.02199114857512872,-0.01441510772705078,-0.10638436889648438,2.5,0,1,0.00970403064108848,0.011299364435186643,0.011692088852239713,-0.008999999999999897,-0.012287117934040241,0.010074123718101428,0.04463230002197826,0.01948465000000071,-0.011468994847170016,1427125698213,0,0,0,0,0,0,0
2.4887161255580237,-0.017629352257242274,1.004,0.022898719786165627,-0.0017260570526123047,-0.08904252624511719,2.5,0,1,0.00970403064108848,0.011283874441976316,0.017629352257242274,-0.0040000000000000036,-0.013194689145077147,0.005595735579387794,0.040689348192565276,0.023037976923076343,-0.017383479349862868,1427125698278,0,0,0,0,0,0,0
2.4885195700159732,-0.020154706747369844,1.008,0.023038346126325028,-0.0038148951530456543,-0.037802879333496096,2.5,0,1,0.00970403064108848,0.011480429984026763,0.020154706747369844,-0.008000000000000007,-0.013334315485236548,0.006843259281306803,0.023593308763072602,-0.02867556153846156,-0.013978744747510707,1427125698343,0,0,0,0,0,0,0
2.4884928457105606,-0.02173999332512321,1.005,0.02438224965036093,-0.0009485454559326171,-0.02376375389099121,2.5,0,1,0.00970403064108848,0.01150715428943938,0.02173999332512321,-0.004999999999999893,-0.01467821900927245,0.005949625194712933,0.019338178904057195,0.011384246153846853,-0.02088085065866892,1427125698408,0,0,0,0,0,0,0
2.4880370397418514,-0.025142192726144166,1,0.023666664657042896,-0.008079233169555665,-0.05085113525390625,2.5,0,1,0.00970403064108848,0.01196296025814858,0.025142192726144166,0,-0.013962634015954416,0.008422719212316134,0.03029264881626833,0.025349802985074072,-0.010758522105575161,1427125698475,0,0,0,0,0,0,0
2.487628736754654,-0.02315680182822924,1.002,0.023684117949563016,-0.005418081760406494,0.029917457580566405,2.5,0,1,0.00970403064108848,0.012371263245345876,0.02315680182822924,-0.0020000000000000018,-0.013980087308474536,0.00848661931968343,0.0006844838093395013,-0.01331990000000001,-0.014061899617162598,1427125698539,0,0,0,0,0,0,0
2.488122451993272,-0.020248319279750418,0.999,0.025429447201557237,0.008436827659606934,0.043439620971679686,2.5,0,1,0.00970403064108848,0.011877548006728134,0.020248319279750418,0.0010000000000000009,-0.015725416560468757,0.0033561084758635725,-0.005560049460820242,0.016177946153846167,-0.02378078233890362,1427125698604,0,0,0,0,0,0,0
2.4864867680543736,-0.01344263604630477,0.995,0.027052603405912173,-0.021931634902954102,0.10267609405517578,2.5,0,1,0.00970403064108848,0.01351323194562637,0.01344263604630477,0.0050000000000000044,-0.017348572764823694,0.015648729617317232,-0.029939080129318958,0.02479506153846156,-0.02484006293876955,1427125698669,0,0,0,0,0,0,0
2.485905052029073,-0.01003780862593413,0.999,0.02717477645355168,-0.007341074466705322,0.05128974914550781,2.5,0,1,0.00970403064108848,0.01409494797092714,0.01003780862593413,0.0010000000000000009,-0.0174707458124632,0.010273537503700832,-0.013322668731955065,-0.02147536153846155,-0.01803462141695323,1427125698734,0,0,0,0,0,0,0
2.4856554455363447,-0.00769701862888455,0.998,0.028029987787028893,-0.0027886757850646973,0.03520061874389648,2.5,0,1,0.00970403064108848,0.014344554463655346,0.00769701862888455,0.0020000000000000018,-0.018325957145940413,0.008579549056495555,-0.008382228065584363,0.006100380597014933,-0.02215526162419659,1427125698801,0,0,0,0,0,0,0
2.485321671564298,-0.004578946376602614,0.996,0.029897490086662617,-0.003693821668624878,0.046893028259277346,2.5,0,1,0.00970403064108848,0.01467832843570216,0.004578946376602614,0.0040000000000000036,-0.020193459445574137,0.009277242068097005,-0.01476228384843722,0.013439600000000015,-0.028947376475107218,1427125698865,0,0,0,0,0,0,0
2.48437503276403,-0.0020998876730766738,0.998,0.030211649352021665,-0.013081637382507325,0.03759373092651367,2.5,0,1,0.00970403064108848,0.015624967235969844,0.0020998876730766738,0.0020000000000000018,-0.020507618710933186,0.013032677134898444,-0.012297268277916303,-0.009854130769230774,-0.021957584551051873,1427125698930,0,0,0,0,0,0,0
2.4823385568976524,0.00025235291145149713,0.995,0.029059732045705527,-0.029467384338378907,0.03619024658203125,2.5,0,1,0.00970403064108848,0.01766144310234763,-0.00025235291145149713,0.0050000000000000044,-0.019355701404617048,0.0199307484390044,-0.012790685804969459,0.01950144615384617,-0.014039159990850258,1427125698995,0,0,0,0,0,0,0
2.4834653154716575,0.0013637229603757452,0.992,0.03043854215478123,0.017378616333007812,0.016172431945800782,2.5,0,1,0.00970403064108848,0.016534684528342503,-0.0013637229603757452,0.008000000000000007,-0.02073451151369275,0.002345315864114199,-0.0066656466730270125,0.021953446153846173,-0.02709825047865752,1427125699060,0,0,0,0,0,0,0
2.4857248982006337,0.002006485572926753,0.991,0.03101450080793941,0.034171466827392576,0.008605456352233887,2.5,0,1,0.00970403064108848,0.014275101799366308,-0.002006485572926753,0.009000000000000008,-0.02131047016685093,-0.004169115651589331,-0.004264502254574108,0.011734163768115955,-0.023814638224060415,1427125699129,0,0,0,0,0,0,0
2.486549535627986,0.0034388074373223458,0.99,0.03059562178746053,0.013029847145080566,0.02109092140197754,2.5,0,1,0.00970403064108848,0.013450464372013915,-0.0034388074373223458,0.010000000000000009,-0.02089159114637205,0.0023073719102345083,-0.009679783262879512,0.01308025555555557,-0.018896929144091672,1427125699192,0,0,0,0,0,0,0
2.487697611090813,0.004410531714040221,0.99,0.03190461872645641,0.017658960342407225,0.014042233467102051,2.5,0,1,0.00970403064108848,0.012302388909187112,-0.004410531714040221,0.010000000000000009,-0.022200588085367932,-0.00005579329102394122,-0.007609548549119863,0.00758770000000001,-0.028433906842491172,1427125699255,0,0,0,0,0,0,0
2.48979349706168,0.005243480814649284,0.991,0.03267256359733369,0.03182084655761719,0.011485021591186523,2.5,0,1,0.00970403064108848,0.010206502938320039,-0.005243480814649284,0.009000000000000008,-0.02296853295624521,-0.005833349784017898,-0.0070481699141855675,0.0015440696969697028,-0.026459191460232845,1427125699321,0,0,0,0,0,0,0
2.4921606699498025,0.00558949785557926,0.988,0.03358013480837082,0.035658191680908204,0.004027567863464356,2.5,0,1,0.00970403064108848,0.007839330050197546,-0.00558949785557926,0.01200000000000001,-0.02387610416728234,-0.00864360939977115,-0.004670825968775624,0.025478946153846174,-0.028064894372069084,1427125699386,0,0,0,0,0,0,0
2.495384398131532,0.005467319741757275,0.986,0.03511602455012582,0.04826713180541992,-0.0034551317691802978,2.5,0,1,0.00970403064108848,0.004615601868468211,-0.005467319741757275,0.014000000000000012,-0.025411993909037343,-0.014346436584541215,-0.002111987455986423,0.021466661194029873,-0.03228911215570154,1427125699453,0,0,0,0,0,0,0
2.4988187467970393,0.00431223145038922,0.988,0.035691983203284004,0.050875164031982424,-0.01912428092956543,2.5,0,1,0.00970403064108848,0.001181253202960697,-0.00431223145038922,0.01200000000000001,-0.025987952562195524,-0.018302210437566104,0.004241753279976285,-0.0016166111111111086,-0.028730612815329723,1427125699516,0,0,0,0,0,0,0
2.50332114684932,0.0032451049514030765,0.993,0.03586651612848365,0.06692179107666016,-0.018406684875488282,2.5,0,1,0.00970403064108848,-0.0033211468493199447,-0.0032451049514030765,0.007000000000000006,-0.02616248548739517,-0.02571954698998686,0.004102115800755517,-0.021383076923076935,-0.02696802206523968,1427125699581,0,0,0,0,0,0,0
2.5086653254683218,0.00038562338193525456,0.99,0.036878807094639934,0.07857305908203124,-0.04573917770385742,0,0,1,0,-2.5086653254683218,-0.00038562338193525456,0.010000000000000009,-0.036878807094639934,-1.2543326627341609,-0.00019281169096762728,0.008000000000000007,-0.036878807094639934,0,0,0,0,0,0,0,0
2.5154230072613104,-0.0034304781630578344,0.99,0.03684390050960036,0.09918578338623046,-0.06093998336791992,0,0,1,0,-2.5154230072613104,0.0034304781630578344,0.010000000000000009,-0.03684390050960036,-1.295734045932237,0.022265707980759226,0.008065000000000008,-0.0366827931940331,0,0,0,0,0,0,0,0
2.5205055416569846,-0.007811592409627744,0.988,0.03543018381548464,0.07376556396484375,-0.06848038482666016,0,0,1,0,-2.5205055416569846,0.007811592409627744,0.01200000000000001,-0.03543018381548464,-1.2901270873093456,0.026799677488496522,0.02019316119402987,-0.029100109065712768,0,0,0,0,0,0,0,0
2.5258468389545223,-0.012268577402675748,0.987,0.037786378305677285,0.07770099639892578,-0.06965087127685547,0,0,1,0,-2.5258468389545223,0.012268577402675748,0.013000000000000012,-0.037786378305677285,-1.2975123405286422,0.030910509221977578,0.01618285555555557,-0.04900635206849939,0,0,0,0,0,0,0,0
2.529516071296804,-0.019976277479448856,0.99,0.03890338902695363,0.05063154602050781,-0.1176121826171875,0,0,1,0,-2.529516071296804,0.019976277479448856,0.010000000000000009,-0.03890338902695363,-1.2910746731908953,0.05151931651496385,-0.007861546153846157,-0.04405882312515215,0,0,0,0,0,0,0,0
2.5304392667726243,-0.02818095308553029,0.993,0.038344883666315346,0.009050816535949706,-0.12351560974121094,0,0,1,0,-2.5304392667726243,0.02818095308553029,0.007000000000000006,-0.038344883666315346,-1.2783947040943373,0.058315994018401145,-0.01021604615384616,-0.03576716661721557,0,0,0,0,0,0,0,0
2.5251270096048,-0.03569051940380937,0.993,0.039304814754911946,-0.08394352722167969,-0.10950597381591796,0,0,1,0,-2.5251270096048,0.03569051940380937,0.007000000000000006,-0.039304814754911946,-1.2438043938316592,0.058351079850063575,0.005983300000000006,-0.0437352659330501,0,0,0,0,0,0,0,0
2.5144244099955935,-0.040205848100871244,0.996,0.038763762686794004,-0.16307643127441407,-0.06136928939819336,0,0,1,0,-2.5144244099955935,0.040205848100871244,0.0040000000000000036,-0.038763762686794004,-1.2128331176185,0.043787093757353235,-0.012061541791044786,-0.0363411414862659,0,0,0,0,0,0,0,0
2.4965669236392944,-0.03894038721571186,1,0.03867649622419407,-0.2669254455566406,0.029348403930664062,0,0,1,0,-2.4965669236392944,0.03894038721571186,0,-0.03867649622419407,-1.1637531511966228,0.012671257977150012,-0.02146490000000002,-0.038267434680756884,0,0,0,0,0,0,0,0
2.4748744307242654,-0.03925285405276237,1,0.03909537524467295,-0.3253252868652344,0.007898209571838379,0,0,1,0,-2.4748744307242654,0.03925285405276237,0,-0.03909537524467295,-1.1353679705491637,0.02145600870448924,0.00041010000000000043,-0.04102866303149855,0,0,0,0,0,0,0,0
2.446276440043208,-0.03538057151029224,0.999,0.03813544415607591,-0.426371826171875,0.07480632019042968,0,0,1,0,-2.446276440043208,0.03538057151029224,0.0010000000000000009,-0.03813544415607591,-1.085475605385281,-0.00299040108499065,0.0066012153846153904,-0.03370499297793571,0,0,0,0,0,0,0,0
2.4168737055389116,-0.02836579433856752,0.999,0.03869394951671419,-0.4367086486816406,0.12196037292480469,0,0,1,0,-2.4168737055389116,0.02836579433856752,0.0010000000000000009,-0.03869394951671419,-1.0680119700704436,-0.02340047683128841,0.0012231000000000013,-0.041271666565813964,0,0,0,0,0,0,0,0
2.381233311915639,-0.022857790009702852,0.997,0.03820525732615572,-0.5310096435546875,0.10323907470703125,0,0,1,0,-2.381233311915639,0.022857790009702852,0.0030000000000000027,-0.03820525732615572,-1.029372635470186,-0.01630598243488814,0.012988727536231894,-0.03608050867155367,0,0,0,0,0,0,0,0
2.345568002135164,-0.013043476663265108,0.995,0.03923500158483258,-0.5289662475585938,0.1675413360595703,0,0,1,0,-2.345568002135164,0.013043476663265108,0.0050000000000000044,-0.03923500158483258,-0.9924424118966125,-0.04866928155419062,0.015765122580645174,-0.0442176350945593,0,0,0,0,0,0,0,0
2.2885757934331434,-0.0010637130783804245,0.995,0.041503929612425286,-0.8471766357421875,0.2130908966064453,0,0,1,0,-2.2885757934331434,0.0010637130783804245,0.0050000000000000044,-0.041503929612425286,-0.8598891842113223,-0.06376150944195061,0.004507300000000004,-0.05197590512439164,0,0,0,0,0,0,0,0
2.2269698212134617,0.008733648702783018,0.991,0.04331907203449932,-0.9171961059570313,0.18517620849609376,0,0,1,0,-2.2269698212134617,-0.008733648702783018,0.009000000000000008,-0.04331907203449932,-0.8056903864670952,-0.05691447287645938,0.02930426153846156,-0.05169665244407179,0,0,0,0,0,0,0,0
2.162798759402592,0.016951558795437555,0.993,0.04475024202113449,-0.95632470703125,0.16483743286132813,0,0,1,0,-2.162798759402592,-0.016951558795437555,0.007000000000000006,-0.04475024202113449,-0.7611986538796447,-0.05252970657480188,-0.004557930769230772,-0.05135564195945067,0,0,0,0,0,0,0,0
2.092384461354027,0.02523936725390267,0.994,0.04759512870188539,-1.049595703125,0.1714427490234375,0,0,1,0,-2.092384461354027,-0.02523936725390267,0.006000000000000005,-0.04759512870188539,-0.705094003790059,-0.05573475786375298,0.00022761940298507682,-0.060333427272411796,0,0,0,0,0,0,0,0
2.0191765582932755,0.030141797885322775,0.995,0.048223447232603266,-1.0933763427734375,0.12569854736328126,0,0,1,0,-2.0191765582932755,-0.030141797885322775,0.0050000000000000044,-0.048223447232603266,-0.6434420012545439,-0.041308746950090826,-0.0007006153846153846,-0.051123378912839613,0,0,0,0,0,0,0,0
1.9421110466659512,0.03396395640830595,0.994,0.05009094953223721,-1.1518751220703125,0.11298959350585938,0,0,1,0,-1.9421110466659512,-0.03396395640830595,0.006000000000000005,-0.05009094953223721,-0.5788965808951729,-0.03774628916629354,0.01099115000000001,-0.05884486656177131,0,0,0,0,0,0,0,0
1.8513904582016916,0.041497746229539806,0.995,0.046600291028248766,-1.3534437255859375,0.1810008087158203,0,0,1,0,-1.8513904582016916,-0.041497746229539806,0.0050000000000000044,-0.046600291028248766,-0.46769623082678985,-0.06120428876527005,-0.0006297153846153841,-0.030489559471379036,0,0,0,0,0,0,0,0
1.737755506886598,0.042814639529223944,0.996,0.04534365396681235,-1.701753662109375,0.09913453674316407,0,0,1,0,-1.737755506886598,-0.042814639529223944,0.0040000000000000036,-0.04534365396681235,-0.28862326551345974,-0.028414968276307632,-0.0014037153846153845,-0.03954379060633658,0,0,0,0,0,0,0,0
1.6166435562800252,0.041618181065478384,0.997,0.04194026192542384,-1.81562548828125,0.06441822052001953,0,0,1,0,-1.6166435562800252,-0.041618181065478384,0.0030000000000000027,-0.04194026192542384,-0.2083565796338488,-0.01450350315047788,-0.0020228805970149257,-0.026701193083385744,0,0,0,0,0,0,0,0
1.486771084203097,0.03592184133126976,1,0.040945424251787,-1.94995654296875,-0.003690626621246338,0,0,1,0,-1.486771084203097,-0.03592184133126976,0,-0.040945424251787,-0.06680616425887898,0.013223378505733126,-0.015605250000000013,-0.03628212265661432,0,0,0,0,0,0,0,0
1.352895491704,0.028952564644616773,0.999,0.040386918891148496,-2.01072998046875,-0.0222506103515625,0,0,1,0,-1.352895491704,-0.028952564644616773,0.0010000000000000009,-0.040386918891148496,-0.0010550368457080683,0.02249533569446415,0.006910630303030308,-0.037848258160973466,0,1,0,0,0,0,0,0
1.2246591852895856,0.022561798239191404,1,0.03947934768011181,-1.9258465576171875,-0.018118404388427736,0,0,1,0,-1.2246591852895856,-0.022561798239191404,0,-0.03947934768011181,0.03234953630467807,0.022607970558374338,-0.004495430303030306,-0.03535402399358143,0,1,0,0,0,0,0,0
1.0961382573279959,0.015986873466088194,0.997,0.03759439208795774,-1.930204345703125,-0.022457956314086914,0,0,1,0,-1.0961382573279959,-0.015986873466088194,0.0030000000000000027,-0.03759439208795774,0.1298835696612033,0.028522293157656923,0.019893166666666684,-0.028618413077700272,0,1,0,0,0,0,0,0
0.9683630141648039,0.011903686893977585,0.991,0.03469714552964716,-1.917576416015625,0.010832995414733886,0,0,1,0,-0.9683630141648039,-0.011903686893977585,0.009000000000000008,-0.03469714552964716,0.15672290278275802,0.015681932284617808,0.03990408181818185,-0.021527842991871774,0,0,0,0,0,0,0,0
0.8452700843800217,0.00793611100764202,0.985,0.03075270142014004,-1.84734716796875,0.004573927879333496,0,0,1,0,-0.8452700843800217,-0.00793611100764202,0.015000000000000013,-0.03075270142014004,0.2132968681102005,0.017705059620309327,0.04579440000000004,-0.01226311965682543,0,0,0,0,0,0,0,0
0.715009068233465,0.006179067849250144,0.982,0.027942721324428946,-1.9538017578125,0.03373551559448242,0,0,1,0,-0.715009068233465,-0.006179067849250144,0.018000000000000016,-0.027942721324428946,0.2955691263666273,0.00619947549901133,0.031409790909090934,-0.015170084525742148,0,1,0,0,0,0,0,0
0.5901170986673527,0.005136668525556382,0.979,0.024539329283040215,-1.8730850830078125,0.036710624694824216,0,0,1,0,-0.5901170986673527,-0.005136668525556382,0.02100000000000002,-0.024539329283040215,0.33934863984744423,0.003012602648906514,0.03419104615384618,-0.008831366015092226,0,1,0,0,0,0,0,0
0.46885097458922576,0.0036630691398105465,0.98,0.022724186860966184,-1.818986572265625,0.022535024642944337,0,0,1,0,-0.46885097458922576,-0.0036630691398105465,0.020000000000000018,-0.022724186860966184,0.38015316535618093,0.006068867834811257,0.011982584615384628,-0.014346606451393736,0,1,0,0,0,0,0,0
0.35991707056822697,0.003481893320497795,0.984,0.021554816262129923,-1.6336484375,0.03441138458251953,0,0,1,0,-0.35991707056822697,-0.003481893320497795,0.016000000000000014,-0.021554816262129923,0.3504652431580206,-0.000831202200147743,-0.0066211223880597025,-0.016318828506146663,0,0,0,0,0,0,0,0
0.2643436257969219,0.004562069549079171,0.99,0.020909044438891928,-1.43291943359375,0.04709750747680664,0,0,1,0,-0.2643436257969219,-0.004562069549079171,0.010000000000000009,-0.020909044438891928,0.3599913035498454,-0.008321584313084825,-0.023795933333333352,-0.017833940518711,0,0,0,0,0,0,0,0
0.18288428547081684,0.006696948771609281,1,0.021310470166850688,-1.2209534912109374,0.05756288146972656,0,0,1,0,-0.18288428547081684,-0.006696948771609281,0,-0.021310470166850688,0.3082657340051015,-0.014887901399308475,-0.05230875384615388,-0.023163204295891117,0,0,0,0,0,0,0,0
0.11787668547289794,-0.0011993383123426555,1.008,0.019844393595175275,-0.97741650390625,-0.09763884735107421,0,0,1,0,-0.11787668547289794,0.0011993383123426555,-0.008000000000000007,-0.019844393595175275,0.24680179096731986,0.0424307868995089,-0.04733964242424246,-0.013180409178468858,0,0,0,0,0,0,0,0
0.0694382964312025,-0.005144960731533612,1.014,0.02040289895581356,-0.727607177734375,-0.044755172729492185,0,0,1,0,-0.0694382964312025,0.005144960731533612,-0.014000000000000012,-0.02040289895581356,0.1755517324449666,0.022841197681790194,-0.0406929529411765,-0.022866893193923633,1427125701996,0,0,0,0,0,0,0
0.030559074402031428,-0.011136160020247097,1.026,0.02014109956801465,-0.584900390625,-0.07795137786865235,0,0,1,0,-0.030559074402031428,0.011136160020247097,-0.026000000000000023,-0.02014109956801465,0.16165253146790934,0.03881990291280012,-0.08624106666666674,-0.01889443581659126,1427125701996,0,0,0,0,0,0,0
-0.0029844140287031582,-0.01732548057108969,1.028,0.021642082724729634,-0.5049200439453125,-0.0826876220703125,0,0,1,0,0.0029844140287031582,0.01732548057108969,-0.028000000000000025,-0.021642082724729634,0.14587146012399546,0.04248905776535464,-0.03229110000000003,-0.02867794127183113,1427125701996,0,0,0,0,0,0,0
-0.0256037562443265,-0.021574031486191185,1.031,0.022933626371205405,-0.34058978271484375,-0.05637096786499023,0,0,1,0,0.0256037562443265,0.021574031486191185,-0.030999999999999917,-0.022933626371205405,0.09555327940191186,0.03365632220072826,-0.0401089461538455,-0.028894597047247426,1427125701996,0,0,0,0,0,0,0
-0.04361050294793282,-0.02407100614472074,1.033,0.023230332344044556,-0.27088906860351564,-0.031250913619995116,0,0,1,0,0.04361050294793282,0.02407100614472074,-0.03299999999999992,-0.023230332344044556,0.07974794682361645,0.02548889122552283,-0.036538830769230715,-0.0245997445263791,1427125701996,0,0,0,0,0,0,0
-0.055870705329774326,-0.025974743638923176,1.032,0.02420771672516128,-0.1845167236328125,-0.024276613235473633,0,0,1,0.023230332344044556,0.055870705329774326,0.025974743638923176,-0.03200000000000003,-0.0009773843811167228,0.027935352664887163,0.012987371819461588,-0.025600000000000026,-0.0009773843811167228,1427125701996,0,0,0,0,0,0,0
-0.057079337100722896,-0.02958031632785095,1.03,0.02539454061651744,-0.019433277130126953,-0.05362891387939453,0,0,1,0.023230332344044556,0.057079337100722896,0.02958031632785095,-0.030000000000000027,-0.0021642082724728853,0.034986751819393376,0.03393014240186429,-0.013591939393939408,-0.007558862324091806,1427125702385,0,0,0,0,0,0,0
-0.05545660923331387,-0.03137544258982385,1.026,0.024399702942880828,0.02364934730529785,-0.027536272048950195,0,0,1,0.023230332344044556,0.05545660923331387,0.03137544258982385,-0.026000000000000023,-0.0011693705988362717,0.019064258335250325,0.02539370282891809,0.0003714615384615358,0.0034221878948711756,1427125702450,0,0,0,0,0,0,0
-0.052046717479180896,-0.0323383532844536,1.019,0.024731315500759774,0.050780765533447264,-0.01568724250793457,0,0,1,0.023230332344044556,0.052046717479180896,0.0323383532844536,-0.018999999999999906,-0.001500983156715218,0.00748254226685054,0.021495708096045046,0.022592650000000717,-0.0030554170217727793,1427125702514,0,0,0,0,0,0,0
-0.046225438623762584,-0.031066293231121457,1.01,0.02408554367752178,0.08776432800292969,0.016915767669677735,0,0,1,0.023230332344044556,0.046225438623762584,0.031066293231121457,-0.010000000000000009,-0.0008552113334772231,-0.008095552778360132,0.008764399165395852,0.03990793846153789,0.0021252740045442924,1427125702579,0,0,0,0,0,0,0
-0.041284480521977425,-0.030281561800151097,1.004,0.02244493418064695,0.07437635803222656,0.009982645034790039,0,0,1,0.023230332344044556,0.041284480521977425,0.030281561800151097,-0.0040000000000000036,0.0007853981633976076,-0.005395486928856313,0.011080118855849542,0.02803818181818184,0.0082427140582832,1427125702645,0,0,0,0,0,0,0
-0.03258368478063203,-0.02958734425098776,0.998,0.022724186860966205,0.1307127685546875,0.007481554508209229,0,0,1,0.023230332344044556,0.03258368478063203,0.02958734425098776,0.0020000000000000018,0.0005061454830783511,-0.02765582266901257,0.011393486541655935,0.03146858260869568,-0.0007079966052662421,1427125702714,0,0,0,0,0,0,0
-0.02472246489742151,-0.02709056927012831,0.99,0.022235494670407512,0.11873883819580078,0.03476258850097656,0,0,1,0.023230332344044556,0.02472246489742151,0.02709056927012831,0.010000000000000009,0.0009948376736370439,-0.03110983010159448,-0.00018741264069816604,0.051941244444444486,0.0033219433429641522,1427125702777,0,0,0,0,0,0,0
-0.017068903305444926,-0.024222225965580817,0.983,0.022532200643246663,0.11573165130615234,0.040462013244628905,0,0,1,0.023230332344044556,0.017068903305444926,0.024222225965580817,0.017000000000000015,0.0006981317007978931,-0.033772200314978476,-0.003670592755547177,0.05209278888888893,-0.0007147538841504439,1427125702840,0,0,0,0,0,0,0
-0.01116231548559698,-0.021871228980598963,0.979,0.022113321622768002,0.08937085723876953,0.03325984573364258,0,0,1,0.023230332344044556,0.01116231548559698,0.021871228980598963,0.02100000000000002,0.001117010721276554,-0.026003155743079768,-0.0015558489028989798,0.03807886153846157,0.0030502985081011427,1427125702905,0,0,0,0,0,0,0
-0.0047291314318907525,-0.019300442616308335,0.978,0.02282890661608581,0.09732682800292969,0.036418655395507815,0,0,1,0.023230332344044556,0.0047291314318907525,0.019300442616308335,0.02200000000000002,0.00040142572795874576,-0.03152729287962818,-0.0038022472508501496,0.02278863030303032,-0.002851233332576746,1427125702971,0,0,0,0,0,0,0
0.00016260319916393078,-0.01718472656398211,0.977,0.025132741228718315,0.07408132934570312,0.030052522659301757,0,0,1,0.023230332344044556,-0.00016260319916393078,0.01718472656398211,0.02300000000000002,-0.0019024088846737591,-0.025798914514357268,-0.0024355117031243656,0.023740430303030323,-0.01237438439663969,1427125703037,0,0,0,0,0,0,0
0.0040098316441847,-0.014551337991729765,0.977,0.02616248548739495,0.058682861328125,0.03803813552856445,0,0,1,0.023230332344044556,-0.0040098316441847,0.014551337991729765,0.02300000000000002,-0.002932153143350394,-0.022823608604961517,-0.006924530549347204,0.018584600000000017,-0.007759079355897119,1427125703101,0,0,0,0,0,0,0
0.007650476067783925,-0.010257537423865832,0.978,0.02734930937875111,0.05627583312988281,0.06295640563964844,0,0,1,0.023230332344044556,-0.007650476067783925,0.010257537423865832,0.02200000000000002,-0.004118977034706553,-0.023212843040724462,-0.017783884275639067,0.012542984615384627,-0.00959662576404267,1427125703166,0,0,0,0,0,0,0
0.008198763574653694,-0.006802195675471592,0.978,0.02984513020910293,0.009638578414916991,0.05158584213256836,0,0,1,0.023230332344044556,-0.008198763574653694,0.006802195675471592,0.02200000000000002,-0.006614797865058374,-0.006841163361939644,-0.014992355463964165,0.018070600000000017,-0.018133970928220625,1427125703231,0,0,0,0,0,0,0
0.005221237715031729,-0.002828099763574829,0.979,0.03113667385557892,-0.04286415100097656,0.06091766357421875,0,0,1,0.023230332344044556,-0.005221237715031729,0.002828099763574829,0.02100000000000002,-0.007906341511534364,0.013629354659850518,-0.019770856804695196,0.01202248461538463,-0.013867312187577394,1427125703296,0,0,0,0,0,0,0
0.002649334713367253,0.0017489375656470482,0.98,0.0326376570122939,-0.0364224853515625,0.06982329559326172,0,0,1,0.023230332344044556,-0.002649334713367253,-0.0017489375656470482,0.020000000000000018,-0.009407324668249346,0.012316013742413721,-0.024571465766273882,0.011517219402985087,-0.016128144772943297,1427125703363,0,0,0,0,0,0,0
0.0010826469235433415,0.00697041198490213,0.981,0.034662238944607376,-0.020932004928588866,0.07904726409912109,0,0,1,0.023230332344044556,-0.0010826469235433415,-0.00697041198490213,0.019000000000000017,-0.01143190660056282,0.00809935090500078,-0.03139246873605302,0.010679984615384627,-0.020776130903548084,1427125703428,0,0,0,0,0,0,0
-0.003223748944443959,0.011452060774228022,0.983,0.03450515931192785,-0.06222744369506836,0.06942294311523438,0,0,1,0.023230332344044556,0.003223748944443959,-0.011452060774228022,0.017000000000000015,-0.011274826967883296,0.02536920326539951,-0.030034007777940856,0.0036359000000000044,-0.010538516189698026,1427125703492,0,0,0,0,0,0,0
-0.006691150962075933,0.016667672179369188,0.983,0.03448770601940773,-0.049281124114990235,0.07998189544677735,0,0,1,0.023230332344044556,0.006691150962075933,-0.016667672179369188,0.017000000000000015,-0.011257373675363176,0.021145189869254087,-0.03460029723884007,0.014690700000000015,-0.011181489794840916,1427125703561,0,0,0,0,0,0,0
-0.00886686816146796,0.022345865289528283,0.985,0.03710569989739951,-0.029679515838623046,0.08624755859375,0,0,1,0.023230332344044556,0.00886686816146796,-0.022345865289528283,0.015000000000000013,-0.013875367553354952,0.017133809429798457,-0.043576821424295115,0.0017067901639344282,-0.026750747281183353,1427125703622,0,0,0,0,0,0,0
-0.011500817354589618,0.026212811665507423,0.986,0.037646751965517665,-0.03733024978637695,0.05942995071411133,0,0,1,0.023230332344044556,0.011500817354589618,-0.026212811665507423,0.014000000000000012,-0.014416419621473109,0.020157439630017763,-0.03376955535374752,0.007088584615384624,-0.01691358301278768,1427125703687,0,0,0,0,0,0,0
-0.014881521753100146,0.02988938248227461,0.986,0.03836233695883503,-0.04859896087646484,0.05701812362670899,0,0,1,0.023230332344044556,0.014881521753100146,-0.02988938248227461,0.014000000000000012,-0.015132004614790473,0.025602788156941083,-0.034302515259542705,0.012565600000000012,-0.018384663675323945,1427125703753,0,0,0,0,0,0,0
-0.015782617228083287,0.033459589636625216,0.991,0.038414696836394945,-0.011452569007873534,0.05403210067749024,0,0,1,0.023230332344044556,0.015782617228083287,-0.033459589636625216,0.009000000000000008,-0.015184364492350388,0.01298766928234327,-0.03583659348700871,-0.018298976923076932,-0.015426025465703845,1427125703818,0,0,0,0,0,0,0
-0.01624324195374907,0.03494830759493391,0.996,0.03825761720371564,-0.0060466547012329105,0.02257965087890625,0,0,1,0.023230332344044556,0.01624324195374907,-0.03494830759493391,0.0040000000000000036,-0.015027284859671086,0.010783060626594461,-0.02515706031950797,-0.02146850298507464,-0.014323943220808539,1427125703885,0,0,0,0,0,0,0
-0.01714853654191211,0.03591274034134398,0.998,0.039025562074593144,-0.01301616382598877,0.014975295066833497,0,0,1,0.023230332344044556,0.01714853654191211,-0.03591274034134398,0.0020000000000000018,-0.015795229730548588,0.01386967731047013,-0.023242976564569726,-0.008047611111111116,-0.0194521100680605,1427125703948,0,0,0,0,0,0,0
-0.017541544059549188,0.036047260679964596,0.998,0.04052654523130813,-0.005811898231506347,0.002246270418167114,0,0,1,0.023230332344044556,0.017541544059549188,-0.036047260679964596,0.0020000000000000018,-0.017296212887263573,0.01116436301998192,-0.018700048035924108,0.0030765000000000037,-0.02422382745671735,1427125704013,0,0,0,0,0,0,0
-0.016194871315201826,0.03465094697290981,0.999,0.040020399748230205,0.01933492088317871,-0.02174592399597168,0,0,1,0.023230332344044556,0.016194871315201826,-0.03465094697290981,0.0010000000000000009,-0.01679006740418565,0.001350825266126299,-0.010006590950358843,-0.0029406805970149264,-0.014523744345627778,1427125704080,0,0,0,0,0,0,0
-0.014662913732857902,0.033965377617677414,1.003,0.039793506945470646,0.022549522399902343,-0.011194704055786132,0,0,1,0.023230332344044556,0.014662913732857902,-0.033965377617677414,-0.0029999999999998916,-0.01656317460142609,-0.0006197673778615609,-0.0132885325524184,-0.02247476153846087,-0.015515977050228122,1427125704145,0,0,0,0,0,0,0
-0.011383354196013266,0.03251971329174356,1.005,0.0410152374218666,0.04829175567626953,-0.02362485885620117,0,0,1,0.023230332344044556,0.011383354196013266,-0.03251971329174356,-0.004999999999999893,-0.017784905077822044,-0.01139463537052636,-0.008612288969192122,-0.013175360606060525,-0.023338225425076384,1427125704211,0,0,0,0,0,0,0
