0.287339362046969,0.00001927204077536407,0.71,0.365419585490053,-0.011768931388854981,-0.016246406555175782,0,0,1.5,0,-0.287339362046969,-0.00001927204077536407,0.79,-0.365419585490053,-0.1436696810234845,-0.000009636020387682035,0.6320000000000001,-0.365419585490053,0,0,0,0,0,0,0,0
0.287106812360834,0.00018690254922528452,0.71,0.35622170033204287,-0.002359410762786865,0.0035949316024780275,0,0,1.5,0,-0.287106812360834,-0.00018690254922528452,0.79,-0.35622170033204287,-0.1424878349908015,-0.0009825242963174363,0.6372140000000002,-0.31441313143199684,0,0,0,0,0,0,0,0
0.2856106788780761,0.00008331054718129475,0.713,0.32969269570172904,-0.02157501220703125,0.006369996547698975,0,0,1.5,0,-0.2856106788780761,-0.00008331054718129475,0.787,-0.32969269570172904,-0.13472312266595662,0.0005525508908897459,0.6224015852459017,-0.19922218112641515,0,0,0,0,0,0,0,0
0.2829312758374466,-0.0004988108220630688,0.715,0.30382691618717306,-0.04085337829589844,0.0047504019737243655,0,0,1.5,0,-0.2829312758374466,0.0004988108220630688,0.785,-0.30382691618717306,-0.12900817059431613,0.00307934703575614,0.633944477777778,-0.1960528348765231,0,0,0,0,0,0,0,0
0.2810914961918018,-0.0009393949683914641,0.724,0.2817135945644049,-0.028309896469116212,0.0019501428604125977,0,0,1.5,0,-0.2810914961918018,0.0009393949683914641,0.776,-0.2817135945644049,-0.1301740711799292,0.0031291247366933314,0.5866571551724138,-0.1673343447914663,0,0,0,0,0,0,0,0
0.28000771843557687,-0.00045069615200489803,0.736,0.26162485487395026,-0.013577946662902832,0.011560905456542968,0,0,1.5,0,-0.28000771843557687,0.00045069615200489803,0.764,-0.26162485487395026,-0.13559053992928516,-0.0021826807843004867,0.5776369704225353,-0.1767428561818883,0,0,0,0,0,0,0,0
0.2781497304285806,0.002000689848164314,0.749,0.24481733417724486,-0.017410655975341797,0.04272805786132813,0,0,1.5,0,-0.2781497304285806,-0.002000689848164314,0.751,-0.24481733417724486,-0.12933273879382498,-0.015300247193619585,0.5550645666666666,-0.16077973069371782,0,0,0,0,0,0,0,0
0.27522711438033015,0.005034898064427672,0.769,0.22711969556202238,-0.031500595092773434,0.05478171157836914,0,0,1.5,0,-0.27522711438033015,-0.005034898064427672,0.731,-0.22711969556202238,-0.12407473683990247,-0.017911984955677567,0.518492524637681,-0.15017344071322902,0,0,0,0,0,0,0,0
0.2688681014334422,0.008191348571265581,0.791,0.20795598037512464,-0.0822744369506836,0.0676089324951172,0,0,1.5,0,-0.2688681014334422,-0.008191348571265581,0.709,-0.20795598037512464,-0.10056163157829309,-0.02164029566588033,0.48458627777777774,-0.11670019377084967,0,0,0,0,0,0,0,0
0.26458252478727823,0.01183519354179777,0.816,0.19217820393709592,-0.051614013671875,0.0667520980834961,0,0,1.5,0,-0.26458252478727823,-0.01183519354179777,0.684,-0.19217820393709592,-0.11250401749667543,-0.02415389149018713,0.4665965000000005,-0.12455916205982999,0,0,0,0,0,0,0,0
0.2596763103004936,0.016162769754753087,0.841,0.17912314113217834,-0.059840065002441406,0.07777473449707031,0,0,1.5,0,-0.2596763103004936,-0.016162769754753087,0.659,-0.17912314113217834,-0.10202293901348033,-0.03422251319415747,0.4245566310344826,-0.11159695421019085,0,0,0,0,0,0,0,0
0.2566091076779765,0.020433855981996277,0.865,0.1654397597965428,-0.03385743713378906,0.07123835754394531,0,0,1.5,0,-0.2566091076779765,-0.020433855981996277,0.635,-0.1654397597965428,-0.11493941769560787,-0.031613107099486545,0.4406636999999999,-0.10679669692953334,0,0,0,0,0,0,0,0
0.24917397534344343,0.024521963942427817,0.89,0.15344934783534175,-0.09990538024902344,0.07885128021240234,0,0,1.5,0,-0.24917397534344343,-0.024521963942427817,0.61,-0.15344934783534175,-0.08473983126230777,-0.0353949623700184,0.4033166677419354,-0.09543122544243349,0,0,0,0,0,0,0,0
0.24164246198682435,0.0276926954121925,0.915,0.141371669411541,-0.10437564849853516,0.06426975250244141,0,0,1.5,0,-0.24164246198682435,-0.0276926954121925,0.585,-0.141371669411541,-0.08491000050556946,-0.03000482775465378,0.40167060579710134,-0.08886002409066818,0,0,0,0,0,0,0,0
0.23350572939992303,0.03063499160825141,0.939,0.13030628195389696,-0.1146147689819336,0.06089127731323242,0,0,1.5,0,-0.23350572939992303,-0.03063499160825141,0.561,-0.13030628195389696,-0.07172079284669935,-0.032574330825852156,0.37264820000000065,-0.07497934466567674,0,0,0,0,0,0,0,0
0.22302550976599567,0.03337505261006829,0.966,0.11981685314941103,-0.1505299835205078,0.06117912292480469,0,0,1.5,0,-0.22302550976599567,-0.03337505261006829,0.534,-0.11981685314941103,-0.06093830968007131,-0.0307028557901948,0.3577762782608695,-0.07421064095599395,0,0,0,0,0,0,0,0
0.21348410698655718,0.03610855486491709,0.99,0.11046188835872141,-0.13719389343261718,0.05781587982177734,0,0,1.5,0,-0.21348410698655718,-0.03610855486491709,0.51,-0.11046188835872141,-0.054712614318091816,-0.033876802313042895,0.34093888196721306,-0.06445386479795279,0,0,0,0,0,0,0,0
0.20387542813241072,0.03850468016624157,1.014,0.10185741514638935,-0.13928961181640626,0.051611358642578126,0,0,1.5,0,-0.20387542813241072,-0.03850468016624157,0.486,-0.10185741514638935,-0.05605502724182618,-0.03157166263675447,0.34105806956521734,-0.06444666204929346,0,0,0,0,0,0,0,0
0.19302908895967458,0.04090314777182414,1.041,0.0954695100840901,-0.1581936492919922,0.052333606719970706,0,0,1.5,0,-0.19302908895967458,-0.04090314777182414,0.4590000000000001,-0.0954695100840901,-0.037256187132783385,-0.03440328796114571,0.2890790672131154,-0.06405358354819216,0,0,0,0,0,0,0,0
0.18365710753836045,0.04133036640419025,1.063,0.08674286382411847,-0.1393286895751953,0.019779796600341796,0,0,1.5,0,-0.18365710753836045,-0.04133036640419025,0.43700000000000006,-0.08674286382411847,-0.0480719429048924,-0.023020222319348804,0.31945609999999997,-0.049342951281382906,0,0,0,0,0,0,0,0
0.17464084741157299,0.0439768693398727,1.087,0.08047713180945881,-0.13129624938964843,0.051265026092529295,0,0,1.5,0,-0.17464084741157299,-0.0439768693398727,0.41300000000000003,-0.08047713180945881,-0.03879761079325897,-0.0374190594253102,0.275070481967213,-0.04966205632752607,0,0,0,0,0,0,0,0
0.16440412892424264,0.04455734447955341,1.107,0.07342600163140173,-0.1523538360595703,0.021022937774658204,0,0,1.5,0,-0.16440412892424264,-0.04455734447955341,0.393,-0.07342600163140173,-0.03576843661407253,-0.025378279524748096,0.30238277777777767,-0.044046292556163866,0,0,0,0,0,0,0,0
0.1547774363219351,0.04344061236819378,1.126,0.06716026961674207,-0.1452401580810547,-0.006112627983093262,0,0,1.5,0,-0.1547774363219351,-0.04344061236819378,0.3740000000000001,-0.06716026961674207,-0.02271457667489745,-0.015284454201018389,0.27191902758620756,-0.0347513109202266,0,0,0,0,0,0,0,0
0.14764432781354986,0.04216178679496944,1.147,0.06283185307179612,-0.10804273986816407,-0.011958617210388184,0,0,1.5,0,-0.14764432781354986,-0.04216178679496944,0.353,-0.06283185307179612,-0.043148077996998976,-0.015283364702702421,0.27166616849315006,-0.0450438398733881,0,0,0,0,0,0,0,0
0.13749118124725102,0.04117234432081488,1.167,0.05869542274456957,-0.1529285888671875,-0.00524953031539917,0,0,1.5,0,-0.13749118124725102,-0.04117234432081488,0.33299999999999996,-0.05869542274456957,-0.0110820970130696,-0.014973105362460456,0.23759284482758605,-0.03730009346581156,0,0,0,0,0,0,0,0
0.12818015353978102,0.03826747246946071,1.187,0.05319763560078744,-0.14198097229003906,-0.03530502700805664,0,0,1.5,0,-0.12818015353978102,-0.03826747246946071,0.31299999999999994,-0.05319763560078744,-0.02055416467529106,-0.004782990326706055,0.24299292463768107,-0.02929421323651732,0,0,0,0,0,0,0,0
0.12048653099153452,0.03598922729503543,1.206,0.04937536453891988,-0.11705818176269531,-0.027988990783691405,0,0,1.5,0,-0.12048653099153452,-0.03598922729503543,0.29400000000000004,-0.04937536453891988,-0.019866964942575963,-0.005328779843372914,0.22201920655737764,-0.030577310136292526,0,0,0,0,0,0,0,0
0.11175362246595652,0.033603855640216576,1.228,0.045657813232171926,-0.13259994506835937,-0.029271738052368164,0,0,1.5,0,-0.11175362246595652,-0.033603855640216576,0.272,-0.045657813232171926,-0.015423994525585183,-0.005131467925580203,0.20371819710144923,-0.029494546681093872,0,0,0,0,0,0,0,0
0.1059741706350423,0.030743545593002852,1.245,0.04176572900022456,-0.08855968475341797,-0.038903156280517576,0,0,1.5,0,-0.1059741706350423,-0.030743545593002852,0.2549999999999999,-0.04176572900022456,-0.02427139692702608,0.00032682636405124976,0.20732565806451536,-0.022933063361769552,0,0,0,0,0,0,0,0
0.10178983488830326,0.02750193882654231,1.261,0.03834488366631565,-0.06474053192138672,-0.04596103286743164,0,0,1.5,0,-0.10178983488830326,-0.02750193882654231,0.2390000000000001,-0.03834488366631565,-0.03365051032592424,0.0022246747259901146,0.21098307971014607,-0.023471643084103017,0,0,0,0,0,0,0,0
0.09647483520908469,0.025614721703303527,1.275,0.03544763710800512,-0.08075160217285156,-0.025231151580810546,0,0,1.5,0,-0.09647483520908469,-0.025614721703303527,0.2250000000000001,-0.03544763710800512,-0.021271622060964893,-0.002281251866536811,0.20062583333333334,-0.020961404316452478,0,0,0,0,0,0,0,0
0.09049513150250377,0.022902691582801768,1.29,0.03207915165165602,-0.0910809326171875,-0.03747606658935547,0,0,1.5,0,-0.09049513150250377,-0.022902691582801768,0.20999999999999996,-0.03207915165165602,-0.019450763062263243,0.001610115359888661,0.1967624999999994,-0.017642785410159872,0,0,0,0,0,0,0,0
0.0890389273870373,0.021618279439714935,1.304,0.02883283924294659,-0.022449760437011718,-0.01855568313598633,0,0,1.5,0,-0.0890389273870373,-0.021618279439714935,0.19599999999999995,-0.02883283924294659,-0.04032022376816914,-0.00395143845136459,0.18143023114754092,-0.012867368380441186,0,0,0,0,0,0,0,0
0.08707084124729465,0.020833423725253764,1.321,0.02783800156930986,-0.029848419189453124,-0.01091687774658203,0,0,1.5,0,-0.08707084124729465,-0.020833423725253764,0.17900000000000005,-0.02783800156930986,-0.038051437427316585,-0.0070743731520308325,0.1656261830985921,-0.02363446210323918,0,0,0,0,0,0,0,0
0.08590997701556867,0.020436425374777332,1.332,0.025953045977155954,-0.017571969985961913,-0.005467988491058349,0,0,1.5,0,-0.08590997701556867,-0.020436425374777332,0.16799999999999993,-0.025953045977155954,-0.040452676362499745,-0.008441319164023417,0.1774703333333326,-0.016528268016386422,0,0,0,0,0,0,0,0
0.08527024580414196,0.020612692873081987,1.346,0.025429447201557633,-0.009524124145507813,0.002892138719558716,0,0,1.5,0,-0.08527024580414196,-0.020612692873081987,0.15399999999999991,-0.025429447201557633,-0.043718341853497884,-0.011753609881017492,0.16048510724637674,-0.023152930785912754,0,0,0,0,0,0,0,0
0.08539863495943263,0.022956552828583082,1.361,0.02448696940548071,0.002819164276123047,0.035097564697265625,0,0,1.5,0,-0.08539863495943263,-0.022956552828583082,0.139,-0.02448696940548071,-0.047784333141808064,-0.024864105685578147,0.13835795000000062,-0.02006910473637013,0,0,0,0,0,0,0,0
0.08644347282219147,0.02434380989625224,1.372,0.02354449160940373,0.016177364349365234,0.020418882369995117,0,0,1.5,0,-0.08644347282219147,-0.02434380989625224,0.1279999999999999,-0.02354449160940373,-0.053120649245274945,-0.020002925719265333,0.15498411343283514,-0.019324441776223226,0,0,0,0,0,0,0,0
0.08648139529003605,0.02617841657007849,1.387,0.02330014551412455,0.0012165427207946778,0.027498081207275392,0,0,1.5,0,-0.08648139529003605,-0.02617841657007849,0.11299999999999999,-0.02330014551412455,-0.047946665896851814,-0.0238821154787836,0.11782536666666724,-0.02213659267946179,0,0,0,0,0,0,0,0
0.0846841668032773,0.029594749160587068,1.397,0.02249729405820714,-0.0257572021484375,0.051859157562255856,0,0,1.5,0,-0.0846841668032773,-0.029594749160587068,0.10299999999999998,-0.02249729405820714,-0.0373625056998973,-0.03353447026214615,0.14080819696969696,-0.018847969258582557,0,0,0,0,0,0,0,0
0.08508791389787058,0.03332749704176345,1.42,0.022584560520806853,0.007314218521118164,0.05584081268310547,0,0,1.5,0,-0.08508791389787058,-0.03332749704176345,0.08000000000000007,-0.022584560520806853,-0.04946362169171197,-0.03872166459883501,0.04395928688524653,-0.023013739845067726,1426000852074,0,0,0,0,0,0,0
0.0850946689990465,0.035817236397759626,1.424,0.021886428820009164,0.000944674015045166,0.037334278106689454,0,0,1.5,0,-0.0850946689990465,-0.035817236397759626,0.07600000000000007,-0.021886428820009164,-0.04724375932618947,-0.03102289724669021,0.15325850000000008,-0.0188944358165905,1426000852074,0,0,0,0,0,0,0
0.0845652654862381,0.0370733812755011,1.429,0.021956241990088974,-0.007526795864105224,0.01901144790649414,0,0,1.5,0,-0.0845652654862381,-0.0370733812755011,0.07099999999999995,-0.021956241990088974,-0.04390783406514851,-0.026552028721170618,0.14051783333333268,-0.022305307840488023,1426000852074,0,0,0,0,0,0,0
0.0827905220637638,0.038044272007659516,1.435,0.021519909677090308,-0.026295003890991212,0.015144304275512695,0,0,1.5,0,-0.0827905220637638,-0.038044272007659516,0.06499999999999995,-0.021519909677090308,-0.03754103371748503,-0.02445696190204019,0.1361858333333333,-0.019701858372929197,1426000852074,0,0,0,0,0,0,0
0.08118379937984702,0.03899460599894664,1.44,0.022811453323566187,-0.023788516998291015,0.014770317077636718,0,0,1.5,0.021519909677090308,-0.08118379937984702,-0.03899460599894664,0.06000000000000005,-0.001291543646475879,-0.04059189968992351,-0.01949730299947332,0.04800000000000004,-0.001291543646475879,1426000852074,0,0,0,0,0,0,0
0.07819673600213681,0.03735910709057276,1.444,0.02780309498426989,-0.04535386657714844,-0.023504100799560546,0,0,1.5,0.021519909677090308,-0.07819673600213681,-0.03735910709057276,0.05600000000000005,-0.006283185307179584,-0.024000552992408827,-0.010409322373659184,0.02489654492753626,-0.027985975136326124,1426000852404,0,0,0,0,0,0,0
0.07580337442318685,0.03543787902214511,1.45,0.033772121026090535,-0.03668768692016602,-0.027809268951416017,0,0,1.5,0.021519909677090308,-0.07580337442318685,-0.03543787902214511,0.050000000000000044,-0.012252211349000227,-0.024269480515661183,-0.006742894664288603,0.006265170491803286,-0.04160807712844601,1426000852465,0,0,0,0,0,0,0
0.07287358887367723,0.03362944503376897,1.448,0.03539527723044525,-0.04483766937255859,-0.025627147674560546,0,0,1.5,0.021519909677090308,-0.07287358887367723,-0.03362944503376897,0.052000000000000046,-0.013875367553354941,-0.02172604197116386,-0.007712105840986397,0.05279512753623193,-0.020932568441853698,1426000852534,0,0,0,0,0,0,0
0.0715211174500119,0.03154116817326298,1.451,0.03790855135331708,-0.02138286018371582,-0.03058661651611328,0,0,1.5,0.021519909677090308,-0.0715211174500119,-0.03154116817326298,0.04899999999999993,-0.016388641676226775,-0.02819458325014953,-0.003878506993647222,0.023335985245900935,-0.02874900621494071,1426000852595,0,0,0,0,0,0,0
0.07139308012959004,0.030122811749614918,1.454,0.04094542425178724,-0.002725504398345947,-0.021187273025512696,0,0,1.5,0.021519909677090308,-0.07139308012959004,-0.030122811749614918,0.04600000000000004,-0.01942551457469693,-0.03530043508298343,-0.008080549044546866,0.02347110000000058,-0.03244068413956902,1426000852665,0,0,0,0,0,0,0
0.07066634184751831,0.02737260830684338,1.452,0.04387757739513773,-0.012580589294433593,-0.04077225112915039,0,0,1.5,0.021519909677090308,-0.07066634184751831,-0.02737260830684338,0.04800000000000004,-0.02235766771804742,-0.031450549197418146,0.0019659290867123647,0.05183930983606563,-0.03677809301321377,1426000852726,0,0,0,0,0,0,0
0.07122520055942375,0.024735952215674435,1.451,0.046896997001087876,0.006640017986297608,-0.03987947845458984,0,0,1.5,0.021519909677090308,-0.07122520055942375,-0.024735952215674435,0.04899999999999993,-0.025377087323997568,-0.038743939568455295,0.000670366602409633,0.0465068999999994,-0.03831745706378391,1426000852796,0,0,0,0,0,0,0
0.0726435536805397,0.020129949587325682,1.45,0.048712139423161965,0.018012977600097655,-0.07001145935058593,0,0,1.5,0.021519909677090308,-0.0726435536805397,-0.020129949587325682,0.050000000000000044,-0.027192229746071658,-0.04497613524153746,0.016646358156354617,0.048440233333334026,-0.03626794185644211,1426000852856,0,0,0,0,0,0,0
0.0740686460836721,0.015077902726556677,1.447,0.05143485305627313,0.017661048889160157,-0.076731689453125,0,0,1.5,0.021519909677090308,-0.0740686460836721,-0.015077902726556677,0.052999999999999936,-0.02991494337918282,-0.04459226497118123,0.01755371269330783,0.0603778999999994,-0.04158371609251637,1426000852926,0,0,0,0,0,0,0
0.07410011945864586,0.009172663935443415,1.449,0.05338962181850678,-0.004082541465759277,-0.08848571014404297,0,0,1.5,0.021519909677090308,-0.07410011945864586,-0.009172663935443415,0.050999999999999934,-0.03186971214141647,-0.03771059440202823,0.029687820468152198,0.03241723333333327,-0.04164355595258472,1426000852986,0,0,0,0,0,0,0
0.07348777666419834,0.0008955496316517524,1.45,0.05347688828110649,-0.015797585487365724,-0.12348964691162109,0,0,1.5,0.021519909677090308,-0.07348777666419834,-0.0008955496316517524,0.050000000000000044,-0.03195697860401618,-0.03421055578888483,0.04076409597277015,0.03863390000000059,-0.032330977729443516,1426000853056,0,0,0,0,0,0,0
0.07329238051353833,-0.007513810886498346,1.451,0.0531801823082675,-0.009669134140014649,-0.12580342102050782,0,0,1.5,0.021519909677090308,-0.07329238051353833,0.007513810886498346,0.04899999999999993,-0.0316602726311772,-0.03609815458329907,0.05183821734002823,0.03739509508196652,-0.03020106292869039,1426000853117,0,0,0,0,0,0,0
0.07341601471349501,-0.01801166867992479,1.452,0.04975933697435854,-0.00651833200454712,-0.1573438262939453,0,0,1.5,0.021519909677090308,-0.07341601471349501,0.01801166867992479,0.04800000000000004,-0.028239427297268232,-0.037958884187816656,0.06209914838561924,0.03759153623188465,-0.013366186715055342,1426000853186,0,0,0,0,0,0,0
0.07278511220516107,-0.027335457977995435,1.45,0.04771730174952523,-0.01640813636779785,-0.13921302795410156,0,0,1.5,0.021519909677090308,-0.07278511220516107,0.027335457977995435,0.050000000000000044,-0.026197392072434923,-0.03344076942744762,0.06702486607427333,0.05604440983606562,-0.016154595884730123,1426000853247,0,0,0,0,0,0,0
0.06987624456734334,-0.03729886637201147,1.449,0.04457570909593541,-0.0507120475769043,-0.14719975280761718,0,0,1.5,0.021519909677090308,-0.06987624456734334,0.03729886637201147,0.050999999999999934,-0.023055799418845103,-0.02111084321551419,0.06835256973758053,0.0507259999999994,-0.009591830903460163,1426000853317,0,0,0,0,0,0,0
0.06446007999010384,-0.04433947835183487,1.444,0.04249876728606219,-0.08586781311035156,-0.101884033203125,0,0,1.5,0.021519909677090308,-0.06446007999010384,0.04433947835183487,0.05600000000000005,-0.02097885760897188,-0.0013914817967466547,0.06315267399339297,0.07922866666666738,-0.010594148559605764,1426000853377,0,0,0,0,0,0,0
0.06259643817447426,-0.0517746558666108,1.44,0.03801327110843674,-0.032667747497558595,-0.11023928070068359,0,0,1.5,0.021519909677090308,-0.06259643817447426,0.0517746558666108,0.06000000000000005,-0.016493361431346432,-0.022779562684736576,0.0630121560347974,0.07368200000000005,0.0027301936156197693,1426000853447,0,0,0,0,0,0,0
0.0596558783131473,-0.05763566643479419,1.439,0.033702307856010714,-0.04741767120361328,-0.08617534637451171,0,0,1.5,0.021519909677090308,-0.0596558783131473,0.05763566643479419,0.06099999999999994,-0.012182398178920407,-0.014064543775735867,0.061888857839879435,0.06050536129032191,0.008677101429592618,1426000853509,0,0,0,0,0,0,0
0.05526145928097132,-0.06265701683837471,1.437,0.02820452071222864,-0.06841683959960937,-0.07305637359619141,0,0,1.5,0.021519909677090308,-0.05526145928097132,0.06265701683837471,0.06299999999999994,-0.006684611035138333,-0.006214868044959229,0.05682703439078432,0.06703982753623185,0.01721881132913155,1426000853578,0,0,0,0,0,0,0
0.05366187694961709,-0.06676199920302457,1.44,0.022741640153486363,-0.02572064781188965,-0.06087360382080078,0,0,1.5,0.021519909677090308,-0.05366187694961709,0.06676199920302457,0.06000000000000005,-0.0012217304763960553,-0.01840690839518399,0.05739469524391201,0.037354900000000676,0.026092672317315338,1426000853638,0,0,0,0,0,0,0
0.05242465986996341,-0.06817227676429573,1.445,0.02064724505109313,-0.01903449630737305,-0.0207266845703125,0,0,1.5,0.021519909677090308,-0.05242465986996341,0.06817227676429573,0.05499999999999994,0.0008726646259971764,-0.02114269285060227,0.04105870352620627,0.026945344444443842,0.009599310885968975,1426000853710,0,0,0,0,0,0,0
0.05055773484602881,-0.06793572109438238,1.449,0.01761037215262303,-0.02792464828491211,0.00412574052810669,0,0,1.5,0.021519909677090308,-0.05055773484602881,0.06793572109438238,0.050999999999999934,0.003909537524467276,-0.01498687664903572,0.03269682137509238,0.024208768965517175,0.019617500792416066,1426000853768,0,0,0,0,0,0,0
0.04760800729831387,-0.06771449828198145,1.452,0.015585790220309613,-0.04418061828613281,0.004096974372863769,0,0,1.5,0.021519909677090308,-0.04760800729831387,0.06771449828198145,0.04800000000000004,0.005934119456780695,-0.009627891987238017,0.03292110011073551,0.030831923529412365,0.014866098569928128,1426000853836,0,0,0,0,0,0,0
0.04652298733209725,-0.06602511708314875,1.457,0.012932889757278264,-0.01587838363647461,0.02559129333496094,0,0,1.5,0.021519909677090308,-0.04652298733209725,0.06602511708314875,0.04299999999999993,0.008587019919812044,-0.018269223986419447,0.02387120105898962,0.014766222222221528,0.02121987926758037,1426000853899,0,0,0,0,0,0,0
0.04473138356318095,-0.06306513062690344,1.46,0.009320058205649984,-0.026297607421875,0.04474363327026367,0,0,1.5,0.021519909677090308,-0.04473138356318095,0.06306513062690344,0.040000000000000036,0.012199851471440324,-0.014344330253175473,0.016805749822207457,0.025202608695652752,0.027907814739389365,1426000853968,0,0,0,0,0,0,0
0.04480335916669014,-0.059852562633472974,1.466,0.006911503837897816,0.0015287004709243774,0.04817636489868164,0,0,1.5,0.021519909677090308,-0.04480335916669014,0.059852562633472974,0.03400000000000003,0.014608405839192491,-0.02390846808290267,0.011817632766696125,0.001401170491803272,0.026453755188793317,1426000854029,0,0,0,0,0,0,0
0.04587354214080782,-0.055438529930617625,1.483,0.00542797397370256,0.016509971618652343,0.06609796142578125,0,0,1.5,0.021519909677090308,-0.04587354214080782,0.055438529930617625,0.016999999999999904,0.016091935703387746,-0.02941361114581541,0.006012027047363866,-0.0626536000000007,0.02244992083565312,1426000854099,0,0,0,0,0,0,0
0.04522740677726076,-0.051882775295898124,1.478,0.0034208453339090953,-0.00940238094329834,0.053388141632080076,0,0,1.5,0.021519909677090308,-0.04522740677726076,0.051882775295898124,0.02200000000000002,0.01809906434318121,-0.01999764208349533,0.005593540873594642,0.05564506666666735,0.028134707542148536,1426000854159,0,0,0,0,0,0,0
0.0464164663654209,-0.04849248156898773,1.475,0.002338741197672656,0.018009754180908204,0.050793094635009764,0,0,1.5,0.021519909677090308,-0.0464164663654209,0.04849248156898773,0.02499999999999991,0.01918116847941765,-0.0303390842988564,0.007722772148549512,0.04405339999999938,0.023818757634716674,1426000854229,0,0,0,0,0,0,0
0.04584765456853512,-0.0449224977866848,1.468,0.001291543646476068,-0.008406914710998536,0.05356956481933594,0,0,1.5,0.021519909677090308,-0.04584765456853512,0.0449224977866848,0.03200000000000003,0.020228366030614238,-0.021028033444317605,0.0033946504810643575,0.07313945000000066,0.025137104551848245,1426000854293,0,0,0,0,0,0,0
0.04439580471321688,-0.0421403745198061,1.459,-0.0009773843811165855,-0.021723831176757812,0.04175994110107422,2,0,1.5,0,1.955604195286783,0.0421403745198061,0.040999999999999925,0.0009773843811165855,0.9778020976433915,0.02107018725990305,0.03279999999999994,0.0009773843811165855,0,0,0,0,0,0,0,0
0.044401289196980186,-0.038248300893151226,1.459,-0.003804817769347412,0.000025206446647644043,0.05838115692138672,2,0,1.5,0,1.9555987108030197,0.038248300893151226,0.040999999999999925,0.003804817769347412,0.9789808658067695,-0.0028235189831481607,0.033054199999999936,0.017485947067238508,0,0,0,0,0,0,0,0
0.0454476226669236,-0.034621326427441305,1.453,-0.007225663103256264,0.015487889289855956,0.05446393966674805,2,0,1.5,0,1.9545523773330764,0.034621326427441305,0.04699999999999993,0.007225663103256264,0.9744322155649967,-0.0013103312642030497,0.06905615294117644,0.02231762781167767,0,0,0,0,0,0,0,0
0.046585279100297874,-0.030532580200134954,1.452,-0.00958185759344863,0.016621246337890624,0.06145289611816406,2,0,1.5,0,1.9534147208997021,0.030532580200134954,0.04800000000000004,0.00958185759344863,0.9740377903347224,-0.007749155180026333,0.04491656129032325,0.020982798675024592,0,0,0,0,0,0,0,0
0.05288016205989555,-0.02762966276423562,1.45,-0.01242674427419941,0.0940016860961914,0.04444649887084961,2,0,1.5,0,1.9471198379401045,0.02762966276423562,0.050000000000000044,0.01242674427419941,0.9467255498653835,-0.0008248610177577793,0.051361327536231925,0.0247958167992028,0,0,0,0,0,0,0,0
0.0614764413030205,-0.02380556895898376,1.449,-0.014556045961632492,0.128221435546875,0.05895929336547852,2,0,1.5,0,1.9385235586969796,0.02380556895898376,0.050999999999999934,0.014556045961632492,0.926217561661655,-0.009938964841299624,0.0480652049180321,0.025028021473598474,0,0,0,0,0,0,0,0
0.07425953489372991,-0.02016539254599821,1.45,-0.0176278254451425,0.1909313201904297,0.05738783264160156,2,0,1.5,0,1.9257404651062702,0.02016539254599821,0.050000000000000044,0.0176278254451425,0.905635910393976,-0.00826828005794281,0.03680003623188465,0.030983388416925134,0,0,0,0,0,0,0,0
0.09531648578518523,-0.01692941132395413,1.446,-0.020141099568014333,0.3149495849609375,0.054099712371826175,2,0,1.5,0,1.9046835142148149,0.01692941132395413,0.05400000000000005,0.020141099568014333,0.8478036765925755,-0.00883511785972987,0.0669619615384616,0.03174082628896126,0,0,0,0,0,0,0,0
0.12625927014213081,-0.0148035983703237,1.445,-0.020018926520374715,0.46340542602539064,0.04122842025756836,2,0,1.5,0,1.8737407298578692,0.0148035983703237,0.05499999999999994,0.020018926520374715,0.7693182820000619,-0.004661767307857262,0.05229670491803211,0.019418075466409383,0,0,0,0,0,0,0,0
0.16298774033281993,-0.013770327756245307,1.447,-0.020298179200693746,0.5505064086914062,0.026524185180664062,2,0,1.5,0,1.83701225966718,0.013770327756245307,0.052999999999999936,0.020298179200693746,0.7434583170457656,0.0017871585975469092,0.035179772463768064,0.021512321289037357,0,0,0,0,0,0,0,0
0.2046298636803082,-0.01410150814379882,1.451,-0.02021091273809409,0.62460400390625,0.007711336135864257,2,0,1.5,0,1.795370136319692,0.01410150814379882,0.04899999999999993,0.02021091273809409,0.6711060495275627,0.009102793802284743,0.019472780327868783,0.01978173341383349,0,0,0,0,0,0,0,0
0.2579477876832033,-0.015945219529726433,1.445,-0.020577431881012943,0.8001644287109375,-0.011487064361572265,2,0,1.5,0,1.7420522123167967,0.015945219529726433,0.05499999999999994,0.020577431881012943,0.6217793238910807,0.017224473362336012,0.07719156478873238,0.022126104315881336,0,0,0,0,0,0,0,0
0.3180971616670795,-0.017851063399165083,1.442,-0.020525072003453083,0.9026378173828125,-0.010017121315002441,2,0,1.5,0,1.6819028383329204,0.017851063399165083,0.05800000000000005,0.020525072003453083,0.5214358835219697,0.019687944864235044,0.06704616666666734,0.020275739253168036,0,0,0,0,0,0,0,0
0.3845187559503547,-0.021420392743506343,1.441,-0.02237512101056708,0.997212890625,-0.03308047866821289,2,0,1.5,0,1.6154812440496453,0.021420392743506343,0.05899999999999994,0.02237512101056708,0.47649217001396,0.029544690008922743,0.0567986805970143,0.030658922534958107,0,0,0,0,0,0,0,0
0.45263979282060257,-0.024332407144641785,1.449,-0.023945917337361986,1.0225370483398437,-0.02080794334411621,2,0,1.5,0,1.5473602071793975,0.024332407144641785,0.050999999999999934,0.023945917337361986,0.3929658302258962,0.02935629702080702,-0.0011858666666667642,0.03179989897133652,0,0,0,0,0,0,0,0
0.5263148361277745,-0.02907925232753638,1.445,-0.02638937829015401,1.106513671875,-0.044721546173095705,2,0,1.5,0,1.4736851638722255,0.02907925232753638,0.05499999999999994,0.02638937829015401,0.3861573867276065,0.03849755033006648,0.06906579999999997,0.03686135380211983,0,0,0,0,0,0,0,0
0.6040351329189304,-0.03449635274623687,1.441,-0.02799508120198883,1.1675426025390625,-0.050466930389404294,2,0,1.5,0,1.3959648670810696,0.03449635274623687,0.05899999999999994,0.02799508120198883,0.2631416358397279,0.04909232487901104,0.07595313333333331,0.03602359576116293,0,0,0,0,0,0,0,0
0.6869587856877505,-0.042217406347426725,1.439,-0.028867745827986,1.2466092529296875,-0.08095315551757812,2,0,1.5,0,1.3130412143122494,0.042217406347426725,0.06099999999999994,0.028867745827986,0.26134907240964483,0.05998791942757889,0.06464679999999996,0.032607737082259586,0,0,0,0,0,0,0,0
0.7747404894501404,-0.05070523462566861,1.436,-0.029077185338225214,1.319851806640625,-0.08925875854492188,2,0,1.5,0,1.2252595105498596,0.05070523462566861,0.06400000000000006,0.029077185338225214,0.12075170146494008,0.07516932032460363,0.07493080000000071,0.030124382889421285,0,0,0,0,0,0,0,0
0.8697643713592601,-0.06036490906671553,1.435,-0.027803094984269455,1.42896826171875,-0.10339430236816406,2,0,1.5,0,1.1302356286407398,0.06036490906671553,0.06499999999999995,0.027803094984269455,0.11767457954471294,0.07814779844926739,0.06362187746478815,0.022419614615442302,0,0,0,0,0,0,0,0
0.9735125186679982,-0.07271405721769736,1.436,-0.026947883650792186,1.560770263671875,-0.14190341186523436,2,0,1.5,0,1.0264874813320017,0.07271405721769736,0.06400000000000006,0.026947883650792186,-0.07035354071255273,0.10878458506470233,0.05244296666666736,0.022671826983405845,0,0,0,0,0,0,0,0
1.0768993644439073,-0.0837845557955836,1.438,-0.026563911215353436,1.5547139892578126,-0.12421139526367188,2,0,1.5,0,0.9231006355560927,0.0837845557955836,0.062000000000000055,0.026563911215353436,-0.033137496067524586,0.09769427888473953,0.047110300000000035,0.024918315063473074,0,0,0,0,0,0,0,0
1.1848664236830613,-0.09729503321249211,1.436,-0.025813419636995887,1.6243172607421874,-0.1595703125,2,0,1.5,0,0.8151335763169387,0.09729503321249211,0.06400000000000006,0.025813419636995887,-0.19950556222349763,0.12796651998898978,0.07076096666666673,0.022060961745208146,0,0,0,0,0,0,0,0
1.3054171590940056,-0.10964861922815197,1.44,-0.022671826983406123,1.81244140625,-0.13856983947753906,2,0,1.5,0,0.6945828409059944,0.10964861922815197,0.06000000000000005,0.022671826983406123,-0.21548350408054306,0.11546329598015531,0.03688185555555558,0.00958185759344877,0,0,0,0,0,0,0,0
1.4251249514097926,-0.12207066788962632,1.442,-0.02054252529597304,1.7993795166015625,-0.145576416015625,2,0,1.5,0,0.5748750485902074,0.12207066788962632,0.05800000000000005,0.02054252529597304,-0.3991186759658493,0.13538430694039405,0.043204093220339024,0.00971556756326245,0,0,0,0,0,0,0,0
1.5467221162178628,-0.13202395611898335,1.429,-0.016947147036864767,1.826639404296875,-0.11180176544189453,2,0,1.5,0,0.4532778837821372,0.13202395611898335,0.07099999999999995,0.016947147036864767,-0.366270738059796,0.11724962232358535,0.1319004289855067,0.0013150676494374965,0,0,0,0,0,0,0,0
1.6641026505791077,-0.14006393474472184,1.42,-0.014084807063593979,1.7624989013671875,-0.09074481201171875,2,0,1.5,0,0.33589734942089233,0.14006393474472184,0.08000000000000007,0.014084807063593979,-0.4814537643485435,0.11699838162139875,0.12528574426229583,0.000007725227836001894,0,0,0,0,0,0,0,0
1.7602335573634238,-0.1437508322005722,1.418,-0.010821041362364541,1.4425994873046875,-0.034988868713378904,2,0,1.5,0,0.2397664426365762,0.1437508322005722,0.08200000000000007,0.010821041362364541,-0.3365110458666055,0.09124591830933784,0.08582040000000007,-0.00316652592861876,0,0,0,0,0,0,0,0
0.3763439671422093,-2.428213954807232,1.423,-0.005427973973702131,1.4463984375,-0.028538333892822267,0,0,1.5,0,-0.3763439671422093,2.428213954807232,0.07699999999999996,0.005427973973702131,-3.586984423415859,13.908034559384165,0.04452772222222155,-0.020253299305642677,0,1,1.8566338871564396,-0.14669669186255496,-0.3109999999999866,-0.1747116156189178,0.3312586816418337,85.78414916992189,-1.8574027982283747,0.13661681988119806,0.3109999999999866,1.682691182609457,0.19464186176063564,85.4731491699219
0.48226459371037816,-1.4160448572601028,1.431,0.0021642082724732297,1.3791441650390626,-0.006272442817687988,0,0,1.5,0,-0.48226459371037816,1.4160448572601028,0.06899999999999995,-0.0021642082724732297,-0.7707489500487085,-4.576013541168811,0.024576755223880545,-0.03615905415087037,0,1,0.4682832872625725,-2.4291311729598934,0.12400000000001496,-0.32365212243496877,0.3201007048138123,85.93797302246094,-0.4630250489154256,2.430138945955934,-0.12400000000001496,0.13937292648045685,-2.1100382411421217,86.06197302246096
0.5580269165691742,-1.417373854903643,1.441,0.005707226654021698,1.1363890380859376,-0.022394397735595702,0,0,1.5,0,-0.5580269165691742,1.417373854903643,0.05899999999999994,-0.005707226654021698,-0.690355654412595,0.7205914615944002,0.0013506508196720404,-0.023131907219014165,0,0,0,0,0,0,0,0
0.6138685391742477,-1.4094989576386132,1.451,0.0040317105721071785,0.8382848510742188,0.11334104919433594,0,0,1.5,0,-0.6138685391742477,1.4094989576386132,0.04899999999999993,-0.0040317105721071785,-0.5672527899556988,0.6700560398727624,0.0003411623188404947,0.003253141957955949,0,0,0,0,0,0,0,0
0.6562406084830451,-1.3964463926983501,1.462,-0.0017802358370339437,0.636365234375,0.1932244110107422,0,0,1.5,0,-0.6562406084830451,1.3964463926983501,0.038000000000000034,0.0017802358370339437,-0.5487029544245464,0.6294349547059859,-0.020617154098360034,0.03036357883280995,0,0,0,0,0,0,0,0
0.6826771856859032,-1.3786550082267088,1.475,-0.006405358354818962,0.39607293701171875,0.2675762939453125,0,0,1.5,0,-0.6826771856859032,1.3786550082267088,0.02499999999999991,0.006405358354818962,-0.45337243983828296,0.6061361473595104,-0.03367192898550792,0.026514586693014694,0,0,0,0,0,0,0,0
0.7017015113760845,-1.357448679334227,1.485,-0.009721483933608149,0.283321533203125,0.319916259765625,0,0,1.5,0,-0.7017015113760845,1.357448679334227,0.014999999999999902,0.009721483933608149,-0.4383700276656263,0.5649315221448712,-0.03301544918032799,0.02603029825552218,0,0,0,0,0,0,0,0
0.7135880765013998,-1.3268448868604306,1.512,-0.01193805208364094,0.17382740783691406,0.46076849365234374,0,0,1.5,0,-0.7135880765013998,1.3268448868604306,-0.01200000000000001,0.01193805208364094,-0.39425973426328703,0.5213835776415588,-0.13042219154929535,0.021303832999272458,0,0,0,0,0,0,0,0
0.7146774971271311,-1.2963186014003543,1.527,-0.015114551322270667,0.010873908996582032,0.45805673217773435,0,0,1.5,0,-0.7146774971271311,1.2963186014003543,-0.026999999999999913,0.015114551322270667,-0.3429924611490308,0.47969199327114753,-0.09698559999999935,0.030997047515419297,0,0,0,0,0,0,0,0
0.7111388217802238,-1.2599098361938947,1.552,-0.016859880574264997,-0.06132828521728516,0.545266845703125,0,0,1.5,0,-0.7111388217802238,1.2599098361938947,-0.052000000000000046,0.016859880574264997,-0.3179289041436237,0.4609723166861802,-0.15309423661971902,0.024234511216494562,0,0,0,0,0,0,0,0
0.6952202421253457,-1.2183796244133747,1.574,-0.016772614111665286,-0.24924717712402344,0.6188390502929687,0,0,1.5,0,-0.6952202421253457,1.2183796244133747,-0.07400000000000007,0.016772614111665286,-0.23339171631440161,0.3740402201520908,-0.17839987457627135,0.016328886335734552,0,0,0,0,0,0,0,0
0.6707017656044489,-1.173261045322149,1.589,-0.01787217154042168,-0.37907623291015624,0.6705151977539062,0,0,1.5,0,-0.6707017656044489,1.173261045322149,-0.08899999999999997,0.01787217154042168,-0.19517519916912268,0.3762640783220429,-0.13446696197183047,0.022518188845026155,0,0,0,0,0,0,0,0
0.64411113678944,-1.1270622126904697,1.596,-0.019216075064457307,-0.41118017578125,0.6857437133789063,0,0,1.5,0,-0.64411113678944,1.1270622126904697,-0.09600000000000009,0.019216075064457307,-0.16215981705764046,0.3313302443875522,-0.10387811212121281,0.025324727446437434,0,0,0,0,0,0,0,0
0.6102594810116576,-1.0760435403392536,1.59,-0.02007128639793452,-0.5223858642578125,0.7553819580078125,0,0,1.5,0,-0.6102594810116576,1.0760435403392536,-0.09000000000000008,0.02007128639793452,-0.10436342171827884,0.27679821787857595,-0.030234207692307738,0.02401841562936781,0,0,0,0,0,0,0,0
0.425571096893259,-0.9083079665421065,1.582,-0.02115339053417107,-0.5967137451171876,0.8036239013671875,0,0,1.5,0,-0.425571096893259,0.9083079665421065,-0.08200000000000007,0.02115339053417107,0.9010605952274853,-0.5268592787493298,-0.009168072881355953,0.02665561495571285,0,1,0.5715618229029836,-1.0216810041681883,-1.2119999999999884,-0.44330777336085336,0.19332353644161537,85.93082427978514,-0.5930443559946748,1.0093628601752498,1.2119999999999884,0.1497365826338214,-0.8160393237336344,84.71882427978517
0.386668485546316,-0.851045410786198,1.57,-0.020926497731411788,-0.6015767211914063,0.8464032592773437,0,0,1.5,0,-0.386668485546316,0.851045410786198,-0.07000000000000006,0.020926497731411788,0.02196812785891125,0.14967596483919487,0.013360865217391299,0.0199400072846323,0,0,0,0,0,0,0,0
0.2484928475889855,-0.7333729159897289,1.56,-0.02555162024919675,-0.6921427001953125,0.9935321044921875,0,0,1.5,0,-0.2484928475889855,0.7333729159897289,-0.06000000000000005,0.02555162024919675,0.6863833171181759,-0.2934207378496093,0.017502349180327878,0.04829812443502444,0,1,0.3419217172228041,-0.783858901785729,-1.4639999999999866,-0.32251701876875594,0.12161876889757836,86.05108642578125,-0.3618367910977445,0.7748673274989775,1.4639999999999866,0.03931977232898859,-0.6532485586013991,84.58708642578127
0.1407001078015958,-0.617346683539004,1.548,-0.027262042916151176,-0.6556187133789062,0.99351904296875,0,0,1.5,0,-0.1407001078015958,0.617346683539004,-0.04800000000000004,0.027262042916151176,0.4713598305517492,-0.2398357200985144,0.027713033333333345,0.034388804028461284,0,1,0.20649141798317214,-0.6660432472424396,-1.5619999999999856,-0.23539896981677672,0.013745131094637842,85.76358032226562,-0.22457013904738687,0.6601670739640019,1.5619999999999856,-0.010828830769389841,-0.646421942869364,84.20158032226566
0.04721817415845602,-0.495457146856942,1.538,-0.02675589743307281,-0.66262890625,1.0453607177734374,0,0,1.5,0,-0.04721817415845602,0.495457146856942,-0.038000000000000034,0.02675589743307281,0.5581960425667687,-0.4720170231119567,0.03750412758620692,0.024137903555081268,0,1,0.09844093823142942,-0.5464777064744128,-1.532999999999985,-0.134209053536428,-0.11621219088006843,86.84959411621094,-0.11302546147111513,0.5436485510443857,1.532999999999985,-0.02118359206531288,-0.6598607419244541,85.31659411621095
-0.028815445086390404,-0.36560398243647585,1.527,-0.024783675378319252,-0.5426156005859375,1.0193052978515624,0,0,1.5,0,0.028815445086390404,0.36560398243647585,-0.026999999999999913,0.024783675378319252,0.41228600241293417,-0.4504131970726473,0.04077030000000066,0.016331295143661148,0,1,0.012874693177745587,-0.4265600198113337,-1.4199999999999868,-0.023396181406737958,-0.295321399289962,86.70686340332031,-0.02344138221259768,0.4261099738633553,1.4199999999999868,0.000045200805859721416,-0.7214313731533173,85.28686340332033
-0.09350186294744822,-0.23736655746812757,1.52,-0.019390607989656732,-0.44609603881835935,0.9868927001953125,0,0,1.5,0,0.09350186294744822,0.23736655746812757,-0.020000000000000018,0.019390607989656732,0.4356697291469443,-0.6009097977711878,0.03141223442622889,-0.00713267424966714,0,1,-0.05691562631447986,-0.2990943562021514,-1.1109999999999847,0.08292791718766415,-0.44201405505322294,87.66860961914062,0.05110566865387779,0.30014168831101923,1.1109999999999847,0.03182224853378636,-0.7421557433642422,86.55760961914065
-0.14768191022954624,-0.10546481533150212,1.512,-0.014451326206512832,-0.3628941650390625,0.9401234130859375,0,0,1.5,0,0.14768191022954624,0.10546481533150212,-0.01200000000000001,0.014451326206512832,0.36653640220798717,-0.6000662021395737,0.03814521014492756,-0.007023811981069345,0,1,-0.11647503105706261,-0.1742343591351968,-0.8279999999999875,0.18030961081230087,-0.6404528303495111,88.00821685791016,0.11394503897720308,0.1758993259096808,0.8279999999999875,0.0663645718350978,-0.8163521562591919,87.18021685791017
-0.16171421946414155,-0.050980623464818964,1.5,-0.01176351915844152,-0.22227278137207032,0.8141358642578125,0,0,1.5,0,0.16171421946414155,0.050980623464818964,0,0.01176351915844152,0.1793381254126015,-0.2708246075817073,0.07601795901639351,-0.0014552040287944355,0,0,0,0,0,0,0,0
-0.16853060136778786,-0.004634034112816321,1.501,-0.010908307824964365,-0.11041645050048828,0.693947998046875,0,0,1.5,0,0.16853060136778786,0.004634034112816321,-0.0009999999999998899,0.010908307824964365,0.1369252030085611,-0.21647188440944234,0.0012861362318847087,0.007189997679411516,0,0,0,0,0,0,0,0
-0.16770271336404693,0.031177014192353407,1.5,-0.010192722831646668,0.006558128356933594,0.5372692260742188,0,0,1.5,0,0.16770271336404693,-0.031177014192353407,0,0.010192722831646668,0.09728753035531101,-0.2047782592573851,0.012896304918032158,0.006673452372707174,0,0,0,0,0,0,0,0
-0.16136982770576344,0.0558466657297427,1.504,-0.011868238913561242,0.09121665191650391,0.3709937744140625,0,0,1.5,0,0.16136982770576344,-0.0558466657297427,-0.0040000000000000036,0.011868238913561242,0.06731979518479048,-0.13502720739855498,-0.016069400000000015,0.01904902212176656,0,0,0,0,0,0,0,0
-0.1441174460667081,0.06820449404819363,1.518,-0.01364847475059548,0.25656756591796875,0.18842562866210938,0,0,1.5,0,0.1441174460667081,-0.06820449404819363,-0.018000000000000016,0.01364847475059548,-0.008543130679405445,-0.08880504093118416,-0.0877070688524591,0.022403732965517967,0,0,0,0,0,0,0,0
-0.12528149652599452,0.07164391221604173,1.515,-0.01795943800302145,0.28180880737304687,0.05544257736206055,0,0,1.5,0,0.12528149652599452,-0.07164391221604173,-0.014999999999999902,0.01795943800302145,-0.013064081127575497,-0.036866419273919156,0.009915800000000646,0.036434994799132744,0,0,0,0,0,0,0,0
-0.10102401110088488,0.0651293676344917,1.511,-0.02104867077905141,0.3655584716796875,-0.09116799926757813,0,0,1.5,0,0.10102401110088488,-0.0651293676344917,-0.010999999999999899,0.02104867077905141,-0.07245446004304149,0.021550376294557468,0.02138313333333344,0.03649483465920121,0,0,0,0,0,0,0,0
-0.07345234987969962,0.04979163475572583,1.512,-0.023247785636564197,0.4183255310058594,-0.22131047058105469,0,0,1.5,0,0.07345234987969962,-0.04979163475572583,-0.01200000000000001,0.023247785636564197,-0.08454386279030714,0.06898347075949762,-0.007905463768116515,0.032809154582271974,1426000858073,0,0,0,0,0,0,0
-0.03997831280464977,0.03004152853400534,1.508,-0.022951079663725154,0.5088614501953125,-0.2844996337890625,0,0,1.5,0,0.03997831280464977,-0.03004152853400534,-0.008000000000000007,0.022951079663725154,-0.15346438913771698,0.11436038582540721,0.023269019672131165,0.021491869961238055,1426000858073,0,0,0,0,0,0,0
-0.006348804402885535,0.008809530306360117,1.504,-0.023614304779483047,0.5116185913085938,-0.3068196105957031,0,0,1.5,0,0.006348804402885535,-0.008809530306360117,-0.0040000000000000036,0.023614304779483047,-0.1463580940324129,0.11780992780620589,0.023490200000000017,0.02645669813273116,1426000858073,0,0,0,0,0,0,0
0.02342751594550154,-0.012965442727597738,1.502,-0.022078415037727988,0.4542325744628906,-0.3159873046875,0,0,1.5,0,-0.02342751594550154,0.012965442727597738,-0.0020000000000000018,0.022078415037727988,-0.1668079707396105,0.14956587848201608,0.01674486666666668,0.014398966328952694,1426000858073,0,0,0,0,0,0,0
0.040164265529909864,0.009755078632227195,1.499,-0.020141099568014336,0.43841152954101564,-0.32309747314453124,0,0,1.5,0,-0.040164265529909864,-0.009755078632227195,0.0009999999999998899,0.020141099568014336,-0.08640541270571313,-0.10407081062398973,0.022702491304347188,0.011717988830128893,1426000858073,1,0.052172301281886956,-0.03514526764214829,-1.153999999999987,-0.08842640909414852,-0.6871443068898141,90.09030151367188,-0.05286953590695475,0.034087402829629625,1.153999999999987,-0.03555687318719377,-0.7212317097194437,88.93630151367188
0.060595198078428295,0.018939671856157907,1.497,-0.01905899543177784,0.4116317138671875,-0.28243795776367187,0,0,1.5,-0.020141099568014336,-0.060595198078428295,-0.018939671856157907,0.0029999999999998916,-0.0010821041362364947,-0.030297599039214147,-0.009469835928078953,0.0023999999999999135,-0.0010821041362364947,1426000858073,1,0.06722159874336864,-0.009622976505424487,-1.0919999999999863,-0.15490814224173702,-0.5987640120099547,89.16566467285155,-0.06739278330980529,0.008340130226563687,1.0919999999999863,-0.08751535893193173,-0.6071041422365183,88.07366467285156
0.07706998022430506,0.021630933638333412,1.496,-0.0194778744522565,0.27658978271484375,-0.21622564697265625,0,0,1.5,-0.020141099568014336,-0.07706998022430506,-0.021630933638333412,0.0040000000000000036,-0.0006632251157578373,-0.11980342460172963,-0.024097608215309457,0.008157977464789287,0.0011066862383773352,1426000858467,1,0.07875644842072295,0.0041758331258906715,-1.1159999999999874,-0.21764442563453185,-0.5203890335315888,88.84248352050781,-0.07866017807287874,-0.005708952240498136,1.1159999999999874,-0.13898424756165312,-0.5146800812910907,87.7264835205078
0.09474255922081884,0.02091778747407872,1.498,-0.020437805540853376,0.2667845764160156,-0.1807899169921875,0,0,1.5,-0.020141099568014336,-0.09474255922081884,-0.02091778747407872,0.0020000000000000018,0.00029670597283903977,-0.15412582323554128,-0.006182915784086132,-0.010428965517241387,0.005261866775926334,1426000858525,1,0.09461749955696933,0.009234154220505381,-1.1709999999999872,-0.2522898358663737,-0.4736975569912857,88.07508850097658,-0.09440902648576954,-0.01116586515190083,1.1709999999999872,-0.15788080938060417,-0.46253169183938486,86.90408850097658
0.10699101567624637,0.021701918531256248,1.498,-0.023282692221604156,0.1743830108642578,-0.11772695922851563,0,0,1.5,-0.020141099568014336,-0.10699101567624637,-0.021701918531256248,0.0020000000000000018,0.0031415926535898198,-0.11492235419654155,-0.014814296174105821,0.0016540000000000016,0.015333964142521733,0,1,0.10620527113430382,0.012833378771815222,-1.3339999999999885,-0.26820799732424705,-0.45201937145471643,88.34895324707031,-0.10587771774498814,-0.015302421786256296,1.3339999999999885,-0.1623302795792589,-0.43671694966846014,87.01495324707032
0.11726383919231083,0.02282214276241063,1.497,-0.024888395133438917,0.14743798828125,-0.11890618133544922,0,0,1.5,-0.020141099568014336,-0.11726383919231083,-0.02282214276241063,0.0029999999999998916,0.004747295565424581,-0.11783044462954932,-0.01789519059127445,0.008210004918032067,0.012644195131825044,0,1,0.11663300383021816,0.013548158704062408,-1.4259999999999873,-0.27195344707904073,-0.46202468785621,88.20649719238283,-0.11625972545805724,-0.01644647144974579,1.4259999999999873,-0.1556937216209835,-0.44557821640646417,86.78049719238284
0.12255087216383259,0.026355290107085226,1.495,-0.025411993909037183,0.06841221618652343,-0.09877473449707032,0,0,1.5,-0.020141099568014336,-0.12255087216383259,-0.026355290107085226,0.004999999999999893,0.005270894341022847,-0.0873206224557375,-0.03042824580648524,0.013830522222222145,0.007452555906015623,0,1,0.12165936839778438,0.016125700199583422,-1.4559999999999855,-0.2756988968338344,-0.4787002151920325,88.22608947753905,-0.12121034646879239,-0.019211768132839056,1.4559999999999855,-0.15448855036504203,-0.45948844705919345,86.77008947753906
0.12728611613369706,0.0310322442106054,1.507,-0.02820452071222816,0.05879883193969727,-0.09047826385498046,0,0,1.5,-0.020141099568014336,-0.12728611613369706,-0.0310322442106054,-0.006999999999999895,0.008063421144213823,-0.09263596375936176,-0.04383269864604986,-0.07794609310344691,0.0225075252986499,0,1,0.12631626296927004,0.02022575103207845,-1.6159999999999883,-0.2756988968338344,-0.4937081897942728,88.38160705566406,-0.12569564233848204,-0.023779924147267727,1.6159999999999883,-0.15000325449535237,-0.4699282656470051,86.76560705566408
0.12581572857166307,0.03670280786039493,1.498,-0.030072023011862053,-0.033421524047851564,-0.0705994873046875,0,0,1.5,-0.020141099568014336,-0.12581572857166307,-0.03670280786039493,0.0020000000000000018,0.009930923443847717,-0.05606215508416525,-0.04682349178484178,0.04668169999999948,0.017934504727992975,0,1,0.12492616997952863,0.026390317857134075,-1.7229999999999859,-0.26671686555492613,-0.4880210655928054,87.94844055175781,-0.12407619657152302,-0.030134602481191403,1.7229999999999859,-0.1426406689834031,-0.45788646311161396,86.22544055175784
0.11869888370613248,0.03132868054061873,1.493,-0.03382448090364985,-0.10428060913085938,-0.08378524780273437,0,0,1.5,-0.020141099568014336,-0.11869888370613248,-0.03132868054061873,0.006999999999999895,0.013683381335635517,-0.01841196140953183,0.015546668947697465,0.034890366666665965,0.03244567079457452,0,0,0,0,0,0,0,0
0.1104714685482941,0.025607550345453027,1.488,-0.03668682087692053,-0.1204384765625,-0.08994139099121094,0,0,1.5,-0.020141099568014336,-0.1104714685482941,-0.025607550345453027,0.01200000000000001,0.016545721308906195,-0.014156142232789631,0.01606071443116619,0.0351688188405803,0.02899067771443088,0,0,0,0,0,0,0,0
0.09822531430889167,0.03555427949957726,1.486,-0.03897320219703308,-0.17179002380371095,-0.07175379180908203,0,0,1.5,-0.020141099568014336,-0.09822531430889167,-0.03555427949957726,0.014000000000000012,0.018832102629018747,0.01820597786441623,-0.07321488138143406,0.02260581111111113,0.029719632724792798,1426000859048,1,0.09885105143134004,0.021247250776865286,-2.2329999999999828,-0.2109326809388365,-0.5072491596828265,88.12037658691406,-0.09794812419547648,-0.025082683294335786,2.2329999999999828,-0.11298455674336001,-0.4821664763884907,85.88737658691407
0.08516630754793209,0.041163408101454364,1.485,-0.04225442119078253,-0.167376220703125,-0.1289947509765625,0,0,1.5,-0.020141099568014336,-0.08516630754793209,-0.041163408101454364,0.014999999999999902,0.022113321622768193,0.023858853912388345,-0.04965834525068303,0.017543758823528766,0.03658928777166281,1426000859048,1,0.08674030177738533,0.027395928727958554,-2.420999999999989,-0.1803413538913034,-0.49763511263781596,88.75259399414062,-0.08550562399215726,-0.031035546217379213,2.420999999999989,-0.09483572989914614,-0.46659956642043676,86.33159399414063
0.07083765963826251,0.04839831232484959,1.486,-0.04447098934081527,-0.17927043151855468,-0.10596707916259765,0,0,1.5,-0.020141099568014336,-0.07083765963826251,-0.04839831232484959,0.014000000000000012,0.02432988977280093,0.04597804449938786,-0.06594655101436704,0.005944395081967853,0.03523104460902751,1426000859048,1,0.0729271967021263,0.034610089428524386,-2.547999999999986,-0.15116269248694333,-0.4937081897942728,88.34489440917967,-0.07131645801339677,-0.03781794713498461,2.547999999999986,-0.07984623447354657,-0.4558902426592882,85.7968944091797
0.054063766386574515,0.05735585867959318,1.494,-0.050021136362157256,-0.17978802490234375,-0.1034075698852539,0,0,1.5,-0.020141099568014336,-0.054063766386574515,-0.05735585867959318,0.006000000000000005,0.02988003679414292,0.015246018455895353,-0.05204409161665047,-0.015224535294117662,0.042123008164750245,1426000859048,1,0.05855716664279225,0.04204413782292453,-2.865999999999987,-0.08357970016218733,-0.5169475419263966,88.43897247314453,-0.0563817049307722,-0.044919423856547305,2.865999999999987,-0.027197995231415126,-0.4720281180698493,85.57297247314455
0.04046626393804875,0.0595334874354856,1.495,-0.05223770451219005,-0.12224681854248047,-0.16090811157226562,0,0,1.5,-0.020141099568014336,-0.04046626393804875,-0.0595334874354856,0.004999999999999893,0.03209660494417571,0.059515937069787375,-0.04303365843850266,-0.0013390033898312594,0.043367290452817016,1426000859372,1,0.04538780884051467,0.047049560462423375,-2.992999999999987,-0.06127189837189402,-0.46202468785621,88.18319702148438,-0.042869252890526476,-0.04935525795351922,2.992999999999987,-0.018402645481367545,-0.41266942990269073,85.19019702148438
0.04218742989488522,0.03448852518557635,1.502,-0.05394812717914448,0.15521098327636718,-0.5528094482421875,0,0,1.5,-0.020141099568014336,-0.04218742989488522,-0.03448852518557635,-0.0020000000000000018,0.03380702761113015,-0.030404949933372276,0.10412847190620794,-0.035048977777777275,0.04093378872344031,1426000859444,1,0.04887525715570997,0.022189517353428938,-3.090999999999986,-0.05378099886230657,-0.44201405505322294,88.18510437011719,-0.047607648795559586,-0.024792684779457754,3.090999999999986,-0.006173350066746984,-0.4172213702737652,85.09410437011721
0.04290605057624291,0.004660867456773849,1.519,-0.05571090972365877,0.15949250793457032,-0.6130828857421875,0,0,1.5,-0.020141099568014336,-0.04290605057624291,-0.004660867456773849,-0.018999999999999906,0.035569810155644435,-0.02675887093818263,0.17728773949158996,-0.11731760689655105,0.04468765090313212,1426000859502,1,0.05060088578062676,-0.006897547667252903,-3.191999999999987,-0.06127189837189402,-0.4053278949144134,87.59642028808594,-0.05090645087576338,0.004069283086681455,3.191999999999987,-0.010365447496130643,-0.4093971780010949,84.40442028808596
0.04355463723199615,-0.02316350401251157,1.525,-0.05665338751973569,0.1710699462890625,-0.5707808837890626,0,0,1.5,-0.020141099568014336,-0.04355463723199615,0.02316350401251157,-0.02499999999999991,0.03651228795172136,-0.025974842109016613,0.1483842795864836,-0.049286364788732356,0.04049458849852526,1426000859573,1,0.05217420149080999,-0.033967191085226604,-3.245999999999986,-0.0650173481266877,-0.36864173477560386,86.39250183105469,-0.05401382176016847,0.0309584306818787,3.245999999999986,-0.011003526366519231,-0.39960016545748256,83.14650183105469
0.03560770617566266,-0.042020379946859206,1.52,-0.057054813247694396,0.028865018844604493,-0.4532902526855469,0,0,1.5,-0.020141099568014336,-0.03560770617566266,0.042020379946859206,-0.020000000000000018,0.03691371367968006,0.02753161478622064,0.1306739781650868,0.013337766666666032,0.038920842319473584,1426000859633,1,0.04376477158900366,-0.05344333281665315,-3.268999999999987,-0.07439916340288143,-0.3570860619919191,84.4473876953125,-0.04674110356023157,0.05086073429238833,3.268999999999987,-0.02765805984264986,-0.4079467962843074,81.17838769531251
0.0187697886551259,-0.05296604793017581,1.516,-0.05759586531581267,-0.12799786376953126,-0.3026749267578125,0,0,1.5,-0.020141099568014336,-0.0187697886551259,0.05296604793017581,-0.016000000000000014,0.03745476574779834,0.07376992446850218,0.08091378535651801,0.007259100000000001,0.03977356032544809,1426000859703,1,0.025937754082282733,-0.06167927902110393,-3.2999999999999883,-0.07777621561084892,-0.27389374154271223,81.13818359375,-0.02944525220981156,0.060083921890109276,3.2999999999999883,-0.04833096340103736,-0.33397766343282154,77.83818359375002
0.0003563305573616449,-0.059887225663739725,1.512,-0.05986479334340533,-0.17226419067382812,-0.21518905639648436,0,0,1.5,-0.020141099568014336,-0.0003563305573616449,0.059887225663739725,-0.01200000000000001,0.03972369377539099,0.10619869101999094,0.07005550342123809,0.013720433333333344,0.05106833391335426,1426000859763,1,0.006478742408548171,-0.0666271154609897,-3.4299999999999904,-0.07777621561084892,-0.20804869840886098,78.95799255371095,-0.010453373165326612,0.06612014524571769,3.4299999999999904,-0.06732284244552231,-0.27416884365457866,75.52799255371096
-0.01984684923705147,-0.06418445048396797,1.509,-0.0637743308678726,-0.21434080505371095,-0.16129093933105468,0,0,1.5,-0.020141099568014336,0.01984684923705147,0.06418445048396797,-0.008999999999999897,0.04363323129985826,0.10991823378010417,0.053361632268709325,0.0077241000000006456,0.06038839211900368,1426000859833,1,-0.014550784484657778,-0.06976577258213629,-3.6539999999999884,-0.06901939593274177,-0.15953129820497072,77.2326431274414,0.01007495419544555,0.07055128383708544,3.6539999999999884,-0.07909435012818732,-0.23008258204205617,73.57864312744141
-0.03527728904993414,-0.0618203066611811,1.504,-0.06743952229706068,-0.14931729125976562,-0.04682262420654297,0,0,1.5,-0.020141099568014336,0.03527728904993414,0.0618203066611811,-0.0040000000000000036,0.047298422729046344,0.1051743842625862,0.01716638700429698,0.025388224590163322,0.06532395434800414,1426000859894,1,-0.029980036097219793,-0.06666520262756925,-3.863999999999988,-0.04469489682688872,-0.1318070695170333,76.87686920166016,0.025419423735678404,0.06853396751036306,3.863999999999988,-0.07011432056256713,-0.20034103702739636,73.01286920166017
-0.0504595577885745,-0.05470749869096668,1.481,-0.07113962031128862,-0.14922738647460937,0.025933244705200195,0,0,1.5,-0.020141099568014336,0.0504595577885745,0.05470749869096668,0.018999999999999906,0.05099852074327428,0.10127653341954725,-0.008866969886251377,0.1318974666666661,0.06708590341383053,1426000859963,1,-0.04508666005772487,-0.05942494062367078,-4.075999999999985,-0.012586558007162683,-0.12141048375905669,76.03362274169922,0.04074871699784095,0.06247937696806449,4.075999999999985,-0.05333527500500364,-0.18388986072712118,71.95762274169923
-0.06365400725668582,-0.047224780247068415,1.475,-0.07595672904679296,-0.11641224670410157,0.02361240005493164,0,0,1.5,-0.020141099568014336,0.06365400725668582,0.047224780247068415,0.02499999999999991,0.05581562947877862,0.10420484912868497,-0.018069774799822937,0.05352163333333329,0.07875424250498975,1426000860026,1,-0.05808885365717381,-0.05258568432830462,-4.351999999999985,0.019521780812563356,-0.1318070695170333,76.02825927734375,0.05393096763066311,0.056842060535320364,4.351999999999985,-0.03440918681809975,-0.18864913005235368,71.67625927734377
-0.07178236839822316,-0.03891811415183213,1.471,-0.0815243293606549,-0.03278837585449219,0.031118186950683593,0,0,1.5,-0.020141099568014336,0.07178236839822316,0.03891811415183213,0.028999999999999915,0.06138322979264056,0.07685249759928488,-0.023380884527759348,0.0441737352941176,0.08594617235379619,1426000860094,1,-0.06567617210609406,-0.04499034246276547,-4.670999999999987,0.056495019453460055,-0.1491347124469941,75.63217163085938,0.061794297928200154,0.05018919446441677,4.670999999999987,-0.005299278474740099,-0.1993239069114109,70.9611716308594
-0.07542685260673786,-0.030642049730979316,1.477,-0.08450884238156521,0.03564246368408203,0.03939764022827148,0,0,1.5,-0.020141099568014336,0.07542685260673786,0.030642049730979316,0.02299999999999991,0.06436774281355087,0.05814233409705864,-0.03302267494372336,-0.016076500000000108,0.07929030791810242,1426000860154,1,-0.06920020872516729,-0.03649382883385368,-4.841999999999987,0.07543701767807674,-0.15019232667632876,75.82456970214842,0.06587286902882672,0.04220466273378298,4.841999999999987,0.009564148649250023,-0.19239698941011174,70.98256970214844
-0.07679379167515271,-0.019549257750220945,1.472,-0.0862716249260795,0.06500343322753906,0.07875381469726563,0,0,1.5,-0.020141099568014336,0.07679379167515271,0.019549257750220945,0.028000000000000025,0.06613052535806516,0.04455304902894271,-0.04654632490092407,0.04847901884058031,0.07379479729073596,1426000860223,1,-0.07066559080185518,-0.025776320818383665,-4.942999999999988,0.09135517913595007,-0.1702029594793157,75.50178527832031,0.06818177157116756,0.03176933212588212,4.942999999999988,0.023173407564782506,-0.20197229160519783,70.55878527832031
-0.07777770355378624,-0.006980605237823933,1.461,-0.0885230996611522,0.06446908569335938,0.0860331039428711,0,0,1.5,-0.020141099568014336,0.07777770355378624,0.006980605237823933,0.038999999999999924,0.06838200009313786,0.0437138194970569,-0.06751060840673047,0.09425527419354775,0.07927623268219931,1426000860285,1,-0.0720176362405793,-0.01420537887652653,-5.0719999999999885,0.10125209780822965,-0.20804869840886098,75.65337371826172,0.07047978070831257,0.020516657379169682,5.0719999999999885,0.030772317099917082,-0.22856535578803067,70.58137371826173
-0.07630492591475757,0.005497239922448743,1.46,-0.0919439449950611,0.08625945281982422,0.0898720703125,0,0,1.5,-0.020141099568014336,0.07630492591475757,-0.005497239922448743,0.040000000000000036,0.07180284542704676,0.030005128613608885,-0.06609467092755804,0.038306963768116535,0.0866760860092594,1426000860354,1,-0.07151989942376911,-0.0015209931621227293,-5.26799999999999,0.09135517913595007,-0.21856198875320107,75.4029769897461,0.07107815967548418,0.008081129310414931,5.26799999999999,0.02027701946046588,-0.226643118063616,70.1349769897461
-0.07608349629907869,0.01728052316472187,1.462,-0.09550441666912948,0.05797553253173828,0.062124114990234375,0,0,1.5,-0.020141099568014336,0.07608349629907869,-0.01728052316472187,0.038000000000000034,0.07536331710111514,0.03620277524512127,-0.0731437848350572,0.020940200000000013,0.09205302807331067,1426000860418,1,-0.0720759563583569,0.009266487855770694,-5.471999999999986,0.08860335827318609,-0.2565660986127513,75.02318572998047,0.07263114614026808,-0.0023511470613160517,5.471999999999986,0.01597221213291801,-0.25421495155143525,69.55118572998049
-0.07202285183629013,0.025671924888272492,1.458,-0.09897762188059825,0.10676309204101563,0.0159808406829834,0,0,1.5,-0.020141099568014336,0.07202285183629013,-0.025671924888272492,0.04200000000000004,0.07883652231258391,0.014835620079542308,-0.05548245030024043,0.05565735507246382,0.09393741453636115,1426000860487,1,-0.06889679725251974,0.017662333904840465,-5.67099999999999,0.07169156792328302,-0.27025612349425093,75.56694030761719,0.07030491938595698,-0.010767776964396087,5.67099999999999,0.001386648537326035,-0.25948834652985486,69.8959403076172
-0.06350041358783232,0.03285826370824212,1.462,-0.10290461269758545,0.17207449340820313,-0.007365640640258789,0,0,1.5,-0.020141099568014336,0.06350041358783232,-0.03285826370824212,0.038000000000000034,0.08276351312957111,-0.020219803563838273,-0.05989543400347312,0.00824996896551725,0.10307553459674632,1426000860545,1,-0.06065588733169781,0.024049703526774956,-5.8959999999999875,0.06817077902426949,-0.30508349881664165,74.87276458740234,0.06280547707607609,-0.0176917200115724,5.8959999999999875,0.005365301948193402,-0.2873917788050693,68.97676458740236
-0.05148344771950754,0.03800674728142766,1.454,-0.10606365864369523,0.22168173217773438,-0.038774253845214844,0,0,1.5,-0.020141099568014336,0.05148344771950754,-0.03800674728142766,0.04600000000000004,0.08592255907568089,-0.035719880217109354,-0.045245559124700525,0.0796850101449276,0.0996575414500712,1426000860614,1,-0.049065345419757773,0.02876886564671869,-6.07699999999999,0.05260309959652355,-0.332807727504579,75.1854248046875,0.0518352371199742,-0.02341290124002458,6.07699999999999,0.0007678624765493497,-0.3093948262645544,69.10842480468752
-0.03938678067653464,0.04087905176615518,1.46,-0.10864674593664678,0.2213979949951172,-0.07067550659179687,0,0,1.5,-0.020141099568014336,0.03938678067653464,-0.04087905176615518,0.040000000000000036,0.08850564636863244,-0.04592288782355447,-0.036059041282752134,0.002257607692307699,0.10042758772071651,1426000860679,1,-0.037305327885943304,0.031758972222697336,-6.224999999999986,0.03606244020454345,-0.3432043132625555,74.890380859375,0.0405290908110483,-0.027526579942840704,6.224999999999986,-0.004466650606504849,-0.3156777333197148,68.66538085937502
-0.025840159977544953,0.04189315078479242,1.469,-0.11054915482132069,0.2384884033203125,-0.08893563079833984,0,0,1.5,-0.020141099568014336,0.025840159977544953,-0.04189315078479242,0.030999999999999917,0.09040805525330635,-0.05830891482827555,-0.026425436472243956,-0.019441925373135015,0.09892630399065222,1426000860746,1,-0.024224204234609317,0.033260965986353364,-6.333999999999992,0.011737941098690412,-0.3432043132625555,74.66241455078125,0.02774581832774647,-0.030385415818598032,6.333999999999992,-0.01600787722905606,-0.31281889744395747,68.32841455078126
-0.01387916823343518,0.040022578579016616,1.483,-0.11287044272647315,0.21231536865234374,-0.12757562255859375,0,0,1.5,-0.020141099568014336,0.01387916823343518,-0.040022578579016616,0.016999999999999904,0.09272934315845881,-0.05996469193371359,-0.009825764597084275,-0.06129767777777791,0.10378309508775622,1426000860809,1,-0.012710516260711496,0.03187845984093468,-6.466999999999992,-0.012586558007162683,-0.33800602038356725,74.14398956298828,0.016220138720104093,-0.030244016356041015,6.466999999999992,-0.028806696727266774,-0.30776200402752624,67.6769895629883
-0.007575319554202111,0.034787848000407774,1.49,-0.11492993124382636,0.12596019744873047,-0.18445315551757813,0,0,1.5,-0.020141099568014336,0.007575319554202111,-0.034787848000407774,0.010000000000000009,0.09478883167581202,-0.028180602811864346,0.008548834281798472,-0.024049899999999465,0.10361521103589723,1426000860879,1,-0.006920263769523687,0.026858146891793923,-6.584999999999987,-0.036911057113015726,-0.332807727504579,74.46580505371095,0.0099546234760414,-0.025887363259922924,6.584999999999987,-0.04686568058905713,-0.3069203642446561,67.88080505371096
0.0009593518283695745,0.02675505518914808,1.456,-0.11428415942058848,0.16116023254394532,-0.22030364990234375,0,0,1.5,-0.020141099568014336,-0.0009593518283695745,-0.02675505518914808,0.04400000000000004,0.09414305985257414,-0.053335118848054905,0.035700493797854255,0.24717282982456162,0.09074426078290107,1426000860936,1,0.001413563782156303,0.018965737817205418,-6.547999999999988,-0.05807820916411559,-0.3280203383674688,74.74490356445312,0.0007584256423284232,-0.019003214571810173,6.547999999999988,-0.05883663480644401,-0.3090171237956586,68.19690356445312
0.010036816544472311,0.016271580831373943,1.469,-0.11503465099894603,0.173036376953125,-0.24355007934570314,0,0,1.5,-0.020141099568014336,-0.010036816544472311,-0.016271580831373943,0.030999999999999917,0.09489355143093169,-0.04899739227625802,0.04186941956001123,-0.03410156712328832,0.09797776339678463,1426000861009,1,0.010568300970000714,0.009308813876423353,-6.590999999999986,-0.07439916340288143,-0.30077122246954635,74.30654907226562,-0.00942997704219609,-0.010460331455650184,6.590999999999986,-0.06496918636068534,-0.2903108910138962,67.71554907226565
0.017486392573849315,0.003772131070278604,1.491,-0.1155407964820244,0.15474703979492188,-0.25774163818359375,0,0,1.5,-0.020141099568014336,-0.017486392573849315,-0.003772131070278604,0.008999999999999897,0.09539969691401005,-0.05195422490682999,0.06957176458534174,-0.11554740819672152,0.09788893699472334,1426000861070,1,0.018312844237893283,-0.001981766580702777,-6.619999999999988,-0.08765993872187876,-0.26080585248592714,75.23020935058594,-0.018419210667778862,-0.0001426227110699293,6.619999999999988,-0.06924072805409989,-0.26066322977485723,68.61020935058596
0.022521353878385542,-0.007573340423230405,1.511,-0.1141794396654688,0.11570323944091797,-0.2344244842529297,0,0,1.5,-0.020141099568014336,-0.022521353878385542,0.007573340423230405,-0.010999999999999899,0.09403834009745446,-0.03844365300418284,0.06369672350207985,-0.11145110606060489,0.0878503545676563,1426000861136,1,0.02334682124065125,-0.012641215531215201,-6.5419999999999865,-0.10187532630556313,-0.23273730769587841,74.80563354492188,-0.02463503366674417,0.009898965015997485,6.5419999999999865,-0.07724029263881896,-0.2426362727118759,68.26363354492189
0.023647247062184518,-0.0184701073625503,1.52,-0.11437142588318824,0.05552700042724609,-0.21223365783691406,0,0,1.5,-0.020141099568014336,-0.023647247062184518,0.0184701073625503,-0.020000000000000018,0.0942303263151739,-0.018780514902112643,0.07151342786337903,-0.06435184426229579,0.09517452082854823,1426000861197,1,0.024587043296458715,-0.02205187348606324,-6.55299999999999,-0.11143250047037902,-0.17978552145184745,75.09959411621094,-0.026943018407836406,0.019101873766263426,6.55299999999999,-0.08448948206254261,-0.19888739521811089,68.54659411621094
0.0256398859548046,-0.030498950888329282,1.521,-0.11360348101231063,0.07228538513183594,-0.2060469207763672,0,0,1.5,-0.020141099568014336,-0.0256398859548046,0.030498950888329282,-0.020999999999999908,0.09346238144429629,-0.022760408417207202,0.0719211644296769,-0.018397629729729137,0.09034909142722489,1426000861271,1,0.02686715287755312,-0.032666782550246784,-6.5089999999999835,-0.11568013343251933,-0.1268337352078166,74.73709106445314,-0.030397051886484668,0.029410573312012765,6.5089999999999835,-0.08528308154603466,-0.15624430851982937,68.22809106445315
0.02727603044916197,-0.04154988245514943,1.541,-0.11222467090323521,0.06479059600830078,-0.17338360595703126,0,0,1.5,-0.020141099568014336,-0.02727603044916197,0.04154988245514943,-0.040999999999999925,0.09208357133522087,-0.024395014920130048,0.08964504160174391,-0.15489750000000002,0.0846970886080311,1426000861327,1,0.028621107200262924,-0.04247299097883623,-6.42999999999999,-0.12360710015563835,-0.08049789572923759,75.20098876953125,-0.033197582290927036,0.03900055474085431,6.42999999999999,-0.09040951786471131,-0.11949845047009189,68.77098876953126
0.027069398388854284,-0.05169281918736342,1.55,-0.11056660811384059,0.03892764663696289,-0.14690415954589844,0,0,1.5,-0.020141099568014336,-0.027069398388854284,0.05169281918736342,-0.050000000000000044,0.09042550854582625,-0.013036340045889057,0.07713353479691207,-0.08309467391304412,0.08321653989628441,1426000861396,1,0.02875810258614826,-0.05157251745027744,-6.334999999999988,-0.11915022419043682,-0.03684341467020723,74.56678771972658,-0.034273085272914706,0.04808439088093053,6.334999999999988,-0.0848771389175221,-0.08492780555113776,68.23178771972658
0.026601295649319307,-0.0608137249775014,1.594,-0.11061896799140045,0.03596088790893555,-0.1183619613647461,0,0,1.5,-0.020141099568014336,-0.026601295649319307,0.0608137249775014,-0.09400000000000008,0.0904778684233861,-0.011180813714935092,0.08261447099675798,-0.3256749163934429,0.09073537601794279,1426000861457,1,0.028581469645323043,-0.059799965136261395,-6.337999999999991,-0.1146933482252354,0.0008581826080462429,74.49224090576172,-0.03500830636771562,0.056279256592893644,6.337999999999991,-0.07968504185751979,-0.0554210739848474,68.15424090576172
0.02593041210100633,-0.06695880199205682,1.584,-0.10904817166460555,0.02945432662963867,-0.04660384368896484,0,0,1.5,-0.020141099568014336,-0.02593041210100633,0.06695880199205682,-0.08400000000000007,0.08890707209659121,-0.011800211757771146,0.04961425400315835,-0.04001731052631584,0.08536392248727942,1426000861590,1,0.028209931570851096,-0.06411842934147263,-6.247999999999991,-0.11023647226003387,0.062371315009407104,74.85363006591797,-0.03502051663029974,0.06066742647744685,6.247999999999991,-0.07521595562973413,0.0017038885319602542,68.60563006591798
0.026334215044196342,-0.07171061949159986,1.583,-0.10749482863033058,0.039989177703857424,-0.02421790885925293,0,0,1.5,-0.020141099568014336,-0.026334215044196342,0.07171061949159986,-0.08299999999999996,0.08735372906231624,-0.015959037031275033,0.06145222896706181,-0.060687984615383994,0.08018445351950869,1426000861655,1,0.028404809420132366,-0.06885387979408758,-6.158999999999989,-0.11358591398190156,0.0687225236880481,75.04656982421875,-0.03562804677669856,0.06540896149435552,6.158999999999989,-0.077957867205203,0.003313562193692582,68.88756982421876
0.02571014047368561,-0.07212484016655658,1.561,-0.10599384547361541,0.01592269706726074,0.044164237976074217,0,0,1.5,-0.020141099568014336,-0.02571014047368561,0.07212484016655658,-0.06099999999999994,0.08585274590560107,-0.010278010576600284,0.03825369276285369,0.06434789411764717,0.07923076139068122,1426000861723,1,0.027705487093907008,-0.06889721892748882,-6.072999999999988,-0.11023647226003387,0.08221426094533019,75.56315612792969,-0.03483901634872647,0.06557944594845355,6.072999999999988,-0.07539745591130739,0.016634814996876635,69.49015612792971
0.02694729738516723,-0.0715149498937775,1.532,-0.10606365864369523,0.041859458923339844,0.05798406219482422,0,0,1.5,-0.020141099568014336,-0.02694729738516723,0.0715149498937775,-0.03200000000000003,0.08592255907568089,-0.020891685687020288,0.032527161585211274,0.1327015499999995,0.08624980831043001,1426000861787,1,0.028894073277411888,-0.06857616626852836,-6.07699999999999,-0.10466537730353205,0.07427708257096109,75.80524444580078,-0.03599151331058945,0.0651319354868482,6.07699999999999,-0.06867386399294259,0.00914514708411289,69.7282444458008
0.028316711225416475,-0.06861331725828164,1.512,-0.10517354072517811,0.03814123916625976,0.08666117858886718,0,0,1.5,-0.020141099568014336,-0.028316711225416475,0.06861331725828164,-0.01200000000000001,0.08503244115716377,-0.02209142286911943,0.019069521691818143,0.09608920606060611,0.08098645061844958,1426000861853,1,0.030087382928305168,-0.06603919195519078,-6.025999999999989,-0.10020850133833063,0.062371315009407104,75.34513854980469,-0.0368539088731181,0.06251571711450578,6.025999999999989,-0.06335459246521252,-0.00014440210509867463,69.31913854980469
0.03172089895891512,-0.062188084772083096,1.501,-0.10286970611254555,0.057464359283447265,0.13596987915039063,0,0,1.5,-0.020141099568014336,-0.03172089895891512,0.062188084772083096,-0.0009999999999998899,0.08272860654453121,-0.036083048092404896,-0.005583802060839312,0.06193725409836143,0.0713982723840432,1426000861914,1,0.03307810563285209,-0.060000919639907904,-5.893999999999986,-0.10304006662762209,0.043681284873136904,75.39299774169922,-0.03906463745138132,0.056286992553208445,5.893999999999986,-0.06397542917624077,-0.012605707680071541,69.49899774169923
0.03300339670669769,-0.05117010416970487,1.486,-0.10142108283339031,0.016518190383911134,0.20040330505371093,0,0,1.5,-0.020141099568014336,-0.03300339670669769,0.05117010416970487,0.014000000000000012,0.08127998326537597,-0.02336512654992701,-0.027015284545383236,0.08284250821917763,0.07532673691268321,1426000861987,1,0.03418822943916577,-0.04901157396133679,-5.810999999999989,-0.0957516253731291,0.032606896105522955,76.41412353515625,-0.038974835479934036,0.04529825177271969,5.810999999999989,-0.05677678989319507,-0.012691355667196737,70.60312353515626
0.032172398296737945,-0.03916820995366993,1.478,-0.10089748405779199,-0.027034885406494142,0.1957948760986328,0,0,1.5,-0.020141099568014336,-0.032172398296737945,0.03916820995366993,0.02200000000000002,0.08075638448977765,-0.011716381991996986,-0.053863813056170516,0.06657290701754391,0.0780006014603128,1426000862044,1,0.03253191279732766,-0.03800170737314136,-5.780999999999988,-0.10115286788859594,-0.005644833224246148,75.9205093383789,-0.03619423517014345,0.03453161528187102,5.780999999999988,-0.06495863271845248,-0.040176448506117166,70.13950933837891
0.029805670961375704,-0.02409955444120603,1.475,-0.09889035541799847,-0.05961682891845703,0.22880641174316407,0,0,1.5,-0.020141099568014336,-0.029805670961375704,0.02409955444120603,0.02499999999999991,0.07874925584998413,-0.0036510673951869656,-0.06412087956362422,0.0352399913043472,0.0700226095900123,1426000862113,1,0.029754612511190045,-0.02359169479334027,-5.665999999999986,-0.09366598009048473,-0.03561597137408168,76.55265808105469,-0.03193843179915506,0.02053878290269184,5.665999999999986,-0.06172754829132967,-0.05615475427677352,70.8866580810547
0.030575716147296306,-0.007561877286156229,1.488,-0.0975639051864828,-0.02116123390197754,0.24612528991699217,0,0,1.5,-0.020141099568014336,-0.030575716147296306,0.007561877286156229,0.01200000000000001,0.07742280561846845,-0.02020750001623465,-0.08499862463460296,-0.06029939999999945,0.07130072762685764,1426000862178,1,0.03002179890970974,-0.007632085349189601,-5.589999999999987,-0.09127659814411192,-0.06720454531090271,76.92189025878906,-0.030622463046152248,0.004671390964092326,5.589999999999987,-0.060654135097959666,-0.07187593627499504,71.33189025878909
0.03471598919640332,0.009509195085041956,1.506,-0.09494591130849135,0.02807533264160156,0.2423357849121094,0,0,1.5,-0.020141099568014336,-0.03471598919640332,-0.009509195085041956,-0.006000000000000005,0.07480481174047701,-0.03946507518771189,-0.0923574099132611,-0.0973872588235295,0.0632548387493383,1426000862246,1,0.03401221965260223,0.008334692123619545,-5.43999999999999,-0.0801657946815675,-0.11557289052184713,75.69013977050781,-0.0330688728482255,-0.011521624322997226,5.43999999999999,-0.04709692183334199,-0.10405126619884991,70.25013977050781
0.04064289498200858,0.027792834164338972,1.499,-0.09089674744386451,0.04906389617919922,0.2489001922607422,0,0,1.5,-0.020141099568014336,-0.04064289498200858,-0.027792834164338972,0.0009999999999998899,0.07075564787585018,-0.05460183685846383,-0.11686473891148347,0.04038212903225738,0.051162919498623546,1426000862308,1,0.03954528779407482,0.02571771047431757,-5.20799999999999,-0.0801657946815675,-0.16394123573279157,77.39347839355469,-0.0370475958098968,-0.029201131201779553,5.20799999999999,-0.0431181988716707,-0.134740104531012,72.1854783935547
0.0451935921805058,0.045590645848640525,1.522,-0.08833111344343282,0.022415731430053713,0.21715985107421876,0,0,1.5,-0.020141099568014336,-0.0451935921805058,-0.045590645848640525,-0.02200000000000002,0.06819001387541848,-0.04722142485030548,-0.1155537420366245,-0.13783065373134282,0.0567021004406497,1426000862375,1,0.04344523812896101,0.04207474383024307,-5.060999999999989,-0.08633846327186999,-0.22550094781944813,77.11613464355469,-0.03956418213503269,-0.045743286681748895,5.060999999999989,-0.0467742811368373,-0.17975766113769923,72.0551346435547
