0,0,0.73,0,0.03366345596313477,0.038649757385253905,0,0,1,0,0,0,0.27,0,0,0,0.21600000000000003,0,0,0,0,0,0,0,0,0
0.000730270767211914,0.00268831787109375,0.728,-0.00020943951023932875,0.01095406150817871,0.04032476806640625,0,0,1,0,-0.000730270767211914,-0.00268831787109375,0.272,0.00020943951023932875,-0.0042978372676687965,-0.01582146410959097,0.2301372307692308,0.0011760834036516152,0,0,0,0,0,0,0,0
0.0017882984238284851,0.005676831034194884,0.725,0.0000523598775598044,0.0158610258102417,0.04483102035522461,0,0,1,0,-0.0017882984238284851,-0.005676831034194884,0.275,-0.0000523598775598044,-0.006506556889354472,-0.018692085497126476,0.23949209090909096,-0.0012423570948285913,0,0,0,0,0,0,0,0
0.0017154511777270414,0.008676021559970725,0.725,-0.000663225115757865,-0.0010903531312942505,0.0449879150390625,0,0,1,0,-0.0017154511777270414,-0.008676021559970725,0.275,0.000663225115757865,-0.0004620950534584104,-0.02075088073671915,0.22534300000000002,0.0040175297719344406,0,0,0,0,0,0,0,0
0.0055425137015430535,0.011286875297980737,0.728,0.000052359877559804424,0.05737995147705078,0.03920087051391601,0,0,1,0,-0.0055425137015430535,-0.011286875297980737,0.272,-0.000052359877559804424,-0.02338487207001437,-0.019720264091500513,0.20855715384615386,-0.0033550598467182785,0,0,0,0,0,0,0,0
0.011890123805615294,0.013479760100446136,0.731,0.00022689280275925428,0.09521587371826172,0.032888286590576174,0,0,1,0,-0.011890123805615294,-0.013479760100446136,0.269,-0.00022689280275925428,-0.040138584980826904,-0.018574866376173657,0.20790565384615387,-0.0010324293806028687,0,0,0,0,0,0,0,0
0.01756918560115399,0.015572328167440181,0.732,-0.00020943951023932875,0.08519304656982422,0.03136919212341309,0,0,1,0,-0.01756918560115399,-0.015572328167440181,0.268,0.00020943951023932875,-0.03892650931368895,-0.018920538772639706,0.21972526969696973,0.002192768205687433,0,0,0,0,0,0,0,0
0.02621116652727435,0.01653762897737884,0.737,0.0012566370614359168,0.12962667846679687,0.014506661415100097,0,0,1,0,-0.02621116652727435,-0.01653762897737884,0.263,-0.0012566370614359168,-0.05968204368880888,-0.013514760357998755,0.1958147230769231,-0.008023144315321664,0,0,0,0,0,0,0,0
0.0341111531874053,0.01761649187397156,0.745,0.0013439035240356,0.11852004241943359,0.016034019470214843,0,0,1,0,-0.0341111531874053,-0.01761649187397156,0.255,-0.0013439035240356,-0.05965885552850317,-0.014677130684919684,0.17491837692307688,-0.0017466718129572152,0,0,0,0,0,0,0,0
0.043800553388012954,0.01760182867605573,0.751,0.0008203047484373338,0.145340576171875,-0.00041527199745178224,0,0,1,0,-0.043800553388012954,-0.01760182867605573,0.249,-0.0008203047484373338,-0.07416732966799917,-0.008793022842632083,0.18250610769230768,0.0015963049850931258,0,0,0,0,0,0,0,0
0.05472266255202446,0.015036600563447352,0.76,0.0020943951023932035,0.16380001831054689,-0.03861280059814453,0,0,1,0,-0.05472266255202446,-0.015036600563447352,0.24,-0.0020943951023932035,-0.08630161762976139,0.00621362850241957,0.16071226153846152,-0.007974812120651063,0,0,0,0,0,0,0,0
0.06443386899556369,0.013630275393873768,0.766,0.002059488517353297,0.14562359619140625,-0.02139991760253906,0,0,1,0,-0.06443386899556369,-0.013630275393873768,0.23399999999999999,-0.002059488517353297,-0.08311921742078393,0.00044136680892268784,0.17459831641791043,-0.0019031903753835657,0,0,0,0,0,0,0,0
0.07494681994555702,0.011707196675255042,0.774,0.003735004599267871,0.157634521484375,-0.029170888900756836,0,0,1,0,-0.07494681994555702,-0.011707196675255042,0.22599999999999998,-0.003735004599267871,-0.09609800953385386,0.004732826526890387,0.1565209555555555,-0.01171365260838489,0,0,0,0,0,0,0,0
0.08473546974744586,0.009760066241782505,0.783,0.004590215932745084,0.14671963500976562,-0.02975516128540039,0,0,1,0,-0.08473546974744586,-0.009760066241782505,0.21699999999999997,-0.004590215932745084,-0.09455248331448121,0.005341871133571556,0.14747032727272721,-0.008477540175823325,0,0,0,0,0,0,0,0
0.09327174715332513,0.00569395073422645,0.794,0.0002617993877991609,0.12776284790039064,-0.06157883834838867,0,0,1,0,-0.09327174715332513,-0.00569395073422645,0.20599999999999996,-0.0002617993877991609,-0.09293631277494463,0.018940004244324463,0.1285058307692307,0.019715507742720483,0,0,0,0,0,0,0,0
0.09936335819768749,0.0021187313760231423,0.802,-0.005480333851262231,0.09136012268066407,-0.0536522102355957,0,0,1,0,-0.09936335819768749,-0.0021187313760231423,0.19799999999999995,0.005480333851262231,-0.08339463809818676,0.018383770682910278,0.13885379999999994,0.03239658340936251,0,0,0,0,0,0,0,0
0.10451266646288443,-0.00292307323843635,0.81,-0.008307767239493002,0.07765292358398437,-0.07520263671875,0,0,1,0,-0.10451266646288443,0.00292307323843635,0.18999999999999995,0.008307767239493002,-0.07923065548657818,0.027305144742132855,0.13631932941176467,0.020781738069922874,0,0,0,0,0,0,0,0
0.10796106503134405,-0.008027966191686772,0.819,-0.01066396172968534,0.052360340118408205,-0.07614102935791016,0,0,1,0,-0.10796106503134405,0.008027966191686772,0.18100000000000005,0.01066396172968534,-0.07367684752509855,0.032272700317040576,0.12143610000000062,0.021883935492505995,0,0,0,0,0,0,0,0
0.10800143103811977,-0.01458907091471651,0.826,-0.01392772743091475,0.0016549463272094726,-0.0984045181274414,0,0,1,0,-0.10800143103811977,0.01458907091471651,0.17400000000000004,0.01392772743091475,-0.05482681705498556,0.042531244599401816,0.12927479230769232,0.028991261436588946,0,0,0,0,0,0,0,0
0.10864762920766904,-0.02095801865592542,0.836,-0.016126842288427617,0.011022563934326171,-0.09538995361328124,0,0,1,0,-0.10864762920766904,0.02095801865592542,0.16400000000000003,0.016126842288427617,-0.058431076628819766,0.044175248200667844,0.10701919696969697,0.02612281891348611,0,0,0,0,0,0,0,0
0.10584462646867769,-0.02584058002704635,0.845,-0.018081611050661278,-0.0408585205078125,-0.07390692138671875,0,0,1,0,-0.10584462646867769,0.02584058002704635,0.15500000000000003,0.018081611050661278,-0.038808215773562804,0.03875123170645838,0.10614522727272727,0.026966923606268827,0,0,0,0,0,0,0,0
0.10177268420799016,-0.03224622399293707,0.852,-0.01982694030265561,-0.05933187866210937,-0.09717330169677735,0,0,1,0,-0.10177268420799016,0.03224622399293707,0.14800000000000002,0.01982694030265561,-0.03011018987852867,0.050052289351321305,0.11212808787878788,0.02776025508444803,0,0,0,0,0,0,0,0
0.09499389630184131,-0.03839120110129604,0.86,-0.022479840765686987,-0.09983441162109374,-0.09417244720458984,0,0,1,0,-0.09499389630184131,0.03839120110129604,0.14,0.022479840765686987,-0.01242900741350652,0.0517677918537411,0.10134905757575757,0.034538479234011425,0,0,0,0,0,0,0,0
0.09067376051896363,-0.043679237278163335,0.867,-0.024644049038159917,-0.06300270080566406,-0.08075711822509765,0,0,1,0,-0.09067376051896363,0.043679237278163335,0.133,0.024644049038159917,-0.021885411647273572,0.051703708379708724,0.09948177096774191,0.03511602455012571,0,0,0,0,0,0,0,0
0.08415820540258866,-0.04782130421618589,0.874,-0.027104963283471947,-0.09617264556884765,-0.06452043914794922,0,0,1,0,-0.08415820540258866,0.04782130421618589,0.126,0.027104963283471947,-0.00798644189409415,0.04625744592756685,0.09652459230769228,0.03846302903106592,0,0,0,0,0,0,0,0
0.07841040877394359,-0.05264091379330676,0.882,-0.027436575841350865,-0.08422599029541016,-0.07460420989990234,0,0,1,0,-0.07841040877394359,0.05264091379330676,0.118,0.027436575841350865,-0.00929759451017417,0.052349773828314614,0.08550697692307689,0.028967095339253568,0,0,0,0,0,0,0,0
0.0716568704669549,-0.05659436497994704,0.889,-0.028536133270107317,-0.09963811492919922,-0.062058509826660155,0,0,1,0,-0.0716568704669549,0.05659436497994704,0.11099999999999999,0.028536133270107317,-0.00266286438276149,0.04846754355991406,0.08824255362318838,0.033316817742961455,0,0,0,0,0,0,0,0
0.06455161710675142,-0.06129626587031879,0.898,-0.030578168494940633,-0.1045230712890625,-0.07354073333740234,0,0,1,0,-0.06455161710675142,0.06129626587031879,0.10199999999999998,0.030578168494940633,0.0067029631529060205,0.057345748683951606,0.06637574838709673,0.040458984098972806,0,0,0,0,0,0,0,0
0.058693812467223154,-0.0642250361152196,0.91,-0.03242821750205466,-0.08648285675048828,-0.046597412109375,0,0,1,0,-0.058693812467223154,0.0642250361152196,0.08999999999999997,0.03242821750205466,0.0010254382496865805,0.048079192501313664,0.04355181538461533,0.04096690522719631,1427125633414,0,0,0,0,0,0,0
0.052587095547890435,-0.06602246613308095,0.916,-0.034836771869806854,-0.09067843627929688,-0.029917203903198242,0,0,1,0,-0.052587095547890435,0.06602246613308095,0.08399999999999996,0.034836771869806854,0.005384911988501568,0.042928990121479944,0.07160550769230765,0.045953176644047765,1427125633414,0,0,0,0,0,0,0
0.04907859456398497,-0.06816646528039175,0.923,-0.03645992807416157,-0.051475460052490235,-0.03397347640991211,0,0,1,0,-0.04907859456398497,0.06816646528039175,0.07699999999999996,0.03645992807416157,-0.007169864229425664,0.04573720268313493,0.061700187878787824,0.043837910821228454,1427125633414,0,0,0,0,0,0,0
0.04486700163365414,-0.06770965426472679,0.926,-0.038728856101754194,-0.06338168334960938,0.004544806003570556,0,0,1,0,-0.04486700163365414,0.06770965426472679,0.07399999999999995,0.038728856101754194,-0.0013651620876281544,0.03176131044042758,0.08100070909090906,0.049042165318084315,1427125633414,0,0,0,0,0,0,0
0.04192852232772732,-0.06796623477121258,0.938,-0.03988077340807045,-0.04389511871337891,-0.005552453994750977,0,0,1,0,-0.04192852232772732,0.06796623477121258,0.062000000000000055,0.03988077340807045,-0.0061871529182397945,0.035758756387597526,0.022081600000000604,0.04528038578142788,1427125633414,0,0,0,0,0,0,0
0.04177356403856809,-0.06695680132329708,0.941,-0.04155628948998502,-0.002926220893859863,0.015036788940429688,0,0,1,-0.03988077340807045,-0.04177356403856809,0.06695680132329708,0.05900000000000005,0.0016755160819145742,-0.020886782019284046,0.03347840066164854,0.04720000000000005,0.0016755160819145742,1427125633414,0,0,0,0,0,0,0
0.03878434234150951,-0.06517731037911266,0.948,-0.048101274184963766,-0.045908531188964846,0.024806541442871095,0,0,1,-0.03988077340807045,-0.03878434234150951,0.06517731037911266,0.052000000000000046,0.00822050077689332,-0.003321571855268976,0.023049146126463572,0.004245692307692318,0.03842812244602599,1427125633805,0,0,0,0,0,0,0
0.039590741240957315,-0.06252579840018374,0.952,-0.05256931707006923,0.0101696138381958,0.04030828475952149,0,0,1,-0.03988077340807045,-0.039590741240957315,0.06252579840018374,0.04800000000000004,0.012688543661998786,-0.024188462344910844,0.017068534026565774,0.01751153846153848,0.033310280054793244,1427125633870,0,0,0,0,0,0,0
0.04053089519613005,-0.06027144221921526,0.957,-0.05670574739729575,0.012305996894836425,0.03450963592529297,0,0,1,-0.03988077340807045,-0.04053089519613005,0.06027144221921526,0.04300000000000004,0.016824973989225306,-0.02525479910680871,0.018482622484079128,0.009218697014925392,0.035346303812627634,1427125633937,0,0,0,0,0,0,0
0.04324775692934516,-0.05760752461185558,0.964,-0.05831145030913054,0.03842274475097656,0.0422042236328125,0,0,1,-0.03988077340807045,-0.04324775692934516,0.05760752461185558,0.03600000000000003,0.018430676901060095,-0.03658749413673753,0.014395720593424557,-0.00831275,0.025957409300285665,1427125634001,0,0,0,0,0,0,0
0.04504864364578997,-0.05632295294814438,0.967,-0.06181956210563916,0.02584444618225098,0.02081011772155762,0,0,1,-0.03988077340807045,-0.04504864364578997,0.05632295294814438,0.03300000000000003,0.021938788697568712,-0.032209988825877556,0.02154678486668841,0.011877209090909103,0.03788475140897152,1427125634067,0,0,0,0,0,0,0
0.047088861303286086,-0.05461970197620231,0.968,-0.06445500927615061,0.028966398239135743,0.027390636444091798,0,0,1,-0.03988077340807045,-0.047088861303286086,0.05461970197620231,0.03200000000000003,0.024574235868080163,-0.03486751801066004,0.018227584696248536,0.021722350000000022,0.03692789447985259,1427125634131,0,0,0,0,0,0,0
0.049740624722499314,-0.05218705997349881,0.97,-0.06621779182066487,0.03734354400634766,0.038975875854492185,0,0,1,-0.03988077340807045,-0.049740624722499314,0.05218705997349881,0.030000000000000027,0.02633701841259442,-0.03913116998670662,0.013459986650526464,0.01518303939393941,0.03434966634220468,1427125634197,0,0,0,0,0,0,0
0.05217634850318066,-0.05180067018554537,0.972,-0.06714281632422184,0.036072277069091795,0.008200700759887696,0,0,1,-0.03988077340807045,-0.05217634850318066,0.05180067018554537,0.028000000000000025,0.02726204291615139,-0.039045538459578547,0.024183418346160376,0.013928938805970164,0.03140394367834678,1427125634264,0,0,0,0,0,0,0
0.053631515831990766,-0.049463597091051435,0.973,-0.06958627727701394,0.01942633056640625,0.03644156646728516,0,0,1,-0.03988077340807045,-0.053631515831990766,0.049463597091051435,0.027000000000000024,0.029705503868943495,-0.035167242719202546,0.012080758567400256,0.018191244444444463,0.04134103221557256,1427125634327,0,0,0,0,0,0,0
0.05421175059265699,-0.0468725978090286,0.973,-0.07232644420264506,0.005980169773101807,0.0393760871887207,0,0,1,-0.03988077340807045,-0.05421175059265699,0.0468725978090286,0.027000000000000024,0.03244567079457461,-0.030532675818558945,0.00984793093331235,0.023922300000000025,0.04509259506671822,1427125634392,0,0,0,0,0,0,0
0.05420714356208293,-0.04498697084632378,0.972,-0.07222172444752537,-0.002112852096557617,0.028205463409423828,0,0,1,-0.03988077340807045,-0.05420714356208293,0.04498697084632378,0.028000000000000025,0.03234095103945492,-0.027416458839908814,0.012732517625491654,0.030288915384615415,0.03185762909274865,1427125634457,0,0,0,0,0,0,0
0.05400041243571823,-0.04237933566391716,0.975,-0.0722740843250852,-0.005915346622467041,0.03878879928588867,0,0,1,-0.03988077340807045,-0.05400041243571823,0.04237933566391716,0.025000000000000022,0.03239331091701475,-0.02627723920894894,0.007781677957302217,0.006760209090909099,0.032631310360468534,1427125634523,0,0,0,0,0,0,0
0.05196849884160749,-0.03858647909690659,0.976,-0.07398450699203962,-0.0345074348449707,0.05454341888427734,0,0,1,-0.03988077340807045,-0.05196849884160749,0.03858647909690659,0.02400000000000002,0.034103733583969176,-0.015616583686112124,-0.00037454816835340646,0.016724669696969716,0.041878382070125654,1427125634589,0,0,0,0,0,0,0
0.048361448482129435,-0.03430351010669935,0.978,-0.075712382951514,-0.05870650863647461,0.06006945037841797,0,0,1,-0.03988077340807045,-0.048361448482129435,0.03430351010669935,0.02200000000000002,0.035831609543443554,-0.0045796569178583706,-0.006175060310003207,0.009455188888888896,0.044059590302845356,1427125634652,0,0,0,0,0,0,0
0.046515124701263004,-0.02913524840300141,0.979,-0.0748920782030767,-0.03347943115234375,0.07520699310302735,0,0,1,-0.03988077340807045,-0.046515124701263004,0.02913524840300141,0.02100000000000002,0.03501130479500625,-0.013784155086813304,-0.01235313815878945,0.014601869696969715,0.03128264684756395,1427125634717,0,0,0,0,0,0,0
0.042081696192766714,-0.02347988531339445,0.979,-0.07576474282907383,-0.0726622085571289,0.07961688232421875,0,0,1,-0.03988077340807045,-0.042081696192766714,0.02347988531339445,0.02100000000000002,0.03588396942100339,0.001973647539387245,-0.018210064447321615,0.02004140000000002,0.039911652310220945,1427125634783,0,0,0,0,0,0,0
0.03960268332040725,-0.017733030610347193,0.979,-0.07597418233931319,-0.043603404998779294,0.08314089202880859,0,0,1,-0.03988077340807045,-0.03960268332040725,0.017733030610347193,0.02100000000000002,0.03609340893124274,-0.006974662644299193,-0.02156461247824245,0.02017790000000002,0.03706005282465516,1427125634848,0,0,0,0,0,0,0
0.0347186850382605,-0.009903597463248403,0.979,-0.0768293936727904,-0.08196258544921875,0.11154220581054687,0,0,1,-0.03988077340807045,-0.0347186850382605,0.009903597463248403,0.02100000000000002,0.036948620264719956,0.007233423392007738,-0.03482654532134777,0.020320700000000018,0.0407216114418253,1427125634916,0,0,0,0,0,0,0
0.03066287376482538,-0.0045606608760308835,0.979,-0.07581710270663367,-0.06680906677246094,0.07523814392089843,0,0,1,-0.03988077340807045,-0.03066287376482538,0.0045606608760308835,0.02100000000000002,0.03593632929856322,0.00699980039641504,-0.027358371841013494,0.02045090000000002,0.031038147204256426,1427125634978,0,0,0,0,0,0,0
0.024499006333741233,-0.000002384386016073513,0.977,-0.07826056365942574,-0.09737136840820312,0.061174541473388674,0,0,1,-0.03988077340807045,-0.024499006333741233,0.000002384386016073513,0.02300000000000002,0.038379790251355295,0.02036015635433573,-0.024020335452825774,0.0329696307692308,0.049657302341164875,1427125635043,0,0,0,0,0,0,0
0.02063020752953594,0.004663475722582759,0.976,-0.07939502767322204,-0.06332606124877929,0.06523670196533203,0,0,1,-0.03988077340807045,-0.02063020752953594,-0.004663475722582759,0.02400000000000002,0.039514254265151594,0.00992308428450419,-0.026935593174104988,0.028541015384615412,0.04475024202113451,1427125635108,0,0,0,0,0,0,0
0.016232285742585114,0.009777261041161469,0.976,-0.07915068157794286,-0.07184475708007812,0.07123304748535156,0,0,1,-0.03988077340807045,-0.016232285742585114,-0.009777261041161469,0.02400000000000002,0.039269908169872414,0.014960617945492102,-0.03191074602988582,0.02331240000000002,0.038142156960891585,1427125635173,0,0,0,0,0,0,0
0.01225900063012875,0.012243333217101023,0.98,-0.07740535232594847,-0.06233749771118164,0.032162872314453125,0,0,1,-0.03988077340807045,-0.01225900063012875,-0.012243333217101023,0.020000000000000018,0.037524578917878026,0.014013896662316562,-0.018498684641800864,-0.0006491223880596975,0.029709671819395697,1427125635240,0,0,0,0,0,0,0
0.00930421746971057,0.015091203653541635,0.98,-0.07658504757751117,-0.047492340087890626,0.0391628303527832,0,0,1,-0.03988077340807045,-0.00930421746971057,-0.015091203653541635,0.020000000000000018,0.03670427416944072,0.01088833694651289,-0.022624103088915017,0.020374400000000018,0.03285909566114085,1427125635304,0,0,0,0,0,0,0
0.003811357406103465,0.017573141227452092,0.981,-0.07738789903342858,-0.08499979400634766,0.0308160400390625,0,0,1,-0.03988077340807045,-0.003811357406103465,-0.017573141227452092,0.019000000000000017,0.03750712562535813,0.027050257991503825,-0.021666482212516727,0.01431328461538463,0.041212593883438474,1427125635369,0,0,0,0,0,0,0
0.0005089971008218135,0.01763306785826638,0.977,-0.07789404451650694,-0.04945664215087891,-0.0029334065914154053,0,0,1,-0.03988077340807045,-0.0005089971008218135,-0.01763306785826638,0.02300000000000002,0.0380132711084365,0.01663668017245284,-0.008661596847743775,0.044261821212121244,0.040313932395156356,1427125635435,0,0,0,0,0,0,0
-0.0011729795348200097,0.015388704223254597,0.975,-0.07630579489719208,-0.022533460617065428,-0.035526626586914065,0,0,1,-0.03988077340807045,0.0011729795348200097,-0.015388704223254597,0.025000000000000022,0.036425021489121634,0.00916421215290926,0.005042392567196603,0.035747200000000035,0.028980101398583213,1427125635499,0,0,0,0,0,0,0
-0.0030517314216617236,0.015093883400536549,0.976,-0.07543313027119494,-0.02776215362548828,-0.006557752609252929,0,0,1,-0.03988077340807045,0.0030517314216617236,-0.015093883400536549,0.02400000000000002,0.035552356863124496,0.010721698558494018,-0.005554064776900637,0.018946619402985095,0.03164490331388358,1427125635566,0,0,0,0,0,0,0
-0.005521536237939338,0.013588944821868055,0.974,-0.0758345559991536,-0.03524050140380859,-0.025301811218261718,0,0,1,-0.03988077340807045,0.005521536237939338,-0.013588944821868055,0.026000000000000023,0.03595378259108316,0.015652504310565703,0.0018797316644481536,0.03687440000000003,0.037835465690889386,1427125635630,0,0,0,0,0,0,0
-0.00541204268688334,0.011470091384796014,0.974,-0.07400196028455956,0.004045608043670654,-0.03156702423095703,2.5,0,1,0,2.5054120426868836,-0.011470091384796014,0.026000000000000023,0.07400196028455956,1.2527060213434418,-0.005735045692398007,0.02080000000000002,0.07400196028455956,0,0,0,0,0,0,0,0
-0.006975713202415778,0.007778052421980995,0.975,-0.07140141969908802,-0.019296331405639647,-0.056963150024414065,2.5,0,1,0,2.506975713202416,-0.007778052421980995,0.025000000000000022,0.07140141969908802,1.2628940552318852,0.014052785216060909,0.015318888888888903,0.06056583392628991,0,0,0,0,0,0,0,0
-0.0060099379677953785,0.0036313506501467908,0.976,-0.06742206900454094,0.018887149810791017,-0.06100855255126953,2.5,0,1,0,2.5060099379677956,-0.0036313506501467908,0.02400000000000002,0.06742206900454094,1.2505593622401752,0.022775660287790232,0.013589396610169507,0.04718808242209816,0,0,0,0,0,0,0,0
-0.005296336035961287,-0.0005812765035155976,0.979,-0.06590363255530586,0.014936842918395997,-0.06232469940185547,2.5,0,1,0,2.5052963360359612,0.0005812765035155976,0.02100000000000002,0.06590363255530586,1.2538009793078526,0.02262296865086264,0.0013511090909090959,0.059001648695146416,0,0,0,0,0,0,0,0
-0.0005929856340467446,-0.002397624088151754,0.975,-0.06391395720803232,0.07219136047363281,-0.022539915084838866,2.5,0,1,0,2.5005929856340465,0.002397624088151754,0.025000000000000022,0.06391395720803232,1.2311124887760485,0.01112613832483618,0.04249520000000004,0.054587354017687606,0,0,0,0,0,0,0,0
0.010299542668015154,-0.0034556925389459723,0.974,-0.06262241356155653,0.16406800842285157,-0.005402960777282715,2.5,0,1,0,2.4897004573319848,0.0034556925389459723,0.026000000000000023,0.06262241356155653,1.1943539019601142,0.0074215595550273395,0.026973815384615407,0.05666144288551439,0,0,0,0,0,0,0,0
0.02402224299697773,-0.0029052533561859098,0.975,-0.06150540284028015,0.20492031860351562,0.021122209548950194,2.5,0,1,0,2.4759777570030224,0.0029052533561859098,0.025000000000000022,0.06150540284028015,1.1738625495005277,-0.0015129665715788365,0.015567084615384629,0.05634996874208151,0,0,0,0,0,0,0,0
0.047621477177561704,-0.0031827731693295077,0.974,-0.060632738214283007,0.3535750427246094,0.01760355567932129,2.5,0,1,0,2.452378522822438,0.0031827731693295077,0.026000000000000023,0.060632738214283007,1.1124255115571495,0.003063493235861479,0.027226330303030327,0.056666080823386894,0,0,0,0,0,0,0,0
0.07828096143456068,-0.0009630703808048945,0.975,-0.05806710421385131,0.45702960205078125,0.06110180282592773,2.5,0,1,0,2.4217190385654392,0.0009630703808048945,0.025000000000000022,0.05806710421385131,1.0612533838919038,-0.011288569662008191,0.015985269696969714,0.04640513148461634,0,0,0,0,0,0,0,0
0.11213582907567483,0.0030062947177098907,0.976,-0.056426494716976645,0.50351171875,0.08891136932373046,2.5,0,1,0,2.3878641709243253,-0.0030062947177098907,0.02400000000000002,0.056426494716976645,1.0203358805829867,-0.02355602335075299,0.015083944444444459,0.04861406854138299,0,0,0,0,0,0,0,0
0.1516922653399979,0.007962614230436657,0.977,-0.05510004448546098,0.5882094116210937,0.10768917083740234,2.5,0,1,0,2.3483077346600023,-0.007962614230436657,0.02300000000000002,0.05510004448546098,0.9804211633722972,-0.030270922674916746,0.014688269696969711,0.04907072525129885,0,0,0,0,0,0,0,0
0.20169947811795835,0.010752097772794282,0.98,-0.05307546255314756,0.7466654663085938,0.08308883666992188,2.5,0,1,0,2.298300521882042,-0.010752097772794282,0.020000000000000018,0.05307546255314756,0.8974108252461912,-0.02040943673946774,0.0015674538461538517,0.04373123825016255,0,0,0,0,0,0,0,0
0.255531025149528,0.013537434524395417,0.983,-0.05309291584566751,0.8041196899414063,0.08455811309814452,2.5,0,1,0,2.244468974850472,-0.013537434524395417,0.017000000000000015,0.05309291584566751,0.8513613875061614,-0.021788575574404986,-0.0007220461538461499,0.05317346950345191,0,0,0,0,0,0,0,0
0.316606453803365,0.014187867113636465,0.983,-0.0526042236551091,0.91432275390625,0.05835998153686523,2.5,0,1,0,2.183393546196635,-0.014187867113636465,0.017000000000000015,0.0526042236551091,0.7930979764798869,-0.010523112798588027,0.015545700000000015,0.0504160496675341,0,0,0,0,0,0,0,0
0.3878877494851009,0.012656279645088631,0.986,-0.05354670145118603,1.0689483642578126,0.033277488708496096,2.5,0,1,0,2.1121122505148993,-0.012656279645088631,0.014000000000000012,0.05354670145118603,0.6818315078241236,0.0021413089318221565,-0.0034327666666666683,0.05803469095631427,0,0,0,0,0,0,0,0
0.4695891787536078,0.010360322040651137,0.986,-0.05293583621298802,1.225608154296875,0.031201272964477538,2.5,0,1,0,2.030410821246392,-0.010360322040651137,0.014000000000000012,0.05293583621298802,0.5983769854712768,0.007136582894283111,0.013324900000000013,0.050116458190535694,0,0,0,0,0,0,0,0
0.5561520758766976,0.009588829776068291,0.988,-0.0518886386617914,1.2972369384765625,0.057145919799804684,2.5,0,1,0,1.9438479241233024,-0.009588829776068291,0.01200000000000001,0.0518886386617914,0.5301819034588146,-0.0006925632350741721,0.0010336692307692345,0.047055419194730067,0,0,0,0,0,0,0,0
0.641670340457738,0.0039318485780070805,0.991,-0.050684361477915316,1.285448486328125,-0.018208980560302734,2.5,0,1,0,1.858329659542262,-0.0039318485780070805,0.009000000000000008,0.050684361477915316,0.5012512277936392,0.027978285943901664,-0.006446790909090913,0.04521037427847857,0,0,0,0,0,0,0,0
0.7415485435222616,-0.0010125758101969793,0.994,-0.04888667234836115,1.500006591796875,0.0018303141593933106,2.5,0,1,0,1.7584514564777383,0.0010125758101969793,0.006000000000000005,0.04888667234836115,0.3763215152950893,0.026672456082735354,-0.008807190909090915,0.040715358123114956,0,0,0,0,0,0,0,0
0.8566619371535015,-0.0005383886015821191,0.996,-0.048188540647563435,1.7242904052734376,0.09148335266113282,2.5,0,1,0,1.6433380628464986,0.0005383886015821191,0.0040000000000000036,0.048188540647563435,0.21994732088223312,-0.002377936611667779,-0.005410000000000004,0.04491604830007414,0,0,0,0,0,0,0,0
0.9767879888791542,0.003943180288128544,0.998,-0.04769984845700503,1.7965609130859375,0.1539423828125,2.5,0,1,0,1.5232120111208458,-0.003943180288128544,0.0020000000000000018,0.04769984845700503,0.15338389388306561,-0.025794007885654273,-0.00666536060606061,0.04547852031810317,0,0,0,0,0,0,0,0
1.0988292572899483,0.00699683763706026,0.999,-0.04612905213021012,1.826352783203125,0.13303990173339844,2.5,0,1,0,1.4011707427100517,-0.00699683763706026,0.0010000000000000009,0.04612905213021012,0.06287891481599528,-0.020259107535924657,-0.0023216500000000015,0.03876594434835898,0,0,0,0,0,0,0,0
1.2242155066255058,0.007911810582376867,1.002,-0.04323180557189956,1.87816015625,0.10043846130371094,2.5,0,1,0,1.2757844933744942,-0.007911810582376867,-0.0020000000000000018,0.04323180557189956,-0.006728490501023421,-0.008948825456349837,-0.015419746153846163,0.029859898379696992,0,0,0,0,0,0,0,0
1.3552180955301605,0.005473012752011758,1.003,-0.041556289489985014,1.9647838134765625,0.0483779296875,2.5,0,1,0,1.1447819044698395,-0.005473012752011758,-0.0029999999999998916,0.041556289489985014,-0.08064793622364053,0.009933672604233914,-0.00530988059701426,0.03405397867544227,0,0,0,0,0,0,0,0
1.4938076831450124,-0.0027025597208336265,1.006,-0.03830997708127553,2.082143798828125,-0.03616353988647461,2.5,0,1,0,1.0061923168549876,0.0027025597208336265,-0.006000000000000005,0.03830997708127553,-0.22286869187925273,0.04599336177366473,-0.018930650000000625,0.023092887665449823,0,0,0,0,0,0,0,0
1.6296513450832326,-0.013682277926679219,1.005,-0.03783873818323707,2.0424677734375,-0.08653150939941406,2.5,0,1,0,0.8703486549167674,0.013682277926679219,-0.004999999999999893,0.03783873818323707,-0.263778860928977,0.06590351196630449,0.003627715384616076,0.035663789423059554,0,0,0,0,0,0,0,0
1.7706856241650717,-0.026856121059212243,1.005,-0.036477381366681515,2.121475341796875,-0.1174369125366211,2.5,0,1,0,0.7293143758349283,0.026856121059212243,-0.004999999999999893,0.036477381366681515,-0.3617714230527826,0.08432240884726874,-0.0017893999999999102,0.030194196059502038,0,0,0,0,0,0,0,0
1.9173120664014793,-0.04076677384576116,1.007,-0.034487706019407975,2.205543212890625,-0.128310546875,2.5,0,1,0,0.5826879335985207,0.04076677384576116,-0.006999999999999895,0.034487706019407975,-0.4299679907495565,0.09196832640687187,-0.013731117647058744,0.025709726546142363,0,0,0,0,0,0,0,0
2.0599132134725413,-0.054911859168861085,1.012,-0.03289945640009311,2.145061279296875,-0.13829493713378907,2.5,0,1,0,0.4400867865274587,0.054911859168861085,-0.01200000000000001,0.03289945640009311,-0.5261420085109525,0.104832999852932,-0.03485755000000063,0.02545453630955469,0,0,0,0,0,0,0,0
2.1907408161083217,-0.06778027729616018,1.018,-0.031433379828417894,1.967701416015625,-0.12837110900878906,2.5,0,1,0,0.3092591838916783,0.06778027729616018,-0.018000000000000016,0.031433379828417894,-0.526971312820706,0.1043288145670153,-0.04524150000000004,0.02456114589869031,0,0,0,0,0,0,0,0
2.3077935211839873,-0.07882662004209912,1.03,-0.030072023011862285,1.7601307373046875,-0.11043194580078125,2.5,0,1,0,0.19220647881601272,0.07882662004209912,-0.030000000000000027,0.030072023011862285,-0.5001930757941603,0.09900936870286256,-0.08683938461538468,0.023788837704682552,0,0,0,0,0,0,0,0
2.410122281968854,-0.08790261541326881,1.04,-0.03035127569218137,1.538330810546875,-0.08992684173583984,2.5,0,1,0,0.08987771803114608,0.08790261541326881,-0.040000000000000036,0.03035127569218137,-0.4636668596451037,0.09225535350457847,-0.08351830303030308,0.03162060605726813,1427125637716,0,0,0,0,0,0,0
2.4970983549645847,-0.09453992882731128,1.054,-0.030979594222899358,1.3070615234375,-0.059922405242919925,2.5,0,1,0,0.0029016450354153456,0.09453992882731128,-0.05400000000000005,0.030979594222899358,-0.43283319150625177,0.08324456260362897,-0.11742361538461549,0.03387952590313622,1427125637716,0,0,0,0,0,0,0
2.572108228945693,-0.09847863854635969,1.068,-0.030630528372500486,1.126438232421875,-0.02420124053955078,2.5,0,1,0,-0.07210822894569313,0.09847863854635969,-0.06800000000000006,0.030630528372500486,-0.3825400504486516,0.06952145014498215,-0.12472269275362327,0.029112850762070607,1427125637716,0,0,0,0,0,0,0
2.631102429255053,-0.10126917744932547,1.082,-0.031101767270538948,0.8857798461914063,-0.014737334251403809,2.5,0,1,0,-0.1311024292550531,0.10126917744932547,-0.08200000000000007,0.031101767270538948,-0.37012356831548787,0.06701082023921856,-0.14573626885245916,0.03341933562154778,0,0,0,0,0,0,0,0
2.677111982516466,-0.10373591492026506,1.085,-0.03351032163829112,0.6909601440429688,-0.015521951675415039,2.5,0,1,0,-0.17711198251646598,0.10373591492026506,-0.08499999999999996,0.03351032163829112,-0.2987439807783882,0.06538254944904012,-0.0842784909090903,0.04445829603716461,0,0,0,0,0,0,0,0
2.7106357761913893,-0.10509029238910278,1.083,-0.033754667733570325,0.5032552490234375,-0.0034565134048461913,2.5,0,1,0,-0.2106357761913893,0.10509029238910278,-0.08299999999999996,0.033754667733570325,-0.25498387599819,0.060452564195281326,-0.056363099999999965,0.03490004005519161,0,0,0,0,0,0,0,0
2.731893936547239,-0.10439937054844718,1.078,-0.034644785652087444,0.3183410034179687,0.021119312286376955,2.5,0,1,0,-0.23189393654723922,0.10439937054844718,-0.07800000000000007,0.034644785652087444,-0.19185439922481082,0.04921512770790461,-0.038095705882353545,0.03857177646907473,0,0,0,0,0,0,0,0
2.74021411443082,-0.10140791798983818,1.073,-0.03565707661824415,0.12317351531982422,0.04916775894165039,2.5,0,1,0,-0.24021411443081986,0.10140791798983818,-0.07299999999999995,0.03565707661824415,-0.13022204560143885,0.03571656911216068,-0.03420069701492473,0.040189722735363746,0,0,0,0,0,0,0,0
2.7403308299672147,-0.09831481192010062,1.065,-0.03597123588360314,0.00009560394287109375,0.046429512023925784,2.5,0,1,0,-0.24033082996721467,0.09831481192010062,-0.06499999999999995,0.03597123588360314,-0.08763306867334998,0.032109649182041095,-0.008414960655737623,0.037516281450942414,0,0,0,0,0,0,0,0
2.733583893594687,-0.09401411918423944,1.055,-0.03656464782928119,-0.1034585952758789,0.06082901000976562,2.5,0,1,0,-0.233583893594687,0.09401411918423944,-0.05499999999999994,0.03656464782928119,-0.04741209332020586,0.02461016562988875,0.007172053846153929,0.03930347219394912,0,0,0,0,0,0,0,0
2.718701113221631,-0.08900710160150749,1.042,-0.035569810155644435,-0.22583807373046874,0.06689412689208984,2.5,0,1,0,-0.218701113221631,0.08900710160150749,-0.04200000000000004,0.035569810155644435,0.0001534687565862003,0.019553343908866188,0.030352064705881796,0.031180820419011688,0,0,0,0,0,0,0,0
2.696526326013667,-0.0832289983526228,1.03,-0.03605850234620282,-0.33549365234375,0.07478792572021484,2.5,0,1,0,-0.19652632601366715,0.0832289983526228,-0.030000000000000027,0.03605850234620282,0.059696720368189155,0.0098689835000789,0.040596235483871,0.038423141977936955,0,0,0,0,0,0,0,0
2.6710366110895696,-0.0770686881051718,1.016,-0.03715805977495927,-0.38542843627929685,0.07856076049804687,2.5,0,1,0,-0.17103661108956958,0.0770686881051718,-0.016000000000000014,0.03715805977495927,0.0803019601487052,0.007278064016223294,0.05708142835820901,0.04208145124700307,0,0,0,0,0,0,0,0
2.6442173995042872,-0.07093335359262,1.006,-0.03586651612848345,-0.40542935180664064,0.07702168273925782,2.5,0,1,0,-0.14421739950428725,0.07093335359262,-0.006000000000000005,0.03586651612848345,0.10056007209583767,0.004388392363790607,0.044145705970149295,0.030083484875606626,0,0,0,0,0,0,0,0
2.6135949456174803,-0.06502239288626419,1,-0.03581415625092364,-0.46222079467773436,0.0721361083984375,2.5,0,1,0,-0.11359494561748029,0.06502239288626419,0,0.03581415625092364,0.14856920244185493,0.00015515424237989156,0.03057786774193551,0.03556080200466653,0,0,0,0,0,0,0,0
2.585754600061106,-0.05910570608964257,0.99,-0.03593632929856323,-0.42051522827148435,0.07374040985107422,2.5,0,1,0,-0.0857546000611058,0.05910570608964257,0.010000000000000009,0.03593632929856323,0.13720228201979995,-0.000772222197797795,0.05780320303030308,0.03649166133328864,1427125638694,0,0,0,0,0,0,0
2.562136868200358,-0.05321767502452523,0.983,-0.03563962332572419,-0.35721047973632813,0.07553516387939453,2.5,0,1,0,-0.06213686820035802,0.05321767502452523,0.017000000000000015,0.03563962332572419,0.13049265533570106,-0.0045059789296775475,0.04876295000000005,0.034248814078041194,1427125638694,0,0,0,0,0,0,0
2.5355681294667414,-0.04726300573063048,0.98,-0.034732052114687176,-0.4014606628417969,0.07506282806396485,2.5,0,1,0,-0.03556812946674137,0.04726300573063048,0.020000000000000018,0.034732052114687176,0.15548890524126094,-0.006829741815530154,0.028922790909090938,0.030606728428155282,1427125638694,0,0,0,0,0,0,0
2.5122792552665207,-0.04195770794301333,0.976,-0.03520329101272564,-0.35188583374023436,0.0674008560180664,2.5,0,1,0,-0.012279255266520739,0.04195770794301333,0.02400000000000002,0.03520329101272564,0.1516321645166643,-0.006444314576297086,0.03790816153846158,0.03737823977290315,1427125638694,0,0,0,0,0,0,0
2.49273643623906,-0.036947576758609574,0.975,-0.036634460999361004,-0.295605712890625,0.0647879638671875,2.5,0,1,0,0.007263563760940173,0.036947576758609574,0.025000000000000022,0.036634460999361004,0.14123722903197936,-0.007336005610918388,0.02271681538461541,0.04323986093767808,1427125638694,0,0,0,0,0,0,0
2.476820852439809,-0.033018875710115546,0.981,-0.03558726344816439,-0.2407319793701172,0.05014704895019531,2.5,0,1,-0.036634460999361004,0.023179147560191016,0.033018875710115546,0.019000000000000017,-0.0010471975511966158,0.011589573780095508,0.016509437855057773,0.015200000000000014,-0.0010471975511966158,1427125638694,0,0,0,0,0,0,0
2.467185404794179,-0.029359461092547657,0.981,-0.03656464782928119,-0.14639321899414062,0.04971406173706055,2.5,0,1,-0.036634460999361004,0.032814595205821195,0.029359461092547657,0.019000000000000017,-0.00006981317007981325,0.06912215325588236,-0.005313903088451331,0.015321600000000013,0.004511676116405199,1427125639084,0,0,0,0,0,0,0
2.462997709860892,-0.02614831090643425,0.984,-0.036878807094640156,-0.06453426361083985,0.0458387451171875,2.5,0,1,-0.036634460999361004,0.03700229013910805,0.02614831090643425,0.016000000000000014,0.0002443460952791521,0.040754041053044227,-0.00391862335102618,-0.0028818909090909083,0.0016723427560017216,1427125639150,0,0,0,0,0,0,0
2.4589664925271144,-0.023388646419973635,0.989,-0.0377340184281174,-0.06195339584350586,0.0391373291015625,2.5,0,1,-0.036634460999361004,0.04103350747288559,0.023388646419973635,0.01100000000000001,0.0010995574287563925,0.04133899212133227,-0.0024578800151680014,-0.016633294117647072,0.004872548605861864,1427125639218,0,0,0,0,0,0,0
2.4575298299925668,-0.020036990967665164,0.989,-0.0375769387954379,-0.02343121910095215,0.049426071166992186,2.5,0,1,-0.036634460999361004,0.04247017000743325,0.020036990967665164,0.01100000000000001,0.000942477796076896,0.02944493387391152,-0.008837764979774801,0.009170200000000009,0.00018241505730513862,1427125639280,0,0,0,0,0,0,0
2.459584614067756,-0.017569865804784576,0.989,-0.03724532623755901,0.029409725189208983,0.038138668060302736,2.5,0,1,-0.036634460999361004,0.04041538593224381,0.017569865804784576,0.01100000000000001,0.0006108652381980051,0.009600481756168833,-0.004026887402034685,0.009243900000000008,-0.0008739671105134465,1427125639347,0,0,0,0,0,0,0
2.463300866389796,-0.014667856579303234,0.993,-0.03780383159819718,0.05408420562744141,0.045575664520263674,2.5,0,1,-0.036634460999361004,0.03669913361020383,0.014667856579303234,0.007000000000000006,0.001169370598836178,-0.0018234651840593925,-0.008450900269636501,-0.015786300000000014,0.0037873644768276135,1427125639411,0,0,0,0,0,0,0
2.4681892454461773,-0.01263194964607969,0.994,-0.038152897448596026,0.07211909484863281,0.03328811645507813,2.5,0,1,-0.036634460999361004,0.03181075455382265,0.01263194964607969,0.006000000000000005,0.0015184364492350222,-0.010245763908455559,-0.004552855811407853,-0.00005691538461538321,0.0031295096049219952,1427125639476,0,0,0,0,0,0,0
2.472726982778063,-0.009595989912697996,0.992,-0.03900810878207327,0.06627948760986328,0.048102542877197264,2.5,0,1,-0.036634460999361004,0.02727301722193687,0.009595989912697996,0.008000000000000007,0.0023736477827122626,-0.009530046822807347,-0.010727997944259687,0.01727621764705884,0.006146638959817734,1427125639544,0,0,0,0,0,0,0
2.4788084190874655,-0.005374346164282317,0.993,-0.03933972133995219,0.08868260192871094,0.0668339614868164,2.5,0,1,-0.036634460999361004,0.02119158091253448,0.005374346164282317,0.007000000000000006,0.002705260340591188,-0.022459056209827306,-0.020296231152488384,0.0007581500000000008,0.004259694205648652,1427125639608,0,0,0,0,0,0,0
2.4866477837078507,-0.0018623426991279945,0.991,-0.03982841353051061,0.11542760467529296,0.057264076232910154,2.5,0,1,-0.036634460999361004,0.013352216292149333,0.0018623426991279945,0.009000000000000008,0.0031939525311496034,-0.03468445937862883,-0.01758815028979668,0.01849236060606062,0.005415280670051491,1427125639674,0,0,0,0,0,0,0
2.4940309306609696,0.002807736247281421,0.989,-0.0403520123061089,0.10787008666992187,0.07440534973144532,2.5,0,1,-0.036634460999361004,0.005969069339030408,-0.002807736247281421,0.01100000000000001,0.0037175513067478974,-0.039162322167954636,-0.02809617662046611,0.021028809836065594,0.006292627252313278,1427125639735,0,0,0,0,0,0,0
2.5024855731106057,0.0068465334745085845,0.989,-0.039304814754912286,0.1242724609375,0.065648681640625,2.5,0,1,-0.036634460999361004,-0.00248557311060571,-0.0068465334745085845,0.01100000000000001,0.0026703537555512816,-0.045195032790640424,-0.02442282194368259,0.009627100000000008,-0.0020185905035380427,1427125639802,0,0,0,0,0,0,0
2.5111421688834583,0.009686048298285923,0.988,-0.03893829561199348,0.12807498168945314,0.04766220092773438,2.5,0,1,-0.036634460999361004,-0.011142168883458314,-0.009686048298285923,0.01200000000000001,0.002303834612632477,-0.052705177150586965,-0.02027918064842482,0.015972650000000015,0.0005857761302005813,1427125639866,0,0,0,0,0,0,0
2.518501808404604,0.01420623497568803,0.986,-0.03914773512223284,0.10767145538330078,0.07204889678955079,2.5,0,1,-0.036634460999361004,-0.018501808404603803,-0.01420623497568803,0.014000000000000012,0.0025132741228718336,-0.04750251308553925,-0.030633110950993497,0.022645461194029867,0.0034510629746898475,1427125639933,0,0,0,0,0,0,0
2.524334113950753,0.018052365281879958,0.987,-0.03944444109507185,0.08515962219238281,0.06107170104980469,2.5,0,1,-0.036634460999361004,-0.02433411395075291,-0.018052365281879958,0.013000000000000012,0.0028099800957108456,-0.044389815733472796,-0.030322024205205966,0.0059240444444444516,0.004222865680658522,1427125639996,0,0,0,0,0,0,0
2.5304064438281535,0.02141206209241726,0.99,-0.03886848244191372,0.08902679443359375,0.05394811630249023,2.5,0,1,-0.036634460999361004,-0.030406443828153495,-0.02141206209241726,0.010000000000000009,0.0022340214425527125,-0.04774120826036606,-0.028739074994541938,-0.0070092461538461565,-0.0004242492643309792,1427125640061,0,0,0,0,0,0,0
2.535844981564865,0.024735748310069167,0.991,-0.03817035074111597,0.07957913970947265,0.05298765563964844,2.5,0,1,-0.036634460999361004,-0.03584498156486493,-0.024735748310069167,0.009000000000000008,0.0015358897417549686,-0.046197604146999735,-0.02968935586403095,0.0031810194029850795,-0.0015900730976379147,1427125640128,0,0,0,0,0,0,0
2.5394881021894604,0.02763384056572693,0.99,-0.03904301536711314,0.05294808959960937,0.04552510070800781,2.5,0,1,-0.036634460999361004,-0.03948810218946042,-0.02763384056572693,0.010000000000000009,0.0024085543677521346,-0.039557481001514974,-0.029642489729992578,0.014737650000000014,0.00649916980211385,1427125640192,0,0,0,0,0,0,0
2.542046444101725,0.02993061716062301,0.987,-0.03930481475491227,0.037001129150390624,0.03592329406738281,2.5,0,1,-0.036634460999361004,-0.0420464441017252,-0.02993061716062301,0.013000000000000012,0.0026703537555512677,-0.034716353450444215,-0.027328649493368603,0.027907246153846176,0.0038786586223164975,1427125640257,0,0,0,0,0,0,0
2.542429169490411,0.031488507777298023,0.99,-0.040125119503349634,0.004818194389343262,0.023575897216796874,2.5,0,1,-0.036634460999361004,-0.04242916949041087,-0.031488507777298023,0.010000000000000009,0.0034906585039886293,-0.02322043690106827,-0.0241494455259556,-0.006735446153846155,0.007276680419853375,1427125640322,0,0,0,0,0,0,0
2.5448778978584197,0.03213535722740426,0.99,-0.03858922976159462,0.03631214141845703,0.01116836929321289,2.5,0,1,-0.036634460999361004,-0.04487789785841967,-0.03213535722740426,0.010000000000000009,0.001954768762233619,-0.03559860314580521,-0.019588151951682346,0.009483400000000008,-0.005133953122789504,1427125640387,0,0,0,0,0,0,0
2.5453423955252177,0.03183190995208318,0.993,-0.03804817769347635,0.007137881278991699,-0.004279518127441406,2.5,0,1,-0.036634460999361004,-0.04534239552521768,-0.03183190995208318,0.007000000000000006,0.001413716694115344,-0.02496736186759724,-0.014480126619341432,-0.007655632394366204,-0.0008724188049759594,1427125640458,0,0,0,0,0,0,0
2.5435743988608683,0.032319297775392115,0.993,-0.03837979025135527,-0.026778852462768555,0.006296733856201172,2.5,0,1,-0.036634460999361004,-0.043574398860868335,-0.032319297775392115,0.007000000000000006,0.0017453292519942626,-0.011506417068673462,-0.019082174595804236,0.007175100000000007,0.0034033920413888558,1427125640518,0,0,0,0,0,0,0
2.541560936956894,0.03263704707199122,0.991,-0.03632030173400197,-0.03036256980895996,0.003603870391845703,2.5,0,1,-0.036634460999361004,-0.04156093695689389,-0.03263704707199122,0.009000000000000008,-0.0003141592653590347,-0.009998296656601633,-0.018130125439650063,0.019602830769230785,-0.009819490883912714,1427125640583,0,0,0,0,0,0,0
2.539066095972473,0.03171154871298652,0.988,-0.03574434308084387,-0.03689382934570312,-0.015232221603393555,2.5,0,1,-0.036634460999361004,-0.039066095972473125,-0.03171154871298652,0.01200000000000001,-0.0008901179185171332,-0.006184227924370093,-0.010993578313559906,0.027465446153846176,-0.0035483886254006644,1427125640648,0,0,0,0,0,0,0
2.5362065489101324,0.030928534004530706,0.988,-0.03560471674068427,-0.04244607162475586,-0.013270581245422363,2.5,0,1,-0.036634460999361004,-0.03620654891013242,-0.030928534004530706,0.01200000000000001,-0.001029744258676732,-0.003047845137827427,-0.011453585767448341,0.011390800000000012,-0.0016644094412203625,1427125640714,0,0,0,0,0,0,0
2.5336394135434306,0.029115235686630745,0.987,-0.0350462113800461,-0.03751440048217773,-0.028552978515625,2.5,0,1,-0.036634460999361004,-0.033639413543430585,-0.029115235686630745,0.013000000000000012,-0.0015882496193149048,-0.0029110498670277003,-0.004801445909982027,0.017742750000000015,-0.00420624349730634,1427125640778,0,0,0,0,0,0,0
2.5301850309397906,0.02781579139683306,0.987,-0.035238197597765475,-0.0511009521484375,-0.02129526901245117,2.5,0,1,-0.036634460999361004,-0.030185030939790636,-0.02781579139683306,0.013000000000000012,-0.0013962634015955294,0.00307589340308473,-0.007195564917523685,0.012359800000000013,-0.0005235987755983685,1427125640844,0,0,0,0,0,0,0
2.526974852174702,0.02739422421719442,0.99,-0.03455751918948771,-0.047900005340576174,-0.00801604461669922,2.5,0,1,-0.036634460999361004,-0.02697485217470197,-0.02739422421719442,0.010000000000000009,-0.0020769418098732922,0.0036303314722141936,-0.011623602898211231,-0.006129046153846155,-0.005218534463462966,1427125640909,0,0,0,0,0,0,0
2.5241807731687538,0.026110205588205784,0.991,-0.03399901382884951,-0.04122070693969727,-0.02069683837890625,0,0,1,0,-2.5241807731687538,-0.026110205588205784,0.009000000000000008,0.03399901382884951,-1.2620903865843769,-0.013055102794102892,0.007200000000000007,0.03399901382884951,0,0,0,0,0,0,0,0
2.523045595749932,0.024186969046690897,0.991,-0.032463124087094536,-0.016037187576293944,-0.029410688400268555,0,0,1,0,-2.523045595749932,-0.024186969046690897,0.009000000000000008,0.032463124087094536,-1.257395643930257,-0.0022109200515588127,0.007261200000000007,0.025687139932293174,0,0,0,0,0,0,0,0
2.519096747567849,0.022998718931672383,0.993,-0.030822514590219872,-0.05862300109863281,-0.019736902236938476,0,0,1,0,-2.519096747567849,-0.022998718931672383,0.007000000000000006,0.030822514590219872,-1.2409130302839877,-0.004928906269834263,-0.005405811111111115,0.023010088414626234,0,0,0,0,0,0,0,0
2.517092537845394,0.02242364341703905,0.993,-0.02918190509334515,-0.029783029556274414,-0.009548510551452637,0,0,1,0,-2.517092537845394,-0.02242364341703905,0.007000000000000006,0.02918190509334515,-1.2526931825228458,-0.008160772945209045,0.0057508000000000056,0.021609861261615657,0,0,0,0,0,0,0,0
2.514441171893239,0.02090229905952385,0.995,-0.02747148242639072,-0.039087715148925783,-0.023970863342285157,0,0,1,0,-2.514441171893239,-0.02090229905952385,0.0050000000000000044,0.02747148242639072,-1.2495171989178082,-0.002318393491476247,-0.006585930769230774,0.019577223963524126,0,0,0,0,0,0,0,0
2.507519661066334,0.018075519176923724,0.999,-0.027872908154349424,-0.10261879730224609,-0.04523750305175781,0,0,1,0,-2.507519661066334,-0.018075519176923724,0.0010000000000000009,0.027872908154349424,-1.2246932434969335,0.0061125155743545784,-0.020548661538461552,0.029725642283389597,0,0,0,0,0,0,0,0
2.4980513446713237,0.014240763741384884,1.003,-0.027419122548830915,-0.14036650085449218,-0.06145711898803711,0,0,1,0,-2.4980513446713237,-0.014240763741384884,-0.0029999999999998916,0.027419122548830915,-1.2094410990814004,0.012831534049656226,-0.023125822388059047,0.025387246703225654,0,0,0,0,0,0,0,0
2.484332226290496,0.009099199552279235,1.008,-0.026581364507873628,-0.20359503173828125,-0.08273625946044921,0,0,1,0,-2.484332226290496,-0.009099199552279235,-0.008000000000000007,0.026581364507873628,-1.1773906991579093,0.023928524629513632,-0.03405847777777842,0.02259204050331512,0,0,0,0,0,0,0,0
2.4618198165615843,0.004988532369543801,1.008,-0.026284658535034616,-0.33592803955078127,-0.07061332702636719,0,0,1,0,-2.4618198165615843,-0.004988532369543801,-0.008000000000000007,0.026284658535034616,-1.1245926287236645,0.019215312930204273,-0.006333500000000006,0.024935995022130016,0,0,0,0,0,0,0,0
2.4340079003210064,0.00011414231291970948,1.008,-0.0252549142763579,-0.415113037109375,-0.08405473327636719,0,0,1,0,-2.4340079003210064,-0.00011414231291970948,-0.008000000000000007,0.0252549142763579,-1.0818962946605861,0.026100156819809053,-0.006385500000000006,0.020502248467080757,0,0,0,0,0,0,0,0
2.3988283475860204,-0.005452394117989714,1.008,-0.024417156235400642,-0.52541650390625,-0.0967968521118164,0,0,1,0,-2.3988283475860204,0.005452394117989714,-0.008000000000000007,0.024417156235400642,-1.02619386790298,0.03261391110682301,-0.006437500000000006,0.020550580661751753,0,0,0,0,0,0,0,0
2.3594903928497826,-0.012345700805364443,1.005,-0.0246789556231998,-0.5873689575195312,-0.11777516174316406,0,0,1,0,-2.3594903928497826,0.012345700805364443,-0.004999999999999893,0.0246789556231998,-0.9889001490493328,0.04265046915937465,0.011838590909091597,0.025868952840468695,0,0,0,0,0,0,0,0
2.310733081220616,-0.019012893343458515,1.006,-0.025708699881876435,-0.7286691284179687,-0.11802479553222656,0,0,1,0,-2.310733081220616,0.019012893343458515,-0.006000000000000005,0.025708699881876435,-0.907969180460229,0.045902028621633825,-0.010377650000000616,0.03053562609442316,0,0,0,0,0,0,0,0
2.2512873218929843,-0.028920355109727184,1.005,-0.02624975194999471,-0.887571533203125,-0.17148439025878906,0,0,1,0,-2.2512873218929843,0.028920355109727184,-0.004999999999999893,0.02624975194999471,-0.8262586353019397,0.06776121959202651,0.001243215384616074,0.028746915341309826,0,0,0,0,0,0,0,0
2.186230025385144,-0.03823312570733402,1,-0.026267205242514607,-0.9718568115234375,-0.1652565612792969,0,0,1,0,-2.186230025385144,0.03823312570733402,0,0.026267205242514607,-0.7702646342761773,0.06848087238893644,0.02637375151515095,0.026346538390332325,0,0,0,0,0,0,0,0
2.119659071689537,-0.043525376526134904,1,-0.02696533694331238,-0.9961348876953126,-0.10558285522460938,0,0,1,0,-2.119659071689537,0.043525376526134904,0,0.02696533694331238,-0.7248987692013937,0.05026611978695884,-0.000141399999999998,0.03018748325468671,0,0,0,0,0,0,0,0
2.0407893715945935,-0.051721470337928975,0.984,-0.02811725424962863,-1.1793006591796875,-0.1547940673828125,0,0,1,0,-2.0407893715945935,0.051721470337928975,0.016000000000000014,0.02811725424962863,-0.627021411982661,0.06936570153554339,0.09761268484848493,0.0333532420056116,0,0,0,0,0,0,0,0
1.9587049811278672,-0.06016213444085032,0.975,-0.028937558998065993,-1.2272197265625,-0.1611751708984375,0,0,1,0,-1.9587049811278672,0.06016213444085032,0.025000000000000022,0.028937558998065993,-0.5565821871667072,0.07632028531547422,0.06934295000000006,0.03278273750636612,0,0,0,0,0,0,0,0
1.8716162273961876,-0.06819727975781195,0.972,-0.028850292535466227,-1.302297119140625,-0.1582734832763672,0,0,1,0,-1.8716162273961876,0.06819727975781195,0.028000000000000025,0.028850292535466227,-0.49421392804300224,0.07748847148427834,0.03886004615384619,0.028447524246544228,0,0,0,0,0,0,0,0
1.7812877612726947,-0.07231306263292141,0.968,-0.030386182277221258,-1.352582275390625,-0.10079566955566406,0,0,1,0,-1.7812877612726947,0.07231306263292141,0.03200000000000003,0.030386182277221258,-0.43276292683939593,0.05848910711026353,0.04765266153846158,0.03747490416224448,0,0,0,0,0,0,0,0
1.6729254481612246,-0.0704927450659819,0.966,-0.030298915814621546,-1.625513916015625,-0.02209099578857422,0,0,1,0,-1.6729254481612246,0.0704927450659819,0.03400000000000003,0.030298915814621546,-0.2825638418897034,0.025661150846207622,0.0387044307692308,0.029896147525699805,0,0,0,0,0,0,0,0
1.552915026976018,-0.06789938960462451,0.966,-0.02865830631774688,-1.800508544921875,-0.01565196228027344,0,0,1,0,-1.552915026976018,0.06789938960462451,0.03400000000000003,0.02865830631774688,-0.1801683519887156,0.02066429640664461,0.02816300000000003,0.02131229364517374,0,0,0,0,0,0,0,0
1.4295896817346854,-0.06588401973047486,0.965,-0.028274333882308128,-1.84998681640625,-0.02278904151916504,0,0,1,0,-1.4295896817346854,0.06588401973047486,0.03500000000000003,0.028274333882308128,-0.07190524564481215,0.022224602518688977,0.034655750000000034,0.026474463091188984,0,0,0,0,0,0,0,0
1.3036858777361784,-0.061195258232269546,0.966,-0.027995081201989017,-1.88979052734375,0.01691273307800293,0,0,1,0,-1.3036858777361784,0.061195258232269546,0.03400000000000003,0.027995081201989017,-0.03624104654452365,0.00681005730367747,0.023471141176470617,0.026763084082934117,0,1,0,0,0,0,0,0
1.1864803409504063,-0.05401562825059253,0.965,-0.02834414705238789,-1.76040869140625,0.058441001892089846,0,0,1,0,-1.1864803409504063,0.05401562825059253,0.03500000000000003,0.02834414705238789,0.03523597802505973,-0.013143106008285527,0.03528036129032261,0.030033175360769528,0,1,0,0,0,0,0,0
1.0690697601851886,-0.047167062873893946,0.967,-0.029775317039023256,-1.7633626708984376,0.05277536010742188,0,0,1,0,-1.0690697601851886,0.047167062873893946,0.03300000000000003,0.029775317039023256,0.06381303329404708,-0.012883451344279716,0.01748046923076925,0.036380716977340334,0,1,0,0,0,0,0,0
0.9553525628797462,-0.04191383912103424,0.968,-0.031031954100459114,-1.7073477783203126,0.027981449127197265,0,0,1,0,-0.9553525628797462,0.04191383912103424,0.03200000000000003,0.031031954100459114,0.05637805217494585,-0.004869951807707929,0.022673700000000026,0.03641754150661279,0,0,0,0,0,0,0,0
0.8445766699832246,-0.036595445141049815,0.968,-0.03120648702565862,-1.6633135986328125,0.028181890487670898,0,0,1,0,-0.8445766699832246,0.036595445141049815,0.03200000000000003,0.03120648702565862,0.1782642057991507,-0.011756082106858173,0.02786890000000003,0.032064845674180775,0,0,0,0,0,0,0,0
0.738378346233912,-0.030716872289381986,0.97,-0.0299673032567426,-1.5949505615234374,0.03843257904052735,0,0,1,0,-0.738378346233912,0.030716872289381986,0.030000000000000027,0.0299673032567426,0.1671211641578233,-0.01581388108738431,0.01569466923076925,0.02424799355405328,0,0,0,0,0,0,0,0
0.6378000565387106,-0.024498551281285322,0.975,-0.027454029133870794,-1.510791748046875,0.04802880096435547,0,0,1,0,-0.6378000565387106,0.024498551281285322,0.025000000000000022,0.027454029133870794,0.18673401713884386,-0.02073653068310123,-0.00429667692307692,0.015854302412924,0,0,0,0,0,0,0,0
0.5440049261512298,-0.018359250361383903,0.984,-0.028047441079548874,-1.4089246826171875,0.053433849334716794,0,0,1,0,-0.5440049261512298,0.018359250361383903,0.016000000000000014,0.028047441079548874,0.19675327516593744,-0.023368754847727262,-0.03293113846153849,0.030786265444216934,0,0,0,0,0,0,0,0
0.4581029135399226,-0.012313355077795855,0.992,-0.026755897433073054,-1.290566650390625,0.05451752471923828,0,0,1,0,-0.4581029135399226,0.012313355077795855,0.008000000000000007,0.026755897433073054,0.18308850735782262,-0.024908713421054246,-0.03260704477611942,0.020972866180196247,0,0,0,0,0,0,0,0
0.38118745186900643,-0.007139349597109256,1.002,-0.029094638630745465,-1.155395263671875,0.04671685409545898,0,0,1,0,-0.38118745186900643,0.007139349597109256,-0.0020000000000000018,0.029094638630745465,0.19319185231216857,-0.02420345438664058,-0.05351630000000004,0.0400574879948349,0,0,0,0,0,0,0,0
0.3135771829175583,-0.002261176933824964,1.011,-0.029949849964222706,-1.0158534545898437,0.04363933944702148,0,0,1,0,-0.3135771829175583,0.002261176933824964,-0.010999999999999899,0.029949849964222706,0.17021702496012475,-0.02461281205230171,-0.05456183846153781,0.033896979195656124,0,0,0,0,0,0,0,0
0.2552378727402923,0.0020712506657321575,1.021,-0.029286624848464837,-0.8766432495117188,0.038752384185791015,0,0,1,0,-0.2552378727402923,-0.0020712506657321575,-0.020999999999999908,0.029286624848464837,0.14930022818588065,-0.02384174489878977,-0.0680829538461538,0.02622558585265929,0,0,0,0,0,0,0,0
0.2058930199655473,0.005661812925574976,1.034,-0.02946115777366426,-0.7414324951171875,0.03216127395629883,0,0,1,0,-0.2058930199655473,-0.005661812925574976,-0.03400000000000003,0.02946115777366426,0.12540713040439322,-0.021646046685574245,-0.09485780000000066,0.030266694351507747,0,0,0,0,0,0,0,0
0.1442147463736475,0.007712458924011567,1.042,-0.029618237406343756,-0.9256787109375,0.003493584394454956,0,0,1,0,-0.1442147463736475,-0.007712458924011567,-0.04200000000000004,0.029618237406343756,0.21264652659190297,-0.014055070091081817,-0.07333024477611946,0.030321579045207173,0,0,0,0,0,0,0,0
0.0895920253861516,0.009587959216787957,1.05,-0.02844886680750755,-0.8198145751953125,0.003856282949447632,0,0,1,0,-0.0895920253861516,-0.009587959216787957,-0.050000000000000044,0.02844886680750755,0.2164186169156687,-0.014543268914910434,-0.08200920000000006,0.022967442125462836,1427125643386,0,0,0,0,0,0,0
0.03941415930191975,0.00896220291590644,1.054,-0.030159289474462,-0.752096435546875,-0.030792209625244142,0,0,1,0,-0.03941415930191975,-0.00896220291590644,-0.05400000000000005,0.030159289474462,0.2129524350381955,-0.0006101169654974974,-0.0633486615384616,0.038053547937328694,1427125643386,0,0,0,0,0,0,0
-0.0015245999584921422,0.008027473195106355,1.062,-0.031014500807939212,-0.6133793334960937,-0.03253202056884766,0,0,1,0,0.0015245999584921422,-0.008027473195106355,-0.062000000000000055,0.031014500807939212,0.18367376891472853,0.0015157330676564742,-0.09169012307692315,0.0349616300393725,1427125643386,0,0,0,0,0,0,0
-0.03334158849742146,0.007426796962679626,1.059,-0.031136673855578802,-0.47674591064453126,-0.02380525779724121,0,0,1,0,0.03334158849742146,-0.007426796962679626,-0.05899999999999994,0.031136673855578802,0.15048670825488725,0.000012494213064485372,-0.030442853846153185,0.03170054946006922,1427125643386,0,0,0,0,0,0,0
-0.0590283082730356,0.006325240960924468,1.058,-0.03136356665833806,-0.3845996398925781,-0.02851037788391113,0,0,1,0,0.0590283082730356,-0.006325240960924468,-0.05800000000000005,0.03136356665833806,0.12826423420283392,0.0031662719304025922,-0.04087646969697032,0.03239489757997105,1427125643386,0,0,0,0,0,0,0
-0.08499075277742915,0.00486709183256707,1.057,-0.03352777493081105,-0.38855926513671873,-0.03407360076904297,0,0,1,-0.03136356665833806,0.08499075277742915,-0.00486709183256707,-0.05699999999999994,0.0021642082724729894,0.042495376388714576,-0.002433545916283535,-0.04559999999999995,0.0021642082724729894,1427125643386,0,0,0,0,0,0,0
-0.105877676450984,0.0029044154212604914,1.052,-0.036302848441482044,-0.31214089965820313,-0.0399260139465332,0,0,1,-0.03136356665833806,0.105877676450984,-0.0029044154212604914,-0.052000000000000046,0.004939281783143984,0.16377270666989205,0.008954007859393273,-0.015428048484849095,0.017553252286193956,0,0,0,0,0,0,0,0
-0.11614920038261631,-0.002965932993874119,1.044,-0.0386241363466345,-0.150775390625,-0.09358926391601563,0,0,1,-0.03136356665833806,0.11614920038261631,0.002965932993874119,-0.04400000000000004,0.007260569688296442,0.1135281822237269,0.033092545828391405,0.007247723076923077,0.01797420617361548,0,0,0,0,0,0,0,0
-0.12126138096462355,-0.0076627226021271835,1.036,-0.04049163864626845,-0.07390505218505859,-0.07336036682128906,0,0,1,-0.03136356665833806,0.12126138096462355,0.0076627226021271835,-0.03600000000000003,0.009128071987930392,0.08838201283745335,0.029126758595924073,0.013413723076923081,0.01774731337085631,0,0,0,0,0,0,0,0
-0.12516224157257622,-0.013606549844672088,1.029,-0.04391248398017733,-0.05485580444335938,-0.09145296478271485,0,0,1,-0.03136356665833806,0.12516224157257622,0.013606549844672088,-0.028999999999999915,0.01254891732183927,0.08357430602192957,0.03833754294038556,0.012866612121212803,0.02809821429415235,0,0,0,0,0,0,0,0
-0.12525518461346108,-0.017518572624059377,1.019,-0.0472984227290463,0.0011831698417663573,-0.05868497467041016,0,0,1,-0.03136356665833806,0.12525518461346108,0.017518572624059377,-0.018999999999999906,0.015934856070708242,0.0635228411034935,0.03017834480814017,0.03831130000000012,0.03180644395603155,0,0,0,0,0,0,0,0
-0.12199317502458701,-0.020759549850476358,1.012,-0.049968776484597605,0.0511739616394043,-0.04624683380126953,0,0,1,-0.03136356665833806,0.12199317502458701,0.020759549850476358,-0.01200000000000001,0.018605209826259544,0.04416553385115898,0.027605660592596098,0.026265812121211554,0.030743181442401825,0,0,0,0,0,0,0,0
-0.11753627315730412,-0.02271979738842514,1.002,-0.05295328950550792,0.06823873901367188,-0.02602781295776367,0,0,1,-0.03136356665833806,0.11753627315730412,0.02271979738842514,-0.0020000000000000018,0.02158972284716986,0.034937159744209564,0.02213342831193612,0.05181930000000004,0.03557962763268697,0,0,0,0,0,0,0,0
-0.10956612141012269,-0.025691836406854872,0.999,-0.05637413483941682,0.12174428558349609,-0.03819036865234375,0,0,1,-0.03136356665833806,0.10956612141012269,0.025691836406854872,0.0010000000000000009,0.02501056818107876,0.01313212336239973,0.028677113686543423,0.015447490909090922,0.04055986515339194,0,0,0,0,0,0,0,0
-0.09586479285112894,-0.02805615998747478,0.995,-0.05845107664929009,0.2071916809082031,-0.023828641891479492,0,0,1,-0.03136356665833806,0.09586479285112894,0.02805615998747478,0.0050000000000000044,0.02708750999095203,-0.02190894067654963,0.0262868532364319,0.02336063529411767,0.036250488563922344,1427125644301,0,0,0,0,0,0,0
-0.08374571875005275,-0.030956676648293182,0.989,-0.06085963101704223,0.1840172882080078,-0.03281390380859375,0,0,1,-0.03136356665833806,0.08374571875005275,0.030956676648293182,0.01100000000000001,0.029496064358704173,-0.02472236332105409,0.03170128317481231,0.04097503333333337,0.04096537087180961,1427125644301,0,0,0,0,0,0,0
-0.06987637320665906,-0.0333281968330236,0.985,-0.06274458660919607,0.20981863403320314,-0.0228535099029541,0,0,1,-0.03136356665833806,0.06987637320665906,0.0333281968330236,0.015000000000000013,0.03138101995085801,-0.04013210920390972,0.029763642874403994,0.03281270000000003,0.04021674928907914,1427125644301,0,0,0,0,0,0,0
-0.05997687604269716,-0.03579980902399986,0.981,-0.0642804763509511,0.15052493286132812,-0.027690242767333985,0,0,1,-0.03136356665833806,0.05997687604269716,0.03579980902399986,0.019000000000000017,0.032916909692613044,-0.011960898105326814,0.028739001568434765,0.03157555061728398,0.03860539021763168,1427125644301,0,0,0,0,0,0,0
-0.04756913123469309,-0.03837502199364448,0.98,-0.06716026961674174,0.18821311950683595,-0.026593017578125,0,0,1,-0.03136356665833806,0.04756913123469309,0.03837502199364448,0.020000000000000018,0.035796702958403676,-0.04216917912612164,0.03323827742908478,0.020606215384615406,0.04908805649282197,1427125644574,0,0,0,0,0,0,0
-0.0380123936890806,-0.04122929615973163,0.979,-0.0684343599706976,0.14590113830566406,-0.03309733200073242,0,0,1,-0.03136356665833806,0.0380123936890806,0.04122929615973163,0.02100000000000002,0.037070793312359546,-0.030791194940023258,0.03596239686850096,0.021463230303030323,0.04286211310306805,1427125644640,0,0,0,0,0,0,0
-0.026248073223241162,-0.042908235282978636,0.978,-0.07010987605261218,0.17777386474609375,-0.013058305740356446,0,0,1,-0.03136356665833806,0.026248073223241162,0.042908235282978636,0.02200000000000002,0.03874630939427412,-0.050313015151149006,0.03087472363504595,0.02256975000000002,0.04660029102824868,1427125644704,0,0,0,0,0,0,0
-0.015578246280852687,-0.04625163687267661,0.978,-0.07143632628412788,0.16316741943359375,-0.038816104888916014,0,0,1,-0.03136356665833806,0.015578246280852687,0.04625163687267661,0.02200000000000002,0.04007275962578982,-0.048754589519869995,0.04139772130044035,0.017244000000000016,0.04619483761740076,1427125644769,0,0,0,0,0,0,0
-0.00795730036306522,-0.04774911756926416,0.98,-0.07374016089676036,0.11562588500976563,-0.014245678901672363,0,0,1,-0.03136356665833806,0.00795730036306522,0.04774911756926416,0.020000000000000018,0.0423765942384223,-0.03614283856259923,0.03223792453532877,0.00500476923076924,0.05300967706595681,1427125644834,0,0,0,0,0,0,0
-0.0003486800509601537,-0.050441396327339585,0.984,-0.07539822368615501,0.11679438781738281,-0.031866146087646485,0,0,1,-0.03136356665833806,0.0003486800509601537,0.050441396327339585,0.016000000000000014,0.04403465702781695,-0.03925980003492297,0.039831233477211445,-0.008532521212121212,0.05157130607051989,1427125644900,0,0,0,0,0,0,0
0.0038123606305034956,-0.05292291326509237,0.987,-0.0779813109791066,0.06504215240478516,-0.03241543197631836,0,0,1,-0.03136356665833806,-0.0038123606305034956,0.05292291326509237,0.013000000000000012,0.04661774432076854,-0.023399658000139222,0.04019117028163864,-0.005789746153846153,0.05853968567285281,1427125644965,0,0,0,0,0,0,0
0.009069850603473338,-0.05541970631430752,0.989,-0.07799876427162655,0.08154027557373048,-0.031194520950317384,0,0,1,-0.03136356665833806,-0.009069850603473338,0.05541970631430752,0.01100000000000001,0.04663519761328849,-0.031093375975906504,0.04115763249382627,-0.0016099611940298495,0.046713346684273356,1427125645032,0,0,0,0,0,0,0
0.010554767208299993,-0.05866669193424537,0.991,-0.07953465401338156,0.026001091003417968,-0.04682114028930664,0,0,1,-0.03136356665833806,-0.010554767208299993,0.05866669193424537,0.009000000000000008,0.048171087355043496,-0.012627520616344796,0.04781394555481175,-0.0038166111111111118,0.05548484803006732,1427125645095,0,0,0,0,0,0,0
0.0128043031198272,-0.06217040404734601,0.995,-0.08038986534685877,0.03781196212768555,-0.049708629608154295,0,0,1,-0.03136356665833806,-0.0128043031198272,0.06217040404734601,0.0050000000000000044,0.04902629868852071,-0.01708995246702085,0.04960308083330106,-0.016459735294117657,0.052799289865626056,1427125645163,0,0,0,0,0,0,0
0.012019819205745583,-0.065554302527459,0.997,-0.08271115325201123,-0.00765318250656128,-0.05153950119018555,0,0,1,-0.03136356665833806,-0.012019819205745583,0.065554302527459,0.0030000000000000027,0.05134758659367317,-0.0007685453666871848,0.052101952937736076,-0.008563711111111115,0.062401338522970584,1427125645226,0,0,0,0,0,0,0
0.013064776765048797,-0.06981077828723407,0.997,-0.08381071068076766,0.0208956298828125,-0.06233390045166016,0,0,1,-0.03136356665833806,-0.013064776765048797,0.06981077828723407,0.0030000000000000027,0.0524471440224296,-0.011036610187484483,0.05738655726272053,0.002567800000000004,0.05729813267870799,1427125645294,0,0,0,0,0,0,0
0.013620266053088822,-0.07425870412098443,0.997,-0.08499753457212376,0.0138883056640625,-0.06578717803955078,0,0,1,-0.03136356665833806,-0.013620266053088822,0.07425870412098443,0.0030000000000000027,0.053633967913785704,-0.009030529173514937,0.062459671123093426,0.0025867000000000043,0.05928551025357667,1427125645357,0,0,0,0,0,0,0
0.013778018116459977,-0.07755877287557421,0.996,-0.08569566627292151,0.006560139656066895,-0.04912144088745117,0,0,1,-0.03136356665833806,-0.013778018116459977,0.07755877287557421,0.0040000000000000036,0.05433209961458345,-0.006894878133133688,0.05749589504030071,0.00888105000000001,0.057604591962072876,1427125645421,0,0,0,0,0,0,0
0.011927816898256548,-0.0833487486217266,0.994,-0.08719664942963666,-0.02021764373779297,-0.08890633392333984,0,0,1,-0.03136356665833806,-0.011927816898256548,0.0833487486217266,0.006000000000000005,0.0558330827712986,0.004847797935717467,0.07357460107760028,0.015820530769230783,0.06276069734075315,1427125645486,0,0,0,0,0,0,0
0.013002158113086646,-0.0877750484508835,0.994,-0.08866272600131186,0.0218359375,-0.06473884582519532,0,0,1,-0.03136356665833806,-0.013002158113086646,0.0877750484508835,0.006000000000000005,0.057299159342973804,-0.011272936288530048,0.06779222958946193,0.005091500000000007,0.0638636813056986,1427125645553,0,0,0,0,0,0,0
0.011923404872972736,-0.09375412750919773,0.991,-0.0896575636749487,-0.008176331520080566,-0.0907667007446289,0,0,1,-0.03136356665833806,-0.011923404872972736,0.09375412750919773,0.009000000000000008,0.058293997016610644,0.0006795916380049165,0.07991528859062724,0.023703846153846173,0.06288555551031913,1427125645618,0,0,0,0,0,0,0
