0,0,0.709,0,-0.04233854293823242,-0.021241676330566405,0,0,1,0,0,0,0.29100000000000004,0,0,0,0.23280000000000003,0,0,0,0,0,0,0,0,0
-0.002046795908610026,-0.0021078453063964843,0.707,0.00027925268031911426,-0.03070193862915039,-0.031617679595947266,0,0,1,0,0.002046795908610026,0.0021078453063964843,0.29300000000000004,-0.00027925268031911426,0.011407108330634257,0.011747346011949067,0.24656662753623193,-0.001493394768663089,0,0,0,0,0,0,0,0
-0.003968130854494277,-0.0037629128791112623,0.711,0.0010122909661567092,-0.028826955795288087,-0.02481796455383301,0,0,1,0,0.003968130854494277,0.0037629128791112623,0.28900000000000003,-0.0010122909661567092,0.013011951244433644,0.011381495581315472,0.21203378032786888,-0.00461739728994816,0,0,0,0,0,0,0,0
-0.005364364740880311,-0.004709096617926475,0.708,0.00013962634015957098,-0.02095786476135254,-0.014171547889709472,0,0,1,0,0.005364364740880311,0.004709096617926475,0.29200000000000004,-0.00013962634015957098,0.009772062431618414,0.007161030108867922,0.2546167913043479,0.003654567685914943,0,0,0,0,0,0,0,0
-0.00563701145691151,-0.006623825485893428,0.71,0.0012566370614359446,-0.004093710899353027,-0.028720361709594727,0,0,1,0,0.00563701145691151,0.006623825485893428,0.29000000000000004,-0.0012566370614359446,0.004393844969571561,0.014309101585710485,0.22809299016393447,-0.0067501324119754865,0,0,0,0,0,0,0,0
-0.005386408251629269,-0.008227363916102695,0.71,0.001099557428756448,0.003728819131851196,-0.024057781219482422,0,0,1,0,0.005386408251629269,0.008227363916102695,0.29000000000000004,-0.001099557428756448,0.0014367179061984749,0.012264289027501917,0.24156940000000005,-0.0004166025040629849,0,0,0,0,0,0,0,0
-0.004094173491808472,-0.010290503323681583,0.712,0.001047197551196588,0.0193494815826416,-0.03096838569641113,0,0,1,0,0.004094173491808472,0.010290503323681583,0.28800000000000003,-0.001047197551196588,-0.005350188085590735,0.017005930475753418,0.23025079016393446,-0.0007896899566398999,0,0,0,0,0,0,0,0
-0.0008213517258497673,-0.01299581215620627,0.716,0.0009948376736367837,0.0490498046875,-0.040631019592285156,0,0,1,0,0.0008213517258497673,0.01299581215620627,0.28400000000000003,-0.0009948376736367837,-0.015935671115478812,0.02005654099769591,0.22051420000000002,-0.000770438198380479,0,0,0,0,0,0,0,0
0.0033217553425805794,-0.016130849602383337,0.722,0.0019373154697137351,0.06209979248046875,-0.047087364196777344,0,0,1,0,-0.0033217553425805794,0.016130849602383337,0.278,-0.0019373154697137351,-0.025813233438949697,0.02639491250395532,0.2023822,-0.0066497044500984925,0,0,0,0,0,0,0,0
0.009682099626301033,-0.01951874963198601,0.727,0.0005934119456780795,0.09530653381347656,-0.05100323486328125,0,0,1,0,-0.009682099626301033,0.01951874963198601,0.273,-0.0005934119456780795,-0.03663377990330691,0.026754307355479526,0.2102932,0.0051661745859033015,0,0,0,0,0,0,0,0
0.016564041329123688,-0.023089999839136753,0.735,0.0013962634015954878,0.10319731903076172,-0.05363000106811523,0,0,1,0,-0.016564041329123688,0.023089999839136753,0.265,-0.0013962634015954878,-0.0484276276940456,0.03244657918599101,0.1838165333333333,-0.005410520681182529,0,0,0,0,0,0,0,0
0.02775877510294789,-0.02579756911481444,0.745,0.002024581932313446,0.1678641357421875,-0.04084796142578125,0,0,1,0,-0.02775877510294789,0.02579756911481444,0.255,-0.002024581932313446,-0.0698734346595186,0.026523975625552653,0.17426819999999998,-0.00471737563539041,0,0,0,0,0,0,0,0
0.03634942281087384,-0.03109994256916318,0.754,0.0019198621771937818,0.12869842529296874,-0.07979632568359375,0,0,1,0,-0.03634942281087384,0.03109994256916318,0.246,-0.0019198621771937818,-0.06750786439512904,0.04607974118556906,0.16692945573770487,-0.0014048469880806784,0,0,0,0,0,0,0,0
0.04624322642928605,-0.03500964640219301,0.766,0.001797689129554192,0.148294189453125,-0.05893037033081055,0,0,1,0,-0.04624322642928605,0.03500964640219301,0.23399999999999999,-0.001797689129554192,-0.07266555295204287,0.037184164773451406,0.15060679999999996,-0.0012740903539559495,0,0,0,0,0,0,0,0
0.05453977117198932,-0.03818680083951972,0.78,0.0022863813201125793,0.12436229705810548,-0.04788095855712891,0,0,1,0,-0.05453977117198932,0.03818680083951972,0.21999999999999997,-0.0022863813201125793,-0.07577404209313907,0.037780535791875076,0.11906013333333325,-0.004729842272904516,0,0,0,0,0,0,0,0
0.0627508092105704,-0.04261784966463821,0.793,0.0020420352248333995,0.1230132827758789,-0.06674716186523437,0,0,1,0,-0.0627508092105704,0.04261784966463821,0.20699999999999996,-0.0020420352248333995,-0.07258216587267999,0.04364773594038626,0.12677579999999994,-0.0009948376736369146,0,0,0,0,0,0,0,0
0.06956362860295463,-0.04511137846392819,0.803,0.002460914245312001,0.1021156997680664,-0.03761153411865235,0,0,1,0,-0.06956362860295463,0.04511137846392819,0.19699999999999995,-0.002460914245312001,-0.07343597913754701,0.036843597523142736,0.12854558709677413,-0.0044877482153697495,0,0,0,0,0,0,0,0
0.07563481460528874,-0.04691886086114054,0.816,0.0023212879051524578,0.09100079345703126,-0.027336263656616212,0,0,1,0,-0.07563481460528874,0.04691886086114054,0.18400000000000005,-0.0023212879051524578,-0.06931229098340123,0.0330060895140241,0.10893663529411825,-0.0017052893456250611,0,0,0,0,0,0,0,0
0.08227188925746616,-0.049613651393467975,0.825,0.0019198621771937814,0.09946202087402344,-0.04065284729003906,0,0,1,0,-0.08227188925746616,0.049613651393467975,0.17500000000000004,-0.0019198621771937814,-0.07951383855248406,0.040542443776995216,0.1180765557377049,0.00005436271440626599,0,0,0,0,0,0,0,0
0.08636340253660092,-0.052197130973940555,0.834,0.0019373154697137347,0.06129818725585937,-0.03886994934082031,0,0,1,0,-0.08636340253660092,0.052197130973940555,0.16600000000000004,-0.0019373154697137347,-0.06399604009635176,0.03932620657087285,0.1186779,-0.002012115294799249,0,0,0,0,0,0,0,0
0.08839565958757188,-0.053147715290562184,0.843,0.0013788101090755343,0.03045617485046387,-0.014317794799804688,0,0,1,0,-0.08839565958757188,0.053147715290562184,0.15700000000000003,-0.0013788101090755343,-0.056462472419246575,0.032461064636287944,0.10491989999999998,0.0014137166941154678,0,0,0,0,0,0,0,0
0.0890230396560074,-0.055241701384750784,0.854,-0.00006981317007978571,0.00936738395690918,-0.03142273712158203,0,0,1,0,-0.0890230396560074,0.055241701384750784,0.14600000000000002,0.00006981317007978571,-0.04821102744004735,0.03877841646247236,0.09299505294117645,0.006460798225176785,0,0,0,0,0,0,0,0
0.08795625932546816,-0.055450921229096874,0.864,-0.0007155849933176419,-0.016001485824584962,-0.0031394147872924804,0,0,1,0,-0.08795625932546816,0.055450921229096874,0.136,0.0007155849933176419,-0.038480861011374365,0.029320616119835982,0.08600428709677418,0.003840287363823398,0,0,0,0,0,0,0,0
0.08641561836109468,-0.054095357897057925,0.874,-0.0018500490071139966,-0.023124158859252928,0.02031690788269043,0,0,1,0,-0.08641561836109468,0.054095357897057925,0.126,0.0018500490071139966,-0.035977468861634734,0.02062303459714153,0.08460066231884056,0.00678250124101119,0,0,0,0,0,0,0,0
0.08344901158150397,-0.05285716693823877,0.882,-0.002583087292951619,-0.04453338623046875,0.018490507125854493,0,0,1,0,-0.08344901158150397,0.05285716693823877,0.118,0.002583087292951619,-0.025338400531236763,0.01980785352283796,0.08374346065573765,0.006188193616743205,0,0,0,0,0,0,0,0
0.0813587364587588,-0.05280920105809583,0.889,-0.0035953782591083283,-0.031355880737304685,0.0006384954452514648,0,0,1,0,-0.0813587364587588,0.05280920105809583,0.11099999999999999,0.0035953782591083283,-0.031068368841583774,0.02668928794756674,0.09032615774647884,0.007872664031601466,0,0,0,0,0,0,0,0
0.07676626879521205,-0.052563114277019166,0.896,-0.004869468613064198,-0.06889984130859375,0.003443603515625,0,0,1,0,-0.07676626879521205,0.052563114277019166,0.10399999999999998,0.004869468613064198,-0.012332973207357958,0.02539872772447883,0.07902386666666664,0.011239920382843549,0,0,0,0,0,0,0,0
0.07260047862205019,-0.051857029912997496,0.903,-0.0054803338512622035,-0.06253768539428711,0.010286863327026368,0,0,1,0,-0.07260047862205019,0.051857029912997496,0.09699999999999998,0.0054803338512622035,-0.01595874743611196,0.022935385762322052,0.07941925362318837,0.0081362696695144,1426000378944,0,0,0,0,0,0,0
0.0688389018740888,-0.052051722061877116,0.911,-0.006946410422937421,-0.05640679931640625,-0.003229557275772095,0,0,1,0,-0.0688389018740888,0.052051722061877116,0.08899999999999997,0.006946410422937421,-0.013667953104875601,0.02776315684108168,0.06316776065573765,0.01415662307052046,1426000378944,0,0,0,0,0,0,0
0.06356284435661748,-0.05216359796257608,0.917,-0.008691739674931755,-0.0791272964477539,-0.0022278385162353516,0,0,1,0,-0.06356284435661748,0.05216359796257608,0.08299999999999996,0.008691739674931755,-0.0058939895192128555,0.027305488026717204,0.07440731739130431,0.016280127727081033,1426000378944,0,0,0,0,0,0,0
0.05834448561855368,-0.052946654115528395,0.924,-0.009965830028887625,-0.07817033386230468,-0.012425739288330078,0,0,1,0,-0.05834448561855368,0.052946654115528395,0.07599999999999996,0.009965830028887625,-0.00014160828682925272,0.031654772249273336,0.059541765573770424,0.01623184816309682,1426000378944,0,0,0,0,0,0,0
0.05247881291244991,-0.05309926313715314,0.931,-0.011239920382843466,-0.08795790863037109,-0.003165851593017578,0,0,1,0,-0.05247881291244991,0.05309926313715314,0.06899999999999995,0.011239920382843466,0.0017278535014422884,0.028028130090947533,0.06008855774647882,0.01662340075167096,1426000378944,0,0,0,0,0,0,0
0.04819444419259129,-0.053642638343134756,0.938,-0.013212142437597052,-0.06416986083984375,-0.008872437477111816,0,0,1,-0.011239920382843464,-0.04819444419259129,0.053642638343134756,0.062000000000000055,0.001972222054753588,-0.024097222096295647,0.026821319171567378,0.04960000000000005,0.001972222054753588,1426000378944,0,0,0,0,0,0,0
0.04280983163286688,-0.054604744805760455,0.946,-0.017418385934903385,-0.08057147216796876,-0.015497440338134766,0,0,1,-0.011239920382843464,-0.04280983163286688,0.054604744805760455,0.05400000000000005,0.006178465552059921,0.005108553934143088,0.032083920108579564,0.004146780281690146,0.023951325399833162,1426000379337,0,0,0,0,0,0,0
0.03848426513666926,-0.05538805068214527,0.947,-0.02080432468377244,-0.06466900634765625,-0.012877914428710937,0,0,1,-0.011239920382843464,-0.03848426513666926,0.05538805068214527,0.05300000000000005,0.009564404300928976,0.006807708019998564,0.03249176558505082,0.037056317241379345,0.02707788058818271,1426000379395,0,0,0,0,0,0,0
0.03556875677109845,-0.0575591927025484,0.949,-0.022078415037728255,-0.04304567337036133,-0.033469844818115234,0,0,1,-0.011239920382843464,-0.03556875677109845,0.0575591927025484,0.051000000000000045,0.010838494654884791,-0.0032844505416735285,0.03974649232638934,0.03184780000000003,0.016298881886123995,1426000379465,0,0,0,0,0,0,0
0.03243101124504472,-0.059130973569086184,0.95,-0.023352505391684125,-0.04653421783447265,-0.024610029220581055,0,0,1,-0.011239920382843464,-0.03243101124504472,0.059130973569086184,0.050000000000000044,0.012112585008840661,0.0019909373553989723,0.03888087296325449,0.0355144666666667,0.01848303677862001,1426000379525,0,0,0,0,0,0,0
0.030117918704725233,-0.0615115781435597,0.951,-0.026214845364954803,-0.033853107452392575,-0.036509506225585936,0,0,1,-0.011239920382843464,-0.030117918704725233,0.0615115781435597,0.049000000000000044,0.014974924982111339,-0.003774846804638493,0.042681501412400374,0.0359661225352113,0.027069319235367723,1426000379596,0,0,0,0,0,0,0
0.027145989851583424,-0.06421185763299096,0.953,-0.028134707542148585,-0.04350192642211914,-0.04165877151489258,0,0,1,-0.011239920382843464,-0.027145989851583424,0.06421185763299096,0.04700000000000004,0.01689478715930512,0.003628512810618805,0.04808642396381385,0.027911033333333356,0.02649409804527402,1426000379656,0,0,0,0,0,0,0
0.02568087784268527,-0.06713075821139769,0.956,-0.030002209841782534,-0.020736309051513673,-0.04438440704345703,0,0,1,-0.011239920382843464,-0.02568087784268527,0.06713075821139769,0.04400000000000004,0.01876228945893907,-0.005102810735559333,0.049555035851490556,0.021309853846153866,0.02738153084186499,1426000379721,0,0,0,0,0,0,0
0.022474499815948554,-0.06812749956349828,0.959,-0.030874874467779704,-0.04762552642822265,-0.016387151718139648,0,0,1,-0.011239920382843464,-0.022474499815948554,0.06812749956349828,0.041000000000000036,0.01963495408493624,0.004860042577143349,0.03943919193630121,0.020129208695652198,0.023429148111010906,1426000379790,0,0,0,0,0,0,0
0.019445087964183955,-0.06966860328878915,0.965,-0.03394665395128965,-0.044705913543701174,-0.0245083065032959,0,0,1,-0.011239920382843464,-0.019445087964183955,0.06966860328878915,0.03500000000000003,0.022706733568446186,0.007199974699008736,0.04389678303265649,-0.0031073677419354816,0.03757018268220398,1426000379852,0,0,0,0,0,0,0
0.01696308851371757,-0.07057186193103707,0.967,-0.035308010767845295,-0.03674869155883789,-0.014804664611816407,0,0,1,-0.011239920382843464,-0.01696308851371757,0.07057186193103707,0.03300000000000003,0.02406809038500183,0.0039176036601159155,0.04027907458016904,0.019246372463768133,0.02998703306567854,1426000379921,0,0,0,0,0,0,0
0.014227018146753003,-0.07081572394607244,0.972,-0.0357268897883239,-0.04088634872436524,-0.0051044273376464845,0,0,1,-0.011239920382843464,-0.014227018146753003,0.07081572394607244,0.028000000000000025,0.02448696940548043,0.008132524330559866,0.03723980500795092,-0.002660906451612901,0.026513803375538183,1426000379983,0,0,0,0,0,0,0
0.01055241532838979,-0.06995266314208153,0.974,-0.03707079331235958,-0.055546287536621095,0.01096883773803711,0,0,1,-0.011239920382843464,-0.01055241532838979,0.06995266314208153,0.026000000000000023,0.025830872929516115,0.013430488433353517,0.0310369772830105,0.01384758235294119,0.03175985906496766,1426000380051,0,0,0,0,0,0,0
0.006874866162114342,-0.06924383224911292,0.977,-0.039095375244673,-0.05551940155029297,0.008580681800842285,0,0,1,-0.011239920382843464,-0.006874866162114342,0.06924383224911292,0.02300000000000002,0.027855454861829533,0.017452364426555945,0.031099962799982415,0.004668885245901644,0.03781241518468241,1426000380112,0,0,0,0,0,0,0
0.003869539266674947,-0.06693237055731284,0.98,-0.03981096023799065,-0.046400623321533205,0.03288346481323242,0,0,1,-0.011239920382843464,-0.003869539266674947,0.06693237055731284,0.020000000000000018,0.02857103985514718,0.013096077742996325,0.022332672107362624,0.004402608695652179,0.03168227895652826,1426000380181,0,0,0,0,0,0,0
0.002775786007529702,-0.06476381326657364,0.982,-0.040439278768708634,-0.01768794250488281,0.031849607467651364,0,0,1,-0.011239920382843464,-0.002775786007529702,0.06476381326657364,0.018000000000000016,0.029199358385865168,0.0046724828087557155,0.02057016323901934,0.006654390163934432,0.032289449520543786,1426000380242,0,0,0,0,0,0,0
-0.000025511587606525307,-0.06268448781359462,0.983,-0.04085815778918723,-0.043246063232421875,0.029465608596801758,0,0,1,-0.011239920382843464,0.000025511587606525307,0.06268448781359462,0.017000000000000015,0.029618237406343763,0.013804003986004227,0.021620294221214385,0.01244880000000001,0.03141343320839488,1426000380312,0,0,0,0,0,0,0
-0.0035038396614556497,-0.06093831002027067,0.983,-0.042411500823462185,-0.053201263427734374,0.024039628982543946,0,0,1,-0.011239920382843464,0.0035038396614556497,0.06093831002027067,0.017000000000000015,0.03117158044061872,0.021496437485296775,0.021161952046045422,0.017552500000000016,0.03881097241246277,1426000380373,0,0,0,0,0,0,0
-0.007663134327571893,-0.05843901293772799,0.983,-0.0425336738711018,-0.06392282485961914,0.034810508728027344,0,0,1,-0.011239920382843464,0.007663134327571893,0.05843901293772799,0.017000000000000015,0.03129375348825834,0.025031809964734437,0.017107065844763597,0.017668100000000016,0.03183275222784489,1426000380441,0,0,0,0,0,0,0
-0.008660416835860043,-0.056016571476587826,0.987,-0.0436681378848981,-0.016490772247314454,0.03566767883300781,0,0,1,-0.011239920382843464,0.008660416835860043,0.056016571476587826,0.013000000000000012,0.032428217502054636,0.009757506977728399,0.015119531725330676,-0.008031945161290324,0.03791755950429479,1426000380503,0,0,0,0,0,0,0
-0.011788707196306775,-0.05215292519168885,0.983,-0.04426154983057618,-0.04940959167480469,0.05585099792480469,0,0,1,-0.011239920382843464,0.011788707196306775,0.05215292519168885,0.017000000000000015,0.033021629447732716,0.02156810526412555,0.007300561072798559,0.0381558550724638,0.0356016813854635,1426000380572,0,0,0,0,0,0,0
-0.01212691780079484,-0.04851325696275295,0.983,-0.045343653966812676,-0.007483861923217774,0.05431708145141602,0,0,1,-0.011239920382843464,0.01212691780079484,0.04851325696275295,0.017000000000000015,0.03410373358396921,0.007817021125417663,0.004225183540870536,0.01796970000000002,0.03942555720480443,1426000380633,0,0,0,0,0,0,0
-0.01258495243866052,-0.04684130162953166,0.982,-0.04710643651132696,-0.008000256538391114,0.024742124557495117,0,0,1,-0.011239920382843464,0.01258495243866052,0.04684130162953166,0.018000000000000016,0.035866516128483496,0.00843753351794694,0.015823935819884217,0.023966363768115964,0.0435307880611543,1426000380702,0,0,0,0,0,0,0
-0.01122251931307407,-0.045071770279654,0.983,-0.04759512870188533,0.019163944244384765,0.027475860595703124,0,0,1,-0.011239920382843464,0.01122251931307407,0.045071770279654,0.017000000000000015,0.03635520831904186,-0.0023774406583492265,0.01329454804568296,0.012459895081967227,0.03875861253490268,1426000380763,0,0,0,0,0,0,0
-0.011330393819043732,-0.04307388090100006,0.979,-0.04729842272904629,-0.0030420937538146973,0.029857418060302735,0,0,1,-0.011239920382843464,0.011330393819043732,0.04307388090100006,0.02100000000000002,0.03605850234620282,0.006048743334573408,0.01234415157705816,0.0418323550724638,0.03476847637733743,1426000380832,0,0,0,0,0,0,0
-0.009285985394215882,-0.03986046848766584,0.979,-0.047682395164485095,0.028352840423583985,0.049597198486328126,0,0,1,-0.011239920382843464,0.009285985394215882,0.03986046848766584,0.02100000000000002,0.03644247478164163,-0.0072451982233869726,0.0024583695344389325,0.021670600000000022,0.038330863808389855,1426000380893,0,0,0,0,0,0,0
-0.0069688279652752524,-0.037721551966565035,0.978,-0.04888667234836121,0.03318860626220703,0.0337039680480957,0,0,1,-0.011239920382843464,0.0069688279652752524,0.037721551966565035,0.02200000000000002,0.03764675196551774,-0.008422453276280866,0.009002974796092385,0.027694863768115967,0.042882739721500834,1426000380962,0,0,0,0,0,0,0
-0.002794350204208302,-0.035032237767529534,0.977,-0.04913101844364038,0.060571067810058596,0.043351444244384765,0,0,1,-0.011239920382843464,0.002794350204208302,0.035032237767529534,0.02300000000000002,0.037891098060796914,-0.02231986282045332,0.0033480018263888495,0.029210161290322608,0.03907341787666388,1426000381024,0,0,0,0,0,0,0
0.0019706928631172387,-0.03222761400932236,0.981,-0.048642326253081965,0.06932331848144531,0.04552885055541992,0,0,1,-0.011239920382843464,-0.0019706928631172387,0.03222761400932236,0.019000000000000017,0.0374024058702385,-0.025308652180624877,0.002923187018158713,0.0002062449275362331,0.03527765721563669,1426000381093,0,0,0,0,0,0,0
0.0074063771718785925,-0.029437227340955063,0.981,-0.0493230046613597,0.0794036636352539,0.045770793914794924,0,0,1,-0.011239920382843464,-0.0074063771718785925,0.029437227340955063,0.019000000000000017,0.038083084278516234,-0.03504885650381321,-0.0002381125209480299,0.02061200000000002,0.041430683007751,1426000381154,0,0,0,0,0,0,0
0.012515750774373948,-0.026390497556005817,0.982,-0.04988151002199793,0.07429420471191406,0.04942398071289063,2,0,0.5,0,1.987484249225626,0.026390497556005817,-0.482,0.04988151002199793,0.993742124612813,0.013195248778002908,-0.3856,0.04988151002199793,0,0,0,0,0,0,0,0
0.01918365236946937,-0.025112833456757588,0.982,-0.04934045795387971,0.09893853759765625,0.024128129959106445,2,0,0.5,0,1.9808163476305307,0.025112833456757588,-0.482,0.04934045795387971,0.9527005709857882,0.005118443849504846,-0.388492,0.04663519761328861,0,0,0,0,0,0,0,0
0.025411031607626016,-0.024185068165540877,0.984,-0.04871213942316172,0.09261064147949219,0.018506599426269532,2,0,0.5,0,1.974588968392374,0.024185068165540877,-0.484,0.04871213942316172,0.958257284837089,0.007418233654866415,-0.4035765275362319,0.04598031972438787,0,0,0,0,0,0,0,0
0.03082621883157258,-0.023170098760545682,0.98,-0.047804568212124705,0.08039012908935547,0.01916169738769531,2,0,0.5,0,1.9691737811684273,0.023170098760545682,-0.48,0.047804568212124705,0.957268296420588,0.005807343590931313,-0.37062695483870967,0.043413094610332686,0,0,0,0,0,0,0,0
0.03918331913983194,-0.0215910236302843,0.972,-0.04743804906920591,0.1240814208984375,0.02964939880371094,2,0,0.5,0,1.9608166808601681,0.0215910236302843,-0.472,0.04743804906920591,0.943747562768672,0.0029611390377286585,-0.3494846898550724,0.045844487578254614,0,0,0,0,0,0,0,0
0.05043521183444767,-0.020882185696493673,0.961,-0.049026298688520716,0.16808432006835938,0.018624122619628907,2,0,0.5,0,1.9495647881655522,0.020882185696493673,-0.46099999999999997,0.049026298688520716,0.9154408161169666,0.006379737086446143,-0.3198637333333333,0.056967546785094754,0,0,0,0,0,0,0,0
0.0668854169120784,-0.020841934738571564,0.951,-0.05009094953223725,0.246427001953125,0.012695583343505859,2,0,0.5,0,1.9331145830879215,0.020841934738571564,-0.45099999999999996,0.05009094953223725,0.8919539091167519,0.010307834119303546,-0.32918739999999996,0.054653738862450965,0,0,0,0,0,0,0,0
0.09171728074488963,-0.020163861431259537,0.939,-0.0497942435593982,0.37150149536132815,0.028808315277099608,2,0,0.5,0,1.9082827192551104,0.020163861431259537,-0.43899999999999995,0.0497942435593982,0.8204751478098048,0.0062917676605801645,-0.30341284098360644,0.04833503385691109,0,0,0,0,0,0,0,0
0.12553375371873263,-0.02147628586713054,0.932,-0.049933869899557774,0.5075982360839844,0.005585583209991455,2,0,0.5,0,1.8744662462812673,0.02147628586713054,-0.43200000000000005,0.049933869899557774,0.7782745800635057,0.017415720008128643,-0.3346893000000006,0.05053226850024165,0,0,0,0,0,0,0,0
0.16489785965219,-0.022958394572782315,0.916,-0.04981169685191816,0.5908352661132813,0.007267860889434814,2,0,0.5,0,1.83510214034781,0.022958394572782315,-0.41600000000000004,0.04981169685191816,0.6991520019717001,0.020254061334645218,-0.2660519666666666,0.04920083161372007,0,0,0,0,0,0,0,0
0.21113154709728077,-0.025948856676995893,0.891,-0.048747046008201615,0.6948786010742187,-0.010270900726318359,2,0,0.5,0,1.7888684529027192,0.025948856676995893,-0.391,0.048747046008201615,0.6723747243285384,0.02829057365510424,-0.2152716057971014,0.044118129296390564,0,0,0,0,0,0,0,0
0.26233879607338556,-0.030241086982973498,0.87,-0.048310713695203004,0.7703335571289063,-0.026878768920898438,2,0,0.5,0,1.7376612039266144,0.030241086982973498,-0.37,0.048310713695203004,0.5885376933173752,0.0399136761335426,-0.20704839672131137,0.046164817073898363,0,0,0,0,0,0,0,0
0.31840322662906934,-0.03454369311273405,0.851,-0.04577998627981127,0.8431019897460937,-0.023851903915405273,2,0,0.5,0,1.6815967733709307,0.03454369311273405,-0.351,0.04577998627981127,0.5535252049315155,0.04062776082325821,-0.21231400769230763,0.034099705901080204,0,0,0,0,0,0,0,0
0.38315422235231517,-0.039968259708385453,0.834,-0.045134214456573334,0.9739710693359375,-0.03683428192138672,2,0,0.5,0,1.6168457776476848,0.039968259708385453,-0.33399999999999996,0.045134214456573334,0.5004119157978513,0.04732297572088766,-0.21835969999999993,0.04236662092841074,0,0,0,0,0,0,0,0
0.45457145118469483,-0.0452607962478683,0.818,-0.04354596483725847,1.0737493896484376,-0.03097320747375488,2,0,0.5,0,1.5454285488153052,0.0452607962478683,-0.31799999999999995,0.04354596483725847,0.37278503560496634,0.05374669730377074,-0.1991343666666665,0.035604716740684154,0,0,0,0,0,0,0,0
0.5320236736970024,-0.05000821977105388,0.806,-0.04171336912266443,1.163781982421875,-0.020568857192993163,2,0,0.5,0,1.4679763263029977,0.05000821977105388,-0.30600000000000005,0.04171336912266443,0.364425896737901,0.04901940262148122,-0.22500970000000053,0.03385938748868996,0,0,0,0,0,0,0,0
0.6152888676429932,-0.05603021409082429,0.791,-0.040823251204147364,1.2516583251953124,-0.038167369842529296,2,0,0.5,0,1.384711132357007,0.05603021409082429,-0.29100000000000004,0.040823251204147364,0.22517160765424488,0.06345520049255372,-0.18725569999999997,0.036372661611562045,0,0,0,0,0,0,0,0
0.6980067439358423,-0.06012093633913608,0.777,-0.03935717463247212,1.2422386474609375,-0.010671588897705078,2,0,0.5,0,1.3019932560641578,0.06012093633913608,-0.277,0.03935717463247212,0.2626865371628274,0.050580479492837414,-0.19650831549295766,0.03316248489299925,0,0,0,0,0,0,0,0
0.7866261795464836,-0.06461622685949721,0.765,-0.036599554414321105,1.330915283203125,-0.015073487281799317,2,0,0.5,0,1.2133738204535165,0.06461622685949721,-0.265,0.036599554414321105,0.10992231482944881,0.05892389031458588,-0.18751239999999997,0.022811453323566037,0,0,0,0,0,0,0,0
0.8775886362545082,-0.06711931209222226,0.753,-0.035866516128483454,1.36489697265625,0.012405498504638672,2,0,0.5,0,1.1224113637454918,0.06711931209222226,-0.253,0.035866516128483454,0.13377822954273755,0.04633971216278083,-0.19055377042253516,0.032769171258746906,0,0,0,0,0,0,0,0
0.9785819540462835,-0.07145181461612687,0.743,-0.03385938748868999,1.516255859375,-0.01062321376800537,2,0,0.5,0,1.0214180459537165,0.07145181461612687,-0.243,0.03385938748868999,-0.0668222181309368,0.06191025359842599,-0.1838203661016949,0.02365364864228254,0,0,0,0,0,0,0,0
1.0896903170543168,-0.07577574806270139,0.733,-0.03012438288942209,1.6678658447265624,-0.008401691436767578,2,0,0.5,0,0.9103096829456832,0.07577574806270139,-0.23299999999999998,0.03012438288942209,-0.07033446003943072,0.05973989982156157,-0.18750092535211263,0.014342673315050684,0,0,0,0,0,0,0,0
1.1994256254561428,-0.0783852754292377,0.722,-0.02638937829015425,1.6464617919921876,0.01045297622680664,2,0,0.5,0,0.8005743745438572,0.0783852754292377,-0.22199999999999998,0.02638937829015425,-0.2171271195256349,0.05499877276406911,-0.16516203333333324,0.007714355293815048,0,0,0,0,0,0,0,0
1.3064446043023943,-0.07919012683375634,0.712,-0.02366666465704311,1.6050443115234374,0.030288980484008788,2,0,0.5,0,0.6935553956976057,0.07919012683375634,-0.21199999999999997,0.02366666465704311,-0.15757989869901357,0.04420275783113718,-0.1735381253521126,0.012162240855165062,0,0,0,0,0,0,0,0
1.409311000242429,-0.07835586701758954,0.703,-0.019984019935335072,1.5422677001953125,0.04902455139160156,2,0,0.5,0,0.590688999757571,0.07835586701758954,-0.20299999999999996,0.019984019935335072,-0.29133062642911156,0.03491528162891143,-0.16344176949152536,0.0012587077910569053,0,0,0,0,0,0,0,0
1.5063878012153504,-0.07587836696638088,0.694,-0.01527163095495037,1.45511865234375,0.06625291442871094,2,0,0.5,0,0.49361219878464957,0.07587836696638088,-0.19399999999999995,0.01527163095495037,-0.23643154106998981,0.025734204572026298,-0.1639164746268656,-0.005828618210951278,0,0,0,0,0,0,0,0
1.5961521648578867,-0.07175432931077441,0.687,-0.010873401239924661,1.34536376953125,0.08241527557373046,2,0,0.5,0,0.4038478351421133,0.07175432931077441,-0.18700000000000006,0.010873401239924661,-0.2726325908575958,0.013748235109376401,-0.16762061111111173,-0.010070549784007284,0,0,0,0,0,0,0,0
1.6762329003336498,-0.06584003944369918,0.714,-0.0065624379874986635,1.2001754150390624,0.1017700958251953,2,0,0.5,0,0.3237670996663502,0.06584003944369918,-0.21399999999999997,0.0065624379874986635,-0.21996527939639146,0.0037478190471053954,-0.36654262173913,-0.01218088050131002,0,0,0,0,0,0,0,0
1.7470349287997053,-0.0585545513005526,0.711,-0.005113814708343371,1.0612904052734375,0.11624942779541016,2,0,0.5,0,0.25296507120029466,0.0585545513005526,-0.21099999999999997,0.005113814708343371,-0.25524650264748594,-0.011661166832501863,-0.2112600852459016,-0.002010562074387574,0,0,0,0,0,0,0,0
1.8080106252879147,-0.050692920630104124,0.706,-0.005009094953223679,0.9140204467773437,0.12260017395019532,2,0,0.5,0,0.19198937471208533,0.050692920630104124,-0.20599999999999996,0.005009094953223679,-0.17576460731198684,-0.011969762319239727,-0.20165084444444437,0.004572762640224962,0,0,0,0,0,0,0,0
1.8591244246280705,-0.04275588205793296,0.698,-0.005305800926062719,0.7661010131835938,0.12289457702636719,2,0,0.5,0,0.14087557537192952,0.04275588205793296,-0.19799999999999995,0.005305800926062719,-0.20299117541451062,-0.023995759543520033,-0.17407773333333323,0.006789330790257918,0,0,0,0,0,0,0,0
1.9006160466950224,-0.03464320183656039,0.688,-0.007173303225696669,0.6217199096679688,0.12499066925048828,2,0,0.5,0,0.09938395330497762,0.03464320183656039,-0.18799999999999994,0.007173303225696669,-0.1359693316509373,-0.022880080659163807,-0.1633169623188405,0.01529287844149645,0,0,0,0,0,0,0,0
1.9332223781278162,-0.026398616418068392,0.682,-0.009669124056048549,0.4881952819824219,0.1271739959716797,2,0,0.5,0,0.06677762187218383,0.026398616418068392,-0.18200000000000005,0.009669124056048549,-0.13197128120386797,-0.03392867265453911,-0.17533360000000062,0.02214822820780795,0,0,0,0,0,0,0,0
1.957950589419934,-0.018354576700015553,0.67,-0.011990411961201035,0.3697391662597656,0.12424140167236328,2,0,0.5,0,0.04204941058006595,0.018354576700015553,-0.17000000000000004,0.011990411961201035,-0.07774340869847984,-0.03006462795893639,-0.14192359999999998,0.02193878869756883,0,0,0,0,0,0,0,0
2.0002192448661846,-0.00677480448939183,0.668,-0.014398966328953204,0.631901611328125,0.18128619384765626,2,0,0.5,0,-0.00021924486618463135,0.00677480448939183,-0.16800000000000004,0.014398966328953204,-0.22180396827773047,-0.06317892181992882,-0.18966493333333334,0.02644173816771405,0,0,0,0,0,0,0,0
2.034306583089565,0.005614904130212988,0.661,-0.01614429558094751,0.5085811767578124,0.19318844604492189,2,0,0.5,0,-0.034306583089565024,-0.005614904130212988,-0.16100000000000003,0.01614429558094751,-0.16274118634469026,-0.06377757843200807,-0.16185859999999996,0.023624278089494525,0,0,0,0,0,0,0,0
2.061107758457046,0.01487765778373727,0.651,-0.01719149313214412,0.39972222900390625,0.1454132080078125,2,0,0.5,0,-0.06110775845704586,-0.01487765778373727,-0.15100000000000002,0.01719149313214412,-0.15703992744142195,-0.05875937467524137,-0.13334318709677415,0.02225857805728902,0,0,0,0,0,0,0,0
2.084907240280951,0.020941971819800276,0.64,-0.01623156204354727,0.355375732421875,0.09708819580078125,2,0,0.5,0,-0.08490724028095098,-0.020941971819800276,-0.14,0.01623156204354727,-0.13842330588121116,-0.04027725651356576,-0.12616369855072457,0.012057948614865317,0,0,0,0,0,0,0,0
2.10385472340512,0.02594174240190493,0.627,-0.016022122533307915,0.2829575500488281,0.07959968566894532,2,0,0.5,0,-0.10385472340511992,-0.02594174240190493,-0.127,0.016022122533307915,-0.13963663609636334,-0.04169109020176474,-0.09519145593220331,0.014957175871073898,0,0,0,0,0,0,0,0
2.118631110764379,0.02973307643015421,0.613,-0.019146261894377754,0.22070622253417968,0.060413795471191405,2,0,0.5,0,-0.11863111076437916,-0.02973307643015421,-0.11299999999999999,0.019146261894377754,-0.10755008038387777,-0.03263788649176305,-0.09289831549295764,0.03234685074396862,0,0,0,0,0,0,0,0
2.120033591211352,0.029690831605763256,0.6,-0.022968532956245336,0.021045482635498047,-0.0002307969629764557,2,0,0.5,0,-0.12003359121135215,-0.029690831605763256,-0.09999999999999998,0.022968532956245336,-0.04366313056557348,-0.013698475649106116,-0.07627906666666658,0.042079888265583246,0,0,0,0,0,0,0,0
2.117250273764631,0.02772804031695977,0.59,-0.023980823922402045,-0.04106257247924805,-0.030392950057983398,2,0,0.5,0,-0.11725027376463082,-0.02772804031695977,-0.08999999999999997,0.023980823922402045,-0.02083125591162535,-0.0035731064509201584,-0.09682419452054783,0.02814092378332003,0,0,0,0,0,0,0,0
2.11302005137793,0.02423705871024284,0.584,-0.02492330171847902,-0.06217946243286133,-0.053871185302734374,2,0,0.5,0,-0.11302005137793003,-0.02423705871024284,-0.08399999999999996,0.02492330171847902,-0.0061501890944206244,0.010183778034546172,-0.10360609473684201,0.029883711171515736,0,0,0,0,0,0,0,0
2.1087745009573586,0.016622755234866827,0.57,-0.0268606171881927,-0.060817169189453124,-0.11576611328125,2,0,0.5,0,-0.10877450095735863,-0.016622755234866827,-0.06999999999999995,0.0268606171881927,-0.008850853674847666,0.030614959249380957,-0.059738199999999894,0.0351633977726799,0,0,0,0,0,0,0,0
2.105913543323151,0.009229712280548577,0.561,-0.02792526803190927,-0.03992051696777344,-0.11200820922851562,2,0,0.5,0,-0.10591354332315106,-0.009229712280548577,-0.061000000000000054,0.02792526803190927,-0.012022755553717249,0.03936050942248149,-0.07040420000000061,0.033248522250492116,0,0,0,0,0,0,0,0
2.0968766929690466,0.0009165358577479018,0.553,-0.028605946440187033,-0.13201814270019532,-0.12843388366699218,2,0,0.5,0,-0.09687669296904655,-0.0009165358577479018,-0.05300000000000005,0.028605946440187033,0.020285821496711137,0.04137081014788425,-0.07744388028169014,0.031482052390656455,1426000384155,0,0,0,0,0,0,0
2.0909621361489905,-0.006363527105907478,0.556,-0.028152160834668524,-0.08555868530273437,-0.11169379425048828,2,0,0.5,0,-0.09096213614899051,0.006363527105907478,-0.05600000000000005,0.028152160834668524,0.01372793240543117,0.04722096314722919,-0.13740751016949157,0.02584477639982865,1426000384155,0,0,0,0,0,0,0
2.083671272464468,-0.0107008284104664,0.579,-0.025394540616517487,-0.10748829650878906,-0.0681121368408203,2,0,0.5,0,-0.08367127246446815,0.0107008284104664,-0.07899999999999996,0.025394540616517487,0.018682758762297455,0.0278967967110146,-0.2535638999999995,0.01357616825301304,1426000384155,0,0,0,0,0,0,0
2.078913368805579,-0.011844327392894344,0.59,-0.023544491609403462,-0.0709100112915039,-0.018959131240844727,2,0,0.5,0,-0.07891336880557898,0.011844327392894344,-0.08999999999999997,0.023544491609403462,0.01231448215803372,0.013459557006699381,-0.21207056666666668,0.014294246573833342,1426000384155,0,0,0,0,0,0,0
2.0674657351095953,-0.006846445574125023,0.587,-0.020839231268812285,-0.17343183898925782,0.07090489196777344,2,0,0.5,0,-0.0674657351095953,0.006846445574125023,-0.08699999999999997,0.020839231268812285,0.04747480346118035,-0.020694411215459667,-0.13111289999999995,0.009245258380564381,1426000384155,0,0,0,0,0,0,0
2.0565489363998015,0.0029248035956354187,0.571,-0.019058995431778046,-0.16677058410644532,0.14312469482421875,2,0,0.5,-0.020839231268812288,-0.05654893639980152,-0.0029248035956354187,-0.07099999999999995,-0.001780235837034242,-0.02827446819990076,-0.0014624017978177094,-0.05679999999999996,-0.001780235837034242,1426000384155,0,0,0,0,0,0,0
2.0420603546636946,0.017504728254838304,0.569,-0.016859880574265178,-0.22145718383789062,0.214517333984375,2,0,0.5,-0.020839231268812288,-0.04206035466369462,-0.017504728254838304,-0.06899999999999995,-0.00397935069454711,0.05243360693122334,-0.08272058196558178,-0.045531172463768074,-0.013540719640255232,1426000384544,0,0,0,0,0,0,0
2.0254436378423266,0.037802513955324676,0.561,-0.013508848410436085,-0.25434835815429685,0.30022137451171876,2,0,0.5,-0.020839231268812288,-0.025443637842326616,-0.037802513955324676,-0.061000000000000054,-0.007330382858376203,0.08257545664255626,-0.13539909961252716,-0.0037465606557383554,-0.023810868909994693,1426000384605,0,0,0,0,0,0,0
2.007512690882382,0.06451697238178371,0.541,-0.012950343049797884,-0.27435272216796874,0.3970470275878906,2,0,0.5,-0.020839231268812288,-0.007512690882382156,-0.06451697238178371,-0.041000000000000036,-0.007888888219014404,0.08584858821111177,-0.16591107799986282,0.06606480000000003,-0.01028248262174955,1426000384675,0,0,0,0,0,0,0
1.9907967576073011,0.09234597189421118,0.524,-0.015289084247470323,-0.2561237487792969,0.41415292358398437,2,0,0.5,-0.020839231268812288,0.009203242392698874,-0.09234597189421118,-0.02400000000000002,-0.005550147021341965,0.10046852658872987,-0.20598420403302398,0.07705938360655744,0.0059518588688503606,1426000384736,0,0,0,0,0,0,0
1.9758237506100877,0.11983363710628525,0.514,-0.016615534478986026,-0.23087252807617187,0.40883306884765624,2,0,0.5,-0.020839231268812288,0.024176249389912252,-0.11983363710628525,-0.014000000000000012,-0.004223696789826262,0.0880106546305866,-0.199566320340624,0.03814643768115945,0.001543478129807225,0,0,0,0,0,0,0,0
1.9632903177317576,0.1451983142100099,0.505,-0.01823869068334074,-0.19429696655273437,0.3772940368652344,2,0,0.5,-0.020839231268812288,0.03670968226824245,-0.1451983142100099,-0.0050000000000000044,-0.002600540585471548,0.090262867948653,-0.2184420765681622,0.046230644262295124,0.005382194845781145,0,0,0,0,0,0,0,0
1.9535001422053164,0.1669413713120197,0.5,-0.019861846887695454,-0.15277635192871095,0.32341336059570314,2,0,0.5,-0.020839231268812288,0.046499857794683574,-0.1669413713120197,0,-0.0009773843811168338,0.07222824377870646,-0.19261071702678,0.023591300000000016,0.005978999351831942,0,0,0,0,0,0,0,0
1.946785845771342,0.18372314402705237,0.496,-0.022933626371205464,-0.10569400787353515,0.24967669677734375,2,0,0.5,-0.020839231268812288,0.05321415422865794,-0.18372314402705237,0.0040000000000000036,0.002094395102393176,0.06649648278043256,-0.19194760351670526,0.025543713559322057,0.01771361281515594,0,0,0,0,0,0,0,0
1.9437938866498572,0.19498840886164454,0.491,-0.02448696940548042,-0.04874254608154297,0.16790538024902343,2,0,0.5,-0.020839231268812288,0.056206113350142806,-0.19498840886164454,0.009000000000000008,0.0036477381366681327,0.043161030161994796,-0.15449016300568338,0.03087790000000002,0.010304922569275088,0,0,0,0,0,0,0,0
1.9444794976132254,0.2005908186457403,0.488,-0.024434609527920592,0.008223496437072753,0.08426275634765625,2,0,0.5,-0.020839231268812288,0.05552050238677464,-0.2005908186457403,0.01200000000000001,0.003595378259108304,0.02402246731373944,-0.13271591687803266,0.025287783870967764,0.003342024012851068,0,0,0,0,0,0,0,0
1.948285524433754,0.19953575721323732,0.501,-0.025603980126756798,0.05746002197265625,-0.014426354408264161,2,0,0.5,-0.020839231268812288,0.051714475566245977,-0.19953575721323732,-0.0010000000000000009,0.00476474885794451,0.006719588214633403,-0.09534779809904859,-0.06799662898550729,0.009848968852884533,0,0,0,0,0,0,0,0
1.9544188897268646,0.19225239482810033,0.503,-0.03040363556974124,0.09476726531982421,-0.10685930633544923,2,0,0.5,-0.020839231268812288,0.04558111027313538,-0.19225239482810033,-0.0030000000000000027,0.00956440430092895,-0.01279177682796065,-0.054686948652919,-0.015339266666666681,0.03356268151585115,0,0,0,0,0,0,0,0
1.962233261614751,0.1797525038800709,0.502,-0.037978364523396646,0.12286116027832031,-0.18384848022460937,2,0,0.5,-0.020839231268812288,0.03776673838524891,-0.1797525038800709,-0.0020000000000000018,0.017139133254584358,-0.01835959542882792,-0.031123519089301215,0.001907320547945208,0.04826815635179836,0,0,0,0,0,0,0,0
1.9713694614533877,0.16303500144993774,0.501,-0.0523773308523498,0.14646543884277344,-0.2453782958984375,2,0,0.5,-0.020839231268812288,0.02863053854661235,-0.16303500144993774,-0.0010000000000000009,0.03153809958353751,-0.040577163455597545,0.018091168009361197,0.003941482758620692,0.1060155116298469,0,0,0,0,0,0,0,0
1.981997507023194,0.143230209554758,0.499,-0.06942919764433442,0.17475477600097655,-0.2883182678222656,2,0,0.5,-0.020839231268812288,0.018002492976805895,-0.143230209554758,0.0010000000000000009,0.048589966375522126,-0.04313793800058742,0.024639646147637723,0.009373254929577475,0.12064010775010502,0,0,0,0,0,0,0,0
1.9923369256732733,0.12065669832973497,0.486,-0.08545132017764233,0.17820765686035156,-0.32702767944335936,2,0,0.5,-0.020839231268812288,0.007663074326726749,-0.12065669832973497,0.014000000000000012,0.06461208890883004,-0.05830447238491568,0.07444662934274135,0.08844357586206904,0.14748513649490544,0,0,0,0,0,0,0,0
2.0018866606273082,0.09722039226689587,0.482,-0.09770353152664255,0.1727267608642578,-0.3380362243652344,2,0,0.5,-0.020839231268812288,-0.0018866606273082454,-0.09722039226689587,0.018000000000000016,0.07686430025783025,-0.048436291716483455,0.06705879412483753,0.033321300000000026,0.12937377746783119,1426000385586,0,0,0,0,0,0,0
2.0110985101512844,0.07690201298781084,0.48,-0.10779153460316979,0.16724905395507814,-0.28984317016601563,2,0,0.5,-0.020839231268812288,-0.01109851015128438,-0.07690201298781084,0.020000000000000018,0.0869523033343575,-0.05815518611738468,0.07657040793832365,0.026518709836065597,0.1365654332189177,1426000385586,0,0,0,0,0,0,0
2.0207761709039604,0.059943754357398925,0.479,-0.11164871225007718,0.17168867492675782,-0.23728025817871093,2,0,0.5,-0.020839231268812288,-0.020776170903960445,-0.059943754357398925,0.02100000000000002,0.09080948098126489,-0.058541989258839966,0.053218005061477364,0.02099030000000002,0.10734024232515371,1426000385586,0,0,0,0,0,0,0
2.030327034084534,0.04743619379743885,0.48,-0.11360348101231084,0.16327426147460938,-0.17048336791992189,2,0,0.5,-0.020839231268812288,-0.030327034084534077,-0.04743619379743885,0.020000000000000018,0.09276424974349855,-0.07066068185954336,0.0476128004062198,0.009476966666666677,0.10253809355466685,1426000385586,0,0,0,0,0,0,0
2.0402981463497203,0.037349213359434724,0.483,-0.11494738453634648,0.16575437927246095,-0.1333746337890625,2,0,0.5,-0.020839231268812288,-0.04029814634972029,-0.037349213359434724,0.017000000000000015,0.09410815326753419,-0.07053878085274512,0.030835592536373642,-0.0021897913043478247,0.09995121206768916,1426000385586,0,0,0,0,0,0,0
2.0508437827590336,0.02715199853784354,0.488,-0.11243411041347465,0.17468411254882812,-0.13380593872070312,2,0,0.5,-0.020839231268812288,-0.05084378275903356,-0.02715199853784354,0.01200000000000001,0.09159487914466236,-0.08577225796141363,0.043260404058671494,-0.01958772459016395,0.07923451460594842,1426000385907,0,0,0,0,0,0,0
2.06219927343556,0.014167737296476201,0.494,-0.11171852542015702,0.19110887145996094,-0.17442332458496093,2,0,0.5,-0.020839231268812288,-0.06219927343556009,-0.014167737296476201,0.006000000000000005,0.09087929415134473,-0.08858548593470421,0.05709634401112798,-0.02609258260869567,0.08776805504996374,1426000385976,0,0,0,0,0,0,0
2.0729584084795074,-0.0009683086908692396,0.489,-0.11006046263076238,0.18569285583496092,-0.20763287353515625,2,0,0.5,-0.020839231268812288,-0.07295840847950741,0.0009683086908692396,0.01100000000000001,0.08922123136195009,-0.09714702531152053,0.084248193549906,0.03663620645161293,0.08119834689713734,1426000386037,0,0,0,0,0,0,0
2.0819251102363387,-0.016508594839184685,0.471,-0.1045626754869802,0.15929052734375,-0.21692056274414062,2,0,0.5,-0.020839231268812288,-0.08192511023633875,0.016508594839184685,0.029000000000000026,0.08372344421816791,-0.08710117399290779,0.08657090851210836,0.11565465882352952,0.05946850093677592,1426000386106,0,0,0,0,0,0,0
2.0892933422461435,-0.030852315748419443,0.464,-0.09796533091444168,0.13237612915039063,-0.20244511413574218,2,0,0.5,-0.020839231268812288,-0.08929334224614349,0.030852315748419443,0.035999999999999976,0.07712609964562939,-0.08628336859441282,0.09474774849863352,0.06834692903225777,0.045203464617217186,1426000386168,0,0,0,0,0,0,0
2.094810355856312,-0.043397731300367705,0.455,-0.09454448558053277,0.10076417541503906,-0.1791847686767578,2,0,0.5,-0.020839231268812288,-0.09481035585631181,0.043397731300367705,0.044999999999999984,0.07370525431172048,-0.0754972880709537,0.08371394851641806,0.08199347391304351,0.058832013729507845,1426000386237,0,0,0,0,0,0,0
2.0983667903204366,-0.05389644802081892,0.457,-0.09046041513086603,0.06797503662109375,-0.1517413330078125,2,0,0.5,-0.020839231268812288,-0.0983667903204366,0.05389644802081892,0.04299999999999998,0.06962118386205374,-0.06975642891480034,0.08559855642668655,0.023528190163934405,0.04953559148664352,1426000386298,0,0,0,0,0,0,0
2.1000693645311137,-0.06246648641815728,0.462,-0.08606218541584035,0.03704707717895508,-0.12571788024902344,2,0,0.5,-0.020839231268812288,-0.1000693645311137,0.06246648641815728,0.03799999999999998,0.06522295414702806,-0.058665965214570154,0.07193605642663994,0.006625512676056294,0.04663888492860968,0,0,0,0,0,0,0,0
2.0993094118206517,-0.0687091449223595,0.477,-0.08250171374177188,-0.003308193206787109,-0.09427314758300781,2,0,0.5,-0.020839231268812288,-0.09930941182065167,0.0687091449223595,0.02300000000000002,0.06166248247295959,-0.045519545567652066,0.06926745095098072,-0.06808859999999975,0.043860124102617276,1426000386429,0,0,0,0,0,0,0
2.0725768841058376,-0.06385624178188262,0.493,-0.08059930485709815,-0.405622802734375,0.03950127792358398,2,0,0.5,-0.020839231268812288,-0.07257688410583762,0.06385624178188262,0.007000000000000006,0.05976007358828586,0.10095820118064598,0.005490735755049322,-0.07569394117647066,0.05136709321472528,1426000386429,0,0,0,0,0,0,0
2.0449339416749344,-0.0564708439198338,0.514,-0.08079129107481753,-0.4222172546386719,0.0770374755859375,2,0,0.5,-0.020839231268812288,-0.04493394167493436,0.0564708439198338,-0.014000000000000012,0.05995205980600524,0.13576541677658857,-0.015564571666965274,-0.13071820327868866,0.060896254319379214,1426000386429,0,0,0,0,0,0,0
2.0187273830624943,-0.043896793634912924,0.544,-0.08236208740161238,-0.40703768920898437,0.15627114868164063,2,0,0.5,-0.020839231268812288,-0.01872738306249433,0.043896793634912924,-0.04400000000000004,0.06152285613280009,0.12128133324217417,-0.042315886843779286,-0.18453440000000013,0.06825484039049233,1426000386429,0,0,0,0,0,0,0
1.9940169649836843,-0.029982751634569794,0.553,-0.08475318847684465,-0.3865702209472656,0.17750961303710938,2,0,0.5,-0.020839231268812288,0.0059830350163156965,0.029982751634569794,-0.05300000000000005,0.06391395720803236,0.14438848620817354,-0.06621903415593293,-0.09369704426229516,0.07567347069278124,1426000386429,0,0,0,0,0,0,0
1.9659051315824785,-0.014267100937407087,0.569,-0.08677777040915807,-0.4401192932128906,0.19919287109375,2,0,0.5,-0.020839231268812288,0.03409486841752152,0.014267100937407087,-0.06899999999999995,0.06593853914034578,0.15334260957690857,-0.07062744419907453,-0.13313227777777728,0.07437429719165169,1426000386761,0,0,0,0,0,0,0
1.9384073712294652,-0.0015675124458323052,0.573,-0.08621926504851984,-0.42742425537109374,0.15402902221679687,2,0,0.5,-0.020839231268812288,0.06159262877053484,0.0015675124458323052,-0.07299999999999995,0.06538003377970755,0.19640722852873854,-0.07721625285931037,-0.08311583103448274,0.062491212948820166,1426000386819,0,0,0,0,0,0,0
1.9139183352470277,0.010490602588546984,0.578,-0.08417722982368647,-0.3815463562011719,0.14856768798828124,2,0,0.5,-0.020839231268812288,0.0860816647529723,-0.010490602588546984,-0.07799999999999996,0.06333799855487418,0.16522242284652916,-0.06690778117622269,-0.08852389999999999,0.054586419019874016,1426000386889,0,0,0,0,0,0,0
1.8930268222680777,0.02142026633157088,0.565,-0.08077383778229752,-0.3260472412109375,0.13701675415039063,2,0,0.5,-0.020839231268812288,0.10697317773192228,-0.02142026633157088,-0.06499999999999995,0.05993460651348523,0.1751543423743309,-0.07585126186994319,0.022319433333333444,0.04291764630654046,0,0,0,0,0,0,0,0
1.8763567012431472,0.030880944140799532,0.555,-0.07635815477475189,-0.26068670654296877,0.12127178955078124,2,0,0.5,-0.020839231268812288,0.12364329875685276,-0.030880944140799532,-0.05500000000000005,0.055518923505939594,0.14750841479674753,-0.06554089317682645,0.005582688235293544,0.03603796906088533,0,0,0,0,0,0,0,0
1.8639726037880089,0.03845124612652288,0.542,-0.0734609082164413,-0.193882568359375,0.09905302429199218,2,0,0.5,-0.020839231268812288,0.13602739621199111,-0.03845124612652288,-0.04200000000000004,0.05262167694762901,0.13789293456862595,-0.06339079447358492,0.03763879677419358,0.03860274198806166,0,0,0,0,0,0,0,0
1.8558443428670568,0.04365619304277152,0.532,-0.07033676885537149,-0.12732532501220703,0.06891504669189454,2,0,0.5,-0.020839231268812288,0.1441556571329432,-0.04365619304277152,-0.03200000000000003,0.0494975375865592,0.11278905102452608,-0.04931298612222479,0.022027700000000004,0.03610836889626001,0,0,0,0,0,0,0,0
1.8549182002530373,0.046052892192437626,0.527,-0.06590363255530585,-0.01638434600830078,0.03488527297973633,2,0,0.5,-0.020839231268812288,0.14508179974696267,-0.046052892192437626,-0.027000000000000024,0.045064401286493555,0.07810036538840376,-0.03849497789084907,0.00503236666666667,0.022898719786165336,0,0,0,0,0,0,0,0
1.857737813306503,0.04286996629025759,0.525,-0.06398377037811209,0.04534659957885742,-0.04485491943359375,2,0,0.5,-0.020839231268812288,0.142262186693497,-0.04286996629025759,-0.025000000000000022,0.0431445391092998,0.05728957854324779,-0.007038149365543096,-0.012709300000000012,0.034916558349898,0,0,0,0,0,0,0,0
1.866315480155237,0.03773733912140115,0.526,-0.059986966391045116,0.13332443237304686,-0.06860501098632812,2,0,0.5,-0.020839231268812288,0.13368451984476293,-0.03773733912140115,-0.026000000000000023,0.039147735122232824,0.017964236680086176,0.009040015080297215,-0.02940560491803281,0.01949132207108376,0,0,0,0,0,0,0,0
1.8755709466395163,0.027188469295535297,0.536,-0.05637413483941677,0.14806851196289061,-0.1496253204345703,2,0,0.5,-0.020839231268812288,0.12442905336048371,-0.027188469295535297,-0.03600000000000003,0.03553490357060449,0.01569046234947579,0.03835494978651595,-0.08264093768115949,0.019826940302655197,0,0,0,0,0,0,0,0
