0,0,0.723,0,-0.009545261383056641,0.004439689636230469,0,0,2,0,0,0,1.2770000000000001,0,0,0,1.0216,0,0,0,0,0,0,0,0,0
-0.00181873410542806,-0.0012478240966796875,0.723,-0.002268928027592626,-0.0272810115814209,-0.018717361450195313,0,0,2,0,0.00181873410542806,0.0012478240966796875,1.2770000000000001,0.002268928027592626,0.010703732874495187,0.007343775962277926,1.0299005,0.012740903539558592,0,0,0,0,0,0,0,0
-0.0014192239753823199,-0.0012419441781681842,0.727,-0.003001966313430221,0.005992436408996582,0.00010179543495178223,0,0,2,0,0.0014192239753823199,0.0012419441781681842,1.2730000000000001,0.003001966313430221,-0.001473118555483708,0.0005904222146611781,1.0129727000000002,0.006438083278293948,0,0,0,0,0,0,0,0
-0.0001695399188226088,-0.0008606374999676025,0.74,-0.004921828490624031,0.01872800636291504,0.0057758469581604,0,0,2,0,0.0001695399188226088,0.0008606374999676025,1.26,0.004921828490624031,-0.006540140084879482,-0.0015895881685748594,0.9638243060606055,0.013648474750595892,0,0,0,0,0,0,0,0
0.002796474938633119,-0.00017963255783199922,0.756,-0.007696902001294997,0.04443940734863281,0.01043392276763916,0,0,2,0,-0.002796474938633119,0.00017963255783199922,1.244,0.007696902001294997,-0.01712674743424269,-0.0035192810575674846,0.9433256151515153,0.020310872504344844,0,0,0,0,0,0,0,0
0.0076078132832259355,0.0007548344929624606,0.785,-0.008744099552491613,0.07206005096435547,0.014572071075439454,0,0,2,0,-0.0076078132832259355,-0.0007548344929624606,1.2149999999999999,0.008744099552491613,-0.030120425510706494,-0.00548597451641391,0.8541563499999991,0.01365283807372575,0,0,0,0,0,0,0,0
0.014532856206714639,0.0027957928247694147,0.819,-0.011606439525762291,0.10360398101806641,0.03152149200439453,0,0,2,0,-0.014532856206714639,-0.0027957928247694147,1.181,0.011606439525762291,-0.04456907942193242,-0.01238767989642796,0.810149676923078,0.024817239402396187,0,0,0,0,0,0,0,0
0.022792189358970767,0.004328878948752703,0.856,-0.013683381335635514,0.12361475372314454,0.024432632446289064,0,0,2,0,-0.022792189358970767,-0.004328878948752703,1.1440000000000001,0.013683381335635514,-0.055224590167335275,-0.010297306558357755,0.7749648787878793,0.023124025925968343,0,0,0,0,0,0,0,0
0.031664328450972765,0.005638466899817789,0.895,-0.015062191444711048,0.13280084228515626,0.021462936401367188,0,0,2,0,-0.031664328450972765,-0.005638466899817789,1.105,0.015062191444711048,-0.06440094155369377,-0.009987516087454722,0.7337677499999993,0.021525363831002616,0,0,0,0,0,0,0,0
0.04384337528885628,0.005511907023313784,0.933,-0.017243853009703963,0.18269357299804687,0.0008533601760864258,0,0,2,0,-0.04384337528885628,-0.005511907023313784,1.067,0.017243853009703963,-0.08562221584124884,-0.0021049863362912753,0.7252904373134328,0.027012486882806566,0,0,0,0,0,0,0,0
0.053960077019498516,0.006477061875802855,0.97,-0.01740093264238346,0.15147833251953124,0.01709180450439453,0,0,2,0,-0.053960077019498516,-0.006477061875802855,1.03,0.01740093264238346,-0.0832965735921045,-0.008614749397464504,0.6951313444444449,0.018148930893238206,0,0,0,0,0,0,0,0
0.05998872167858597,0.006627552461144945,1.005,-0.017837264955382015,0.09037670135498047,0.003830498218536377,0,0,2,0,-0.05998872167858597,-0.006627552461144945,0.9950000000000001,0.017837264955382015,-0.06260792286687301,-0.0041426651175910266,0.6906928615384622,0.019851106399990732,0,0,0,0,0,0,0,0
0.06653861717170426,0.0073048711751965475,1.044,-0.01790707812546183,0.09805158996582031,0.011910554885864257,0,0,2,0,-0.06653861717170426,-0.0073048711751965475,0.956,0.01790707812546183,-0.06819914760275173,-0.007267653433944825,0.6474458181818175,0.018224410716733707,0,0,0,0,0,0,0,0
0.07153145012768247,0.005618462126595156,1.079,-0.01874483616641909,0.07533344268798828,-0.023951045989990233,0,0,2,0,-0.07153145012768247,-0.005618462126595156,0.921,0.01874483616641909,-0.06289225038921094,0.006244404863252395,0.6437889615384621,0.022611411740067998,0,0,0,0,0,0,0,0
0.07514272922149112,0.005360584303175303,1.118,-0.019146261894377795,0.05423217391967773,-0.0028521547317504883,0,0,2,0,-0.07514272922149112,-0.005360584303175303,0.8819999999999999,0.019146261894377795,-0.0567286412056713,-0.0013637889662110473,0.6032285567164173,0.02094369052702871,0,0,0,0,0,0,0,0
0.0778686592320222,0.00452852623715583,1.153,-0.02026327261565417,0.041120403289794924,-0.011695760726928711,0,0,2,0,-0.0778686592320222,-0.00452852623715583,0.847,0.02026327261565417,-0.0544198282917619,0.0023248089483251673,0.589851555555556,0.025582371288398804,0,0,0,0,0,0,0,0
0.07937565875363894,0.0031637438139822944,1.192,-0.01993166005777525,0.023015148162841798,-0.020009513854980468,0,0,2,0,-0.07937565875363894,-0.0031637438139822944,0.808,0.01993166005777525,-0.04819547942540415,0.005731427347686437,0.5483480000000006,0.018401140559872547,0,0,0,0,0,0,0,0
0.07913215777462235,0.0009194829341415767,1.231,-0.019146261894377795,-0.002980855941772461,-0.03373002243041992,0,0,2,0,-0.07913215777462235,-0.0009194829341415767,0.7689999999999999,0.019146261894377795,-0.03869939291196213,0.011588613351907508,0.5221464999999993,0.01552134729408185,0,0,0,0,0,0,0,0
0.0774129408291808,-0.0014748955476455235,1.263,-0.01951278103729659,-0.025095918655395507,-0.036402812957763674,0,0,2,0,-0.0774129408291808,0.0014748955476455235,0.7370000000000001,0.01951278103729659,-0.029943939954646018,0.013595086823849085,0.5390293076923088,0.021204407850767947,0,0,0,0,0,0,0,0
0.07636585548624203,-0.004514004316591254,1.3,-0.01986184688769546,-0.014813824653625489,-0.04588440704345703,0,0,2,0,-0.07636585548624203,0.004514004316591254,0.7,0.01986184688769546,-0.0332590356138718,0.018100799711904737,0.4931434179104469,0.021424828307391904,0,0,0,0,0,0,0,0
0.0733299163097347,-0.0065650106538896295,1.333,-0.020298179200694044,-0.04491909408569336,-0.0316634578704834,0,0,2,0,-0.0733299163097347,0.0065650106538896295,0.667,0.020298179200694044,-0.020655053606928542,0.014471004064159385,0.4838270500000006,0.022343486917874904,0,0,0,0,0,0,0,0
0.07102201562099306,-0.009424648704247567,1.369,-0.0196000474998963,-0.03374075698852539,-0.04358837890625,0,0,2,0,-0.07102201562099306,0.009424648704247567,0.631,0.0196000474998963,-0.023722902389473062,0.020088559244284522,0.44575114615384603,0.016377901188522098,0,0,0,0,0,0,0,0
0.06666217243553924,-0.012852561636505198,1.402,-0.020420352248333662,-0.06437734222412109,-0.05269053268432617,0,0,2,0,-0.06666217243553924,0.012852561636505198,0.5980000000000001,0.020420352248333662,-0.010537390072686791,0.024870811547244645,0.4393919923076929,0.024206374164198408,0,0,0,0,0,0,0,0
0.06369923910978158,-0.014447418418511012,1.434,-0.021153390534171257,-0.04394625473022461,-0.024825363159179686,0,0,2,0,-0.06369923910978158,0.014447418418511012,0.5660000000000001,0.021153390534171257,-0.0166191502366702,0.015807328412709803,0.4228556076923076,0.024536644161114004,0,0,0,0,0,0,0,0
0.06099585033476214,-0.015275446102020388,1.464,-0.02138028333693054,-0.04027904510498047,-0.013275360107421875,0,0,2,0,-0.06099585033476214,0.015275446102020388,0.536,0.02138028333693054,-0.017140399270337087,0.011969404188381997,0.4180380820895522,0.022396221259733295,0,0,0,0,0,0,0,0
0.05696688071829646,-0.015759032636028597,1.491,-0.022619467105846502,-0.06026565551757813,-0.008544149398803711,0,0,2,0,-0.05696688071829646,0.015759032636028597,0.5089999999999999,0.022619467105846502,-0.006900819229048335,0.010582199751872112,0.40636119999999926,0.02852034219592252,0,0,0,0,0,0,0,0
0.05316145712096861,-0.013892603186764274,1.516,-0.0229336263712055,-0.0576999626159668,0.026698240280151365,0,0,2,0,-0.05316145712096861,0.013892603186764274,0.484,0.0229336263712055,-0.007236081875508515,-0.0029261696381748057,0.40697984242424295,0.02436162303192821,0,0,0,0,0,0,0,0
0.04921288887730475,-0.012962614804785692,1.541,-0.02340486526924396,-0.059532840728759764,0.01258795166015625,0,0,2,0,-0.04921288887730475,0.012962614804785692,0.4590000000000001,0.02340486526924396,-0.004212541471906833,0.0015073640492604358,0.387923715384616,0.02557981402942148,0,0,0,0,0,0,0,0
0.0466158114403677,-0.011228163390001126,1.564,-0.023998277214922013,-0.03955435562133789,0.025097965240478515,0,0,2,0,-0.0466158114403677,0.011228163390001126,0.43599999999999994,0.023998277214922013,-0.010221561220941968,-0.0036842873747297963,0.3831269461538455,0.026737101579589945,0,0,0,0,0,0,0,0
0.044258693630160974,-0.00727289362412209,1.585,-0.024312436480281006,-0.03677024459838867,0.05846354293823242,0,0,2,0,-0.044258693630160974,0.00727289362412209,0.41500000000000004,0.024312436480281006,-0.010556609000264552,-0.0172926838010766,0.3815484636363642,0.025740433141003702,0,0,0,0,0,0,0,0
0.041161529343125246,-0.00578548710097429,1.607,-0.0244346095279206,-0.046986118316650394,0.021175121307373045,0,0,2,0,-0.041161529343125246,0.00578548710097429,0.393,0.0244346095279206,-0.004596620216138356,-0.0051920233492543065,0.35751479999999997,0.025007295688731192,0,0,0,0,0,0,0,0
0.03717416920490628,-0.0026022524268236548,1.628,-0.024853488548399253,-0.060959148406982425,0.04627296829223633,0,0,2,0,-0.03717416920490628,0.0026022524268236548,0.3720000000000001,0.024853488548399253,0.0019056801925172728,-0.015788189198060312,0.3503683769230776,0.02678677633522381,0,0,0,0,0,0,0,0
0.03589286930975492,-0.000008485474320121724,1.65,-0.025342180738957668,-0.020180425643920898,0.038416866302490235,0,0,2,0,-0.03589286930975492,0.000008485474320121724,0.3500000000000001,0.025342180738957668,-0.01215298772665023,-0.013699397422751171,0.3314886333333334,0.027563508877859556,0,0,0,0,0,0,0,0
0.03404495172389196,0.001920536985499905,1.669,-0.02562143341927678,-0.028443069458007814,0.02822366714477539,0,0,2,0,-0.03404495172389196,-0.001920536985499905,0.33099999999999996,0.02562143341927678,-0.007939790576391204,-0.01145965462534788,0.3311674499999993,0.02693043035827261,0,0,0,0,0,0,0,0
0.03191597245939128,0.002826816843876578,1.686,-0.025516713664157087,-0.032272472381591796,0.012771613121032714,0,0,2,0,-0.03191597245939128,-0.002826816843876578,0.31400000000000006,0.025516713664157087,-0.005712123229481884,-0.006171348228509913,0.33339458484848544,0.025040714777249395,0,0,0,0,0,0,0,0
0.030903354156001584,0.004739375339624785,1.704,-0.024120450262561655,-0.01591628360748291,0.028291500091552735,0,0,2,0,-0.030903354156001584,-0.004739375339624785,0.29600000000000004,0.024120450262561655,-0.010977877431954702,-0.012783935398226875,0.312603,0.017575465567583066,0,0,0,0,0,0,0,0
0.0271933085919137,0.004720213823474964,1.718,-0.024678955623199796,-0.0556275634765625,-0.0016295285224914551,0,0,2,0,-0.0271933085919137,-0.004720213823474964,0.28200000000000003,0.024678955623199796,0.005298881774853752,-0.0022149411108613294,0.32628888461538463,0.02725667267229891,0,0,0,0,0,0,0,0
0.025821413740040145,0.006986741192604364,1.733,-0.02532472744643771,-0.021411104202270506,0.03347975540161133,0,0,2,0,-0.025821413740040145,-0.006986741192604364,0.2669999999999999,0.02532472744643771,-0.006621997014679173,-0.015660301713320113,0.3106397692307686,0.02830521278445886,0,0,0,0,0,0,0,0
0.023853696765072693,0.00871552125173551,1.751,-0.024382249650360757,-0.030162933349609376,0.025175987243652345,0,0,2,0,-0.023853696765072693,-0.00871552125173551,0.2490000000000001,0.024382249650360757,-0.002606145346493874,-0.013493838886292811,0.2831978545454558,0.02009825966819278,0,0,0,0,0,0,0,0
0.021798958380226472,0.007563765016040105,1.76,-0.024452062820440542,-0.03039072036743164,-0.018022621154785156,0,0,2,0,-0.021798958380226472,-0.007563765016040105,0.24,0.024452062820440542,-0.001294536221685072,0.0022613816019812997,0.3260454746268651,0.02476465910437988,0,0,0,0,0,0,0,0
0.02075196262869584,0.007496648148399727,1.77,-0.02312561258892484,-0.01567562675476074,-0.0013904318809509278,0,0,2,0,-0.02075196262869584,-0.007496648148399727,0.22999999999999998,0.02312561258892484,-0.005701176998856731,-0.003353548417781187,0.31095384444444446,0.016809182915040542,0,0,0,0,0,0,0,0
0.02213825313966184,0.006122969190659892,1.782,-0.02424262331020121,0.021265262603759764,-0.02011883544921875,0,0,2,0,-0.02213825313966184,-0.006122969190659892,0.21799999999999997,0.02424262331020121,-0.019689996395833423,0.004353172493592156,0.2937110153846154,0.02939805740839984,0,0,0,0,0,0,0,0
0.020347281532154732,0.005207749247762271,1.803,-0.022863813201125675,-0.026523902893066408,-0.014375469207763673,0,0,2,0,-0.020347281532154732,-0.005207749247762271,0.19700000000000006,0.022863813201125675,-0.001845721878520147,0.0022640515922928497,0.2314629636363642,0.01659649452350961,0,0,0,0,0,0,0,0
0.019217023181641806,0.004470087687678599,1.816,-0.02207841503772822,-0.01669647979736328,-0.011449627876281739,0,0,2,0,-0.019217023181641806,-0.004470087687678599,0.18399999999999994,0.02207841503772822,-0.0046093679502094646,0.0018106690817984027,0.26251044999999934,0.01839686114680265,0,0,0,0,0,0,0,0
0.018404494582966235,0.0025030634724775144,1.826,-0.021170843826691203,-0.01153357982635498,-0.029767240524291992,0,0,2,0,-0.018404494582966235,-0.0025030634724775144,0.17399999999999993,0.021170843826691203,-0.006151982635468791,0.009033917111812263,0.2745311940298507,0.01710709213548068,0,0,0,0,0,0,0,0
0.016557558099934387,-0.00018171310038238775,1.838,-0.02082177797629236,-0.02684531784057617,-0.040849098205566405,0,0,2,0,-0.016557558099934387,0.00018171310038238775,0.16199999999999992,0.02082177797629236,0.0007772602023689533,0.015016345650625231,0.2515239333333333,0.019159559641059767,0,0,0,0,0,0,0,0
0.015834097777878395,-0.0032461657899499935,1.848,-0.021170843826691203,-0.009892511367797851,-0.04618276596069336,0,0,2,0,-0.015834097777878395,0.0032461657899499935,0.1519999999999999,0.021170843826691203,-0.005236504458923,0.01813615569606699,0.2573324461538461,0.022781916982378178,0,0,0,0,0,0,0,0
0.012908332265578557,-0.007064263724156101,1.86,-0.019914206765255286,-0.04266425323486328,-0.05818767929077148,0,0,2,0,-0.012908332265578557,0.007064263724156101,0.1399999999999999,0.019914206765255286,0.008076554290259622,0.024107886213413445,0.23787321538461528,0.014114343404781824,0,0,0,0,0,0,0,0
0.012298510409522751,-0.010176789993123402,1.878,-0.01881464933649884,-0.00821582317352295,-0.04686078643798828,0,0,2,0,-0.012298510409522751,0.010176789993123402,0.12200000000000011,0.01881464933649884,-0.004146870005775457,0.021617698276109577,0.19343925454545574,0.013816661023969529,0,0,0,0,0,0,0,0
0.009765313582675565,-0.014692090997097142,1.89,-0.01954768762233649,-0.03671699523925781,-0.06843240356445313,0,0,2,0,-0.009765313582675565,0.014692090997097142,0.1100000000000001,0.01954768762233649,0.007312999054880278,0.031324002486218985,0.2163834363636364,0.022879679830689444,0,0,0,0,0,0,0,0
0.008819010235794721,-0.019307482189841334,1.903,-0.019111355309337878,-0.012838621139526368,-0.06949509429931641,0,0,2,0,-0.008819010235794721,0.019307482189841334,0.09699999999999998,0.019111355309337878,-0.0004780165462864227,0.034939697405136486,0.19914684999999932,0.01706604759215689,1427129113015,0,0,0,0,0,0,0
0.005881934432687689,-0.025047315523492982,1.913,-0.018256143975860666,-0.04240275192260742,-0.08692369842529298,0,0,2,0,-0.005881934432687689,0.025047315523492982,0.08699999999999997,0.018256143975860666,0.01162662522482294,0.04349226911524164,0.2089599461538461,0.014309014744427376,1427129113015,0,0,0,0,0,0,0
0.004967075811605609,-0.02977686584034531,1.926,-0.018832102629018792,-0.012425514221191406,-0.07118194580078124,0,0,2,0,-0.004967075811605609,0.02977686584034531,0.07400000000000007,0.018832102629018792,0.0011919641867213096,0.040436413761390774,0.18288710000000058,0.021490373335902452,1427129113015,0,0,0,0,0,0,0
0.0017072634510300305,-0.03228076503459734,1.937,-0.017697638615222465,-0.048181251525878904,-0.03847261047363281,0,0,2,0,-0.0017072634510300305,0.03228076503459734,0.06299999999999994,0.017697638615222465,0.014923435234990507,0.029323252490388856,0.18704651343283518,0.01261794900120906,1427129113015,0,0,0,0,0,0,0
-0.0008758869890134745,-0.03733733693951764,1.946,-0.017610372152622754,-0.03739891815185547,-0.07652239990234375,0,0,2,0,0.0008758869890134745,0.03733733693951764,0.05400000000000005,0.017610372152622754,0.013095980841469191,0.04602343216677297,0.18919866153846215,0.017207603863701012,1427129113015,0,0,0,0,0,0,0
-0.0029454249944065843,-0.0429149404120353,1.952,-0.01722639971718403,-0.029564977645874024,-0.08419773101806641,0,0,2,-0.017610372152622754,0.0029454249944065843,0.0429149404120353,0.04800000000000004,-0.00038397243543872306,0.0014727124972032921,0.02145747020601765,0.03840000000000004,-0.00038397243543872306,1427129113015,0,0,0,0,0,0,0
-0.0056216764573542456,-0.04598481341959645,1.958,-0.01586504290062845,-0.03934461212158203,-0.04673276138305664,0,0,2,-0.017610372152622754,0.0056216764573542456,0.04598481341959645,0.04200000000000004,-0.0017453292519943042,0.017225077118861808,0.039552382263850216,0.0015653076923077061,-0.008028514559173909,1427129113406,0,0,0,0,0,0,0
-0.006621905587923703,-0.051795496062053865,1.971,-0.016929693744344963,-0.01361880588531494,-0.08738729095458984,0,0,2,-0.017610372152622754,0.006621905587923703,0.051795496062053865,0.028999999999999915,-0.0006806784082777906,0.008623222730730646,0.0567760493213945,-0.045274993939394645,0.004158643608615453,1427129113472,0,0,0,0,0,0,0
-0.009068192088714394,-0.056003453519736325,1.982,-0.01588249619314838,-0.035620498657226565,-0.06373151016235351,0,0,2,-0.017610372152622754,0.009068192088714394,0.056003453519736325,0.018000000000000016,-0.0017278759594743752,0.01792605353587838,0.05111391147294543,-0.04517664999999943,-0.006636614480708365,1427129113536,0,0,0,0,0,0,0
-0.010806014578548696,-0.061455948659497724,1.986,-0.015271630954950401,-0.02476511573791504,-0.08219110870361328,0,0,2,-0.017610372152622754,0.010806014578548696,0.061455948659497724,0.014000000000000012,-0.0023387411976723525,0.014502252695065637,0.0593522507476448,-0.009022122388059706,-0.005073958682140908,1427129113603,0,0,0,0,0,0,0
-0.011960018152292265,-0.06739939537292439,1.987,-0.014102260356114168,-0.015946596145629884,-0.08940564727783203,0,0,2,-0.017610372152622754,0.011960018152292265,0.06739939537292439,0.0129999999999999,-0.003508111796508586,0.01241974307291384,0.06690240056545123,0.005599744444443743,-0.009076543219538269,1427129113666,0,0,0,0,0,0,0
-0.013697018821466638,-0.07314059441242578,1.984,-0.011990411961201038,-0.024838001251220702,-0.08647684478759765,0,0,2,-0.017610372152622754,0.013697018821466638,0.07314059441242578,0.016000000000000014,-0.0056199601914217155,0.016097519659696757,0.06724787695179256,0.02956999090909152,-0.015219271077390486,1427129113732,0,0,0,0,0,0,0
-0.014752421843358732,-0.07997571374489683,1.984,-0.012269664641520153,-0.014600598335266113,-0.10270923614501953,0,0,2,-0.017610372152622754,0.014752421843358732,0.07997571374489683,0.016000000000000014,-0.005340707511102601,0.013195030811579331,0.07765042744207154,0.013763300000000013,-0.0040317105721067534,1427129113796,0,0,0,0,0,0,0
-0.014990470953656989,-0.08670068621669676,1.982,-0.012775810124598466,-0.002332801580429077,-0.10091080474853516,0,0,2,-0.017610372152622754,0.014990470953656989,0.08670068621669676,0.018000000000000016,-0.004834562028024288,0.008833866798481948,0.07990110050733014,0.02624953076923079,-0.0024985059522782288,1427129113861,0,0,0,0,0,0,0
-0.015516248149740976,-0.09237966822468409,1.98,-0.011903145498601301,-0.006797739982604981,-0.08527853393554688,0,0,2,-0.017610372152622754,0.015516248149740976,0.09237966822468409,0.020000000000000018,-0.005707226654021453,0.010571945674154322,0.07625741957858738,0.027662061194029874,-0.009614680203262487,1427129113928,0,0,0,0,0,0,0
-0.014256774634648655,-0.1003740751876063,1.98,-0.011588986233242336,0.0203181095123291,-0.1196827392578125,0,0,2,-0.017610372152622754,0.014256774634648655,0.1003740751876063,0.020000000000000018,-0.006021385919380418,0.00031699017373714843,0.09437195162432752,0.017342300000000015,-0.007494007475750568,0,0,0,0,0,0,0,0
-0.011958166514314975,-0.1063093087108042,1.984,-0.012514010736799305,0.035508533477783204,-0.08862295532226562,0,0,2,-0.017610372152622754,0.011958166514314975,0.1063093087108042,0.016000000000000014,-0.005096361415823449,-0.006313915940484831,0.08564820609840403,-0.007292161538461543,-0.0008270175532528248,0,0,0,0,0,0,0,0
-0.01129659940014455,-0.11177365231179298,1.986,-0.01317723585255717,0.010948415756225585,-0.08183455657958984,0,0,2,-0.017610372152622754,0.01129659940014455,0.11177365231179298,0.014000000000000012,-0.004433136300065584,0.0021774794790729566,0.08591746965331354,0.001968069230769233,-0.0013720973042600539,0,0,0,0,0,0,0,0
-0.009846125902029967,-0.11610540557245713,1.988,-0.01240929098167964,0.02261139678955078,-0.06468396759033203,0,0,2,-0.017610372152622754,0.009846125902029967,0.11610540557245713,0.01200000000000001,-0.005201081170943114,-0.0027893147401550217,0.08206025142628892,0.0004460692307692322,-0.008745442113454786,0,0,0,0,0,0,0,0
-0.00736373198043361,-0.12149020943617087,1.981,-0.012496557444279407,0.038235340118408206,-0.08030377960205078,0,0,2,-0.017610372152622754,0.00736373198043361,0.12149020943617087,0.018999999999999906,-0.005113814708343347,-0.009379619915205143,0.0900637897117922,0.05406191212121149,-0.004717148969253499,0,0,0,0,0,0,0,0
-0.005164061090874292,-0.12654337794720466,1.973,-0.012514010736799303,0.03393967056274414,-0.07537929534912109,0,0,2,-0.017610372152622754,0.005164061090874292,0.12654337794720466,0.026999999999999913,-0.005096361415823451,-0.009156270243003741,0.09132621800339279,0.06659312307692304,-0.005015807758039315,0,0,0,0,0,0,0,0
-0.005321837636284498,-0.13173369281175487,1.967,-0.012444197566719545,-0.0013922134637832642,-0.07787824249267578,0,0,2,-0.017610372152622754,0.005321837636284498,0.13173369281175487,0.03299999999999992,-0.005166174585903209,0.003633246201512361,0.09518085050900979,0.06133989999999996,-0.005493423820652073,0,0,0,0,0,0,0,0
-0.004742940060395437,-0.13519523611564857,1.962,-0.011135200627723796,0.009328916549682617,-0.051811073303222654,0,0,2,-0.017610372152622754,0.004742940060395437,0.13519523611564857,0.038000000000000034,-0.006475171524898958,-0.0005858241159948426,0.08697298563708392,0.05929335151515215,-0.01242515761124327,0,0,0,0,0,0,0,0
-0.0018841428266255936,-0.13963070624714058,1.96,-0.011187560505283656,0.04362013244628906,-0.06605043792724609,0,0,2,-0.017610372152622754,0.0018841428266255936,0.13963070624714058,0.040000000000000036,-0.006422811647339098,-0.014337610219204988,0.09480811233412453,0.0454074307692308,-0.006181150673985898,0,0,0,0,0,0,0,0
-0.001419330001092941,-0.1417468426739045,1.967,-0.010524335389525791,0.0073268647193908696,-0.03166205978393555,0,0,2,-0.017610372152622754,0.001419330001092941,0.1417468426739045,0.03299999999999992,-0.007086036763096963,-0.0016404728067543851,0.08329836835211271,-0.0078652121212128,-0.010100696380178166,0,0,0,0,0,0,0,0
0.0002998391764258988,-0.14303536953877818,1.965,-0.008377580409572755,0.025989519119262696,-0.019055440902709962,0,0,2,-0.017610372152622754,-0.0002998391764258988,0.14303536953877818,0.03499999999999992,-0.009232791743049999,-0.009437039233106076,0.07985887011685701,0.042017499999999944,-0.019295705711579854,0,0,0,0,0,0,0,0
0.0029948420003359007,-0.14572183789309978,1.961,-0.007696902001294992,0.040761211395263675,-0.03995695114135742,0,0,2,-0.017610372152622754,-0.0029948420003359007,0.14572183789309978,0.038999999999999924,-0.009913470151327762,-0.015896334520012843,0.0887157910273328,0.056071961538461494,-0.013055062804917436,0,0,0,0,0,0,0,0
0.004306377460110877,-0.14602813033019466,1.963,-0.0071383966406567915,0.01970781135559082,-0.004442830562591552,0,0,2,-0.017610372152622754,-0.004306377460110877,0.14602813033019466,0.03699999999999992,-0.010471975511965962,-0.00910546174221465,0.07614752366860482,0.022404769230769162,-0.01304969256106535,0,0,0,0,0,0,0,0
0.0035443273785517333,-0.14803948069793074,1.961,-0.00577703982410121,-0.011215094566345216,-0.03025108337402344,0,0,2,-0.017610372152622754,-0.0035443273785517333,0.14803948069793074,0.038999999999999924,-0.011833332328521544,0.002438720092952582,0.08643050567991765,0.045796730769230715,-0.01811651763570115,0,0,0,0,0,0,0,0
0.0047088533468954965,-0.14759083363028128,1.96,-0.004223696789826255,0.017428720474243164,0.006830505847930908,0,0,2,-0.017610372152622754,-0.0047088533468954965,0.14759083363028128,0.040000000000000036,-0.013386675362796498,-0.008425513826231705,0.07309405496721456,0.04139453030303092,-0.020447325518591748,0,0,0,0,0,0,0,0
0.005354166853024532,-0.1460955138951369,1.957,-0.0038048177693476523,0.009584879875183106,0.022470479965209962,0,0,2,-0.017610372152622754,-0.005354166853024532,0.1460955138951369,0.04299999999999993,-0.013805554383275102,-0.006105138983932636,0.06664155542207521,0.055172949999999346,-0.015769049791768557,0,0,0,0,0,0,0,0
0.005444358185734334,-0.1438149168319976,1.957,-0.0024609142453119962,0.0012227016687393188,0.034213855743408204,0,0,2,-0.017610372152622754,-0.005444358185734334,0.1438149168319976,0.04299999999999993,-0.015149457907310758,-0.0031103608841332704,0.06149212835572871,0.03904619999999994,-0.021352089556706092,0,0,0,0,0,0,0,0
0.004643078313062581,-0.14149978054309567,1.956,-0.0005585053606381677,-0.012104621887207031,0.03469736099243164,0,0,2,-0.017610372152622754,-0.004643078313062581,0.14149978054309567,0.04400000000000004,-0.017051866791984588,0.0019586042070295793,0.06061550755749022,0.04536488059701553,-0.025570115529330098,0,0,0,0,0,0,0,0
0.005343970316242154,-0.13894320901083368,1.956,-0.0002617993877991002,0.010491960525512696,0.03835443878173828,0,0,2,-0.017610372152622754,-0.005343970316242154,0.13894320901083368,0.04400000000000004,-0.017348572764823655,-0.006355139618168945,0.057755376011768535,0.040427000000000025,-0.018717984947157814,0,0,0,0,0,0,0,0
0.007428179456190371,-0.13623198851034618,1.96,0.0006632251157578425,0.03125248908996582,0.040676490783691406,0,0,2,-0.017610372152622754,-0.007428179456190371,0.13623198851034618,0.040000000000000036,-0.018273597268380598,-0.014850703241236123,0.055655591340534535,0.015948538461538472,-0.0225429411309511,0,0,0,0,0,0,0,0
0.005020908054558672,-0.13343425355566715,1.959,0.0024958208303518855,-0.036081230163574216,0.04198996353149414,0,0,2,-0.017610372152622754,-0.005020908054558672,0.13343425355566715,0.040999999999999925,-0.02010619298297464,0.010737149155819331,0.05364088837007934,0.04401814999999933,-0.028696485395134218,0,0,0,0,0,0,0,0
0.0036176509030632123,-0.12913965997585314,1.959,0.004764748857944568,-0.020888013839721678,0.06447123718261719,2.5,0,2,0,2.496382349096937,0.12913965997585314,0.040999999999999925,-0.004764748857944568,1.2481911745484684,0.06456982998792657,0.03279999999999994,-0.004764748857944568,0,0,0,0,0,0,0,0
0.004362789785723729,-0.12601155422451413,1.961,0.008133234314293613,0.011400525093078612,0.0468677978515625,2.5,0,2,0,2.495637210214276,0.12601155422451413,0.038999999999999924,-0.008133234314293613,1.2454284830025273,0.046244038269139094,0.020684269230769162,-0.023680090266673823,0,0,0,0,0,0,0,0
0.004062819945582196,-0.1247842362021182,1.96,0.009948376736367675,-0.0043496694564819334,0.018445756912231444,2.5,0,2,0,2.4959371800544177,0.1247842362021182,0.040000000000000036,-0.009948376736367675,1.2528283355970304,0.05594649985962759,0.037898115384616016,-0.01832595714594027,0,0,0,0,0,0,0,0
0.0055693962600702526,-0.12272657461635214,1.963,0.012566370614359201,0.022904577255249022,0.030638580322265626,2.5,0,2,0,2.4944306037399295,0.12272657461635214,0.03699999999999992,-0.012566370614359201,1.2441167295725495,0.05069546236850136,0.014448609090908428,-0.024466342787047953,0,0,0,0,0,0,0,0
0.009014369145907721,-0.12101034136815791,1.961,0.015603243512829329,0.0519940071105957,0.025092121124267577,2.5,0,2,0,2.4909856308540923,0.12101034136815791,0.038999999999999924,-0.015603243512829329,1.2331381983135135,0.05144098352951651,0.04314479999999995,-0.02983858522440805,0,0,0,0,0,0,0,0
0.01784448940000131,-0.11951391129873934,1.962,0.01649336143134645,0.13278590393066406,0.020377124786376953,2.5,0,2,0,2.482155510599999,0.11951391129873934,0.038000000000000034,-0.01649336143134645,1.2016294333695834,0.05209840273942125,0.026269684615385234,-0.020601597978348547,0,0,0,0,0,0,0,0
0.030708264452946398,-0.11966184714195793,1.964,0.01884955592153876,0.19289378356933592,-0.005401094913482666,2.5,0,2,0,2.4692917355470536,0.11966184714195793,0.03600000000000003,-0.01884955592153876,1.1750829057850916,0.06110442885279603,0.019519069230769247,-0.029724299722426337,0,0,0,0,0,0,0,0
0.04667153368702167,-0.1180077949397475,1.974,0.020245819323134247,0.2398741455078125,0.020293134689331055,2.5,0,2,0,2.4533284663129784,0.1180077949397475,0.026000000000000023,-0.020245819323134247,1.1533332485264087,0.05078722132790424,-0.030570403030303048,-0.026592471148568282,0,0,0,0,0,0,0,0
0.07126660568385929,-0.11203498451334878,1.977,0.023108159296404952,0.3706642150878906,0.08210509490966797,2.5,0,2,0,2.428733394316141,0.11203498451334878,0.02299999999999991,-0.023108159296404952,1.102607627475639,0.026352744723402398,0.005001208695651526,-0.03555311570192976,0,0,0,0,0,0,0,0
0.10673395490135994,-0.1067952033360297,1.98,0.02631956512007453,0.5336842651367187,0.06628305053710938,2.5,0,2,0,2.39326604509864,0.1067952033360297,0.020000000000000018,-0.02631956512007453,1.0075902726977193,0.024030545459991087,0.0007274852459022776,-0.042113364252875735,0,0,0,0,0,0,0,0
0.14860559802921466,-0.10122772363464112,1.985,0.02586577951455602,0.6300548706054687,0.06695452880859375,2.5,0,2,0,2.3513944019707855,0.10122772363464112,0.014999999999999902,-0.02586577951455602,0.9662213477645435,0.021398185006547908,-0.012884976923077624,-0.023771384412162904,0,0,0,0,0,0,0,0
0.19276659079747643,-0.09256013560734629,1.98,0.026947883650792433,0.6655558471679688,0.11283836364746094,2.5,0,2,0,2.3072334092025235,0.09256013560734629,0.020000000000000018,-0.026947883650792433,0.9333132858018922,0.0004316640953961476,0.045091176923077556,-0.031942210433422026,0,0,0,0,0,0,0,0
0.24653798394261447,-0.08305844119610989,1.973,0.026494098045273924,0.8101183471679687,0.12074092102050782,2.5,0,2,0,2.2534620160573855,0.08305844119610989,0.026999999999999913,-0.026494098045273924,0.8605535079349707,-0.007980510092673011,0.06106751212121149,-0.024431436202007977,0,0,0,0,0,0,0,0
0.30703607987636256,-0.07388963611315637,1.971,0.02530727415391782,0.9107963256835937,0.11344398498535156,2.5,0,2,0,2.1929639201236375,0.07388963611315637,0.028999999999999915,-0.02530727415391782,0.796079907427901,-0.010750823278875596,0.036343760606060545,-0.019912620102299168,0,0,0,0,0,0,0,0
0.3660575618416868,-0.06281278350429974,1.97,0.023335052099164207,0.8892431640625,0.14369688415527343,2.5,0,2,0,2.1339424381583134,0.06281278350429974,0.030000000000000027,-0.023335052099164207,0.7659843961200941,-0.028203135909065064,0.03219845000000063,-0.014090261217506641,0,0,0,0,0,0,0,0
0.4371566677099355,-0.05038566469870462,1.972,0.019984019935335114,1.070545654296875,0.16147177124023437,2.5,0,2,0,2.0628433322900643,0.05038566469870462,0.028000000000000025,-0.019984019935335114,0.6717080815592524,-0.040722662032174395,0.014542469230769243,-0.004517717640739301,0,0,0,0,0,0,0,0
0.509989135897806,-0.03578956763258155,1.972,0.017627825445142777,1.0966439208984375,0.19706690979003907,2.5,0,2,0,1.990010864102194,0.03578956763258155,0.028000000000000025,-0.017627825445142777,0.6272518651136387,-0.05967656105680988,0.02549370000000002,-0.006753081644255067,0,0,0,0,0,0,0,0
0.5895083515588412,-0.021917000324453914,1.971,0.013770647798235287,1.1962708740234376,0.187031005859375,2.5,0,2,0,1.910491648441159,0.021917000324453914,0.028999999999999915,-0.013770647798235287,0.5527285135375664,-0.06270266919453356,0.03186681538461472,0.00403171057210697,0,0,0,0,0,0,0,0
0.6704652916667352,-0.009911443732651093,1.97,0.008272860654453103,1.21671875,0.1633443603515625,2.5,0,2,0,1.8295347083332647,0.009911443732651093,0.030000000000000027,-0.008272860654453103,0.5249843861979652,-0.055793574344460646,0.032633258823530006,0.015982082626938884,0,0,0,0,0,0,0,0
0.7575692659258885,0.004716267928232234,1.968,0.00476474885794457,1.308330078125,0.20859930419921874,2.5,0,2,0,1.7424307340741114,-0.004716267928232234,0.03200000000000003,-0.00476474885794457,0.407486855310767,-0.08389283990781621,0.04057492258064519,0.012209985641290267,0,0,0,0,0,0,0,0
0.8494646167515953,0.016756559187088037,1.965,0.0004712388980384974,1.379275146484375,0.17403446960449218,2.5,0,2,0,1.6505353832484047,-0.016756559187088037,0.03499999999999992,-0.0004712388980384974,0.3595068917873229,-0.07218042321438202,0.048065946153845504,0.019344960916912606,0,0,0,0,0,0,0,0
0.9410533117571996,0.031183556799191162,1.962,-0.003316125578789234,1.3739322509765626,0.21575753784179688,2.5,0,2,0,1.5589466882428002,-0.031183556799191162,0.038000000000000034,0.003316125578789234,0.33112975165067743,-0.08994739035485012,0.050238341791045395,0.020274473982495492,0,0,0,0,0,0,0,0
1.0439407181645441,0.04238884667669999,1.958,-0.006405358354819166,1.5427452392578125,0.17319622802734375,2.5,0,2,0,1.4560592818354559,-0.04238884667669999,0.04200000000000004,0.006405358354819166,0.19640082934291003,-0.08149118027405784,0.05991050000000005,0.020886136992459472,0,0,0,0,0,0,0,0
1.149742057741988,0.05511797212051453,1.952,-0.009093165402890452,1.5857645263671876,0.20109832763671875,2.5,0,2,0,1.350257942258012,-0.05511797212051453,0.04800000000000004,0.009093165402890452,0.14598912370585948,-0.09411612979956083,0.07497048181818187,0.021310470166850844,0,0,0,0,0,0,0,0
1.262511061837359,0.06509274254579717,1.951,-0.012793263417118417,1.6901046142578124,0.16499656677246094,2.5,0,2,0,1.237488938162641,-0.06509274254579717,0.04899999999999993,0.012793263417118417,0.04425898498867298,-0.08535318962521778,0.04965541538461474,0.02987063886740133,0,0,0,0,0,0,0,0
1.3841911072849993,0.07443337939648312,1.95,-0.01364847475059563,1.8232589111328126,0.16344772338867186,2.5,0,2,0,1.1158088927150007,-0.07443337939648312,0.050000000000000044,0.01364847475059563,-0.07408695422590228,-0.08744245090057987,0.05085955000000065,0.017657277876270062,0,0,0,0,0,0,0,0
1.5186716598538144,0.0813592461229131,1.951,-0.015934856070708176,2.0156025390625,0.13140928649902345,2.5,0,2,0,0.9813283401461856,-0.0813592461229131,0.04899999999999993,0.015934856070708176,-0.1993776708410515,-0.07716978852351666,0.039524684615383956,0.02648738524045839,0,0,0,0,0,0,0,0
1.6621111648775226,0.08540453813099605,1.952,-0.019181168479417633,2.1503525390625,0.09495554351806641,2.5,0,2,0,0.8378888351224774,-0.08540453813099605,0.04800000000000004,0.019181168479417633,-0.3187933088287317,-0.06373716053239767,0.039036684615385245,0.03416414882730743,0,0,0,0,0,0,0,0
1.8114569621218977,0.08406534178879696,1.955,-0.02108357736409146,2.24016015625,0.022882518768310548,2.5,0,2,0,0.6885430378781023,-0.08406534178879696,0.04499999999999993,0.02108357736409146,-0.4008029305738813,-0.03434574277070435,0.02665115820895457,0.02960182610143696,0,0,0,0,0,0,0,0
1.9541692575041276,0.0831602725619706,1.959,-0.02244493418064707,2.140494873046875,0.031556921005249025,2.5,0,2,0,0.5458307424958724,-0.0831602725619706,0.040999999999999925,0.02244493418064707,-0.4844966778834412,-0.03591323854535486,0.0171588777777777,0.02892758568805473,0,0,0,0,0,0,0,0
2.09143162049667,0.08095155935245238,1.965,-0.02282890661608582,2.059160400390625,0.013086437225341797,2.5,0,2,0,0.4085683795033299,-0.08095155935245238,0.03499999999999992,0.02282890661608582,-0.4991212359745078,-0.027996591697257336,0.0025009076923076037,0.024601087087341593,0,0,0,0,0,0,0,0
2.2348305520832383,0.07593307070272376,1.972,-0.024609142453120004,2.152141845703125,-0.02615736770629883,2.5,0,2,0,0.26516944791676167,-0.07593307070272376,0.028000000000000025,0.024609142453120004,-0.5919895380596019,-0.010817336942307375,-0.007727812121211545,0.032701123530548104,0,0,0,0,0,0,0,0
2.3640180807070332,0.06978254508779382,1.98,-0.02675589743307307,1.939496337890625,-0.04454684829711914,2.5,0,2,0,0.13598191929296677,-0.06978254508779382,0.020000000000000018,0.02675589743307307,-0.5811300537446044,-0.0017849042839872611,-0.019298842424242443,0.03651387461467792,0,0,0,0,0,0,0,0
2.477273590387723,0.0628770140287166,1.994,-0.02768092193663004,1.7009957275390626,-0.0580975227355957,2.5,0,2,0,0.02272640961227701,-0.0628770140287166,0.006000000000000005,0.02768092193663004,-0.5624950171722211,0.006194196250541684,-0.06342021538461544,0.031950265799200676,1427129117509,0,0,0,0,0,0,0
2.574468020608768,0.0553113563093364,2.004,-0.027157323161031748,1.4604989013671874,-0.07309007263183594,2.5,0,2,0,-0.074468020608768,-0.0553113563093364,-0.0040000000000000036,0.027157323161031748,-0.5328345722681742,0.01413268771540764,-0.05074870000000005,0.024702953900414742,1427129117509,0,0,0,0,0,0,0
2.644968976993304,0.05048413229812397,2.017,-0.02738421596379103,1.059090576171875,-0.04366593170166016,2.5,0,2,0,-0.14496897699330402,-0.05048413229812397,-0.016999999999999904,0.02738421596379103,-0.4162677744024189,0.0011315390579189066,-0.07657169999999938,0.028431413514987715,0,0,0,0,0,0,0,0
2.6989361785586428,0.04406007397361314,2.028,-0.02892010570554606,0.8118429565429688,-0.07415977478027344,2.5,0,2,0,-0.19893617855864276,-0.04406007397361314,-0.028000000000000025,0.02892010570554606,-0.354352773136243,0.012913267782159777,-0.0747844692307699,0.03600882759056928,0,0,0,0,0,0,0,0
2.7407821583655214,0.0389629382901922,2.033,-0.02925171826342495,0.6296380615234375,-0.05827474212646484,2.5,0,2,0,-0.24078215836552141,-0.0389629382901922,-0.03299999999999992,0.02925171826342495,-0.310164154281681,0.008291541646574516,-0.046691276923076286,0.030782237761327526,0,0,0,0,0,0,0,0
2.7679468092286736,0.036444823899751774,2.034,-0.030700341542580216,0.40840017700195314,-0.025838066101074218,2.5,0,2,0,-0.26794680922867364,-0.036444823899751774,-0.03399999999999981,0.030700341542580216,-0.2448673354422673,-0.004360128025173651,-0.026173815384614642,0.037386295138681434,0,0,0,0,0,0,0,0
2.7875820735835237,0.0330468598075263,2.032,-0.03097959422289933,0.2959547119140625,-0.04190472412109375,2.5,0,2,0,-0.2875820735835237,-0.0330468598075263,-0.03200000000000003,0.03097959422289933,-0.21117872713411834,0.0015081938286112227,-0.008955838805971329,0.032229979358656555,0,0,0,0,0,0,0,0
2.7975104633730865,0.030993321042916817,2.03,-0.03211405823669566,0.14980850219726563,-0.026175376892089843,2.5,0,2,0,-0.2975104633730865,-0.030993321042916817,-0.029999999999999805,0.03211405823669566,-0.16891579819339125,-0.003826572579796246,-0.006881488888887491,0.037516267826201974,0,0,0,0,0,0,0,0
2.796458852060437,0.02950023784292841,2.028,-0.03256784384221419,-0.015046925544738769,-0.022891185760498048,2.5,0,2,0,-0.2964588520604372,-0.02950023784292841,-0.028000000000000025,0.03256784384221419,-0.1077624472850523,-0.006468076057506511,-0.00580536923077044,0.03466223894460744,0,0,0,0,0,0,0,0
2.7895913731293174,0.02790116585896838,2.027,-0.033702307856010465,-0.10217652130126953,-0.02732765197753906,2.5,0,2,0,-0.2895913731293174,-0.02790116585896838,-0.027000000000000135,0.033702307856010465,-0.07376391170133413,-0.005246706416494945,-0.010649769696970393,0.038858962464175334,0,0,0,0,0,0,0,0
2.7781453641434806,0.027201076346411713,2.02,-0.03378957431861021,-0.17123878479003907,-0.016280637741088868,2.5,0,2,0,-0.27814536414348057,-0.027201076346411713,-0.020000000000000018,0.03378957431861021,-0.04300779449467681,-0.009624556787588074,0.027209507692308302,0.034192342607532115,0,0,0,0,0,0,0,0
2.765942817339221,0.0255881864993851,2.001,-0.034225906631608766,-0.18211639404296875,-0.030363143920898436,2.5,0,2,0,-0.2659428173392211,-0.0255881864993851,-0.0009999999999998899,0.034225906631608766,-0.03497241137280961,-0.004179424731945191,0.10396423134328432,0.036179633406229164,0,0,0,0,0,0,0,0
2.7463587204490474,0.026019541159010614,1.993,-0.03429571980168858,-0.29381082153320315,-0.003585758686065674,2.5,0,2,0,-0.24635872044904739,-0.026019541159010614,0.006999999999999895,0.03429571980168858,0.019720321872199617,-0.0152334531253901,0.05559904444444316,0.03462816346873531,0,0,0,0,0,0,0,0
2.7287594945617175,0.025310514707670734,1.974,-0.035465090400524785,-0.26346847534179685,-0.019681039810180663,2.5,0,2,0,-0.2287594945617175,-0.025310514707670734,0.026000000000000023,0.035465090400524785,0.012897643461096689,-0.008739241306624509,0.12728377575757643,0.04078041130432572,0,0,0,0,0,0,0,0
2.704861949477099,0.027638349112679178,1.966,-0.0350287580875262,-0.35947586059570313,0.02218529510498047,2.5,0,2,0,-0.2048619494770989,-0.027638349112679178,0.03400000000000003,0.0350287580875262,0.06207577584686297,-0.0264111802120562,0.07689380000000007,0.03298345037034534,0,0,0,0,0,0,0,0
2.6814468003219893,0.029352322828154462,1.961,-0.03562217003320423,-0.35191217041015627,0.013393296241760253,2.5,0,2,0,-0.18144680032198934,-0.029352322828154462,0.038999999999999924,0.03562217003320423,0.0690572826963673,-0.023785990914416813,0.06432037692307628,0.03836099439787207,0,0,0,0,0,0,0,0
2.655696954825418,0.031377325745171734,1.959,-0.03586651612848347,-0.3870844421386719,0.016599702835083007,2.5,0,2,0,-0.15569695482541812,-0.031377325745171734,0.040999999999999925,0.03586651612848347,0.09230008404746684,-0.026328764003410013,0.04987396060606055,0.036977180197934535,0,0,0,0,0,0,0,0
2.632297485429431,0.03302527727304596,1.959,-0.036826447217080366,-0.3516527099609375,0.012117212295532226,2.5,0,2,0,-0.1322974854294312,-0.03302527727304596,0.040999999999999925,0.036826447217080366,0.09335875731473364,-0.025309139514999232,0.03953439999999994,0.04125689839521989,0,0,0,0,0,0,0,0
2.6095242259524274,0.036462997824632214,1.964,-0.03448770601940793,-0.3432658386230469,0.03895381546020508,2.5,0,2,0,-0.10952422595242739,-0.036462997824632214,0.03600000000000003,0.03448770601940793,0.10130229674261129,-0.03668891855936622,0.008845323076923681,0.02369351587630436,0,0,0,0,0,0,0,0
2.5885397559417482,0.039505391934683075,1.972,-0.03352777493081108,-0.3161534423828125,0.034755332946777344,2.5,0,2,0,-0.08853975594174823,-0.039505391934683075,0.028000000000000025,0.03352777493081108,0.10210503762637901,-0.036107113280112464,-0.013526523076923088,0.029097323752671773,1427129118745,0,0,0,0,0,0,0
2.5660615953241046,0.04200536490106081,1.975,-0.033161255787892245,-0.3382399597167969,0.02617599678039551,2.5,0,2,0,-0.0660615953241046,-0.04200536490106081,0.02499999999999991,0.033161255787892245,0.11950958413653029,-0.03426013357055063,0.01140630909090842,0.031495259683715734,1427129118745,0,0,0,0,0,0,0
2.5494630403146394,0.04594682042323019,1.981,-0.03176499238629679,-0.2508016357421875,0.05083440780639648,2.5,0,2,0,-0.04946304031463944,-0.04594682042323019,0.018999999999999906,0.03176499238629679,0.09528222394493553,-0.04359390633011914,-0.008700583582089652,0.025513066707511182,1427129118745,0,0,0,0,0,0,0
2.5360719286046667,0.04801120996325824,1.993,-0.029304078140984763,-0.20174880981445312,0.02457076644897461,1.994632706711391,-0.16146583434947817,2,0,-0.5414392218932758,-0.20947704431273642,0.006999999999999895,0.029304078140984763,-2.8078023297176107,-0.9591720384702019,-0.04959696716417924,0.018285059132124932,0,1,0,0,0,0,0,0
2.5253354964268206,0.04887202596974615,1.997,-0.029618237406343756,-0.1613556671142578,0.008188053131103516,2.0028379973856514,-0.17449508049813622,2,0,-0.5224974990411693,-0.22336710646788238,0.0029999999999998916,0.029618237406343756,-0.12340401895100997,-0.1891624391959847,-0.012313722222222328,0.031114233908053245,0,1,0,0,0,0,0,0
2.5203345635962067,0.05208497070487585,2.006,-0.02722713633111154,-0.07640830993652344,0.04595157623291016,2.0067508164854404,-0.1831879033245604,2,0,-0.5135837471107663,-0.23527287402943625,-0.005999999999999783,0.02722713633111154,-0.1749816503115076,-0.18423968603411078,-0.04732929999999801,0.015840940734767654,0,1,0,0,0,0,0,0
2.5171705562528723,0.05105055942297133,2.017,-0.028134707542148613,-0.04702011108398438,-0.016802461624145507,1.961246487472692,-0.23382967944627214,2,0,-0.5559240687801803,-0.28488023886924346,-0.016999999999999904,0.028134707542148613,-0.4705715739423572,-0.406157595290902,-0.06457483333333389,0.03226003122868076,0,1,0,0,0,0,0,0
2.5150611877103946,0.04816620463298878,2.02,-0.028361600344907867,-0.030410909652709962,-0.04413827896118164,1.961246487472692,-0.23382967944627214,2,0,-0.5538147002377025,-0.2819958840792609,-0.020000000000000018,0.028361600344907867,-0.23380371300964187,-0.12605272100502674,-0.025175750000000635,0.029425160357841873,0,0,0,0,0,0,0,0
2.511990714051894,0.04303819388344949,2.03,-0.029775317039023225,-0.04385729598999023,-0.07819530487060547,1.961246487472692,-0.23382967944627214,2,0,-0.550744226579202,-0.2768678733297216,-0.029999999999999805,0.029775317039023225,-0.22762874944472508,-0.11183012943119622,-0.07081065384615254,0.03630016331955564,0,0,0,0,0,0,0,0
2.503765975767928,0.03444928878499111,2.038,-0.029827676916583085,-0.11948089599609375,-0.1324493408203125,1.961246487472692,-0.23382967944627214,2,0,-0.5425194882952358,-0.26827896823126324,-0.03799999999999981,0.029827676916583085,-0.19611528537147274,-0.08907447325559908,-0.06668842307692296,0.030069337889936286,0,0,0,0,0,0,0,0
2.4945950009936375,0.021356136311456064,2.045,-0.028763026072866515,-0.13164622497558592,-0.2004125518798828,1.961246487472692,-0.23382967944627214,2,0,-0.5333485135209455,-0.2551858157577282,-0.04499999999999993,0.028763026072866515,-0.18753490316514299,-0.05951088585803972,-0.06662971212121267,0.023923704055973022,0,0,0,0,0,0,0,0
2.4808968000716627,0.004988212972169993,2.041,-0.0282743338823081,-0.19832713317871092,-0.2513265075683594,1.961246487472692,-0.23382967944627214,2,0,-0.5196503125989707,-0.23881789241844215,-0.040999999999999925,0.0282743338823081,-0.15589798911771457,-0.03278056832089629,-0.005036538461538384,0.026018831464346186,0,0,0,0,0,0,0,0
2.4597823339679374,-0.012101525588141806,2.039,-0.026494098045273917,-0.3093433532714844,-0.2651973876953125,1.961246487472692,-0.23382967944627214,2,0,-0.4985358464952454,-0.22172815385813033,-0.039000000000000146,0.026494098045273917,-0.10394962592887973,-0.01905306913442921,-0.014287100000001319,0.018149242559176184,0,0,0,0,0,0,0,0
2.4391849535168393,-0.0310918622533624,2.036,-0.02525491427635793,-0.3013061828613281,-0.29293975830078123,1.961246487472692,-0.23382967944627214,2,0,-0.47793846604414725,-0.20273781719290973,-0.03600000000000003,0.02525491427635793,-0.09852236055124751,-0.0008935291681271135,-0.006904753846153262,0.019535604573668756,0,0,0,0,0,0,0,0
2.4084746912377777,-0.04865704196086487,2.024,-0.02436479635784081,-0.4538536376953125,-0.27502621459960935,1.961246487472692,-0.23382967944627214,2,0,-0.44722820376508565,-0.18517263748540727,-0.02400000000000002,0.02436479635784081,-0.02900394867051473,0.00009477639123785242,0.05100078461538464,0.020256559810838723,0,0,0,0,0,0,0,0
2.3746504461420135,-0.06910586277767267,2.032,-0.02453932928304026,-0.4997403564453125,-0.3190018615722656,1.961246487472692,-0.23382967944627214,2,0,-0.41340395866932145,-0.16472381666859948,-0.03200000000000003,0.02453932928304026,0.004407061086477149,0.025739414599682056,-0.06329952307692313,0.025344865860883876,0,0,0,0,0,0,0,0
2.332585870011899,-0.09503705875026043,2.012,-0.02682571060315284,-0.621234619140625,-0.40433282470703125,1.961246487472692,-0.23382967944627214,2,0,-0.37133938253920684,-0.13879262069601173,-0.01200000000000001,0.02682571060315284,0.06280032431734262,0.0639644578612757,0.10017461194029857,0.03706323890216439,0,0,0,0,0,0,0,0
2.2895729642068265,-0.11723559889905082,2.001,-0.028640853025226957,-0.6360301513671875,-0.3501640014648438,1.961246487472692,-0.23382967944627214,2,0,-0.3283264767341345,-0.11659408054722133,-0.0009999999999998899,0.028640853025226957,0.09958315382849536,0.060925902664225484,0.06464685000000074,0.037149333128699384,0,0,0,0,0,0,0,0
2.2489331863727084,-0.1410139577286354,1.989,-0.02956587752878393,-0.599132568359375,-0.373986083984375,1.961246487472692,-0.23382967944627214,2,0,-0.2876866989000164,-0.09281572171763675,0.010999999999999899,0.02956587752878393,0.10331879072272371,0.07939380219589001,0.07877748461538339,0.03383522139135458,0,0,0,0,0,0,0,0
2.2080880470945776,-0.16220229890613913,1.977,-0.030927234345339484,-0.603013916015625,-0.33579791259765623,1.961246487472692,-0.23382967944627214,2,0,-0.2468415596218856,-0.07162738054013301,0.02299999999999991,0.030927234345339484,0.12135188330291613,0.07426579727404625,0.08755026363636362,0.03711521987513745,0,1,0,0,0,0,0,0
2.1659507370732367,-0.17830016007414703,1.973,-0.03267256359733387,-0.6242906494140625,-0.26089718627929687,1.961246487472692,-0.23382967944627214,2,0,-0.20470424960054467,-0.05552951937212511,0.026999999999999913,0.03267256359733387,0.15612493044962927,0.0579519518929482,0.04916169999999995,0.040853794466057566,0,1,0,0,0,0,0,0
2.1284108574329994,-0.19515055354192878,1.97,-0.034121186876489136,-0.5545409545898438,-0.27101559448242185,1.961246487472692,-0.23382967944627214,2,0,-0.16716436996030737,-0.03867912590434336,0.030000000000000027,0.034121186876489136,0.14342124691065478,0.06767458931882947,0.04579379090909153,0.0407058381453767,0,1,0,0,0,0,0,0
2.094192028759468,-0.20759233425555787,1.972,-0.03509857125760594,-0.5066169738769531,-0.20402848815917968,1.961246487472692,-0.23382967944627214,2,0,-0.13294554128677616,-0.026237345190714273,0.028000000000000025,0.03509857125760594,0.1485046761050819,0.052561528874750546,0.01752640000000001,0.03968006054409095,0,1,0,0,0,0,0,0
2.0684580062732034,-0.21874854060461327,1.979,-0.035587263448164354,-0.37990029907226563,-0.18078565979003905,1.961246487472692,-0.23382967944627214,2,0,-0.10721151880051139,-0.015081138841658875,0.020999999999999908,0.035587263448164354,0.11273559394019972,0.050160721372439626,-0.014691907692308392,0.03784276586612627,0,1,0,0,0,0,0,0
2.0469759837613886,-0.2252458662344142,1.993,-0.034958944917446395,-0.3185587158203125,-0.10886305236816406,1.961246487472692,-0.23382967944627214,2,0,-0.08572949628869653,-0.008583813211857944,0.006999999999999895,0.034958944917446395,0.09877202669151039,0.027787353233042534,-0.06239582424242439,0.03210295159600113,1427129120308,1,0,0,0,0,0,0
2.0297611003383618,-0.2309298451393686,1.988,-0.036582101121801165,-0.2550854949951172,-0.09423296356201172,1.961246487472692,-0.23382967944627214,2,0,-0.06851461286566973,-0.002899834306903548,0.01200000000000001,0.036582101121801165,0.0861106436781182,0.0267779833471772,0.04284767692307755,0.044073591295746256,1427129120308,1,0,0,0,0,0,0
2.0157707948610444,-0.23459713433006824,1.99,-0.03712315318991936,-0.2077022705078125,-0.06264774322509765,1.961246487472692,-0.23382967944627214,2,0,-0.054524307388352344,0.0007674548837960926,0.010000000000000009,0.03712315318991936,0.0734574243361062,0.01716358272679084,0.003943838805970146,0.039545774390448575,1427129120308,1,0,0,0,0,0,0
2.0053380696118164,-0.23557964727475678,1.992,-0.035639623325724214,-0.15583607482910156,-0.020535640716552735,1.961246487472692,-0.23382967944627214,2,0,-0.04409158213912434,0.0017499678284846332,0.008000000000000007,0.035639623325724214,0.06352190865263599,0.003956866080198306,0.0017308888888888842,0.028575195400985437,1427129120308,1,0,0,0,0,0,0
1.9974000002409529,-0.2356464183641974,2.005,-0.03548254369304472,-0.11895973968505859,-0.005243679046630859,1.961246487472692,-0.23382967944627214,2,0,-0.03615351276826084,0.001816738917925248,-0.004999999999999893,0.03548254369304472,0.052251309295330776,-0.0011074361076049404,-0.06759049999999937,0.0347575607729855,1427129120308,1,0,0,0,0,0,0
1.99438850350744,-0.234902653009806,2.011,-0.03626794185644217,-0.045539794921875,0.009546960830688477,1.961246487472692,-0.23382967944627214,2,-0.03548254369304472,-0.03314201603474798,0.0010729735635338633,-0.01100000000000012,0.0007853981633974549,-0.01657100801737399,0.0005364867817669317,-0.008800000000000098,0.0007853981633974549,1427129120308,1,0,0,0,0,0,0
1.993601415586685,-0.2341442958231166,2.013,-0.03900810878207329,-0.01221102523803711,0.010939780235290528,1.961246487472692,-0.23382967944627214,2,-0.03548254369304472,-0.03235492811399299,0.0003146163768444621,-0.0129999999999999,0.0035255650890285706,-0.011960329033128327,-0.00392594908541421,-0.021253730769229505,0.01617248936117218,1427129120698,1,0,0,0,0,0,0
1.9933093560851778,-0.23295121139747665,2.022,-0.04155628948998497,-0.005075482368469239,0.01771180534362793,1.961246487472692,-0.23382967944627214,2,-0.03548254369304472,-0.03206286861248575,-0.0008784680487954888,-0.021999999999999797,0.006073745796940255,-0.014548263168389836,-0.0066721486790467235,-0.06484682537313362,0.017483510160723914,1427129120765,1,0,0,0,0,0,0
1.9966002328922705,-0.23240044679436098,2.023,-0.04323180557189949,0.048977317810058596,0.010305095672607421,1.961246487472692,-0.23382967944627214,2,-0.03548254369304472,-0.035353745419578475,-0.0014292326519111664,-0.02300000000000013,0.007749261878854774,-0.03573899447089056,-0.0037279090310894125,-0.024247850000001934,0.01560324351282908,1427129120829,1,0,0,0,0,0,0
1.9945146675527954,-0.23287236066940156,2.026,-0.04511676116405345,-0.030948320388793946,-0.008424114227294922,1.961246487472692,-0.23382967944627214,2,-0.03548254369304472,-0.03326818008010335,-0.0009573187768705804,-0.0259999999999998,0.009634217471008732,-0.005315085447361336,0.0021002081498307503,-0.03775174999999803,0.018469946809230413,1427129120893,1,0,0,0,0,0,0
1.9953214031615032,-0.23176220552891935,2.022,-0.04600687908257051,0.01133767604827881,0.017181156158447265,1.961246487472692,-0.23382967944627214,2,-0.03548254369304472,-0.03407491568881116,-0.002067473917352791,-0.021999999999999797,0.010524335389525796,-0.02142452152583556,-0.006924199308366039,0.002921421212121394,0.014570325928239723,1427129120959,1,0,0,0,0,0,0
1.9960387655636893,-0.23193672476483287,2.017,-0.04769984845700505,0.010869443893432617,-0.0021201391220092773,1.961246487472692,-0.23382967944627214,2,-0.03548254369304472,-0.034792278090997275,-0.0018929546814392684,-0.016999999999999904,0.01221730476396033,-0.021390394955332674,-0.000011264797298910357,0.012521876923076426,0.020031009569042798,1427129121024,1,0,0,0,0,0,0
1.996302628334225,-0.23244582296331975,2.017,-0.04794419455228423,0.0043175601959228515,-0.007439065456390381,1.961246487472692,-0.23382967944627214,2,-0.03548254369304472,-0.03505614086153286,-0.0013838564829523892,-0.016999999999999904,0.01246165085923951,-0.019082015034404792,0.0020024151678485606,-0.01451339999999992,0.013572314928690328,1427129121090,1,0,0,0,0,0,0
1.995540831018103,-0.2340471086663994,2.011,-0.04899139210348082,-0.01026268482208252,-0.024539331436157226,1.961246487472692,-0.23382967944627214,2,-0.03548254369304472,-0.034294343545411055,0.00021742922012726873,-0.01100000000000012,0.013508848410436106,-0.013157713415680106,0.008860465189012094,0.023028699999998722,0.018417586931670143,1427129121154,1,0,0,0,0,0,0
1.9958292078466835,-0.23440993156121087,2.006,-0.04932300466135977,0.004586983680725098,-0.005223978519439698,1.961246487472692,-0.23382967944627214,2,-0.03548254369304472,-0.03458272037399146,0.0005802521149387285,-0.005999999999999783,0.013840460968315052,-0.019043257978495168,0.0022388843528681306,0.02110027692307892,0.015370980466217881,1427129121219,1,0,0,0,0,0,0
1.9952812276233554,-0.2354019422798681,2.004,-0.05110324049839395,-0.0074760704040527344,-0.01526732063293457,1.961246487472692,-0.23382967944627214,2,-0.03548254369304472,-0.03403474015066332,0.001572262833595961,-0.0040000000000000036,0.015620696805349235,-0.01428792939919072,0.0061238461191312045,0.006520430769229585,0.023837169899353156,1427129121284,1,0,0,0,0,0,0
1.9924560176077837,-0.23559397747780492,2.001,-0.05199335841691107,-0.042175685882568356,-0.005041485786437989,1.961246487472692,-0.23382967944627214,2,-0.03548254369304472,-0.031209530135091645,0.0017642980315327739,-0.0009999999999998899,0.016510814723866354,-0.0006336040123736276,0.001913450015633234,0.01429854615384686,0.020619051270868445,1427129121349,1,0,0,0,0,0,0
1.9885848397576407,-0.23638462624658627,1.999,-0.053040555968107715,-0.05737284851074219,-0.014861477851867675,1.961246487472692,-0.23382967944627214,2,-0.03548254369304472,-0.02733835228494863,0.002554946800314123,0.0009999999999998899,0.017558012275062998,0.006293569761006283,0.005406705295472524,0.010199161194028618,0.022246956534152446,1427129121416,1,0,0,0,0,0,0
1.9856236456041148,-0.23842995644911827,1.997,-0.055065137900421134,-0.042728927612304686,-0.032991653442382814,1.961246487472692,-0.23382967944627214,2,-0.03548254369304472,-0.024377158131422716,0.004600277002846126,0.0029999999999998916,0.019582594207376416,0.003730025124703931,0.01348745935682661,0.012308099999999928,0.029072822015095565,1427129121480,1,0,0,0,0,0,0
1.9796361454216553,-0.24135168456923875,1.996,-0.055867989356338486,-0.08726431274414062,-0.048702533721923826,1.961246487472692,-0.23382967944627214,2,-0.03548254369304472,-0.0183896579489633,0.007522005122966607,0.0040000000000000036,0.02038544566329377,0.02275817700903035,0.01950019536038402,0.007581215384615996,0.024090913921373858,1427129121545,1,0,0,0,0,0,0
1.9741246425124672,-0.2431215823578959,1.996,-0.05611233545161772,-0.08106111907958985,-0.031123392105102538,1.961246487472692,-0.23382967944627214,2,-0.03548254369304472,-0.012878155039775185,0.009291902911623767,0.0040000000000000036,0.020629791758573005,0.022492710226104017,0.014044716331885379,0.002223000000000008,0.021740455828024075,1427129121611,1,0,0,0,0,0,0
1.966619359653391,-0.2451166795364985,1.995,-0.05588544264885843,-0.11072369384765625,-0.036193126678466796,1.961246487472692,-0.23382967944627214,2,-0.03548254369304472,-0.005372872180698929,0.011287000090226346,0.004999999999999893,0.020402898955813716,0.038058761710355535,0.016574354690212026,0.008523749999999317,0.01933933894287955,1427129121675,1,0,0,0,0,0,0
1.9623006013404816,-0.24686480068132224,1.998,-0.056356681546896895,-0.06321558380126953,-0.029799331665039064,1.961246487472692,-0.23382967944627214,2,-0.03548254369304472,-0.00105411386778953,0.013035121235050101,0.0020000000000000018,0.020874137853852177,0.02207543572090678,0.015816670151524582,-0.015240890909090326,0.023016132844936095,1427129121741,1,0,0,0,0,0,0
1.9543416590213403,-0.2467864066989953,1.999,-0.05497787143782136,-0.11926083374023437,-0.005550489902496338,1.961246487472692,-0.23382967944627214,2,-0.03548254369304472,0.006904828451351763,0.01295672725272315,0.0009999999999998899,0.019495327744776643,0.04601273207106289,0.006093434185408006,-0.005509915384616071,0.013131588779812638,1427129121806,1,0,0,0,0,0,0
1.947058532544325,-0.246302314283446,1.99,-0.053354715233466646,-0.10948085021972656,0.0012472783327102661,1.961246487472692,-0.23382967944627214,2,-0.03548254369304472,0.014187954928366997,0.012472634837173868,0.010000000000000009,0.01787217154042193,0.046637130264987066,0.0036341115096929994,0.05635745000000066,0.010263626832509205,1427129121870,1,0,0,0,0,0,0
1.9391168157910497,-0.2447752002829192,1.989,-0.05106833391335404,-0.12017783355712891,0.01652120780944824,1.961246487472692,-0.23382967944627214,2,-0.03548254369304472,0.02212967168164237,0.010945520836647044,0.010999999999999899,0.015585790220309322,0.05355586521698508,-0.0026978720457897475,0.013394815384614712,0.005033261050558829,1427129121935,1,0,0,0,0,0,0
1.9348803968869581,-0.24307644675556603,1.989,-0.049724430389318466,-0.06476416015625,0.022204290390014647,1.961246487472692,-0.23382967944627214,2,-0.03548254369304472,0.026366090585733915,0.009246767309293885,0.010999999999999899,0.01424188669627375,0.03573960882461403,-0.0044654512474724675,0.008081699999999921,0.008039255046878802,1427129122000,1,0,0,0,0,0,0
1.9295257983722314,-0.2394638380994873,2,-0.04630358505540956,-0.08291311645507812,0.050129981994628904,1.961246487472692,-0.23382967944627214,2,-0.03548254369304472,0.031720689100460664,0.005634158653215149,0,0.010821041362364843,0.04359845782291395,-0.015992682574256588,-0.05818098656716364,-0.004496176550660109,1427129122067,1,0,0,0,0,0,0
1.9275483423488828,-0.23524533985586135,2.005,-0.04368559117741806,-0.03255897521972656,0.061836692810058595,1.961246487472692,-0.23382967944627214,2,-0.03548254369304472,0.0336981451238092,0.001415660409589209,-0.004999999999999893,0.008203047484373345,0.027451181989268745,-0.022299101680138905,-0.03209404999999933,-0.004068798818711802,1427129122131,1,0,0,0,0,0,0
1.9243578100956182,-0.23023996746652076,2.027,-0.04005530633326988,-0.05109122085571289,0.07291891479492188,1.961246487472692,-0.23382967944627214,2,-0.03548254369304472,0.0368886773770738,-0.0035897119797513866,-0.027000000000000135,0.004572762640225166,0.035436002184549,-0.028686214091139115,-0.14098733846153985,-0.012182398178920278,1427129122196,1,0,0,0,0,0,0
1.9245746032637236,-0.22686985874077525,2.037,-0.03579670295840369,0.001224969506263733,0.05064130401611328,1.961246487472692,-0.23382967944627214,2,-0.03548254369304472,0.036671884208968386,-0.006959820705496889,-0.03699999999999992,0.00031415926535897226,0.017004305440932063,-0.021570526456573785,-0.08461245384615262,-0.019340933234023455,1427129122261,1,0,0,0,0,0,0
1.9271384799972069,-0.22202402515637978,2.047,-0.03317870908041222,0.035832096099853515,0.07401731872558594,1.961246487472692,-0.23382967944627214,2,-0.03548254369304472,0.03410800747548515,-0.011805654289892359,-0.04700000000000015,-0.002303834612632498,0.0031063950039381307,-0.03194732770140594,-0.09291795384615521,-0.014386883280285437,1427129122326,1,0,0,0,0,0,0
1.9284311428877918,-0.21822515884341054,2.047,-0.03190461872645634,0.017488996505737306,0.0575948486328125,1.961246487472692,-0.23382967944627214,2,-0.03548254369304472,0.03281534458490021,-0.015604520602861605,-0.04700000000000015,-0.003577924966588375,0.009432181309068307,-0.02790961294650359,-0.039382000000000125,-0.009369244757296906,1427129122392,1,0,0,0,0,0,0
1.928727920673404,-0.21448337059601877,2.048,-0.028693212902786765,0.0026590001583099367,0.05624026489257813,1.961246487472692,-0.23382967944627214,2,-0.03548254369304472,0.032518566799287996,-0.019346308850253374,-0.04800000000000004,-0.0067893307902579525,0.014536631264321635,-0.03011029001095047,-0.045957949999999435,-0.021842795588709097,1427129122456,1,0,0,0,0,0,0
1.9322068898872788,-0.2082569941501121,2.048,-0.025569073541716926,0.049483604431152343,0.09485433959960937,1.961246487472692,-0.23382967944627214,2,-0.03548254369304472,0.02903959758541319,-0.025572685296160053,-0.04800000000000004,-0.009913470151327791,-0.0042938852407520284,-0.04630383840245853,-0.04080120000000004,-0.024332574894727045,1427129122521,1,0,0,0,0,0,0
1.9358326714084708,-0.20318651668867804,2.043,-0.02426007660272115,0.052424446105957034,0.07742276763916016,1.961246487472692,-0.23382967944627214,2,-0.03548254369304472,0.025413816064221217,-0.0306431627575941,-0.04300000000000015,-0.011222467090323568,-0.006880784829537176,-0.042634923734115364,-0.010157623076923774,-0.017263991424150228,1427129122586,1,0,0,0,0,0,0
1.9399550200659632,-0.19745814465644487,2.03,-0.019163715186897697,0.0597326774597168,0.08740027618408203,1.961246487472692,-0.23382967944627214,2,-0.03548254369304472,0.021291467406728826,-0.03637153478982727,-0.029999999999999805,-0.01631882850614702,-0.011601942746086632,-0.04906526047522523,0.043124300000001996,-0.03984049657917833,1427129122651,1,0,0,0,0,0,0
1.9451528156016575,-0.19259277090725357,1.999,-0.014538592669112733,0.0765541229248047,0.07446125030517578,1.961246487472692,-0.23382967944627214,2,-0.03548254369304472,0.0160936718710345,-0.04123690853901857,0.0009999999999998899,-0.020943951023931984,-0.019145458998062494,-0.04609662743060498,0.15987129850746096,-0.041653454834909426,1427129122718,1,0,0,0,0,0,0
1.9511957548499823,-0.18727596628713508,1.952,-0.010821041362364843,0.08947506713867187,0.08106143188476563,1.961246487472692,-0.23382967944627214,2,-0.03548254369304472,0.010050732622709724,-0.04655371315913706,0.04800000000000004,-0.024661502330679874,-0.028055156921458064,-0.052444967857732894,0.29286945000000086,-0.04208752408106061,1427129122782,1,0,0,0,0,0,0
1.9538443440419486,-0.18039742367864675,1.908,-0.007714355293814901,0.038610038757324217,0.10360199737548828,1.961246487472692,-0.23382967944627214,2,-0.03548254369304472,0.007402143430743413,-0.05343225576762539,0.09200000000000008,-0.027768188399229815,-0.01058895022052295,-0.06388100121535172,0.30855927692307716,-0.042106739484844925,1427129122847,1,0,0,0,0,0,0
1.9582628497955117,-0.17728279013169326,1.879,-0.003665191429188092,0.0659152069091797,0.04722939682006836,1.961246487472692,-0.23382967944627214,2,-0.03548254369304472,0.0029836376771803508,-0.05654688931457888,0.121,-0.031817352263856624,-0.022326583679873745,-0.04520787082784917,0.2517765461538457,-0.05050580086982651,0,1,0,0,0,0,0,0
1.963511632523897,-0.17308944427593081,1.831,0.0004886921905584369,0.07850067138671875,0.0631883316040039,1.961246487472692,-0.23382967944627214,2,-0.03548254369304472,-0.0022651450512050086,-0.06074023517034133,0.16900000000000004,-0.03597123588360315,-0.029423169560469767,-0.053152475802177815,0.3935827384615387,-0.05514300643627944,0,1,0,0,0,0,0,0
1.9689454793900292,-0.16958236536440505,1.813,0.0045378560551853015,0.0815334014892578,0.05256634521484375,1.961246487472692,-0.23382967944627214,2,-0.03548254369304472,-0.007698991917337139,-0.0642473140818671,0.18700000000000006,-0.04002039974823002,-0.03269835269155889,-0.05096700962022278,0.24620994545454555,-0.05842569004198849,0,1,0,0,0,0,0,0
1.975112525455168,-0.16756808610632665,1.781,0.008534660042252278,0.092641845703125,0.02979410171508789,1.961246487472692,-0.23382967944627214,2,-0.03548254369304472,-0.013866037982475987,-0.0662615933399455,0.21900000000000008,-0.044017203735296995,-0.04070092856404024,-0.04443400061867611,0.3527570000000002,-0.06275222242467345,0,1,0,0,0,0,0,0
1.9815526589224028,-0.16413841764066017,1.735,0.012496557444279403,0.09703754425048829,0.05061869812011719,1.961246487472692,-0.23382967944627214,2,-0.03548254369304472,-0.020306171449710808,-0.06969126180561197,0.2649999999999999,-0.04797910113732412,-0.04436058713439225,-0.05336687719446156,0.4602453939393929,-0.06598772569199288,0,1,0,0,0,0,0,0
1.9855164415188253,-0.16252714067798507,1.708,0.015358897417550081,0.05975411987304687,0.02342428207397461,1.961246487472692,-0.23382967944627214,2,-0.03548254369304472,-0.024269954046133302,-0.07130253876828707,0.29200000000000004,-0.0508414411105948,-0.03354947572039489,-0.04470733324531844,0.38518861538461613,-0.0640522409872287,0,1,0,0,0,0,0,0
1.9898139215110524,-0.16151510425843216,1.666,0.019076448724298027,0.064687744140625,0.014188726425170899,1.961246487472692,-0.23382967944627214,2,-0.03548254369304472,-0.028567434038360373,-0.07231457518783999,0.3340000000000001,-0.054558992417342744,-0.037513616679888784,-0.04203367608138598,0.5017288461538464,-0.07171692152541019,0,1,0,0,0,0,0,0
1.9935534109424808,-0.1612430809620372,1.631,0.022165681500328015,0.056159969329833984,0.0030096292495727537,1.961246487472692,-0.23382967944627214,2,-0.03548254369304472,-0.032306923469788806,-0.07258659848423493,0.369,-0.05764822519337273,-0.036095032856596904,-0.03821071579397996,0.4916164606060602,-0.0716901923571454,0,1,0,0,0,0,0,0
1.9941562115201943,-0.16375375065341516,1.599,0.025900686099595855,0.008205095291137695,-0.037851200103759766,1.961246487472692,-0.23382967944627214,2,-0.03548254369304472,-0.03290972404750225,-0.07007592879285698,0.401,-0.061383229792640576,-0.019883435255487907,-0.021827456884082667,0.5091768000000002,-0.07889106385170859,0,1,0,0,0,0,0,0
1.9932989600764135,-0.16821373083270674,1.548,0.029688050576423562,-0.014587013244628907,-0.06654425048828125,1.961246487472692,-0.23382967944627214,2,-0.03548254369304472,-0.03205247260372146,-0.0656159486135654,0.45199999999999996,-0.06517059426946828,-0.011563108668753706,-0.009355064147265703,0.6525301846153843,-0.08265073800867306,0,1,0,0,0,0,0,0
1.990654524364049,-0.1737979331999744,1.484,0.032201324699295375,-0.042135452270507814,-0.08254867553710937,1.961246487472692,-0.23382967944627214,2,-0.03548254369304472,-0.02940803689135696,-0.06003174624629773,0.516,-0.06768386839234009,-0.0006367061287924115,-0.0005484795095899546,0.7770841846153849,-0.07928359511328688,0,1,0,0,0,0,0,0
1.9858821518256253,-0.18126741551238237,1.432,0.035430183815484906,-0.07515576171875,-0.1096793975830078,1.961246487472692,-0.23382967944627214,2,-0.03548254369304472,-0.024635664352933295,-0.05256226393388977,0.5680000000000001,-0.07091272750852962,0.013191588329677813,0.013303603571966242,0.7577608000000003,-0.08581515419863514,0,1,0,0,0,0,0,0
1.9794129041834216,-0.1890878428414724,1.375,0.03740240587023849,-0.10113313293457031,-0.11379541015625,1.961246487472692,-0.23382967944627214,2,-0.03548254369304472,-0.018166416710729605,-0.044741836604799745,0.625,-0.0728849495632832,0.02451122729546384,0.017816529416280272,0.8253094940298504,-0.08171579458456792,0,1,0,0,0,0,0,0
1.9697934403506958,-0.19916621780839922,1.324,0.038728856101754194,-0.14984405517578125,-0.14567428588867187,1.961246487472692,-0.23382967944627214,2,-0.03548254369304472,-0.008546952878003777,-0.03466346163787293,0.6759999999999999,-0.0742113997947989,0.048962463133486914,0.037971872372595514,0.8559404333333329,-0.0805278294686832,0,1,0,0,0,0,0,0
1.960206953169547,-0.21144505794006618,1.278,0.03967133389783112,-0.15082087707519531,-0.17847677612304688,1.961246487472692,-0.23382967944627214,2,-0.03548254369304472,0.0010395343031450732,-0.02238462150620596,0.722,-0.07515387759087583,0.05115235910057961,0.05322060785404711,0.8581116939393941,-0.07943786757304366,0,1,0,0,0,0,0,0
1.9450914734075884,-0.22481274177561275,1.232,0.04070107815650778,-0.2345064239501953,-0.19136508178710937,1.961246487472692,-0.23382967944627214,2,-0.03548254369304472,0.016155014065103668,-0.009016937670659392,0.768,-0.07618362184955249,0.09054578611752773,0.06788813860306192,0.9074500000000003,-0.08101054806209934,0,1,0,0,0,0,0,0
1.9330894460411676,-0.24083567545871137,1.189,0.04159119607502489,-0.18966087341308593,-0.23281954956054687,1.961246487472692,-0.23382967944627214,2,-0.03548254369304472,0.02815704143152442,0.007005996012439231,0.8109999999999999,-0.07707373976806961,0.07660004295457368,0.08650167086069006,0.9203480656716414,-0.08105934238829551,0,1,0,0,0,0,0,0
1.9199683673802321,-0.25657316127468716,1.141,0.041852995462824054,-0.20646125793457032,-0.2276746826171875,1.961246487472692,-0.23382967944627214,2,-0.03548254369304472,0.0412781200924599,0.022743481828415013,0.859,-0.07733553915586877,0.092245741324604,0.09674745277876992,1.0021188000000003,-0.07856272378617733,0,1,0,0,0,0,0,0
1.90893888140657,-0.2735480763362586,1.097,0.04174827570770436,-0.17595106506347657,-0.247478515625,1.961246487472692,-0.23382967944627214,2,-0.03548254369304472,0.05230760606612206,0.03971839688998646,0.903,-0.07723081940074908,0.08542812518656798,0.11059974050449362,1.0176113769230772,-0.0767474974540428,0,1,0,0,0,0,0,0
1.8973555022335353,-0.2903512259805386,1.055,0.04077089132658753,-0.1841187744140625,-0.24457594299316407,1.961246487472692,-0.23382967944627214,2,-0.03548254369304472,0.0638909852391567,0.05652154653426644,0.9450000000000001,-0.07625343501963225,0.09424384575626571,0.11811316362338836,1.0465846461538464,-0.07174243018370842,0,1,0,0,0,0,0,0
1.8901076830550718,-0.3068781191944688,1.003,0.039566614142711475,-0.11873138427734375,-0.24326611328125,1.961246487472692,-0.23382967944627214,2,-0.03548254369304472,0.07113880441762022,0.07304843974819664,0.9970000000000001,-0.07504915783575619,0.07456867252067818,0.12493655709122939,1.1485113000000005,-0.06949095544863593,0,1,0,0,0,0,0,0
1.8822109641525653,-0.32508160292447874,0.951,0.03871140280923421,-0.12915901184082032,-0.268153076171875,1.961246487472692,-0.23382967944627214,2,-0.03548254369304472,0.07903552332012675,0.0912519234782066,1.049,-0.07419394650227892,0.08141901639856206,0.1416411876070678,1.1927922757575748,-0.07030662225920044,0,1,0,0,0,0,0,0
1.8755897948670686,-0.34284030630453194,0.898,0.038048177693476404,-0.10955252075195313,-0.26233721923828124,1.961246487472692,-0.23382967944627214,2,-0.03548254369304472,0.08565669260562347,0.1090106268582598,1.1019999999999999,-0.07353072138652111,0.07911740122013383,0.1511745893669877,1.2563312499999997,-0.07042185365640638,0,1,0,0,0,0,0,0
1.8700639548589935,-0.3625021911809291,0.85,0.03637266161156183,-0.09404638671875,-0.29156185913085936,1.961246487472692,-0.23382967944627214,2,-0.03548254369304472,0.09118253261369857,0.12867251173465694,1.15,-0.07185520530460654,0.07548459346071447,0.16984294762413243,1.2708240384615386,-0.06412205415730851,0,1,0,0,0,0,0,0
1.8632110549806906,-0.3819001436671377,0.804,0.03541273052296495,-0.11330650329589843,-0.28703878784179687,1.961246487472692,-0.23382967944627214,2,-0.03548254369304472,0.09803543249200142,0.14807046422086556,1.196,-0.07089527421600966,0.08556235938317888,0.17663589242874428,1.3009954939393942,-0.06653195108602386,0,1,0,0,0,0,0,0
1.8582615003805276,-0.3994553788368849,0.751,0.03494149162492649,-0.08352000427246094,-0.2605348205566406,1.961246487472692,-0.23382967944627214,2,-0.03548254369304472,0.10298498709216442,0.16562569939061278,1.249,-0.0704240353179712,0.07841438905362916,0.17718142624267738,1.3929592153846164,-0.06824908655779369,0,1,0,0,0,0,0,0
1.8529762740749773,-0.4115066788277774,0.698,0.03384193419617004,-0.08554507446289063,-0.1778896179199219,1.961246487472692,-0.23382967944627214,2,-0.03548254369304472,0.1082702133977147,0.17767699938150527,1.302,-0.06932447788921475,0.0809074750365026,0.14905976071659122,1.4240885999999997,-0.06461208890882998,0,1,0,0,0,0,0,0
1.8488379194967153,-0.4202284649740082,0.672,0.03265511030481391,-0.06646636199951172,-0.1286515350341797,1.961246487472692,-0.23382967944627214,2,-0.03548254369304472,0.11240856797597676,0.18639878552773603,1.3279999999999998,-0.06813765399785862,0.08075836764519648,0.14415307895957352,1.3395232666666654,-0.062203534541077965,0,0,0,0,0,0,0,0
1.8446713641474164,-0.42637375373716085,0.641,0.03253293725717432,-0.06547460174560547,-0.09008966064453125,1.961246487472692,-0.23382967944627214,2,-0.03548254369304472,0.11657512332527564,0.1925440742908887,1.359,-0.06801548095021903,0.08121231547816497,0.12956380755340213,1.3884131769230776,-0.06745160534572861,0,0,0,0,0,0,0,0
1.8421457123271776,-0.42912413800994603,0.614,0.033475415053251245,-0.0392066650390625,-0.04000164794921875,1.961246487472692,-0.23382967944627214,2,-0.03548254369304472,0.11910077514551443,0.1952944585636739,1.3860000000000001,-0.06895795874629596,0.07371692250488225,0.11278568613972842,1.3974837153846162,-0.07330785626665098,0,0,0,0,0,0,0,0
1.8407136973407614,-0.430945920257702,0.569,0.03396410724380969,-0.022382793426513673,-0.026592498779296876,1.961246487472692,-0.23382967944627214,2,-0.03548254369304472,0.12053279013193063,0.19711624081142987,1.431,-0.0694466509368544,0.0685068368594965,0.1086778789790713,1.5361800636363632,-0.07166797907575641,0,0,0,0,0,0,0,0
1.8412052350304706,-0.4308227193293407,0.532,0.0352381975977655,0.007431567192077637,0.0015965766906738282,1.961246487472692,-0.23382967944627214,2,-0.03548254369304472,0.12004125244222141,0.19699303988306854,1.468,-0.07072074129081021,0.05809833455524409,0.09841996791118875,1.535916469230769,-0.07660115830906782,0,0,0,0,0,0,0,0
1.8425482985392783,-0.429422734116819,0.503,0.037751471720637336,0.020873287200927734,0.020276981353759764,1.961246487472692,-0.23382967944627214,2,-0.03548254369304472,0.11869818893341377,0.19559305467054688,1.4969999999999999,-0.07323401541368205,0.05291881759773241,0.09097211849113888,1.5257700461538457,-0.08483374213462896,0,0,0,0,0,0,0,0
1.8444322443501984,-0.42641891272832105,0.464,0.038851029149393784,0.029939628601074218,0.04395864486694336,1.961246487472692,-0.23382967944627214,2,-0.03548254369304472,0.11681424312249367,0.1925892332820489,1.536,-0.0743335728424385,0.048980657586442565,0.0807046986014203,1.623927850000001,-0.07948774828973434,0,0,0,0,0,0,0,0
1.8473655329024186,-0.42322007342332807,0.438,0.04115486376202632,0.04582983016967773,0.04623739242553711,1.961246487472692,-0.23382967944627214,2,-0.03548254369304472,0.11388095457027347,0.18939039397705593,1.562,-0.07663740745507103,0.04209623391847144,0.07843101158877956,1.5815996,-0.08727049028260579,0,0,0,0,0,0,0,0
1.8501289589742964,-0.41891068078448285,0.403,0.042062434973063334,0.044075828552246094,0.06288071060180664,1.961246487472692,-0.23382967944627214,2,-0.03548254369304472,0.11111752849839562,0.1850810013382107,1.597,-0.07754497866610804,0.04192795691779026,0.07077014831336584,1.6657458606060602,-0.08167030235263995,0,0,0,0,0,0,0,0
1.851901764217757,-0.41395939872687476,0.375,0.042236967898262784,0.02969158172607422,0.07308534240722656,1.961246487472692,-0.23382967944627214,2,-0.03548254369304472,0.10934472325493494,0.18012971928060262,1.625,-0.0777195115913075,0.04650842454639237,0.06540312767684471,1.659695956716418,-0.07850100230115578,0,0,0,0,0,0,0,0
1.8533353680738145,-0.40975368259867506,0.364,0.044697882143574785,0.024148637771606446,0.06212148284912109,1.961246487472692,-0.23382967944627214,2,-0.03548254369304472,0.10791111939887754,0.17592400315240292,1.6360000000000001,-0.0801804258366195,0.04715606367020002,0.06591091840470847,1.5936452111111121,-0.09189906510000997,0,0,0,0,0,0,0,0
1.8562208357680232,-0.40611849698596975,0.352,0.045291294089252865,0.04567525100708008,0.05253935241699219,1.961246487472692,-0.23382967944627214,2,-0.03548254369304472,0.10502565170466882,0.1722888175396976,1.6480000000000001,-0.08077383778229758,0.03820892862564227,0.0679963265547605,1.617461484615385,-0.08351266214696564,0,0,0,0,0,0,0,0
1.8599848094559035,-0.4029520681378607,0.349,0.04619886530028992,0.05855214691162109,0.04489147186279297,1.961246487472692,-0.23382967944627214,2,-0.03548254369304472,0.10126167801678854,0.16912238869158858,1.651,-0.08168140899333463,0.03166234498341232,0.06904711656964323,1.5821314461538458,-0.08587019919812106,0,0,0,0,0,0,0,0
1.865934936914394,-0.3975413054503245,0.335,0.047141343096366875,0.09290491485595703,0.07695297241210937,1.961246487472692,-0.23382967944627214,2,-0.03548254369304472,0.09531155055829799,0.16371162600405237,1.665,-0.0826238867894116,0.01746403128531513,0.05480634789434544,1.6624090242424243,-0.08690787677157963,0,0,0,0,0,0,0,0
1.8727328317658753,-0.39289397617941835,0.303,0.0480838208924438,0.10514014434814453,0.06482734680175781,1.961246487472692,-0.23382967944627214,2,-0.03548254369304472,0.08851365570681669,0.1590642967331462,1.697,-0.08356636458548852,0.009627766697390037,0.05663617623747132,1.79466376969697,-0.08785035456765636,0,0,0,0,0,0,0,0
1.8816186642107626,-0.38604577216484454,0.281,0.04829326040268313,0.1380708465576172,0.09619783020019532,1.961246487472692,-0.23382967944627214,2,-0.03548254369304472,0.07962782326192941,0.1522160927185724,1.7189999999999999,-0.08377580409572785,-0.005834991490368778,0.041641231392535095,1.7705788666666655,-0.08472780186954298,0,0,0,0,0,0,0,0
1.8931999506245838,-0.37655234535165605,0.25,0.04803146101488396,0.18039111328125,0.1338491668701172,1.961246487472692,-0.23382967944627214,2,-0.03548254369304472,0.06804653684810824,0.1427226659053839,1.75,-0.08351400470792868,-0.027795406266394027,0.021384916018114437,1.859443450000001,-0.08228682007762005,0,0,0,0,0,0,0,0
1.9039859317333565,-0.363623523524906,0.207,0.046966810171167446,0.17091439819335938,0.18594065856933595,1.961246487472692,-0.23382967944627214,2,-0.03548254369304472,0.05726055573933553,0.12979384407863387,1.793,-0.08244935386421216,-0.026159549606737817,-0.0006139766181259276,1.9609521656716415,-0.07768226053413822,0,0,0,0,0,0,0,0
1.9152670002467753,-0.34964337999885553,0.171,0.04537856055185261,0.17887484741210938,0.2015262908935547,1.961246487472692,-0.23382967944627214,2,-0.03548254369304472,0.045979487225916715,0.11581370055258339,1.829,-0.08086110424489733,-0.03711932299049446,-0.016445216037863496,1.9737059000000003,-0.07341618415435903,0,0,0,0,0,0,0,0
1.926259487371915,-0.3347113256256195,0.129,0.04171336912266447,0.17487800598144532,0.21627046203613282,1.961246487472692,-0.23382967944627214,2,-0.03548254369304472,0.034987000100777044,0.10088164617934736,1.871,-0.07719591281570919,-0.040089796859453276,-0.027795129948416493,2.0487462461538466,-0.060279644680994685,0,0,0,0,0,0,0,0
1.936517588571984,-0.31879329311078614,0.103,0.0370358867273197,0.1636947021484375,0.23214614868164063,1.961246487472692,-0.23382967944627214,2,-0.03548254369304472,0.024728898900707952,0.08496361366451399,1.897,-0.07251843042036442,-0.043002404075461714,-0.04373076339848091,1.9997879444444446,-0.05024470472824648,0,0,0,0,0,0,0,0
1.946285737711621,-0.3009687152559786,0.068,0.0321140582366957,0.1563217315673828,0.2617599792480469,1.961246487472692,-0.23382967944627214,2,-0.03548254369304472,0.01496074976107109,0.06713903580970648,1.932,-0.06759660192974042,-0.043485029182946666,-0.06014439412258306,2.084363038461538,-0.04488047043455271,0,0,0,0,0,0,0,0
1.9565356454026341,-0.2816139909977894,0.045,0.03309144261781253,0.16299111938476563,0.28523452758789064,1.961246487472692,-0.23382967944627214,2,-0.03548254369304472,0.004710842070057897,0.047784311551517245,1.955,-0.06857398631085725,-0.04955339453603803,-0.0749180131345958,2.047549253731344,-0.07295033428600724,0,0,0,0,0,0,0,0
1.9669286918731401,-0.26157129994542694,0,0.0319569786040162,0.1657571563720703,0.29531790161132815,1.961246487472692,-0.23382967944627214,2,-0.03548254369304472,-0.005682204400448088,0.027741620499154795,2,-0.06743952229706092,-0.05804623335940903,-0.09342330220333586,2.22229375,-0.06212172223239064,0,0,0,0,0,0,0,0
