0,0,-0.546,0,-0.024412601470947266,0.005129058361053467,0,0,1,0,0,0,1.546,0,0,0,1.2368000000000001,0,0,0,0,0,0,0,0,0
-0.0024471298217773434,0.0009628317515055338,-0.545,0.000279252680319031,-0.036706947326660154,0.014442476272583007,0,0,1,0,0.0024471298217773434,-0.0009628317515055338,1.545,-0.000279252680319031,0.014607872286819455,-0.0057475182291196174,1.2404192499999993,-0.0015882496193144887,0,0,0,0,0,0,0,0
-0.004353692551213928,0.0015551547517682687,-0.541,-0.0002617993877991331,-0.028595958709716797,0.008892830848693847,0,0,1,0,0.004353692551213928,-0.0015551547517682687,1.541,0.0002617993877991331,0.012291845804607075,-0.003920326809916374,1.231646478787879,0.002721126970154424,0,0,0,0,0,0,0,0
-0.005605444662412111,0.0016499513267546758,-0.535,0.000034906585039795655,-0.01877665328979492,0.0014170329570770263,0,0,1,0,0.005605444662412111,-0.0016499513267546758,1.5350000000000001,-0.000034906585039795655,0.009551009146088883,-0.0013381338422775125,1.2257284076923092,-0.0014043187673733128,0,0,0,0,0,0,0,0
-0.005046326976617588,0.0007888153967486416,-0.518,0.00029670597283892885,0.008386314392089844,-0.01291733169555664,0,0,1,0,0.005046326976617588,-0.0007888153967486416,1.518,-0.00029670597283892885,-0.00047610695269583326,0.004239250265753839,1.162764638461538,-0.001505010839604159,0,0,0,0,0,0,0,0
-0.004532762761121783,-0.0002408679084176952,-0.495,0.0002617993877993553,0.007698880195617676,-0.015447534561157227,0,0,1,0,0.004532762761121783,0.0002408679084176952,1.495,-0.0002617993877993553,-0.0004427103416079006,0.005577806884022478,1.1238004030303037,-0.00010313309216493006,0,0,0,0,0,0,0,0
-0.0012872286961234207,-0.0008380794301769648,-0.467,0.00045378560551845315,0.0486806640625,-0.008970917701721192,0,0,1,0,0.0012872286961234207,0.0008380794301769648,1.467,-0.00045378560551845315,-0.017090221368375114,0.0036825077555369488,1.0796339,-0.0013537210010767242,0,0,0,0,0,0,0,0
0.0029571267962062216,-0.002045894738110937,-0.429,0.0005235987755982663,0.0636571044921875,-0.0181461181640625,0,0,1,0,-0.0029571267962062216,0.002045894738110937,1.429,-0.0005235987755982663,-0.02363737227474815,0.0073312686012513475,1.0134257373134328,-0.0008361950595377281,0,0,0,0,0,0,0,0
0.008622710360172276,-0.002748226702092289,-0.393,-0.00022689280275933754,0.08497822570800781,-0.010579475402832031,0,0,1,0,-0.008622710360172276,0.002748226702092289,1.393,0.00022689280275933754,-0.03577905430529939,0.005276527258511304,0.9919091,0.003800662223509832,0,0,0,0,0,0,0,0
0.015237036549371877,-0.003998874383813562,-0.348,0.00008726646259948899,0.09921914672851563,-0.018737203598022462,0,0,1,0,-0.015237036549371877,0.003998874383813562,1.3479999999999999,-0.00008726646259948899,-0.043236259786629046,0.008736862871110505,0.922363407692307,-0.0015372323027171499,0,0,0,0,0,0,0,0
0.02376866435458067,-0.006322851649097541,-0.299,-0.0004363323129987773,0.12797137451171875,-0.034870826721191406,0,0,1,0,-0.02376866435458067,0.006322851649097541,1.299,0.0004363323129987773,-0.05714563923567699,0.015492889699465402,0.8741960151515155,0.002816326747536351,0,0,0,0,0,0,0,0
0.029877578496976146,-0.01413204358448631,-0.243,0.00024434609527923534,0.091684814453125,-0.11709788513183594,0,0,1,0,-0.029877578496976146,0.01413204358448631,1.2429999999999999,-0.00024434609527923534,-0.0478701890221368,0.04913204467084402,0.7957855384615382,-0.0033859387488700625,0,0,0,0,0,0,0,0
0.03836827371320161,-0.02294660939752051,-0.197,-0.00040142572795875964,0.12732811737060548,-0.13224960327148438,0,0,1,0,-0.03836827371320161,0.02294660939752051,1.197,0.00040142572795875964,-0.06294958171250957,0.05687452497860105,0.8318988941176481,0.003250419065773443,0,0,0,0,0,0,0,0
0.04582524767067845,-0.031851209777956635,-0.155,-0.0000174532925198978,0.11190821838378906,-0.1335240936279297,0,0,1,0,-0.04582524767067845,0.031851209777956635,1.155,0.0000174532925198978,-0.0651001933419234,0.06624538954875282,0.8051278258064514,-0.0018404778467004015,0,0,0,0,0,0,0,0
0.0543312921053223,-0.03966598022656088,-0.112,0.0002268928027591155,0.12759271240234374,-0.11721932983398438,0,0,1,0,-0.0543312921053223,0.03966598022656088,1.112,-0.0002268928027591155,-0.07240106488018162,0.06135301344674874,0.7871334969696977,-0.001337556872209176,0,0,0,0,0,0,0,0
0.06161017886525222,-0.04620572901437575,-0.068,0.0005759586531581817,0.10916104125976563,-0.09812100219726562,0,0,1,0,-0.06161017886525222,0.04620572901437575,1.068,-0.0005759586531581817,-0.07077853934714845,0.05897474619041396,0.7461739999999999,-0.0022122048269038047,0,0,0,0,0,0,0,0
0.06692634899149028,-0.052171062071382786,-0.024,0.0007679448708772795,0.07969100189208984,-0.08952590942382813,0,0,1,0,-0.06692634899149028,0.052171062071382786,1.024,-0.0007679448708772795,-0.06186619510773999,0.05786193640549869,0.7250240666666666,-0.0016406094968731781,0,0,0,0,0,0,0,0
0.07449197416413467,-0.05574557998618609,0.02,0.0003141592653590484,0.11344316864013672,-0.05370490264892578,0,0,1,0,-0.07449197416413467,0.05574557998618609,0.98,-0.0003141592653590484,-0.07533746666369417,0.045926464873930484,0.7100173999999999,0.0016306361868619415,0,0,0,0,0,0,0,0
0.08249007173758192,-0.058046030171501777,0.06,0.000715584993317586,0.11996061706542968,-0.03454444122314453,0,0,1,0,-0.08249007173758192,0.058046030171501777,0.94,-0.000715584993317586,-0.08744943231303022,0.042438812812951705,0.6742432032786883,-0.002689809884916951,0,0,0,0,0,0,0,0
0.09008602002504967,-0.058337583377986287,0.103,0.0002967059728389286,0.11393606567382812,-0.0044548301696777344,0,0,1,0,-0.09008602002504967,0.058337583377986287,0.897,-0.0002967059728389286,-0.08695467992459494,0.031017052725542768,0.6399359500000005,0.0016667894356547778,0,0,0,0,0,0,0,0
0.09726952317767468,-0.057170623447149,0.146,0.000802851455917297,0.1077577362060547,0.017472427368164064,0,0,1,0,-0.09726952317767468,0.057170623447149,0.854,-0.000802851455917297,-0.08659702262194052,0.02278138613967678,0.6217871343283581,-0.0030691745144771554,0,0,0,0,0,0,0,0
0.10394995820631173,-0.054823076880419756,0.185,-0.000034906585039573773,0.10023476409912109,0.035132736206054685,0,0,1,0,-0.10394995820631173,0.054823076880419756,0.815,0.000034906585039573773,-0.08845061810262243,0.01509867183716788,0.6105114999999999,0.0039014821586866692,0,0,0,0,0,0,0,0
0.10965379106097682,-0.0512139383635807,0.223,-0.000017453292519898017,0.08555560302734375,0.054140064239501955,0,0,1,0,-0.10965379106097682,0.0512139383635807,0.777,0.000017453292519898017,-0.0843391079093425,0.00766285119475273,0.6027191768115947,-0.00005843058800043134,0,0,0,0,0,0,0,0
0.1147710745198475,-0.04737704672958269,0.263,-0.00034906585039862236,0.07675824737548828,0.05755471420288086,0,0,1,0,-0.1147710745198475,0.04737704672958269,0.737,0.00034906585039862236,-0.08602386154749155,0.0030989499250118624,0.5494395999999999,0.0019034997154551427,0,0,0,0,0,0,0,0
0.1164563997748837,-0.04328756569846684,0.299,-0.0005235987755982664,0.02525846481323242,0.061351036071777346,0,0,1,0,-0.1164563997748837,0.04328756569846684,0.7010000000000001,0.0005235987755982664,-0.06862231766747938,-0.0014006194764786019,0.5371083229508202,0.001381957424121106,0,0,0,0,0,0,0,0
0.11947034171346212,-0.039353712347256264,0.336,-0.0011170107212765679,0.04517822647094726,0.05903146362304688,0,0,1,0,-0.11947034171346212,0.039353712347256264,0.6639999999999999,0.0011170107212765679,-0.07652126548984864,-0.0007386808066464738,0.5222359787878781,0.003814337747087029,0,0,0,0,0,0,0,0
0.12007052010358041,-0.034655455057777965,0.369,-0.0012566370614357503,0.0089239501953125,0.07048387145996093,0,0,1,0,-0.12007052010358041,0.034655455057777965,0.631,0.0012566370614357503,-0.06419739995687825,-0.007897880982836107,0.5156177500000005,0.0019111355309319178,0,0,0,0,0,0,0,0
0.1215480298177654,-0.029717477834794906,0.401,-0.0024085543677521137,0.022069549560546874,0.07409745025634766,0,0,1,0,-0.1215480298177654,0.029717477834794906,0.599,0.0024085543677521137,-0.06923241187582829,-0.009700480534150516,0.5123007594202897,0.007416890482171085,0,0,0,0,0,0,0,0
0.12098048002860182,-0.024955780074064456,0.43,-0.0035430183815485794,-0.008685254096984863,0.07140475463867188,0,0,1,0,-0.12098048002860182,0.024955780074064456,0.5700000000000001,0.0035430183815485794,-0.058325120286504537,-0.01389869815459773,0.49124392258064575,0.009032360383789542,0,0,0,0,0,0,0,0
0.1210293984757856,-0.02023133725295767,0.457,-0.003961897402027015,0.00048269081115722654,0.0708687973022461,0,0,1,0,-0.1210293984757856,0.02023133725295767,0.5429999999999999,0.003961897402027015,-0.06189556574251999,-0.014806524819112758,0.4914984846153838,0.005895185188850563,0,0,0,0,0,0,0,0
0.11944469469673544,-0.016433375077021917,0.484,-0.0042760566673860625,-0.023996076583862304,0.056874809265136717,0,0,1,0,-0.11944469469673544,0.016433375077021917,0.516,0.0042760566673860625,-0.05276446565345083,-0.010803358442842042,0.47982131176470644,0.005662053426323038,0,0,0,0,0,0,0,0
0.1163743824686248,-0.012298304237819035,0.511,-0.004782202150464431,-0.046319488525390626,0.061828563690185544,0,0,1,0,-0.1163743824686248,0.012298304237819035,0.489,0.004782202150464431,-0.042401898812821116,-0.016287426975041916,0.4502725999999999,0.0071924187365519,0,0,0,0,0,0,0,0
0.1127783024871693,-0.008907069829364041,0.536,-0.005602506898901848,-0.05418384552001953,0.05060997772216797,0,0,1,0,-0.1127783024871693,0.008907069829364041,0.46399999999999997,0.005602506898901848,-0.03837094728242751,-0.01326513177913479,0.44867321538461524,0.00938852881476685,0,0,0,0,0,0,0,0
0.10806055456748853,-0.006498814356455561,0.561,-0.006073745796940421,-0.07096749114990235,0.03572679901123047,0,0,1,0,-0.10806055456748853,0.006498814356455561,0.43899999999999995,0.006073745796940421,-0.03004256224645839,-0.00917207178716073,0.4315267153846153,0.00824869455711845,0,0,0,0,0,0,0,0
0.10219770610801938,-0.004655603275177274,0.587,-0.006143558967020234,-0.0881090316772461,0.027113517761230468,0,0,1,0,-0.10219770610801938,0.004655603275177274,0.41300000000000003,0.006143558967020234,-0.022845826074377042,-0.006472556918806715,0.4163077420289861,0.006447094489106379,0,0,0,0,0,0,0,0
0.09657144986938342,-0.003232523520419939,0.608,-0.0072082098107364425,-0.08452339172363281,0.020827318191528322,0,0,1,0,-0.09657144986938342,0.003232523520419939,0.392,0.0072082098107364425,-0.019065001266546623,-0.005614873963187569,0.4190568500000001,0.01219876064065617,0,0,0,0,0,0,0,0
0.09341961551989915,-0.004039442652115427,0.63,-0.007522369076095491,-0.047189041137695314,-0.012444255828857421,0,0,1,0,-0.09341961551989915,0.004039442652115427,0.37,0.007522369076095491,-0.031080867352035586,0.006986477256246399,0.39835609999999994,0.008994990632466032,0,0,0,0,0,0,0,0
0.08733225543569859,-0.0046685603503549425,0.651,-0.008569566627292247,-0.09123683166503906,-0.01012336254119873,0,0,1,0,-0.08733225543569859,0.0046685603503549425,0.349,0.008569566627292247,-0.01203942359168441,0.006331672394778039,0.3892584500000001,0.013478305148527037,0,0,0,0,0,0,0,0
0.07925869042281895,-0.005601824041813702,0.672,-0.010245082709206654,-0.12097906494140626,-0.015036232948303222,0,0,1,0,-0.07925869042281895,0.005601824041813702,0.32799999999999996,0.010245082709206654,0.000829344751220748,0.008236828140078018,0.3797983074626865,0.017747393523748777,0,0,0,0,0,0,0,0
0.07314642459471918,-0.006617394845758124,0.692,-0.011623892818282133,-0.09152310943603516,-0.016172056198120118,0,0,1,0,-0.07314642459471918,0.006617394845758124,0.30800000000000005,0.011623892818282133,-0.004378911823412421,0.009515584433006576,0.3643290888888896,0.01818965524245108,0,0,0,0,0,0,0,0
0.06571815001716684,-0.008582977781571634,0.717,-0.011990411961200875,-0.11107388305664062,-0.030776905059814452,0,0,1,0,-0.06571815001716684,0.008582977781571634,0.28300000000000003,0.011990411961200875,0.004727184292010002,0.015285526516074026,0.3247322424242425,0.013656408065376975,0,0,0,0,0,0,0,0
0.058732481343062796,-0.010946991522689457,0.737,-0.013020156219877954,-0.10435232543945312,-0.03671404266357422,0,0,1,0,-0.058732481343062796,0.010946991522689457,0.263,0.013020156219877954,0.006404616346605756,0.018780407819249573,0.3353251923076924,0.01777282202915678,0,0,0,0,0,0,0,0
0.05306763815392672,-0.01420123192095483,0.76,-0.01373574121319554,-0.08432990264892579,-0.049915794372558595,0,0,1,0,-0.05306763815392672,0.01420123192095483,0.24,0.01373574121319554,0.001178808030064385,0.024687501358424697,0.30607624626865676,0.016939853123572792,0,0,0,0,0,0,0,0
0.04821418236335584,-0.01886009212451922,0.773,-0.014835298641951988,-0.0718351058959961,-0.07087626647949219,0,0,1,0,-0.04821418236335584,0.01886009212451922,0.22699999999999998,0.014835298641951988,0.00011572500441211706,0.0351155975724524,0.3473010000000001,0.019910179082366364,0,0,0,0,0,0,0,0
0.04413998812984651,-0.0229937426292912,0.794,-0.015463617172669641,-0.060186363220214846,-0.0629045295715332,0,0,1,0,-0.04413998812984651,0.0229937426292912,0.20599999999999996,0.015463617172669641,-0.0013745663814284138,0.03507546358232068,0.28513213333333337,0.018455610176087038,0,0,0,0,0,0,0,0
0.03817661949193245,-0.02789945644583011,0.8,-0.01652826801638629,-0.0883019790649414,-0.0749600830078125,0,0,1,0,-0.03817661949193245,0.02789945644583011,0.19999999999999996,0.01652826801638629,0.011058337238318602,0.040997112199824576,0.36599110769230775,0.02144204114123236,0,0,0,0,0,0,0,0
0.032180273718592216,-0.03231532919450583,0.81,-0.017069320084504673,-0.08883815002441406,-0.06771561431884765,0,0,1,0,-0.032180273718592216,0.03231532919450583,0.18999999999999995,0.017069320084504673,0.013723627975960447,0.040228501602928235,0.33852249696969705,0.01952864766686096,0,0,0,0,0,0,0,0
0.028104722155975835,-0.037095084620373676,0.821,-0.016458454846306474,-0.059900619506835937,-0.07272933959960938,0,0,1,0,-0.028104722155975835,0.037095084620373676,0.17900000000000005,0.016458454846306474,0.005556824735291937,0.04457254293560921,0.3256008666666674,0.013681794672678296,0,0,0,0,0,0,0,0
0.023342840990688157,-0.04318236839766317,0.831,-0.018046704465621392,-0.06991580200195313,-0.0924724349975586,0,0,1,0,-0.023342840990688157,0.04318236839766317,0.16900000000000004,0.018046704465621392,0.012351590084251556,0.0555864668326297,0.3223283000000001,0.025491624556160074,0,0,0,0,0,0,0,0
0.022471491876293243,-0.04839249165667653,0.843,-0.018814649336498894,-0.011657801628112793,-0.07837498474121093,0,0,1,0,-0.022471491876293243,0.04839249165667653,0.15700000000000003,0.018814649336498894,-0.008648313407701483,0.05256307587464869,0.3048156363636365,0.022305307840487537,0,0,0,0,0,0,0,0
0.02134411796699746,-0.05223991697439287,0.858,-0.019111355309337823,-0.015821860313415526,-0.05801931381225586,0,0,1,0,-0.02134411796699746,0.05223991697439287,0.14200000000000002,0.019111355309337823,-0.006553751380246012,0.047931387761560876,0.27532955000000015,0.0205021645570203,0,0,0,0,0,0,0,0
0.020663519702190727,-0.05682478106503434,0.871,-0.019024088846738337,-0.008892845153808594,-0.06895549774169922,0,0,1,0,-0.020663519702190727,0.05682478106503434,0.129,0.019024088846738337,-0.00878318301484745,0.05353439016407047,0.27887280606060616,0.018627423107649768,0,0,0,0,0,0,0,0
0.02025758131441621,-0.06050735796455021,0.884,-0.018343410438460328,-0.005037172317504883,-0.05534449005126953,0,0,1,0,-0.02025758131441621,0.06050735796455021,0.11599999999999999,0.018343410438460328,-0.01001679238325787,0.05093059541672057,0.26816620000000013,0.015201817784869516,0,0,0,0,0,0,0,0
0.021130143866620103,-0.06273365966517121,0.901,-0.019530234329816487,0.013698771476745605,-0.033148834228515625,0,0,1,0,-0.021130143866620103,0.06273365966517121,0.09899999999999998,0.019530234329816487,-0.017351044083526113,0.04424304130561028,0.2336712384615386,0.025007883059152605,1426078613407,0,0,0,0,0,0,0
0.02234244370626829,-0.06494487438010724,0.916,-0.020542525295973446,0.018828771591186524,-0.03280677032470703,0,0,1,0,-0.02234244370626829,0.06494487438010724,0.08399999999999996,0.020542525295973446,-0.019606659308099527,0.04495550498614195,0.23541429104477624,0.025075171413094156,1426078613407,0,0,0,0,0,0,0
0.025530242042027036,-0.06710188671681903,0.927,-0.020629791758572935,0.04847149658203125,-0.031366146087646485,0,0,1,0,-0.025530242042027036,0.06710188671681903,0.07299999999999995,0.020629791758572935,-0.03259372367257816,0.046508565568562324,0.244321288888889,0.021045346342380027,1426078613407,0,0,0,0,0,0,0
0.028304014656011085,-0.06831603298022018,0.936,-0.020053833105414753,0.04197342300415039,-0.01735004425048828,0,0,1,0,-0.028304014656011085,0.06831603298022018,0.06399999999999995,0.020053833105414753,-0.030998700100700875,0.041615979838536044,0.2509275272727274,0.01743583922742302,1426078613407,0,0,0,0,0,0,0
0.03270504040182486,-0.06879667275293713,0.943,-0.020071286397934873,0.0661466827392578,-0.005884374141693115,0,0,1,0,-0.03270504040182486,0.06879667275293713,0.05700000000000005,0.020071286397934873,-0.042208901963193234,0.03805042344968637,0.2557329923076931,0.02015184005572004,1426078613407,0,0,0,0,0,0,0
0.03696539906459043,-0.0690160945639803,0.953,-0.019600047499896522,0.06395856475830078,-0.002008087158203125,0,0,1,-0.020071286397934873,-0.03696539906459043,0.0690160945639803,0.04700000000000004,-0.00047123889803835084,-0.018482699532295217,0.03450804728199015,0.037600000000000036,-0.00047123889803835084,1426078613407,0,0,0,0,0,0,0
0.0429812752118416,-0.06797749939384545,0.966,-0.02242748088812707,0.08991548156738281,0.017344493865966797,0,0,1,-0.020071286397934873,-0.0429812752118416,0.06797749939384545,0.03400000000000003,0.0023561944901921983,-0.053911754689237854,0.028440499540033436,-0.042579000000000033,0.015405887051256272,1426078613800,0,0,0,0,0,0,0
0.04850889363522835,-0.06748549001738442,0.972,-0.02419026343264141,0.08272792053222656,0.009237687110900878,0,0,1,-0.020071286397934873,-0.04850889363522835,0.06748549001738442,0.028000000000000025,0.004118977034706536,-0.054078014630216525,0.03118151469394242,-0.009504692307692308,0.012254896470926552,1426078613865,0,0,0,0,0,0,0
0.053350714306419064,-0.06704884747797149,0.978,-0.025307274153917977,0.07244763946533203,0.008304424285888672,0,0,1,-0.020071286397934873,-0.053350714306419064,0.06704884747797149,0.02200000000000002,0.0052359877559831035,-0.05324767701569043,0.031267497057074475,-0.014668700000000014,0.010471975511967015,1426078613929,0,0,0,0,0,0,0
0.05887380752868843,-0.06695686926803537,0.983,-0.026075219024795256,0.0827849578857422,0.0034756240844726564,0,0,1,-0.020071286397934873,-0.05887380752868843,0.06695686926803537,0.017000000000000015,0.006003932626860383,-0.05930851754144113,0.03315765152027371,-0.012668776923076929,0.009548293569370904,1426078613994,0,0,0,0,0,0,0
0.06381917113524327,-0.06726316452804504,0.983,-0.02654645792283383,0.0742750244140625,-0.0026588146686553956,0,0,1,-0.020071286397934873,-0.06381917113524327,0.06726316452804504,0.017000000000000015,0.006475171524898956,-0.05871183002903212,0.035499069660775984,0.014364800000000014,0.008650120285076984,1426078614059,0,0,0,0,0,0,0
0.06811271459738726,-0.06724632680556766,0.983,-0.028344147052388188,0.0643737564086914,0.0019619516134262087,0,0,1,-0.020071286397934873,-0.06811271459738726,0.06724632680556766,0.017000000000000015,0.008272860654453314,-0.05637515820869333,0.03380043138443696,0.014480400000000015,0.0162038421083696,1426078614127,0,0,0,0,0,0,0
0.0721375095904334,-0.0682067910411613,0.981,-0.0287630260728664,0.06075597381591797,-0.01269021511077881,0,0,1,-0.020071286397934873,-0.0721375095904334,0.0682067910411613,0.019000000000000017,0.008691739674931528,-0.0580072973648942,0.03958339316380619,0.02697313076923079,0.01062502746175405,1426078614192,0,0,0,0,0,0,0
0.07421059678171185,-0.06911843744679545,0.98,-0.029792770331543258,0.03147671699523926,-0.012774739265441894,0,0,1,-0.020071286397934873,-0.07421059678171185,0.06911843744679545,0.020000000000000018,0.009721483933608385,-0.04893577165968474,0.03997573273638748,0.022685455555555574,0.014625028022545797,1426078614255,0,0,0,0,0,0,0
0.07542965684315336,-0.06882801043516883,0.977,-0.03148573970597779,0.01814801597595215,0.004899178981781006,0,0,1,-0.020071286397934873,-0.07542965684315336,0.06882801043516883,0.02300000000000002,0.011414453308042916,-0.04464134946630362,0.033246717428921345,0.035833246153846185,0.019228158113125365,1426078614320,0,0,0,0,0,0,0
0.07431113410699564,-0.0679579677824745,0.973,-0.03370230785601058,-0.01718036651611328,0.012515995979309082,0,0,1,-0.020071286397934873,-0.07431113410699564,0.0679579677824745,0.027000000000000024,0.01363102145807571,-0.03163540392065443,0.02980652356405631,0.04426972121212125,0.023706331230952046,1426078614386,0,0,0,0,0,0,0
0.07460384121514298,-0.06733290103754912,0.967,-0.03501130479500625,0.0040721802711486815,0.009518622398376465,0,0,1,-0.020071286397934873,-0.07460384121514298,0.06733290103754912,0.03300000000000003,0.014940018397071375,-0.039361805895259366,0.03073261203911389,0.060881300000000055,0.021075941548613558,1426078614450,0,0,0,0,0,0,0
0.07277784654733561,-0.06552081502997724,0.966,-0.03679154063204049,-0.028324592590332032,0.02620587158203125,0,0,1,-0.020071286397934873,-0.07277784654733561,0.06552081502997724,0.03400000000000003,0.016720254234105614,-0.02749905353267156,0.023962543676591987,0.03424705882352944,0.024574235868080194,1426078614518,0,0,0,0,0,0,0
0.06924236392057771,-0.06334608557331468,0.97,-0.03855432317655483,-0.05419625473022461,0.030648168563842774,0,0,1,-0.020071286397934873,-0.06924236392057771,0.06334608557331468,0.030000000000000027,0.018483036778619955,-0.015839458683775037,0.0203495820011713,0.0042170000000000055,0.026746079956030927,1426078614582,0,0,0,0,0,0,0
0.06535584670667542,-0.06034179308947628,0.965,-0.04017747938090954,-0.05999143218994141,0.042783824920654294,0,0,1,-0.020071286397934873,-0.06535584670667542,0.06034179308947628,0.03500000000000003,0.02010619298297467,-0.012018307420270293,0.014349381701961431,0.05765975000000005,0.027714737690887392,1426078614646,0,0,0,0,0,0,0
0.06254044916811503,-0.057813200199436116,0.961,-0.04124213022462619,-0.043720359802246096,0.03620200729370117,0,0,1,-0.020071286397934873,-0.06254044916811503,0.057813200199436116,0.039000000000000035,0.021170843826691314,-0.016745818056536972,0.015936888180922926,0.05530796153846159,0.02608461695153737,1426078614711,0,0,0,0,0,0,0
0.059118144505333835,-0.05458363333704355,0.956,-0.0431619924018196,-0.053288265228271486,0.046285762786865234,0,0,1,-0.020071286397934873,-0.059118144505333835,0.05458363333704355,0.04400000000000004,0.02309070600388473,-0.011805131080962782,0.010583108875652027,0.06497857692307697,0.031951608360162025,1426078614776,0,0,0,0,0,0,0
0.05619424030632918,-0.051140948097244086,0.966,-0.04389503068765753,-0.046045921325683595,0.04969974899291992,0,0,1,-0.020071286397934873,-0.05619424030632918,0.051140948097244086,0.03400000000000003,0.023823744289722656,-0.013302508947635992,0.008028830543927796,-0.022750403030303037,0.027155736498076875,1426078614842,0,0,0,0,0,0,0
0.053103836760640975,-0.04758009542130307,0.962,-0.04487241506877425,-0.04865520477294922,0.05132719421386719,0,0,1,-0.020071286397934873,-0.053103836760640975,0.04758009542130307,0.038000000000000034,0.024801128670839376,-0.010656742762382931,0.005362173317212001,0.05526536153846159,0.029312133506762695,1426078614907,0,0,0,0,0,0,0
0.05058090210992572,-0.04399605124481342,0.954,-0.04473278872861463,-0.040217487335205075,0.05200896453857422,0,0,1,-0.020071286397934873,-0.05058090210992572,0.04399605124481342,0.04600000000000004,0.024661502330679756,-0.012483754765558764,0.0034738713516298016,0.08350282307692314,0.024017073068404587,1426078614972,0,0,0,0,0,0,0
0.04853019902439011,-0.04114133087338158,0.946,-0.04621631859280971,-0.0326446304321289,0.04140242385864258,0,0,1,-0.020071286397934873,-0.04853019902439011,0.04114133087338158,0.05400000000000005,0.026145032194874837,-0.01436332313198982,0.006460056911240356,0.08897874477611947,0.03278770322858415,1426078615039,0,0,0,0,0,0,0
0.04614939488946663,-0.03815035475992786,0.943,-0.04710643651132672,-0.03774666976928711,0.04316684341430664,0,0,1,-0.020071286397934873,-0.04614939488946663,0.03815035475992786,0.05700000000000005,0.027035150113391845,-0.010687933603612748,0.003284787972606524,0.06661346666666673,0.03127380686823474,1426078615102,0,0,0,0,0,0,0
0.045050924673354024,-0.03409091400678125,0.948,-0.048659779545602064,-0.019326101303100585,0.06004817581176758,0,0,1,-0.020071286397934873,-0.045050924673354024,0.03409091400678125,0.052000000000000046,0.02858849314766719,-0.017479831609836204,-0.003964766478558517,0.0193617230769231,0.03575776869047648,1426078615167,0,0,0,0,0,0,0
0.04520682263584293,-0.030736139853367945,0.95,-0.0496720705117588,-0.00011197087168693543,0.05037579345703125,0,0,1,-0.020071286397934873,-0.04520682263584293,0.030736139853367945,0.050000000000000044,0.029600784113823927,-0.024341455218263607,-0.0018278164504119017,0.03424056923076926,0.03427289626531656,1426078615232,0,0,0,0,0,0,0
0.04401289013863259,-0.02727177517383478,0.955,-0.04996877648459773,-0.02046706962585449,0.051012165069580076,0,0,1,-0.020071286397934873,-0.04401289013863259,0.02727177517383478,0.04500000000000004,0.029897490086662856,-0.016697566232480726,-0.0035749856128298035,0.01519189701492539,0.031226024293404327,1426078615299,0,0,0,0,0,0,0
0.04360623236809113,-0.02308715850775927,0.956,-0.05143485305627314,-0.009227450370788575,0.06238622665405273,0,0,1,-0.020071286397934873,-0.04360623236809113,0.02308715850775927,0.04400000000000004,0.03136356665833827,-0.02053519645959961,-0.010439713126625933,0.035324150000000026,0.03823580058806676,1426078615363,0,0,0,0,0,0,0
0.04405258347646802,-0.019154185658389715,0.958,-0.052674036825188994,0.003653371810913086,0.059260791778564456,0,0,1,-0.020071286397934873,-0.04405258347646802,0.019154185658389715,0.04200000000000004,0.03260275042725412,-0.02534348182187204,-0.010054124410727247,0.02902653880597018,0.03815133446717585,1426078615430,0,0,0,0,0,0,0
0.043345682651773694,-0.01443901821613396,0.964,-0.05387831400906505,-0.014312586784362792,0.0700711441040039,0,0,1,-0.020071286397934873,-0.043345682651773694,0.01443901821613396,0.03600000000000003,0.03380702761113018,-0.01875842749123201,-0.01805260567316948,0.0015677666666666715,0.03954168086768283,1426078615493,0,0,0,0,0,0,0
0.0428255655830526,-0.009282764451694361,0.962,-0.05520476424058039,-0.011955573081970214,0.07681143188476562,0,0,1,-0.020071286397934873,-0.0428255655830526,0.009282764451694361,0.038000000000000034,0.03513347784264552,-0.019695664057462387,-0.021773001214589784,0.047357960606060644,0.04116279707680616,1426078615559,0,0,0,0,0,0,0
0.041148310795223894,-0.004656949842953253,0.962,-0.05646140130201681,-0.028949054718017578,0.0678933334350586,0,0,1,-0.020071286397934873,-0.041148310795223894,0.004656949842953253,0.038000000000000034,0.036390114904081935,-0.012610607707653898,-0.021647344047231128,0.03699890000000003,0.042189978264557705,1426078615624,0,0,0,0,0,0,0
0.040218988232817436,0.000727795667027918,0.963,-0.05766567848589242,-0.018475656509399415,0.07985582733154296,2,0,1,0,1.9597810117671826,-0.000727795667027918,0.03700000000000003,0.05766567848589242,0.9798905058835913,-0.000363897833513959,0.02960000000000003,0.05766567848589242,0,0,0,0,0,0,0,0
0.03771387880721368,0.006794806367833835,0.964,-0.060807271139482685,-0.04275914764404297,0.0886882095336914,2,0,1,0,1.9622861211927862,-0.006794806367833835,0.03600000000000003,0.060807271139482685,0.9965014247489727,-0.03765086992002741,0.023378038709677442,0.07600852591491944,0,0,0,0,0,0,0,0
0.03602809224551045,0.013259029554096158,0.968,-0.06017895260876459,-0.03113250732421875,0.09524746704101562,2,0,1,0,1.9639719077544895,-0.013259029554096158,0.03200000000000003,0.06017895260876459,0.9932149147666594,-0.03991448068520781,0.005452564705882363,0.05740695909089063,0,0,0,0,0,0,0,0
0.03288283149659204,0.020438344412114118,0.968,-0.059952059806005244,-0.05357025146484375,0.10465731811523438,2,0,1,0,1.967117168503408,-0.020438344412114118,0.03200000000000003,0.059952059806005244,1.0048236571875981,-0.05013035982762575,0.026242400000000027,0.058871617888103606,0,0,0,0,0,0,0,0
0.03410344218144601,0.0293222586868148,0.966,-0.06091199089460229,0.010291916847229004,0.13411631774902344,2,0,1,0,1.9658965578185539,-0.0293222586868148,0.03400000000000003,0.06091199089460229,0.9815642372960235,-0.06181825371942637,0.03867286060606064,0.06527531402458885,0,0,0,0,0,0,0,0
0.038785558483478415,0.03936138391704834,0.966,-0.06066764479932305,0.060934619903564455,0.1545829162597656,2,0,1,0,1.9612144415165216,-0.03936138391704834,0.03400000000000003,0.06066764479932305,0.962551311767653,-0.07219571335472634,0.028294600000000027,0.05957355780553543,0,0,0,0,0,0,0,0
0.04880273467011656,0.048552406589173425,0.965,-0.06131341662256105,0.14162237548828124,0.14672189331054689,2,0,1,0,1.9511972653298835,-0.048552406589173425,0.03500000000000003,0.06131341662256105,0.9266627072348417,-0.07626294108881193,0.034956761290322616,0.06443811899306748,0,0,0,0,0,0,0,0
0.06467685187242597,0.05665357711498276,0.962,-0.06243042734383695,0.2302183380126953,0.1358795166015625,2,0,1,0,1.9353231481275741,-0.05665357711498276,0.038000000000000034,0.06243042734383695,0.8923706126009008,-0.07142686509383761,0.04787149090909095,0.06750774880418195,0,0,0,0,0,0,0,0
0.08892189129255322,0.0646908457499866,0.974,-0.061871921983199116,0.3554454345703125,0.1430138397216797,2,0,1,0,1.9110781087074469,-0.0646908457499866,0.026000000000000023,0.061871921983199116,0.8351210059569745,-0.0758043960150225,-0.04208398461538464,0.059294204934101424,0,0,0,0,0,0,0,0
0.12301970008164152,0.0707001107876249,0.974,-0.06054547175168333,0.5049149475097656,0.12159176635742187,2,0,1,0,1.8769802999183585,-0.0707001107876249,0.026000000000000023,0.06054547175168333,0.7662387652322017,-0.06793496423542386,0.022700400000000023,0.05442339376007201,0,0,0,0,0,0,0,0
0.16587640459411596,0.07553919266723266,0.969,-0.05914920835008795,0.6372805786132812,0.11135114288330078,2,0,1,0,1.834123595405884,-0.07553919266723266,0.031000000000000028,0.05914920835008795,0.7057645544175687,-0.06332632140066566,0.05302750298507467,0.052897282671302684,0,0,0,0,0,0,0,0
0.2151184647648807,0.07813666378691028,0.972,-0.05810201079889142,0.7350359497070312,0.08255789184570313,2,0,1,0,1.7848815352351193,-0.07813666378691028,0.028000000000000025,0.05810201079889142,0.6325793059054078,-0.05382589222976086,0.008017833333333342,0.053115355793193646,0,0,0,0,0,0,0,0
0.2716272876552679,0.07898009528784596,0.969,-0.057264252757934106,0.8454673461914063,0.0618515625,2,0,1,0,1.728372712344732,-0.07898009528784596,0.031000000000000028,0.057264252757934106,0.5793646212227597,-0.044342082541790784,0.043198190909090946,0.05345626166267359,0,0,0,0,0,0,0,0
0.3329655819268894,0.07692400017078739,0.963,-0.05534439058074046,0.9203314208984374,0.02186771011352539,2,0,1,0,1.6670344180731105,-0.07692400017078739,0.03700000000000003,0.05534439058074046,0.5191639236339525,-0.027820011375834182,0.06463729230769236,0.04648348822446211,0,0,0,0,0,0,0,0
0.3999512244217965,0.07312626944485956,0.958,-0.05298819609054782,1.0063973388671874,-0.0012979304790496826,2,0,1,0,1.6000487755782036,-0.07312626944485956,0.04200000000000004,0.05298819609054782,0.45630233596524256,-0.016590640194098,0.06352567692307698,0.0421134522896587,0,0,0,0,0,0,0,0
0.47218736066091727,0.06680864831937927,0.955,-0.050509828552716116,1.087040283203125,-0.03724323654174805,2,0,1,0,1.5278126393390827,-0.06680864831937927,0.04500000000000004,0.050509828552716116,0.40454687293759106,-0.0009234123025013141,0.05497574179104482,0.03941266047287266,0,0,0,0,0,0,0,0
0.5479080603254141,0.05868454701843291,0.953,-0.04895648551844099,1.1405145263671874,-0.06436090087890625,2,0,1,0,1.452091939674586,-0.05868454701843291,0.04700000000000004,0.04895648551844099,0.33725648902171074,0.013843155826971439,0.05197883076923082,0.04178720997563273,0,0,0,0,0,0,0,0
0.6290644317267059,0.048403054330086584,0.954,-0.045727626402251684,1.2234342041015625,-0.09446445465087891,2,0,1,0,1.370935568273294,-0.048403054330086584,0.04600000000000004,0.045727626402251684,0.2614586403312347,0.03143467650451769,0.03523525000000004,0.0305923492951143,0,0,0,0,0,0,0,0
0.7189839899328252,0.036205764215360536,0.953,-0.04251622057858205,1.355746826171875,-0.12111247253417969,2,0,1,0,1.2810160100671748,-0.036205764215360536,0.04700000000000004,0.04251622057858205,0.17697319124104627,0.04696059067811778,0.04719411538461543,0.02769434754626067,0,0,0,0,0,0,0,0
0.8132680606829055,0.024230227251373374,0.954,-0.039043015367113285,1.4206180419921874,-0.11935980224609374,2,0,1,0,1.1867319393170945,-0.024230227251373374,0.04600000000000004,0.039043015367113285,0.10710131023600256,0.051738554085342434,0.03592388461538465,0.023012837468026674,0,0,0,0,0,0,0,0
0.9122517258753072,0.011902925964846267,0.955,-0.035395277230445096,1.490841064453125,-0.12681401824951172,2,0,1,0,1.0877482741246927,-0.011902925964846267,0.04500000000000004,0.035395277230445096,0.04894287884850301,0.05780691919714012,0.0355861194029851,0.01906212139461739,0,0,0,0,0,0,0,0
1.0197244353584687,0.00002651108471133333,0.958,-0.030386182277221327,1.6173851318359376,-0.1209861602783203,2,0,1,0,0.9802755646415313,-0.00002651108471133333,0.04200000000000004,0.030386182277221327,-0.08416766250712904,0.06532884259839446,0.022007933333333358,0.006533349166631949,0,0,0,0,0,0,0,0
1.134370863361055,-0.012939616699634194,0.96,-0.025830872929516014,1.7248115234375,-0.14215516662597658,2,0,1,0,0.865629136638945,0.012939616699634194,0.040000000000000036,0.025830872929516014,-0.16118452934374772,0.07565784572048159,0.02656536923076926,0.004806368247799189,0,0,0,0,0,0,0,0
1.2525705846400654,-0.024727445902245147,0.964,-0.020647245051093045,1.77697119140625,-0.13096551513671875,2,0,1,0,0.7474294153599346,0.024727445902245147,0.03600000000000003,0.020647245051093045,-0.22928087030751743,0.07426168475799805,0.013160078787878806,-0.002914699850829542,0,0,0,0,0,0,0,0
1.372624679035266,-0.0355606275186886,0.967,-0.014748032179351823,1.803782470703125,-0.125283935546875,2,0,1,0,0.6273753209647339,0.0355606275186886,0.03300000000000003,0.014748032179351823,-0.3085285434606275,0.07552269090194949,0.016032853846153862,-0.012479104151761507,0,0,0,0,0,0,0,0
1.4972766634595287,-0.04470209018728115,0.97,-0.010524335389525897,1.8715986328125,-0.10953245544433594,2,0,1,0,0.5027233365404713,0.04470209018728115,0.030000000000000027,0.010524335389525897,-0.3752396701841238,0.06954476570323415,0.014316058208955238,-0.008387739788799142,0,0,0,0,0,0,0,0
1.6157537659622074,-0.05147819058203249,0.974,-0.007941248096574139,1.7781278076171876,-0.08293283081054688,2,0,1,0,0.38424623403779257,0.05147819058203249,0.026000000000000023,0.007941248096574139,-0.44127518850958913,0.06285633989094264,0.004729277777777784,-0.004359167584148517,0,0,0,0,0,0,0,0
1.7320612201443555,-0.056307689180210015,0.982,-0.006300638599699527,1.745132080078125,-0.05858594512939453,2,0,1,0,0.2679387798556445,0.056307689180210015,0.018000000000000016,0.006300638599699527,-0.4578279049873162,0.05327422748640509,-0.021753942424242435,-0.0011566772951850726,0,0,0,0,0,0,0,0
1.8429668096813971,-0.0587096772683732,0.99,-0.005619960191421736,1.66377783203125,-0.025547534942626952,2,0,1,0,0.15703319031860286,0.0587096772683732,0.010000000000000009,0.005619960191421736,-0.4935806178468838,0.041836187419319736,-0.028741623076923097,0.0024783675378319335,0,0,0,0,0,0,0,0
1.9444019500637386,-0.05730329698482208,1.004,-0.0059690260418205805,1.521384521484375,0.029646247863769532,2,0,1,0,0.055598049936261384,0.05730329698482208,-0.0040000000000000036,0.0059690260418205805,-0.4932673230879796,0.020663645495968826,-0.07227531538461543,0.007580099197507554,1426078617580,0,0,0,0,0,0,0
2.0296481097963603,-0.05102014693589263,1.017,-0.006963863715457198,1.2781070556640626,0.10187807464599609,2,0,1,0,-0.029648109796360345,0.05102014693589263,-0.016999999999999904,0.006963863715457198,-0.42848834484936316,-0.007210161816051983,-0.07431806470588175,0.01135285345208933,1426078617580,0,0,0,0,0,0,0
2.098633202978674,-0.04121346011062507,1.026,-0.00970403064108848,1.0337269287109374,0.15430271911621093,2,0,1,0,-0.09863320297867384,0.04121346011062507,-0.026000000000000023,0.00970403064108848,-0.41370702304467066,-0.03510853883683244,-0.06557395161290391,0.022962902861885008,1426078617580,0,0,0,0,0,0,0
2.1527808221042743,-0.029367175224976082,1.03,-0.010349802464326475,0.8104517211914063,0.18556753540039062,2,0,1,0,-0.15278082210427435,0.029367175224976082,-0.030000000000000027,0.010349802464326475,-0.33859615536797016,-0.04847317781861805,-0.03937762121212124,0.013285128933590087,0,0,0,0,0,0,0,0
2.196906480094803,-0.015591434702980439,1.026,-0.011187560505283568,0.6597108154296875,0.2134752960205078,2,0,1,0,-0.19690648009480283,0.015591434702980439,-0.026000000000000023,0.011187560505283568,-0.31124020538736974,-0.06670677026933979,0.006403961538461541,0.015054136078931689,0,0,0,0,0,0,0,0
2.2288293256760263,-0.0015825231212677569,1.025,-0.0128456232946783,0.47646188354492186,0.2154774932861328,2,0,1,0,-0.22882932567602632,0.0015825231212677569,-0.02499999999999991,0.0128456232946783,-0.2616429158049518,-0.07496573389556674,-0.009112384615383938,0.020498220784192445,0,0,0,0,0,0,0,0
2.246173138316607,0.011742050830698536,1.03,-0.01469567230179213,0.257568359375,0.20319390869140624,2,0,1,0,-0.2461731383166068,-0.011742050830698536,-0.030000000000000027,0.01469567230179213,-0.19055981496225208,-0.07686378924273689,-0.04521015151515215,0.023104985970491355,0,0,0,0,0,0,0,0
2.2529158320102742,0.02568553604324872,1.027,-0.01556833692778924,0.09805596160888672,0.210615966796875,2,0,1,0,-0.25291583201027423,-0.02568553604324872,-0.026999999999999913,0.01556833692778924,-0.13899237007573773,-0.08944478590596798,-0.00006154999999930313,0.019658952362150695,0,0,0,0,0,0,0,0
2.2508338919622775,0.03953749375723675,1.027,-0.0165631746014263,-0.034459964752197265,0.2072680206298828,2,0,1,0,-0.25083389196227746,-0.03953749375723675,-0.026999999999999913,0.0165631746014263,-0.09053199306692891,-0.0914410566775215,-0.016651399999999924,0.020952164338060394,0,0,0,0,0,0,0,0
2.2398359620308628,0.0530525057248635,1.014,-0.01645845484630647,-0.16830393981933595,0.199965087890625,2,0,1,0,-0.23983596203086277,-0.0530525057248635,-0.014000000000000012,0.01645845484630647,-0.034800381921320477,-0.10201854438515176,0.06588262222222166,0.015959789345735848,0,0,0,0,0,0,0,0
2.224100164994243,0.06636331728744892,1.012,-0.016022122533308137,-0.23929096984863282,0.19575050354003906,2,0,1,0,-0.22410016499424312,-0.06636331728744892,-0.01200000000000001,0.016022122533308137,-0.0034465444277711893,-0.10530728722414648,0.005951630769230774,0.014008281088700445,0,0,0,0,0,0,0,0
2.202960323990076,0.0777127307868874,0.995,-0.014940018397071587,-0.319784423828125,0.16513899230957033,2,0,1,0,-0.20296032399007613,-0.0777127307868874,0.0050000000000000044,0.014940018397071587,0.034363424894251635,-0.09954596736371474,0.09896691515151523,0.010021363232359994,0,0,0,0,0,0,0,0
2.1759515539777126,0.08782786640004514,0.988,-0.01462585913171276,-0.40735305786132814,0.14565765380859375,2,0,1,0,-0.17595155397771256,-0.08782786640004514,0.01200000000000001,0.01462585913171276,0.08108006247211935,-0.09894045441439034,0.05218570769230774,0.0131758932915951,0,0,0,0,0,0,0,0
2.1467745282617288,0.09483797450755772,0.983,-0.01350884841043597,-0.43914645385742185,0.09873951721191407,2,0,1,0,-0.14677452826172876,-0.09483797450755772,0.017000000000000015,0.01350884841043597,0.10970466048819859,-0.08637661864471075,0.04594595000000004,0.008272860654451018,0,0,0,0,0,0,0,0
2.117860572882274,0.09936898163350148,0.979,-0.01263618378443886,-0.4345878601074219,0.062100170135498046,2,0,1,0,-0.11786057288227392,-0.09936898163350148,0.02100000000000002,0.01263618378443886,0.11785357237325242,-0.0743992451147273,0.04315292121212125,0.008669526393542903,0,0,0,0,0,0,0,0
2.085732605712608,0.10177678259864392,0.977,-0.0120776784238008,-0.48233740234375,0.030024669647216798,2,0,1,0,-0.08573260571260821,-0.10177678259864392,0.02300000000000002,0.0120776784238008,0.15352699450485693,-0.0646063145338594,0.034459530769230806,0.00949996137470206,0,0,0,0,0,0,0,0
2.0588831783779864,0.1017117573715239,0.973,-0.01062905514464573,-0.40270025634765627,-0.0058393702507019045,2,0,1,0,-0.0588831783779864,-0.1017117573715239,0.027000000000000024,0.01062905514464573,0.13417371263874767,-0.051337182655471755,0.04796672238805974,0.00414268225290661,0,0,0,0,0,0,0,0
2.0344598096482023,0.09958858370375093,0.972,-0.011431906600562805,-0.3659913330078125,-0.03573969268798828,2,0,1,0,-0.03445980964820228,-0.09958858370375093,0.028000000000000025,0.011431906600562805,0.13967043797217876,-0.03906791054179105,0.03351915000000003,0.015195272800174095,1426078618689,0,0,0,0,0,0,0
2.0147282846550576,0.09363768517852486,0.976,-0.011344640137963316,-0.29493310546875,-0.09264110565185547,2,0,1,0,-0.0147282846550576,-0.09363768517852486,0.02400000000000002,0.011344640137963316,0.1238682539318249,-0.015219519083495635,0.0031290000000000068,0.010935578594528211,1426078618689,0,0,0,0,0,0,0
1.9977931355790643,0.08708947094762552,0.977,-0.01108284075016396,-0.2528966064453125,-0.10109867858886719,2,0,1,0,0.0022068644209356503,-0.08708947094762552,0.02300000000000002,0.01108284075016396,0.11423811643040724,-0.009821488831507998,0.01905276969696972,0.009892843532894165,1426078618689,0,0,0,0,0,0,0
1.9877870102375887,0.07974932315913202,0.978,-0.012705996954518675,-0.14886244201660156,-0.11175886535644532,2,0,1,0,0.012212989762411253,-0.07974932315913202,0.02200000000000002,0.012705996954518675,0.08332064526226216,-0.0014047577872354708,0.018314184615384636,0.02019748712846351,1426078618689,0,0,0,0,0,0,0
1.9786713733335528,0.07061330720456215,0.979,-0.014067353771074254,-0.13498233032226561,-0.1387664794921875,2,0,1,0,0.021328626666447192,-0.07061330720456215,0.02100000000000002,0.014067353771074254,0.0816326161924738,0.011317523046046121,0.017815619402985094,0.02016298130789028,1426078618689,0,0,0,0,0,0,0
1.9734414769348523,0.06186157829765404,0.984,-0.014887658519511893,-0.0765940399169922,-0.13236647033691407,2,0,1,-0.014067353771074253,0.02655852306514772,-0.06186157829765404,0.016000000000000014,0.0008203047484376409,0.01327926153257386,-0.03093078914882702,0.012800000000000013,0.0008203047484376409,1426078618689,0,0,0,0,0,0,0
1.9702539366399874,0.051025726244087195,0.973,-0.01637118838370698,-0.04538808822631836,-0.1632315673828125,2,0,1,-0.014067353771074253,0.02974606336001262,-0.051025726244087195,0.027000000000000024,0.0023038346126327287,0.03205604513200131,0.03280086582894999,0.0810062692307693,0.009150895524302365,1426078619079,0,0,0,0,0,0,0
1.9693118230323796,0.041775257977047814,0.978,-0.016790067404185417,-0.011858294486999512,-0.13896977233886718,2,0,1,-0.014067353771074253,0.030688176967620384,-0.041775257977047814,0.02200000000000002,0.002722713633111164,0.020379734631834002,0.02810714615648263,-0.008594451515151518,0.004626709180740415,1426078619145,0,0,0,0,0,0,0
1.9727007002230663,0.033272337452392414,0.961,-0.018360863730980437,0.05296736145019531,-0.12667237854003907,2,0,1,-0.014067353771074253,0.027299299776933683,-0.033272337452392414,0.039000000000000035,0.004293509959906185,-0.004540816686239287,0.02906642253335761,0.12331266153846164,0.011543339160498588,1426078619210,0,0,0,0,0,0,0
1.9750039189134763,0.027528102396200682,0.968,-0.02022836603061461,0.036124404907226564,-0.08551470184326172,2,0,1,-0.014067353771074253,0.024996081086523736,-0.027528102396200682,0.03200000000000003,0.006161012259540357,0.0010567780308103451,0.014855488999513413,-0.008601799999999996,0.014164593543686805,1426078619280,0,0,0,0,0,0,0
1.9768497626824555,0.02228667449982773,0.972,-0.020926497731411853,0.029272266387939453,-0.07804529571533203,2,0,1,-0.014067353771074253,0.02315023731754451,-0.02228667449982773,0.028000000000000025,0.006859143960337601,0.0008964177550488343,0.019316651724216885,0.00003286666666666577,0.010349802464323822,1426078619340,0,0,0,0,0,0,0
1.977995567646255,0.019001004279508363,0.962,-0.022514747350726994,0.018214599609375,-0.048914623260498044,2,0,1,-0.014067353771074253,0.02200443235374494,-0.019001004279508363,0.038000000000000034,0.008447393579652742,0.0050292217398230305,0.007795958853494402,0.0846473030303031,0.015666710031085197,1426078619406,0,0,0,0,0,0,0
1.981115179757614,0.0177713390681554,0.974,-0.022776546738526124,0.04719757080078125,-0.01738683319091797,2,0,1,-0.014067353771074253,0.018884820242385914,-0.0177713390681554,0.026000000000000023,0.008709192967451871,-0.007239982107163581,-0.0024034944403637784,-0.04242938461538463,0.009917497834217085,1426078619471,0,0,0,0,0,0,0
1.984037479599695,0.01688490689932031,0.982,-0.023719024534603048,0.04412594985961914,-0.012294721603393555,2,0,1,-0.014067353771074253,0.015962520400305102,-0.01688490689932031,0.018000000000000016,0.009651670763528795,-0.0076283057092149335,-0.003819431466680895,-0.027173923076923095,0.014001568283883827,1426078619536,0,0,0,0,0,0,0
1.9867522462659148,0.01740323344094096,0.99,-0.024155356847601603,0.040525650024414064,0.008738494873046876,2,0,1,-0.014067353771074253,0.013247753734085155,-0.01740323344094096,0.010000000000000009,0.01008800307652735,-0.007214283604849192,-0.01153138242947651,-0.03160547058823532,0.012012998575050388,1426078619604,0,0,0,0,0,0,0
1.9885698017302915,0.01860627386589581,0.997,-0.023893557459802466,0.026819522857666016,0.018698833465576173,2,0,1,-0.014067353771074253,0.01143019826970848,-0.01860627386589581,0.0030000000000000027,0.009826203688728214,-0.004403304641432888,-0.016267938569881072,-0.0355265290322581,0.008559432457442069,1426078619666,0,0,0,0,0,0,0
1.991590044297155,0.021973513401557204,1.001,-0.02483603525587939,0.04408399200439453,0.0515765380859375,2,0,1,-0.014067353771074253,0.008409955702844973,-0.021973513401557204,-0.0009999999999998899,0.010768681484805137,-0.01166391945816648,-0.02903127691408252,-0.020429121212120552,0.015052671466972973,1426078619732,0,0,0,0,0,0,0
1.9949028473798944,0.0249437000698115,0.993,-0.026075219024795242,0.04857032012939453,0.04577308654785156,2,0,1,-0.014067353771074253,0.005097152620105572,-0.0249437000698115,0.007000000000000006,0.01200786525372099,-0.015138740441273765,-0.028669323187142576,0.05030542307692252,0.01772717495640954,1426078619797,0,0,0,0,0,0,0
1.998465258076734,0.02814757227638775,1.002,-0.02591813939211594,0.052165012359619144,0.0494349479675293,2,0,1,-0.014067353771074253,0.0015347419232660808,-0.02814757227638775,-0.0020000000000000018,0.011850785621041688,-0.01826298920644387,-0.03154786195722087,-0.0484460384615385,0.01112580270098337,1426078619862,0,0,0,0,0,0,0
2.002291875656604,0.03170471476937101,1.005,-0.02565634000431659,0.05599722290039062,0.054826732635498046,2,0,1,-0.014067353771074253,-0.0022918756566041587,-0.03170471476937101,-0.004999999999999893,0.011588986233242336,-0.020985415436228932,-0.034678143438648446,-0.018089641791044123,0.01041675016846912,1426078619929,0,0,0,0,0,0,0
2.0070133466323186,0.035004990779595624,1.012,-0.026895523773232663,0.06952880096435547,0.051304683685302735,2,0,1,-0.014067353771074253,-0.007013346632318562,-0.035004990779595624,-0.01200000000000001,0.01282817000215841,-0.029591170314308603,-0.03610311366150938,-0.04698248888888954,0.018729045092234956,1426078619992,0,0,0,0,0,0,0
2.0117769280031346,0.03679581020652466,1.016,-0.026494098045274125,0.07070549011230469,0.028774129867553712,2,0,1,-0.014067353771074253,-0.011776928003134568,-0.03679581020652466,-0.016000000000000014,0.012426744274199873,-0.03101175582306212,-0.02818471157450017,-0.032611321212121236,0.010602081874388339,1426078620058,0,0,0,0,0,0,0
2.017868347785553,0.03900794545283821,1.02,-0.026110125609835264,0.090460205078125,0.03559090042114258,2,0,1,-0.014067353771074253,-0.017868347785552796,-0.03900794545283821,-0.020000000000000018,0.012042771838761011,-0.04160761645450362,-0.03173086215409115,-0.03626766153846157,0.010270591367504725,1426078620123,0,0,0,0,0,0,0
2.0231287721930653,0.039237037418708716,1.026,-0.026302111827554583,0.07878975677490234,0.005495229244232178,2,0,1,-0.014067353771074253,-0.023128772193065306,-0.039237037418708716,-0.026000000000000023,0.012234758056480331,-0.038933201255537876,-0.021156948547390014,-0.051046683582089594,0.013094397837313107,1426078620190,0,0,0,0,0,0,0
2.027212347247693,0.038496114967131914,1.031,-0.026511551337794027,0.061524723052978514,-0.009499078750610351,2,0,1,-0.014067353771074253,-0.027212347247692836,-0.038496114967131914,-0.030999999999999917,0.012444197566719774,-0.03550132887747332,-0.015625178289319898,-0.05082797692307628,0.013410841460132588,1426078620255,0,0,0,0,0,0,0
2.0297789690048043,0.03777594580922332,1.032,-0.02644173816771399,0.03877215576171875,-0.009778183937072754,2,0,1,-0.014067353771074253,-0.029778969004804257,-0.03777594580922332,-0.03200000000000003,0.012374384396639739,-0.02907392920485316,-0.015277535221633939,-0.0304620555555562,0.012041940729591952,1426078620318,0,0,0,0,0,0,0
2.030372008160957,0.03666636364033558,1.033,-0.02541199390903758,0.009332515716552735,-0.016402727127075196,2,0,1,-0.014067353771074253,-0.030372008160957087,-0.03666636364033558,-0.03299999999999992,0.011344640137963326,-0.01822975400776418,-0.012951925604141545,-0.03115148059701428,0.006733844949859986,1426078620385,0,0,0,0,0,0,0
2.0308553842422867,0.03465193069727103,1.031,-0.025394540616517462,0.00801607894897461,-0.030022504806518555,2,0,1,-0.014067353771074253,-0.030855384242286732,-0.03465193069727103,-0.030999999999999917,0.01132718684544321,-0.0179192483470935,-0.0072410935237602995,-0.014087538805970072,0.011249037774457614,1426078620452,0,0,0,0,0,0,0
2.0293598954767735,0.03175038267417178,1.034,-0.025377087323997786,-0.021319965362548828,-0.04407878494262695,2,0,1,-0.014067353771074253,-0.029359895476773534,-0.03175038267417178,-0.03400000000000003,0.011309733552923534,-0.0062223328780260535,0.00004654466728067075,-0.04408158387096841,0.011225282137505748,1426078620514,0,0,0,0,0,0,0
2.029341134840092,0.030421215379138205,1.029,-0.02476622208579959,0.00022458267211914062,-0.019938230514526367,2,0,1,-0.014067353771074253,-0.029341134840092042,-0.030421215379138205,-0.028999999999999915,0.010698868314725338,-0.014576883083267482,-0.008745549238805739,0.0027790029850752983,0.007963650830255804,1426078620581,0,0,0,0,0,0,0
2.0275753361130437,0.02764900605302097,1.024,-0.024748768793279915,-0.025449106216430664,-0.042226303100585935,2,0,1,-0.014067353771074253,-0.027575336113043747,-0.02764900605302097,-0.02400000000000002,0.010681415022205662,-0.003999366579396559,0.0010808882306002892,0.008286177777777168,0.010598304105445301,1426078620644,0,0,0,0,0,0,0
2.0242165183933936,0.025424716686467622,1.016,-0.025708699881876514,-0.04954119491577148,-0.034600894927978514,2,0,1,-0.014067353771074253,-0.02421651839339356,-0.025424716686467622,-0.016000000000000014,0.011641346110802262,0.005141614500427369,-0.0017768706061423098,0.02797607058823532,0.015876336207551967,1426078620712,0,0,0,0,0,0,0
2.0209943796769183,0.021973088181171607,1.015,-0.025708699881876514,-0.04698520278930664,-0.05299973678588867,2,0,1,-0.014067353771074253,-0.020994379676918307,-0.021973088181171607,-0.014999999999999902,0.011641346110802262,0.007352195666000849,0.0076622663090617025,-0.006939344444443741,0.011641346110802262,1426078620775,0,0,0,0,0,0,0
2.0164033767750054,0.01797939853887121,1.021,-0.025918139392115954,-0.0673023681640625,-0.06165578460693359,2,0,1,-0.014067353771074253,-0.016403376775005363,-0.01797939853887121,-0.020999999999999908,0.011850785621041702,0.016457049131423138,0.011976193292160278,-0.049739092307692245,0.0128174295144545,1426078620840,0,0,0,0,0,0,0
2.011856423300116,0.014704184455397964,1.018,-0.02459168916060017,-0.0669082260131836,-0.050879241943359375,2,0,1,-0.014067353771074253,-0.011856423300116159,-0.014704184455397964,-0.018000000000000016,0.010524335389525916,0.01775453924180565,0.009208793142727848,0.0005196417910442001,0.004585005994679116,1426078620907,0,0,0,0,0,0,0
2.0084026265062445,0.010842810365086806,1.017,-0.02464404903815986,-0.0503670654296875,-0.0591769905090332,2,0,1,-0.014067353771074253,-0.00840262650624446,-0.010842810365086806,-0.016999999999999904,0.010576695267085606,0.014611269141260062,0.015140103043913016,-0.008992049999999308,0.010822132193146653,1426078620971,0,0,0,0,0,0,0
2.003224476038869,0.0061807162376581,1.011,-0.025080381351158414,-0.07592545318603515,-0.07182414245605469,2,0,1,-0.014067353771074253,-0.0032244760388691063,-0.0061807162376581,-0.010999999999999899,0.011013027580084161,0.026628339862255965,0.021846132152221854,0.023081300000000117,0.013058335297264889,1426078621035,0,0,0,0,0,0,0
1.9989964489140803,0.0015533074202741387,1.015,-0.02553416695667709,-0.061659786224365236,-0.07097974395751953,2,0,1,-0.014067353771074253,0.0010035510859196517,-0.0015533074202741387,-0.014999999999999902,0.011466813185602836,0.02284636136469696,0.02320227330173748,-0.034242321212121146,0.013529475028869541,1426078621101,0,0,0,0,0,0,0
1.994904415665447,-0.002403016483977733,1.006,-0.025446900494077156,-0.05984533309936523,-0.060892642974853514,2,0,1,-0.014067353771074253,0.005095584334553038,0.002403016483977733,-0.006000000000000005,0.011379546723002903,0.024508359338991245,0.021945990592837472,0.0425923384615379,0.010976778434080136,1426078621166,0,0,0,0,0,0,0
1.991438700629358,-0.006712270799714661,1.004,-0.02572615317439641,-0.05032421493530274,-0.06594062042236327,2,0,1,-0.014067353771074253,0.008561299370642095,0.006712270799714661,-0.0040000000000000036,0.011658799403322156,0.022317409274473603,0.02531286241836648,0.006151761194029862,0.012909184539080005,1426078621233,0,0,0,0,0,0,0
1.9875420363302805,-0.011856083440870928,1.001,-0.026127578902354943,-0.056445884704589847,-0.07863518524169921,2,0,1,-0.014067353771074253,0.012457963669719518,0.011856083440870928,-0.0009999999999998899,0.01206022513128069,0.02781724340419031,0.033957944959243994,0.01476436666666739,0.01397177621679752,1426078621296,0,0,0,0,0,0,0
1.9822278246126366,-0.015799994315681208,0.994,-0.026930430358272684,-0.07814047241210938,-0.061220947265625,2,0,1,-0.014067353771074253,0.01777217538736342,0.015799994315681208,0.006000000000000005,0.012863076587198432,0.035794623463000844,0.027369410514567948,0.03924634637681107,0.01635373509118861,1426078621365,0,0,0,0,0,0,0
1.977383199980337,-0.019876927495284108,0.981,-0.02696533694331248,-0.07099631500244141,-0.06308860397338867,2,0,1,-0.014067353771074253,0.02261680001966293,0.019876927495284108,0.019000000000000017,0.012897983172238227,0.038189619259869946,0.0320646833271095,0.0864810222222223,0.013064205005761064,1426078621428,0,0,0,0,0,0,0
1.9736205666187507,-0.024301624321819953,0.976,-0.027017696820872173,-0.05462949752807617,-0.06786804962158204,2,0,1,-0.014067353771074253,0.026379433381249262,0.024301624321819953,0.02400000000000002,0.01295034304979792,0.033750138683649525,0.03584051677448963,0.04575615000000005,0.013195779975858983,1426078621492,0,0,0,0,0,0,0
1.9714817458504539,-0.029106112071887773,0.959,-0.027000243528352057,-0.030123746871948243,-0.07290769958496093,2,0,1,-0.014067353771074253,0.02851825414954612,0.029106112071887773,0.041000000000000036,0.012932889757277804,0.025434699413901404,0.039162771310668976,0.12109307014925384,0.012854740686292209,1426078621559,0,0,0,0,0,0,0
1.9684095510095136,-0.03383447197084244,0.965,-0.02719222974607182,-0.044151355743408206,-0.07214364624023438,2,0,1,-0.014067353771074253,0.03159044899048635,0.03383447197084244,0.03500000000000003,0.013124875974997568,0.031867797143033685,0.041151937552044326,-0.0036216835820895438,0.013984515755832332,1426078621626,0,0,0,0,0,0,0
1.9671381199046531,-0.03698617040439497,0.983,-0.028134707542148744,-0.017779048919677735,-0.04777653121948242,2,0,1,-0.014067353771074253,0.03286188009534685,0.03698617040439497,0.017000000000000015,0.014067353771074492,0.023769875925782998,0.03613347640326511,-0.08985338852459024,0.01870249047309215,1426078621687,0,0,0,0,0,0,0
1.9667514114962348,-0.03999588711491169,1.009,-0.029373891311064597,-0.004528335571289063,-0.04529106140136719,2,0,1,-0.014067353771074253,0.03324858850376522,0.03999588711491169,-0.008999999999999897,0.015306537539990344,0.01874080410338595,0.035541835361075615,-0.14531288787878732,0.0209391910350624,1426078621753,0,0,0,0,0,0,0
1.9676674363602003,-0.04245861566414865,1.036,-0.029897490086663085,0.014819388389587402,-0.03652144241333008,2,0,1,-0.014067353771074253,0.03233256363979975,0.04245861566414865,-0.03600000000000003,0.015830136315588834,0.011320639854291175,0.034101024850821775,-0.17465271538461613,0.018246746049120327,1426078621818,0,0,0,0,0,0,0
1.9695547454355469,-0.04498345953329723,1.054,-0.030386182277221334,0.029429113388061524,-0.037009471893310546,2,0,1,-0.014067353771074253,0.030445254564453128,0.04498345953329723,-0.05400000000000005,0.016318828506147083,0.005470747953101337,0.03532222256746787,-0.13805975074626875,0.01850700249372133,1426078621885,0,0,0,0,0,0,0
1.9716011882645925,-0.046225824237756216,1.06,-0.03159045946109761,0.031248645782470705,-0.017694257736206056,2,0,1,-0.014067353771074253,0.02839881173540748,0.046225824237756216,-0.06000000000000005,0.017523105690023362,0.0029553682212138423,0.029685070426313062,-0.0825412333333334,0.02325775894657707,1426078621948,0,0,0,0,0,0,0
1.973338741805115,-0.04688101050332889,1.069,-0.03270747018237396,0.0263607120513916,-0.008999675750732421,2,0,1,-0.014067353771074253,0.026661258194885074,0.04688101050332889,-0.06899999999999995,0.018640116411299708,0.004259015630864718,0.0266160515106095,-0.10459057272727212,0.023717437871646735,1426078622014,0,0,0,0,0,0,0
1.975319035909606,-0.0472761828868656,1.078,-0.03347541505325146,0.029882366180419923,-0.004953032493591309,2,0,1,-0.014067353771074253,0.024680964090393998,0.0472761828868656,-0.07800000000000007,0.01940806128217721,0.0018360881827000613,0.025497745896760043,-0.11303183846153916,0.022952422224688754,1426078622079,0,0,0,0,0,0,0
1.9804104300887895,-0.04746203867187921,1.071,-0.033999013828849727,0.07642143249511718,-0.00023020434379577637,2,0,1,-0.014067353771074253,0.019589569911210525,0.04746203867187921,-0.07099999999999995,0.019931660057775476,-0.017033375306526537,0.024479746298744047,-0.02231768787878722,0.022311654492313048,1426078622145,0,0,0,0,0,0,0
1.9830225425360273,-0.047364845438442556,1.062,-0.03392920065876969,0.0391094856262207,0.002788938045501709,2,0,1,-0.014067353771074253,0.016977457463972723,0.047364845438442556,-0.062000000000000055,0.01986184688769544,-0.005393799435653813,0.022952989791596535,-0.004180361538462143,0.019539632256556815,1426078622210,0,0,0,0,0,0,0
1.986914461110544,-0.046488759061235965,1.046,-0.034574972482007686,0.0578993911743164,0.015114097595214844,2,0,1,-0.014067353771074253,0.013085538889455961,0.046488759061235965,-0.04600000000000004,0.020507618710933435,-0.014550092812669472,0.018276950213487412,0.04736370000000005,0.023534674132361537,1426078622274,0,0,0,0,0,0,0
1.990564411228046,-0.045083836821812634,1.035,-0.03448770601940775,0.0539880485534668,0.022953815460205078,2,0,1,-0.014067353771074253,0.00943558877195394,0.045083836821812634,-0.03499999999999992,0.020420352248333502,-0.014738582590110284,0.014829925058471298,0.027666969230769937,0.020017583959410733,1426078622339,0,0,0,0,0,0,0
1.9958156115780514,-0.042972578558121664,1.024,-0.03452261260444799,0.07762919616699218,0.034366031646728516,2,0,1,-0.014067353771074253,0.0041843884219485705,0.042972578558121664,-0.02400000000000002,0.020455258833373742,-0.025555118096336177,0.010171557183184987,0.03541113333333278,0.020613925129011196,1426078622405,0,0,0,0,0,0,0
1.9995064707259482,-0.040617312633610805,1.015,-0.034103733583969335,0.05411049270629883,0.037218830108642575,2,0,1,-0.014067353771074253,0.0004935292740517738,0.040617312633610805,-0.014999999999999902,0.020036379812895085,-0.019426809243108155,0.007534190892036212,0.03264183846153919,0.01810309202607051,1426078622470,0,0,0,0,0,0,0
2.003446640661735,-0.037234195539870785,1.007,-0.03342305517569154,0.05733786392211914,0.05273247528076172,2,0,1,-0.014067353771074253,-0.0034466406617350565,0.037234195539870785,-0.006999999999999895,0.019355701404617287,-0.021226299588185414,0.0016353119453255578,0.030531300000000122,0.01643850822628387,1426078622540,0,0,0,0,0,0,0
2.0053448799702354,-0.03286649772370745,1.001,-0.033615041393410636,0.026268367767333985,0.06643037414550781,2,0,1,-0.014067353771074253,-0.005344879970235361,0.03286649772370745,-0.0009999999999998899,0.019547687622336385,-0.013550839124402001,-0.009091468856374574,0.03032530000000013,0.020507618710931874,1426078622600,0,0,0,0,0,0,0
2.008457061686059,-0.02853635674526306,0.994,-0.033737214441050586,0.04447339630126953,0.06648436737060547,2,0,1,-0.014067353771074253,-0.008457061686058864,0.02853635674526306,0.006000000000000005,0.019669860669976336,-0.02054344295765699,-0.008722336914275998,0.038086112121211574,0.020225192704703385,1426078622666,0,0,0,0,0,0,0
2.010995017740756,-0.02355781717035286,0.99,-0.03321361566545232,0.035528724670410156,0.07591970825195313,2,0,1,-0.014067353771074253,-0.010995017740755841,0.02355781717035286,0.010000000000000009,0.01914626189437807,-0.018774541614982796,-0.014634535947899166,0.025443021212121244,0.016766267459840497,1426078622732,0,0,0,0,0,0,0
2.0129529389092404,-0.017848420844540174,0.992,-0.03406882699892931,0.026508697509765623,0.08656897735595703,2,0,1,-0.014067353771074253,-0.01295293890924043,0.017848420844540174,0.008000000000000007,0.02000147322785506,-0.0170103156044598,-0.02229972604766873,-0.008255399999999993,0.024010276353528454,1426078622796,0,0,0,0,0,0,0
2.014072219795407,-0.011591236222629036,0.982,-0.03406882699892931,0.013582465171813964,0.09437518310546875,2,0,1,-0.014067353771074253,-0.014072219795406848,0.011591236222629036,0.018000000000000016,0.02000147322785506,-0.012633148328004471,-0.02640327247986506,0.06227508823529418,0.02000147322785506,1426078622864,0,0,0,0,0,0,0
2.017706808383985,-0.0044932254694028725,0.976,-0.034051373706409635,0.05086058044433594,0.10826541137695313,2,0,1,-0.014067353771074253,-0.017706808383985084,0.0044932254694028725,0.02400000000000002,0.019984019935335384,-0.02889275217585946,-0.03717674287925084,0.04908903333333339,0.019900909018575025,1426078622927,0,0,0,0,0,0,0
2.0198200094841687,0.0015308051121562197,0.968,-0.03347541505325145,0.02860333824157715,0.0913872299194336,2,0,1,-0.014067353771074253,-0.019820009484168732,-0.0015308051121562197,0.03200000000000003,0.019408061282177203,-0.021148852061516378,-0.03319344786673125,0.06544062307692314,0.016749790575293286,1426078622992,0,0,0,0,0,0,0
2.020467324511119,0.009314058036912293,0.964,-0.03269001688985383,0.005796801090240478,0.11700836181640625,2,0,1,-0.014067353771074253,-0.02046732451111888,-0.009314058036912293,0.03600000000000003,0.01862266311877958,-0.013488943937019935,-0.045313010936430274,0.046700422388059756,0.015105954924461873,1426078623059,0,0,0,0,0,0,0
2.022027151624555,0.01608363343909641,0.962,-0.03284709652253335,0.0200660343170166,0.10225410461425781,2,0,1,-0.014067353771074253,-0.022027151624555152,-0.01608363343909641,0.038000000000000034,0.0187797427514591,-0.019566944375577558,-0.045657899625652254,0.03875541111111116,0.019527741002313942,1426078623122,0,0,0,0,0,0,0
2.0225230762294597,0.021342626612676753,0.966,-0.032375857624494776,0.00484418249130249,0.0790866470336914,2,0,1,-0.014067353771074253,-0.022523076229459704,-0.021342626612676753,0.03400000000000003,0.018308503853420525,-0.01379396893041137,-0.038581330274576664,0.003456578787878809,0.016166508862336105,1426078623188,0,0,0,0,0,0,0
2.0224608813565883,0.02610630987642391,0.968,-0.031136673855578924,-0.0032454550266265867,0.07138760375976562,2,0,1,-0.014067353771074253,-0.022460881356588303,-0.02610630987642391,0.03200000000000003,0.017069320084504673,-0.01080721503920124,-0.039142672630462345,0.012336000000000027,0.011260646167711615,1426078623252,0,0,0,0,0,0,0
2.021844689739589,0.03025529328206638,0.97,-0.03186971214141641,-0.011175864219665528,0.06191683959960938,2,0,1,-0.014067353771074253,-0.021844689739589196,-0.03025529328206638,0.030000000000000027,0.017802358370342157,-0.007535491629283478,-0.03752611730183603,0.011099269230769256,0.02118561199728439,1426078623317,0,0,0,0,0,0,0
2.021786399274375,0.033839520092318186,0.978,-0.0318348055563764,-0.0025870471000671385,0.0537082405090332,2,0,1,-0.014067353771074253,-0.02178639927437498,-0.033839520092318186,0.02200000000000002,0.017767451785302146,-0.010534395714731097,-0.03572379619826252,-0.026175144776119406,0.017611153643331948,1426078623384,0,0,0,0,0,0,0
2.0217846085070557,0.03704620904304906,0.981,-0.03174753909377691,-0.0015578540563583375,0.04807510757446289,2,0,1,-0.014067353771074253,-0.02178460850705566,-0.03704620904304906,0.019000000000000017,0.017680185322702657,-0.010842151651961939,-0.03616385755734988,-0.003068749999999988,0.017271123779267553,1426078623448,0,0,0,0,0,0,0
2.0224584851995666,0.03898679410973605,0.983,-0.031607912753617504,0.009179080009460449,0.029414962768554688,2,0,1,-0.014067353771074253,-0.022458485199566613,-0.03898679410973605,0.017000000000000015,0.017540558982543253,-0.01483204807820289,-0.030072215512792873,0.0010787692307692477,0.01689612972026908,1426078623513,0,0,0,0,0,0,0
2.021910362133177,0.04047267077685124,0.985,-0.032271137869375174,-0.008922103881835938,0.02201718521118164,2,0,1,-0.014067353771074253,-0.021910362133176875,-0.04047267077685124,0.015000000000000013,0.018203784098300924,-0.008037167347333025,-0.028272210596103048,-0.0002590606060605908,0.021218443715381244,1426078623579,0,0,0,0,0,0,0
2.022950910344346,0.04068580622621533,0.988,-0.032166418114255343,0.015496942520141601,0.003698974847793579,2,0,1,-0.014067353771074253,-0.02295091034434593,-0.04068580622621533,0.01200000000000001,0.018099064343181093,-0.017082024681790972,-0.021673227522207426,-0.008128846153846143,0.01761574239647418,1426078623644,0,0,0,0,0,0,0
2.023679794171668,0.0402476416687614,0.989,-0.033073989325292694,0.011138978004455567,-0.006217445373535156,2,0,1,-0.014067353771074253,-0.02367979417166799,-0.0402476416687614,0.01100000000000001,0.019006635554218443,-0.01566698223427777,-0.01804453941376253,0.002074819402985091,0.02307038724543046,1426078623711,0,0,0,0,0,0,0
2.0241350418637833,0.0387460124376741,0.99,-0.03347541505325145,0.007569818019866943,-0.022286308288574218,2,0,1,-0.014067353771074253,-0.024135041863783346,-0.0387460124376741,0.010000000000000009,0.019408061282177203,-0.014631362918769274,-0.011264669498886158,0.0010061444444444591,0.021319612367695105,1426078623774,0,0,0,0,0,0,0
2.025091226393265,0.037222681468195004,0.993,-0.03378957431861051,0.015099501609802246,-0.02235712242126465,2,0,1,-0.014067353771074253,-0.02509122639326522,-0.037222681468195004,0.007000000000000006,0.019722220547536258,-0.01774529656355984,-0.010667032000134382,-0.011946646153846146,0.021172186387654977,1426078623839,0,0,0,0,0,0,0
2.025397009519925,0.03618908443932618,0.986,-0.03337069529813162,0.005107901096343994,-0.015340150833129883,2,0,1,-0.014067353771074253,-0.025397009519925184,-0.03618908443932618,0.014000000000000012,0.01930334152705737,-0.01441253478326749,-0.012810785301563942,0.04759050769230774,0.01737005374023174,1426078623904,0,0,0,0,0,0,0
2.0250983940551226,0.034548276236718516,0.98,-0.0331961623729322,-0.003655566930770874,-0.024747867584228516,2,0,1,-0.014067353771074253,-0.025098394055122597,-0.034548276236718516,0.020000000000000018,0.01912880860185795,-0.011025087052972901,-0.008743238951989422,0.047135892307692356,0.018323272024014462,1426078623969,0,0,0,0,0,0,0
2.0251867832932064,0.032924850425739734,0.977,-0.03279473664497366,0.002133332252502441,-0.02429396629333496,2,0,1,-0.014067353771074253,-0.02518678329320645,-0.032924850425739734,0.02300000000000002,0.018727382873899412,-0.01314928271829883,-0.008433167891010167,0.03282577647058828,0.016956387015258804,1426078624037,0,0,0,0,0,0,0
2.024992417809015,0.030186715520846896,0.979,-0.0316428193386573,-0.001567209839820862,-0.04114553451538086,2,0,1,-0.014067353771074253,-0.024992417809015066,-0.030186715520846896,0.02100000000000002,0.01757546556758305,-0.011533092346130598,-0.00022712563134762512,0.004805788888888909,0.012090145061314651,1426078624100,0,0,0,0,0,0,0
2.024686595202206,0.027112025596714433,0.976,-0.03132866007329825,-0.003125908374786377,-0.04624239349365234,2,0,1,-0.014067353771074253,-0.024686595202206174,-0.027112025596714433,0.02400000000000002,0.017261306302224,-0.01087894852518182,0.002142006727343689,0.03414934179104482,0.015854623024496917,1426078624167,0,0,0,0,0,0,0
2.023394615514777,0.02437681197236952,0.97,-0.03047344873982126,-0.018085037231445313,-0.0416151123046875,2,0,1,-0.014067353771074253,-0.023394615514777062,-0.02437681197236952,0.030000000000000027,0.01640609496874701,-0.00477999810160626,0.0023903988514772014,0.05628220000000006,0.012397291843073616,1426078624231,0,0,0,0,0,0,0
2.023025772491581,0.02157138281058781,0.965,-0.030944687637859163,-0.004247908592224121,-0.042230472564697266,2,0,1,-0.014067353771074253,-0.023025772491580998,-0.02157138281058781,0.03500000000000003,0.01687733386678491,-0.009689979440546139,0.003927049550383378,0.054620276923076985,0.01905228262695983,1426078624296,0,0,0,0,0,0,0
2.0218729971234985,0.01817409181706045,0.961,-0.029984756549262567,-0.015706682205200197,-0.05146996688842773,2,0,1,-0.014067353771074253,-0.02187299712349855,-0.01817409181706045,0.039000000000000035,0.015917402778188317,-0.005267350654354966,0.007739633373228975,0.05145615507246383,0.01174378934950748,1426078624365,0,0,0,0,0,0,0
2.0232656177319086,0.013113131023292913,0.951,-0.03047344873982126,0.023155853271484374,-0.07525402069091797,2,0,1,-0.014067353771074253,-0.023265617731908605,-0.013113131023292913,0.049000000000000044,0.01640609496874701,-0.01981571038657938,0.02206777892214552,0.09684224918032797,0.018809499184609432,1426078624426,0,0,0,0,0,0,0
2.0223159110521576,0.008628729974694448,0.961,-0.031154127148098607,-0.012189476013183594,-0.06766883087158203,2,0,1,-0.014067353771074253,-0.022315911052157578,-0.008628729974694448,0.039000000000000035,0.017086773377024356,-0.006251111076400202,0.019412846012658736,-0.02212745384615384,0.020228366030612108,1426078624491,0,0,0,0,0,0,0
2.0219371052872686,0.005334266176473358,0.961,-0.030717794835100495,-0.004140036106109619,-0.04956996917724609,2,0,1,-0.014067353771074253,-0.021937105287268555,-0.005334266176473358,0.039000000000000035,0.016650441064026245,-0.009150049161649364,0.014649256213645635,0.03197220000000005,0.014636599619419578,1426078624556,0,0,0,0,0,0,0
2.0212513848466465,0.0014080661057905598,0.956,-0.0317998989713366,-0.00847217559814453,-0.059181125640869144,2,0,1,-0.014067353771074253,-0.02125138484664646,-0.0014080661057905598,0.04400000000000004,0.01773254520026235,-0.0073832836561728565,0.01878747183632707,0.06163811884057978,0.022437345792593245,1426078624625,0,0,0,0,0,0,0
2.0217643530373706,-0.0018675261336745096,0.953,-0.03230604445441497,0.009252821922302246,-0.04886439895629883,2,0,1,-0.014067353771074253,-0.021764353037370565,0.0018675261336745096,0.04700000000000004,0.01823869068334072,-0.013981594665861118,0.018708671556305904,0.055638566666666736,0.02064890726942819,1426078624688,0,0,0,0,0,0,0
2.021164244252385,-0.005453452559496518,0.956,-0.03249803067213451,-0.007259530544281006,-0.05405158615112305,2,0,1,-0.014067353771074253,-0.021164244252385167,0.005453452559496518,0.04400000000000004,0.01843067690106026,-0.007563417190000461,0.021917925456374263,0.02044725000000003,0.019330612296620614,1426078624752,0,0,0,0,0,0,0
2.0205203720491807,-0.009700026093275438,0.961,-0.03358013480837106,-0.007583268642425537,-0.06397878265380859,2,0,1,-0.014067353771074253,-0.02052037204918067,0.009700026093275438,0.039000000000000035,0.01951278103729681,-0.007318329250699042,0.025670334769209508,0.00812650000000003,0.02415037019259631,1426078624822,0,0,0,0,0,0,0
2.0199496603674283,-0.012279630034902192,0.983,-0.03398156053632982,-0.007256741523742676,-0.03895965957641601,2,0,1,-0.014067353771074253,-0.01994966036742829,0.012279630034902192,0.017000000000000015,0.01991420676525557,-0.007094282257696947,0.020066138247087792,-0.1065886222222223,0.021825757850773474,1426078624885,0,0,0,0,0,0,0
2.0197098335761297,-0.014634210070420614,0.97,-0.03358013480837106,-0.0023953714370727537,-0.0354205322265625,2,0,1,-0.014067353771074253,-0.019709833576129654,0.014634210070420614,0.030000000000000027,0.01951278103729681,-0.008825035448610267,0.020002515005478415,0.09844482222222233,0.01760122995177891,1426078624948,0,0,0,0,0,0,0
2.0202078507918837,-0.0166408707643407,0.973,-0.03515093113516586,0.008476615905761719,-0.029832136154174804,2,0,1,-0.014067353771074253,-0.020207850791883697,0.0166408707643407,0.027000000000000024,0.02108357736409161,-0.013101181384024753,0.018740757765295796,0.007844253846153875,0.02833340656468299,1426078625013,0,0,0,0,0,0,0
2.020468067381093,-0.019210730770119054,0.978,-0.034697145529647186,0.005255553245544433,-0.038386913299560545,2,0,1,-0.014067353771074253,-0.020468067381092858,0.019210730770119054,0.02200000000000002,0.020629791758572935,-0.011964129010262298,0.02307078642242237,-0.006781976923076912,0.01853539665617905,1426078625078,0,0,0,0,0,0,0
2.022020393969055,-0.02083617752814138,0.963,-0.035098571257605723,0.024116689682006837,-0.023559268951416017,2,0,1,-0.014067353771074253,-0.022020393969055085,0.02083617752814138,0.03700000000000003,0.021031217486531473,-0.019463048461701146,0.01855090209766912,0.11074720895522398,0.02282864611918164,1426078625145,0,0,0,0,0,0,0
2.0213933992137654,-0.020988253997808973,0.964,-0.036878807094640184,-0.009319080352783202,-0.0026097736358642576,2,0,1,-0.014067353771074253,-0.021393399213765374,0.020988253997808973,0.03600000000000003,0.022811453323565933,-0.00757055598642075,0.010993892427738981,0.026260244444444487,0.031288766833253844,1426078625208,0,0,0,0,0,0,0
2.022669137254186,-0.021473055693151832,0.971,-0.03801327110843643,0.019391181945800782,-0.006561525344848633,2,0,1,-0.014067353771074253,-0.022669137254185845,0.021473055693151832,0.029000000000000026,0.023945917337362177,-0.01827344295347609,0.012901328521027159,-0.009616411764705866,0.028950905633522074,1426078625276,0,0,0,0,0,0,0
2.023564655865179,-0.02270810515880551,0.979,-0.038816122564354176,0.014127129554748536,-0.01800185775756836,2,0,1,-0.014067353771074253,-0.023564655865178974,0.02270810515880551,0.02100000000000002,0.024748768793279925,-0.017067352305136736,0.017792260362772698,-0.023602600000000005,0.02851213499289437,1426078625340,0,0,0,0,0,0,0
2.023781812169459,-0.023963229584977704,0.986,-0.039776053652950775,0.003985493421554565,-0.018686279296875,2,0,1,-0.014067353771074253,-0.02378181216945885,0.023963229584977704,0.014000000000000012,0.025708699881876525,-0.013481356952227023,0.018544943983128823,-0.023644250000000002,0.030208376859673085,1426078625404,0,0,0,0,0,0,0
2.023402285003504,-0.024447686449128682,0.993,-0.04096287754430715,-0.005399434089660644,-0.007487486839294433,2,0,1,-0.014067353771074253,-0.02340228500350383,0.024447686449128682,0.007000000000000006,0.0268955237732329,-0.010137094762898811,0.014470335472225026,-0.027483264179104485,0.03220966060020174,1426078625471,0,0,0,0,0,0,0
2.0241947942264304,-0.02573744592878015,1.004,-0.04228932777582249,0.012669928550720215,-0.018843347549438477,2,0,1,-0.014067353771074253,-0.02419479422643045,0.02573744592878015,-0.0040000000000000036,0.02822197400474824,-0.016934025709256246,0.019766015432765068,-0.06085241111111115,0.03453840367863082,1426078625534,0,0,0,0,0,0,0
2.0244613859276446,-0.027342637881841884,1.012,-0.04344124508213885,0.005013234138488769,-0.023887292861938476,2,0,1,-0.014067353771074253,-0.024461385927644574,0.027342637881841884,-0.01200000000000001,0.029373891311064597,-0.014115886220225651,0.02206439496712799,-0.04929622307692311,0.034690432724832396,1426078625599,0,0,0,0,0,0,0
2.024286467382127,-0.02743084944330381,1.02,-0.0446629755585348,-0.002563840627670288,-0.0014358694553375244,2,0,1,-0.014067353771074253,-0.02428646738212681,0.02743084944330381,-0.020000000000000018,0.03059562178746055,-0.011681363892727909,0.01395105240628473,-0.055175542424242455,0.03614894213471489,1426078625665,0,0,0,0,0,0,0
2.0224937106872183,-0.027975745030020833,1.021,-0.046216318592809696,-0.026499605178833006,-0.009365931510925293,2,0,1,-0.014067353771074253,-0.022493710687218282,0.027975745030020833,-0.020999999999999908,0.032148964821735446,-0.002073899524386358,0.01670794900964804,-0.0190724153846147,0.03931824036454265,1426078625730,0,0,0,0,0,0,0
2.022803653811852,-0.02844371091879181,1.025,-0.04729842272904647,0.00496848201751709,-0.006797203063964844,2,0,1,-0.014067353771074253,-0.0228036538118519,0.02844371091879181,-0.02499999999999991,0.03323106895797222,-0.013492978346009632,0.016435868475122246,-0.03764603529411758,0.03800505779431092,1426078625798,0,0,0,0,0,0,0
2.0222792344090736,-0.027979151122031677,1.03,-0.0476300352869252,-0.008186964988708497,0.006588679313659668,2,0,1,-0.014067353771074253,-0.022279234409073645,0.027979151122031677,-0.030000000000000027,0.03356268151585095,-0.00868885416305852,0.011189772711817966,-0.04946960645161355,0.03516725840881255,1426078625860,0,0,0,0,0,0,0
2.019218988444774,-0.028900043696519197,1.032,-0.04864232625308194,-0.04519394683837891,-0.015983290672302246,2,0,1,-0.014067353771074253,-0.019218988444773988,0.028900043696519197,-0.03200000000000003,0.034574972482007686,0.006096729257667148,0.019175329237954765,-0.033661060606060625,0.0391762950554474,1426078625926,0,0,0,0,0,0,0
2.019210853728579,-0.028167159050737477,1.033,-0.05045746867515598,-0.0006564037799835205,0.01097433376312256,2,0,1,-0.014067353771074253,-0.019210853728579114,0.028167159050737477,-0.03299999999999992,0.03639011490408173,-0.010096465204593863,0.009997372401279337,-0.02945411538461471,0.044767695313654224,1426078625991,0,0,0,0,0,0,0
2.017660269878312,-0.027068872604765037,1.034,-0.05173155902911207,-0.024060054779052733,0.01528024959564209,2,0,1,-0.014067353771074253,-0.01766026987831193,0.027068872604765037,-0.03400000000000003,0.03766420525803782,-0.0010271571175687368,0.007498275790613103,-0.030475115384615996,0.043544622276296706,1426078626056,0,0,0,0,0,0,0
2.015418002443372,-0.026306344553251548,1.035,-0.05307546255314753,-0.03418045425415039,0.009683455467224121,2,0,1,-0.014067353771074253,-0.015418002443372103,0.026306344553251548,-0.03499999999999992,0.03900810878207328,0.0034476862296798656,0.009065131616423874,-0.03134888059701427,0.0450255872479037,1426078626123,0,0,0,0,0,0,0
2.0132250660486064,-0.026746793810428417,1.032,-0.05480333851262208,-0.03249723434448242,-0.008342482566833497,2,0,1,-0.014067353771074253,-0.013225066048606404,0.026746793810428417,-0.03200000000000003,0.040735984741547826,0.005005465259672056,0.015732502535743067,-0.0072599333333339434,0.04896396550095042,1426078626186,0,0,0,0,0,0,0
2.0089560926449272,-0.026697746203167175,1.029,-0.056269415084297274,-0.06397876358032227,-0.0027729439735412597,2,0,1,-0.014067353771074253,-0.00895609264492725,0.026697746203167175,-0.028999999999999915,0.04220206131322302,0.01793793039633656,0.01301428944885778,-0.00556125384615315,0.048968568567108545,1426078626251,0,0,0,0,0,0,0
2.0063198668149145,-0.025923187652320896,1.028,-0.05724679946541399,-0.04013421630859375,0.009376080513000488,2,0,1,-0.014067353771074253,-0.0063198668149144765,0.025923187652320896,-0.028000000000000025,0.04317944569433974,0.01024507779546937,0.008800714511313566,-0.015796869696970285,0.04762210197214301,1426078626317,0,0,0,0,0,0,0
2.001871930582527,-0.02543678886195601,1.028,-0.05859070298944968,-0.06702719116210938,0.0034666640758514405,2,0,1,-0.014067353771074253,-0.0018719305825269927,0.02543678886195601,-0.028000000000000025,0.04452334921837543,0.022438269561297356,0.010062486085843366,-0.021281900000000003,0.05072598086777093,1426078626382,0,0,0,0,0,0,0
1.999028998869613,-0.024802474024301767,1.029,-0.061156336989881314,-0.04312795639038086,0.007001284599304199,2,0,1,-0.014067353771074253,0.0009710011303869504,0.024802474024301767,-0.028999999999999915,0.047088983218807064,0.014761095935539406,0.00906743176144895,-0.02750008059701426,0.05857689665357556,1426078626449,0,0,0,0,0,0,0
1.9954398929752855,-0.02330300213142486,1.026,-0.06269222673163632,-0.05511061859130859,0.019159633636474608,2,0,1,-0.014067353771074253,0.004560107024714544,0.02330300213142486,-0.026000000000000023,0.048624872960562074,0.02164686312710807,0.0033155622743022556,-0.0033733333333339395,0.05593863363558593,1426078626512,0,0,0,0,0,0,0
1.9929489522144326,-0.022898392554686963,1.025,-0.06366961111275327,-0.03767094802856445,0.003716315507888794,2,0,1,-0.014067353771074253,0.007051047785567421,0.022898392554686963,-0.02499999999999991,0.049602257341679015,0.016167044346220304,0.009313112983553768,-0.014101969696969016,0.05404491361948329,1426078626578,0,0,0,0,0,0,0
1.9926409028137757,-0.023123431206126137,1.026,-0.06455972903127027,-0.004396601676940918,-0.0036627421379089357,2,0,1,-0.014067353771074253,0.007359097186224295,0.023123431206126137,-0.026000000000000023,0.050492375260196024,0.004775045663862167,0.012798065970567145,-0.025758615384615987,0.0546006118071976,1426078626643,0,0,0,0,0,0,0
1.9918172711032496,-0.021713888791564228,1.027,-0.0662352451131849,-0.013692785263061523,0.02030204200744629,2,0,1,-0.014067353771074253,0.008182728896750424,0.021713888791564228,-0.026999999999999913,0.05216789134211065,0.00796839273066565,0.0033058184356102643,-0.026734115384614704,0.059901042489408945,1426078626708,0,0,0,0,0,0,0
1.9918117552147447,-0.02097320073498893,1.029,-0.06771877497737999,-0.0008179137706756592,0.011080482482910155,2,0,1,-0.014067353771074253,0.008188244785255261,0.02097320073498893,-0.028999999999999915,0.05365142120630574,0.003570511162103824,0.006670104255348645,-0.03359156119402977,0.06029409224001509,1426078626775,0,0,0,0,0,0,0
1.9906503473981507,-0.018939269451599596,1.026,-0.06846926655573782,-0.01944563865661621,0.02926020622253418,2,0,1,-0.014067353771074253,0.009349652601849279,0.018939269451599596,-0.026000000000000023,0.05440191278466357,0.010479833502128838,-0.0015885359927480438,-0.004503950000000593,0.057919842058215876,1426078626839,0,0,0,0,0,0,0
1.989552810607249,-0.018060523389561538,1.025,-0.06894050545377617,-0.017326278686523436,0.01202397346496582,2,0,1,-0.014067353771074253,0.01044718939275091,0.018060523389561538,-0.02499999999999991,0.05487315168270192,0.01068599342703578,0.004301068890467044,-0.0148014499999993,0.05708208401725669,1426078626903,0,0,0,0,0,0,0
1.9906824340393356,-0.016173029010278023,1.022,-0.07038912873293147,0.014953774452209473,0.02941238784790039,2,0,1,-0.014067353771074253,0.009317565960664353,0.016173029010278023,-0.02200000000000002,0.056321774961857224,-0.0018652503120848664,-0.0018358014633971468,-0.0021063090909096624,0.06290642623074498,1426078626969,0,0,0,0,0,0,0
1.9904616398778863,-0.015225079639647834,1.018,-0.07168067237940702,-0.004303764820098877,0.013951099395751954,2,0,1,-0.014067353771074253,0.009538360122113732,0.015225079639647834,-0.018000000000000016,0.05761331860833277,0.005430665632660876,0.0026052172782615856,0.006606061538461562,0.06357428928437375,1426078627034,0,0,0,0,0,0,0
1.989799474824952,-0.01243590319803311,1.015,-0.07295476273336289,-0.012903352737426758,0.04101885223388672,2,0,1,-0.014067353771074253,0.010200525175048103,0.01243590319803311,-0.014999999999999902,0.05888740896228864,0.008038762044466992,-0.008247020817473584,0.0030387417910454663,0.0645922911441806,1426078627101,0,0,0,0,0,0,0
1.9885225053521292,-0.01069362996308169,1.012,-0.0737052543117205,-0.021008506774902343,0.024668405532836914,2,0,1,-0.014067353771074253,0.011477494647870845,0.01069362996308169,-0.01200000000000001,0.059637900540646244,0.011997558565724367,-0.0037801027052773942,0.0055969909090903425,0.06304922589681718,1426078627167,0,0,0,0,0,0,0
1.9878493100774706,-0.007827715700671025,1.011,-0.07415903991723917,-0.013236139297485352,0.04212840270996094,2,0,1,-0.014067353771074253,0.012150689922529434,0.007827715700671025,-0.010999999999999899,0.06009168614616492,0.009140342789350204,-0.011166595962464762,-0.004281669696969002,0.062154347989431626,1426078627233,0,0,0,0,0,0,0
1.9893145558873495,-0.004694059490741656,1.015,-0.07546803685623484,0.018435638427734376,0.048504074096679686,2,0,1,-0.014067353771074253,0.010685444112650488,0.004694059490741656,-0.014999999999999902,0.061400683085160584,-0.003427179008346713,-0.015222478304566939,-0.03545834516129024,0.06773453924159123,1426078627295,0,0,0,0,0,0,0
1.9893380929648834,-0.0003765232493739513,1.016,-0.07780677805390736,-0.004530850410461426,0.06460532379150391,2,0,1,-0.014067353771074253,0.010661907035116602,0.0003765232493739513,-0.016000000000000014,0.06373942428283311,0.0047127935093973046,-0.022939279020569473,-0.019166315384615978,0.07453361442593706,1426078627360,0,0,0,0,0,0,0
1.9898534472136353,0.004518560148262163,1.022,-0.07817329719682611,0.0019996289014816283,0.07380496978759765,2,0,1,-0.014067353771074253,0.010146552786364671,-0.004518560148262163,-0.02200000000000002,0.06410594342575186,0.0019747398617029964,-0.02697179963340188,-0.04916828260869567,0.06569950491670297,1426078627428,0,0,0,0,0,0,0
1.991812098193734,0.01062681663856951,1.022,-0.07862708280234436,0.02213479423522949,0.0936384048461914,2,0,1,-0.014067353771074253,0.008187901806266051,-0.01062681663856951,-0.02200000000000002,0.06455972903127011,-0.007623636614927296,-0.040249650365332165,-0.018867699999999994,0.0667914615174254,1426078627490,0,0,0,0,0,0,0
1.9960381105844085,0.01695300914683711,1.022,-0.078801615727544,0.05574087524414063,0.09957876586914062,2,0,1,-0.014067353771074253,0.003961889415591502,-0.01695300914683711,-0.02200000000000002,0.06473426195646975,-0.02090653837075736,-0.04192455287460708,-0.019012899999999992,0.06552759343464995,1426078627556,0,0,0,0,0,0,0
1.9978141436764847,0.022890107804723187,1.02,-0.08052949168701856,0.019547290802001953,0.09087725830078125,2,0,1,-0.014067353771074253,0.0021858563235153117,-0.022890107804723187,-0.020000000000000018,0.06646213791594431,-0.008945717452635988,-0.043328982972709554,-0.006773669230769216,0.07443695003659612,1426078627621,0,0,0,0,0,0,0
2.0006030438786127,0.027732469334265028,1.016,-0.0815243293606554,0.03585495758056641,0.07576522064208985,2,0,1,-0.014067353771074253,-0.0006030438786126524,-0.027732469334265028,-0.016000000000000014,0.06745697558958115,-0.015794459355576773,-0.039873451459155704,0.007091561538461563,0.07204853408328964,1426078627686,0,0,0,0,0,0,0
2.0041126626539296,0.032605144619345335,1.012,-0.08124507668033615,0.04651741027832031,0.07713441467285156,2,0,1,-0.014067353771074253,-0.004112662653929622,-0.032605144619345335,-0.01200000000000001,0.0671777229092619,-0.020868698715975798,-0.041711654036035314,0.009568222388059728,0.06592733777350405,1426078627753,0,0,0,0,0,0,0
2.0071140580868527,0.037936317490410196,1.01,-0.08133234314293564,0.038382598876953125,0.0833575210571289,2,0,1,-0.014067353771074253,-0.007114058086852726,-0.037936317490410196,-0.010000000000000009,0.06726498937186139,-0.020714467937529492,-0.04856449353577298,0.001320811111111134,0.06768054395566847,1426078627816,0,0,0,0,0,0,0
2.0095427107871906,0.0423670539187217,1.008,-0.08129743655789584,0.030909891128540038,0.06920100402832031,2,0,1,-0.014067353771074253,-0.0095427107871906,-0.0423670539187217,-0.008000000000000007,0.06723008278682159,-0.018139892270451072,-0.044686526488119785,0.002362960606060628,0.06707141649118616,1426078627882,0,0,0,0,0,0,0
2.0129088112437032,0.04493829557718433,1.008,-0.08225736764649288,0.047192665100097654,0.04254154968261719,2,0,1,-0.014067353771074253,-0.012908811243703244,-0.04493829557718433,-0.008000000000000007,0.06819001387541863,-0.025077270664886533,-0.036350175057122,-0.008295099999999986,0.07262046505355883,1426078627947,0,0,0,0,0,0,0
2.0143141889387928,0.04811129897513901,1.01,-0.08241444727917241,0.017098756790161134,0.04916620635986328,2,0,1,-0.014067353771074253,-0.014314188938792771,-0.04811129897513901,-0.010000000000000009,0.06834709350809816,-0.015231525789117037,-0.041208204620774944,-0.020729330769230763,0.0690720764281575,1426078628012,0,0,0,0,0,0,0
2.0153906833947253,0.05117074979402603,1.01,-0.08154178265317508,0.012314745903015137,0.04706527328491211,2,0,1,-0.014067353771074253,-0.015390683394725269,-0.05117074979402603,-0.010000000000000009,0.06747442888210083,-0.013836144917923286,-0.04166901729082213,-0.010027099999999987,0.06356697533285904,1426078628079,0,0,0,0,0,0,0
2.0178903585666648,0.05180682921359287,1.01,-0.08265879337445164,0.03659339904785156,0.012563521385192872,2,0,1,-0.014067353771074253,-0.017890358566664766,-0.05180682921359287,-0.010000000000000009,0.0685914396033774,-0.023360859217202885,-0.029571264085853928,-0.010090099999999986,0.07391053827612296,1426078628142,0,0,0,0,0,0,0
2.0184979553138604,0.0507143676788399,1.011,-0.08393288372840729,0.010435814857482911,-0.015578482627868652,2,0,1,-0.014067353771074253,-0.018497955313860448,-0.0507143676788399,-0.010999999999999899,0.06986552995733304,-0.013011885915156457,-0.01973137362430633,-0.016265730303029614,0.07565684974804053,1426078628208,0,0,0,0,0,0,0
2.0179213319449305,0.05210878832161706,1.01,-0.0832522053201295,-0.010372407913208008,0.020117565155029295,2,0,1,-0.014067353771074253,-0.017921331944930508,-0.05210878832161706,-0.010000000000000009,0.06918485154905525,-0.006408224070585436,-0.03376423012751717,-0.004843084615385194,0.06604325889546545,1426078628273,0,0,0,0,0,0,0
2.018503073852644,0.053543481017318845,1.013,-0.08220500776893297,0.0069063549041748044,0.022171485900878907,2,0,1,-0.014067353771074253,-0.018503073852643936,-0.053543481017318845,-0.0129999999999999,0.06813765399785872,-0.012948473512064513,-0.034733229253777254,-0.028866046153845467,0.0633044345307978,1426078628338,0,0,0,0,0,0,0
2.0197185007738807,0.05298849166140723,1.015,-0.08213519459885317,0.018853410720825196,-0.006799702644348145,2,0,1,-0.014067353771074253,-0.01971850077388071,-0.05298849166140723,-0.014999999999999902,0.06806784082777892,-0.016786187052990533,-0.023866770375866982,-0.024860461194029758,0.06775524454383952,1426078628405,0,0,0,0,0,0,0
2.0201026153295696,0.05198477891524135,1.017,-0.08243190057169232,0.006977506637573242,-0.014532227516174317,2,0,1,-0.014067353771074253,-0.020102615329569584,-0.05198477891524135,-0.016999999999999904,0.06836454680061807,-0.012775633621381314,-0.02072068061825333,-0.02723091111111102,0.06977743238556641,1426078628468,0,0,0,0,0,0,0
2.0214910615928208,0.052556602191668154,1.013,-0.08243190057169232,0.020049728393554688,0.010263064384460448,2,0,1,-0.014067353771074253,-0.02149106159282077,-0.052556602191668154,-0.0129999999999999,0.06836454680061807,-0.018603363505042762,-0.029605123621726424,0.007888622388059818,0.06836454680061807,1426078628535,0,0,0,0,0,0,0
2.0218803453285714,0.05150075344068891,1.015,-0.08192575508861397,0.007123484611511231,-0.015303156852722167,2,0,1,-0.014067353771074253,-0.021880345328571416,-0.05150075344068891,-0.014999999999999902,0.06785840131753972,-0.013687826729218965,-0.020348850352873628,-0.025640399999999907,0.06548584436560993,1426078628599,0,0,0,0,0,0,0
2.02302561089583,0.050985687334948696,1.014,-0.08150687606813531,0.01775361442565918,-0.006294250965118408,2,0,1,-0.014067353771074253,-0.023025610895829995,-0.050985687334948696,-0.014000000000000012,0.06743952229706106,-0.018313345322975016,-0.023125197976626263,-0.008609284615385196,0.06550623451023649,1426078628664,0,0,0,0,0,0,0
2.0235952759586366,0.049607483299651554,1.014,-0.08049458510197857,0.010199739456176757,-0.019908725738525392,2,0,1,-0.014067353771074253,-0.02359527595863664,-0.049607483299651554,-0.014000000000000012,0.06642723133090432,-0.015514127452087195,-0.017820675048585182,-0.014084899999999985,0.06175511917941169,1426078628729,0,0,0,0,0,0,0
2.0259564220808017,0.0484663621092632,1.012,-0.08032005217677915,0.03667883682250977,-0.014213580131530762,2,0,1,-0.014067353771074253,-0.025956422080801733,-0.0484663621092632,-0.01200000000000001,0.0662526984057049,-0.02579788160065022,-0.018830752339520536,-0.0022723823529411536,0.06548270020629568,1426078628797,0,0,0,0,0,0,0
2.028091699179231,0.047199398475694834,1.02,-0.07981390669370078,0.033450695037841795,-0.016373367309570314,2,0,1,-0.014067353771074253,-0.028091699179230822,-0.047199398475694834,-0.020000000000000018,0.06574655292262653,-0.026783962641788013,-0.01694773798102945,-0.06425179032258066,0.06329746187547314,1426078628859,0,0,0,0,0,0,0
2.0273585370375375,0.04671077521895696,1.024,-0.07885397560510396,-0.01037805938720703,-0.008182832717895508,2,0,1,-0.014067353771074253,-0.027358537037537545,-0.04671077521895696,-0.02400000000000002,0.06478662183402971,-0.010493473530787887,-0.02129528558752531,-0.04366102121212122,0.06042329870404416,1426078628925,0,0,0,0,0,0,0
