0,0,0.73,0,0.0026632745265960695,0.023850152969360352,0,0,1.5,0,0,0,0.77,0,0,0,0.6160000000000001,0,0,0,0,0,0,0,0,0
0.0012131971995035806,0.0004175426165262858,0.728,0.0005759586531580707,0.01819795799255371,0.006263139247894287,0,0,1.5,0,-0.0012131971995035806,-0.0004175426165262858,0.772,-0.0005759586531580707,-0.007568306188178785,-0.002566125600559583,0.6336767225806452,-0.003362855361987445,0,0,0,0,0,0,0,0
0.002127372794933028,0.0004681602678711705,0.731,0.0014311699866353944,0.013713068962097168,0.0007513667345046997,0,0,1.5,0,-0.002127372794933028,-0.0004681602678711705,0.769,-0.0014311699866353944,-0.005703016920498404,-0.0004951893883210083,0.6097744235294118,-0.005204161163741234,0,0,0,0,0,0,0,0
0.005153936560143472,-0.00023494510656564197,0.734,0.002199114857512896,0.04538331604003906,-0.010611542701721191,0,0,1.5,0,-0.005153936560143472,0.00023494510656564197,0.766,-0.002199114857512896,-0.019396666337682847,0.004023184312388961,0.6109747333333333,-0.005855995195024808,0,0,0,0,0,0,0,0
0.005390117750353781,-0.0004342186161640138,0.743,0.002199114857512896,0.0035361359119415285,-0.0029968862533569338,0,0,1.5,0,-0.005390117750353781,0.0004342186161640138,0.757,-0.002199114857512896,-0.003975762239630912,0.0012899735457249455,0.5769003615384616,-0.002199114857512896,0,0,0,0,0,0,0,0
0.0009540777428811289,-0.0019437252140531722,0.971,-0.014887658519511682,-0.06659023284912109,-0.02249621391296387,0,0,1.5,0,-0.0009540777428811289,0.0019437252140531722,0.529,0.014887658519511682,-0.00020971202864802539,0.0011750212957231914,0.6812712108343711,0.01595159210463152,0,0,0,0,0,0,0,0
-0.0016918240794459543,-0.0030629773856051265,0.971,-0.014556045961632735,-0.0394341926574707,-0.017377769470214844,0,0,1.5,0,0.0016918240794459543,0.0030629773856051265,0.529,0.014556045961632735,0.01383536527246358,0.007144605401971036,0.7015899999999999,0.013154866139609018,0,0,0,0,0,0,0,0
-0.0017981398524625875,-0.004573483639476928,0.977,-0.01616174887346744,-0.0012647743225097656,-0.02267840576171875,0,0,1.5,0,0.0017981398524625875,0.004573483639476928,0.523,0.01616174887346744,0.0014665993880933707,0.011196448817711094,0.664928,0.024190263432640968,0,0,0,0,0,0,0,0
-0.004172431738803502,-0.006404613548265503,0.984,-0.016475908138826382,-0.03516583251953125,-0.02803892707824707,0,0,1.5,0,0.004172431738803502,0.006404613548265503,0.516,0.016475908138826382,0.013907950122588534,0.012460860064613204,0.66294,0.0178223049903647,0,0,0,0,0,0,0,0
-0.006530286187434311,-0.007144739820081753,0.996,-0.01706932008450457,-0.03518011093139648,-0.011683077812194824,0,0,1.5,0,0.006530286187434311,0.007144739820081753,0.504,0.01706932008450457,0.016973487037258213,0.007996963752731961,0.6213639999999999,0.020036379812895504,0,0,0,0,0,0,0,0
-0.009851479015186345,-0.008845467770295525,1.014,-0.020036379812894856,-0.04937520217895508,-0.026357519149780274,0,0,1.5,0,0.009851479015186345,0.008845467770295525,0.486,0.020036379812894856,0.021492792674858645,0.013039756054085451,0.590366,0.03275235007742465,0,0,0,0,0,0,0,0
-0.012379845458742652,-0.010491065898096804,1.036,-0.021275563581810927,-0.03742333984375,-0.02543885612487793,0,0,1.5,0,0.012379845458742652,0.010491065898096804,0.46399999999999997,0.021275563581810927,0.02090724391923033,0.014964532418630227,0.5372166666666665,0.027471482426391282,0,0,0,0,0,0,0,0
-0.014096064104255873,-0.01126278153065697,1.063,-0.02241002759560717,-0.025491191864013673,-0.012120776176452637,0,0,1.5,0,0.014096064104255873,0.01126278153065697,0.43700000000000006,0.02241002759560717,0.01560750946034757,0.00961752993260846,0.5120090000000005,0.027272016226162498,0,0,0,0,0,0,0,0
-0.017181686359588763,-0.010108243534840928,1.092,-0.02377138441216275,-0.0466607780456543,0.016276575088500975,0,0,1.5,0,0.017181686359588763,0.010108243534840928,0.4079999999999999,0.02377138441216275,0.02657899952837219,-0.0015470572575730542,0.4570903333333325,0.030578168494940657,0,0,0,0,0,0,0,0
-0.019612166370161596,-0.008394699394119888,1.122,-0.024521875990520355,-0.03705784225463867,0.02482934379577637,0,0,1.5,0,0.019612166370161596,0.008394699394119888,0.3779999999999999,0.024521875990520355,0.021960904946873354,-0.004230868766369313,0.45490299999999984,0.0277382684691958,0,0,0,0,0,0,0,0
-0.021880955866114417,-0.0067674628629198945,1.15,-0.02593559268463563,-0.03462009429931641,0.023566768646240233,0,0,1.5,0,0.021880955866114417,0.0067674628629198945,0.3500000000000001,0.02593559268463563,0.02397389167397356,-0.005809241223886547,0.42398226229508307,0.03288829773766157,0,0,0,0,0,0,0,0
-0.02397863561134121,-0.004498782893684088,1.179,-0.028291787174828054,-0.032337108612060544,0.03320277786254883,0,0,1.5,0,0.02397863561134121,0.004498782893684088,0.32099999999999995,0.028291787174828054,0.021944289342480765,-0.00833389215903123,0.4266512378378371,0.03784392699993248,0,0,0,0,0,0,0,0
-0.027565071541471156,-0.0015439070029089753,1.209,-0.02949606435870422,-0.055028823852539065,0.04278360366821289,0,0,1.5,0,0.027565071541471156,0.0015439070029089753,0.2909999999999999,0.02949606435870422,0.03624671005647009,-0.01754819673610469,0.3539429999999998,0.035947549272326546,0,0,0,0,0,0,0,0
-0.030412947563447965,0.0018862222142666462,1.238,-0.029251718263424875,-0.04421696853637695,0.050169723510742184,0,0,1.5,0,0.030412947563447965,-0.0018862222142666462,0.262,0.029251718263424875,0.029516092677324777,-0.01794725346877614,0.3750770000000003,0.028204520712227676,0,0,0,0,0,0,0,0
-0.035575223026834156,0.006869463370501554,1.265,-0.028885199120506244,-0.07958721923828126,0.07245188140869141,0,0,1.5,0,0.035575223026834156,-0.006869463370501554,0.2350000000000001,0.028885199120506244,0.04799246896936938,-0.03236125638374142,0.34238700000000055,0.02705260340591309,0,0,0,0,0,0,0,0
-0.0381600810263342,0.010391025287942415,1.291,-0.02907718533822545,-0.04028229904174805,0.05168158721923828,0,0,1.5,0,0.0381600810263342,-0.010391025287942415,0.20900000000000007,0.02907718533822545,0.03311489463652113,-0.024022141242723092,0.3404454999999999,0.02996327557385255,0,0,0,0,0,0,0,0
-0.04030341067026426,0.012033838691430437,1.315,-0.029426251188624405,-0.03285277938842773,0.023697086334228516,0,0,1.5,0,0.04030341067026426,-0.012033838691430437,0.18500000000000005,0.029426251188624405,0.031012953914451594,-0.014103782170463503,0.3425404999999999,0.030922247690334213,0,0,0,0,0,0,0,0
-0.04086810301813989,0.011374340980662697,1.338,-0.029024825460665645,-0.008175662040710449,-0.010137398719787598,0,0,1.5,0,0.04086810301813989,-0.011374340980662697,0.16199999999999992,0.029024825460665645,0.023843619473161645,-0.0017829013871343011,0.3131614868852451,0.02705060056906519,0,0,0,0,0,0,0,0
-0.04216365520954588,0.009132790411472877,1.361,-0.029059732045705555,-0.018449325561523438,-0.03417306518554687,0,0,1.5,0,0.04216365520954588,-0.009132790411472877,0.139,0.029059732045705555,0.027852091979987864,0.006917753060188296,0.3110211333333338,0.029211499806748642,0,0,0,0,0,0,0,0
-0.04308957999551209,0.007119297441768636,1.384,-0.028239427297268138,-0.013005457878112792,-0.03059319305419922,0,0,1.5,0,0.04308957999551209,-0.007119297441768636,0.1160000000000001,0.028239427297268138,0.027082380664324897,0.008102801241682372,0.2780281868852465,0.024205141649215268,0,0,0,0,0,0,0,0
-0.04232903419258915,0.004482217411030066,1.409,-0.02754129559647045,0.01252053451538086,-0.03921831130981445,0,0,1.5,0,0.04232903419258915,-0.004482217411030066,0.09099999999999997,0.02754129559647045,0.017616325874016733,0.011050775343860317,0.26563239999999927,0.024549302593051787,1426001737761,0,0,0,0,0,0,0
-0.04185965308985066,0.0009664851479242544,1.426,-0.02651155133779382,0.008490280151367187,-0.05252209854125976,0,0,1.5,0,0.04185965308985066,-0.0009664851479242544,0.07400000000000007,0.02651155133779382,0.01851672846403274,0.0197948860622889,0.2799428163934432,0.021447235311515305,1426001737761,0,0,0,0,0,0,0
-0.04064593765698925,-0.0032471805292246317,1.444,-0.025237460983837945,0.019874799728393556,-0.06270016860961915,0,0,1.5,0,0.04064593765698925,0.0032471805292246317,0.05600000000000005,0.025237460983837945,0.01447455914820698,0.023105391637211196,0.272165852173913,0.01969793770576893,1426001737761,0,0,0,0,0,0,0
-0.039269917092488234,-0.007787488142817073,1.461,-0.024207716725161425,0.022352340698242188,-0.06756207275390624,0,0,1.5,0,0.039269917092488234,0.007787488142817073,0.038999999999999924,0.024207716725161425,0.012559260368899944,0.028454751060045025,0.2585852384615377,0.019455050915885178,1426001737761,0,0,0,0,0,0,0
-0.03766306020793212,-0.013325029165355053,1.477,-0.02296853295624535,0.02610636329650879,-0.08245536041259766,0,0,1.5,0,0.03766306020793212,0.013325029165355053,0.02299999999999991,0.02296853295624535,0.009968477245415584,0.03855661597089313,0.2456607213114752,0.016874186551740066,1426001737761,0,0,0,0,0,0,0
-0.03549458756307625,-0.019185801625920183,1.491,-0.021485003092050262,0.03453753280639649,-0.08714136505126953,0,0,1.5,-0.02296853295624535,0.03549458756307625,0.019185801625920183,0.008999999999999897,-0.0014835298641950878,0.017747293781538127,0.009592900812960091,0.007199999999999918,-0.0014835298641950878,1426001737761,0,0,0,0,0,0,0
-0.033200755729901055,-0.025314348133957946,1.504,-0.020769418098732565,0.036374462127685546,-0.09116779327392578,0,0,1.5,-0.02296853295624535,0.033200755729901055,0.025314348133957946,-0.0040000000000000036,-0.002199114857512785,0.0036719116623527507,0.04726950247593843,-0.07661189677419299,-0.005661622889695191,1426001738150,0,0,0,0,0,0,0
-0.030120400654699803,-0.030096248117991716,1.516,-0.020315632493214,0.04768501281738281,-0.0707534408569336,0,0,1.5,-0.02296853295624535,0.030120400654699803,0.030096248117991716,-0.016000000000000014,-0.002652900463031349,-0.000990441644919177,0.04006405798453796,-0.07561856716417917,-0.004684776308636859,1426001738217,0,0,0,0,0,0,0
-0.026778850859900047,-0.034492319013645446,1.524,-0.020751964806212556,0.05145244598388672,-0.06490924072265625,0,0,1.5,-0.02296853295624535,0.026778850859900047,0.034492319013645446,-0.02400000000000002,-0.002216568150032794,-0.006046115925541426,0.04294646117162645,-0.06614266666666674,-0.000034906585040017646,1426001738277,0,0,0,0,0,0,0
-0.024612441753830972,-0.039030251965710104,1.534,-0.02158972284716987,0.03390160369873047,-0.0673800277709961,0,0,1.5,-0.02296853295624535,0.024612441753830972,0.039030251965710104,-0.03400000000000003,-0.001378810109075479,0.0019941274325991267,0.04135738562415196,-0.07566940547945213,0.0020640311551326646,1426001738350,0,0,0,0,0,0,0
-0.02289134393511384,-0.042428369269126756,1.538,-0.021450096507010356,0.026910831451416015,-0.05040255355834961,0,0,1.5,-0.02296853295624535,0.02289134393511384,0.042428369269126756,-0.038000000000000034,-0.0015184364492349944,0.0018187893477035217,0.040508457342158535,-0.05374044516129037,-0.0021940477725874885,1426001738412,0,0,0,0,0,0,0
-0.020475913237055693,-0.04564284632899092,1.538,-0.0210137641940118,0.03725730895996094,-0.047428955078125,0,0,1.5,-0.02296853295624535,0.020475913237055693,0.04564284632899092,-0.038000000000000034,-0.0019547687622335497,-0.0026659071718770407,0.040271166091019224,-0.031406800000000026,-0.003968610206842266,1426001738477,0,0,0,0,0,0,0
-0.015828299803020765,-0.048649490473600676,1.537,-0.02052507200345322,0.07064645385742188,-0.04362485504150391,0,0,1.5,-0.02296853295624535,0.015828299803020765,0.048649490473600676,-0.03699999999999992,-0.0024434609527921314,-0.01864052778635595,0.04174667861777709,-0.02509479508196651,-0.004846865168654009,1426001738538,0,0,0,0,0,0,0
-0.010199016307906907,-0.05265677897538217,1.538,-0.020350539078253908,0.0856551284790039,-0.058363666534423826,0,0,1.5,-0.02296853295624535,0.010199016307906907,0.05265677897538217,-0.038000000000000034,-0.0026179938779914425,-0.022145764330286095,0.04601687351566605,-0.03676721111111168,-0.0033452143996552386,1426001738610,0,0,0,0,0,0,0
-0.0036243350491995457,-0.05670887255948351,1.535,-0.019669860669976006,0.09983664703369141,-0.05876198196411133,0,0,1.5,-0.02296853295624535,0.0036243350491995457,0.05670887255948351,-0.03499999999999992,-0.003298672286269344,-0.037741230998715014,0.053048225661940424,-0.011605651724137186,-0.006819422673913662,1426001738668,0,0,0,0,0,0,0
0.004664934844351416,-0.05901486790021261,1.534,-0.019477874452256686,0.12499533081054688,-0.032137664794921875,0,0,1.5,-0.02296853295624535,-0.004664934844351416,0.05901486790021261,-0.03400000000000003,-0.003490658503988664,-0.04307697541693436,0.041158417684503096,-0.02422092253521184,-0.004301867874633677,1426001738739,0,0,0,0,0,0,0
0.013370601164158684,-0.05998331163175845,1.53,-0.019181168479417646,0.13084315490722656,-0.01198054313659668,0,0,1.5,-0.02296853295624535,-0.013370601164158684,0.05998331163175845,-0.030000000000000027,-0.0037873644768277037,-0.05735828640294504,0.03596030197237312,-0.0027971666666666666,-0.0052708943410229026,1426001738799,0,0,0,0,0,0,0
0.018827871634178397,-0.05838340242566017,1.525,-0.019408061282176876,0.08138370513916016,0.025564279556274414,0,0,1.5,-0.02296853295624535,-0.018827871634178397,0.05838340242566017,-0.02499999999999991,-0.0035604716740684737,-0.03548260785624288,0.021882914588925752,0.0016596027397266545,-0.002628035498345611,1426001738872,0,0,0,0,0,0,0
0.022840565422707758,-0.055368031204365876,1.52,-0.01987930018021545,0.05930128860473633,0.04639015579223633,0,0,1.5,-0.02296853295624535,-0.022840565422707758,0.055368031204365876,-0.020000000000000018,-0.003089232776029901,-0.0359763262928975,0.00956214899581313,0.012274754385964239,-0.0006090280495110964,1426001738929,0,0,0,0,0,0,0
0.02413046577044253,-0.052139982762812113,1.515,-0.01994911335029515,0.01838217544555664,0.04879576873779297,0,0,1.5,-0.02296853295624535,-0.02413046577044253,0.052139982762812113,-0.014999999999999902,-0.0030194196059501986,-0.01854155144220818,0.010125379925374867,0.01083181884058037,-0.002715884083864537,1426001738998,0,0,0,0,0,0,0
0.02398761785643543,-0.04833018750782724,1.509,-0.01977458042509573,-0.003282247304916382,0.057092815399169924,0,0,1.5,-0.02296853295624535,-0.02398761785643543,0.04833018750782724,-0.008999999999999897,-0.0031939525311496207,-0.011122167975003004,0.002764641502542131,0.024640829508196835,-0.004052311179671368,1426001739059,0,0,0,0,0,0,0
0.022661393347342546,-0.04451804024745785,1.506,-0.019425514574696885,-0.021020158767700196,0.05677767181396484,0,0,1.5,-0.02296853295624535,-0.022661393347342546,0.04451804024745785,-0.006000000000000005,-0.003543018381548465,-0.0043658195523925926,0.0028336738241406187,0.008246041791044205,-0.005105999801244782,1426001739126,0,0,0,0,0,0,0
0.01962846605150401,-0.04083677847317071,1.503,-0.019442967867216786,-0.04655791473388672,0.05432482147216797,0,0,1.5,-0.02296853295624535,-0.01962846605150401,0.04083677847317071,-0.0029999999999998916,-0.0035255650890285636,0.005593475793086011,0.0022623554495290986,0.01017109130434849,-0.0034496812085072536,1426001739195,0,0,0,0,0,0,0
0.014612577373951946,-0.038257182764197845,1.499,-0.018867009214058605,-0.07597638702392578,0.037223857879638673,0,0,1.5,-0.02296853295624535,-0.014612577373951946,0.038257182764197845,0.0009999999999998899,-0.004101523742186745,0.021023447113503596,0.005107110178402348,0.020740545161289,-0.006888420451016657,1426001739257,0,0,0,0,0,0,0
0.00810696739936633,-0.03440119375261826,1.496,-0.018308503853420543,-0.0986579818725586,0.05598852920532227,0,0,1.5,-0.02296853295624535,-0.00810696739936633,0.03440119375261826,0.0040000000000000036,-0.004660029102824807,0.029439995986012445,-0.0020822599401429595,0.016028276470588822,-0.007124023340933904,1426001739325,0,0,0,0,0,0,0
0.001543726371124806,-0.032376195981956554,1.498,-0.018081611050661316,-0.09898820495605469,0.028567529678344725,0,0,1.5,-0.02296853295624535,-0.001543726371124806,0.032376195981956554,0.0020000000000000018,-0.004886921905584034,0.03752150570692091,0.004959182162071866,-0.012667566666666675,-0.006021385919380166,1426001739385,0,0,0,0,0,0,0
-0.0049305545132379384,-0.030956912889951022,1.494,-0.01755801227506305,-0.09748326110839843,0.01952988052368164,0,0,1.5,-0.02296853295624535,0.0049305545132379384,0.030956912889951022,0.006000000000000005,-0.0054105206811823,0.037337790799054596,0.008439856032636719,0.02377656153846156,-0.007827130414712759,1426001739450,0,0,0,0,0,0,0
-0.010159278770749786,-0.029725887837642795,1.491,-0.017470745812463228,-0.07874297332763672,0.01708551025390625,0,0,1.5,-0.02296853295624535,0.010159278770749786,0.029725887837642795,0.008999999999999897,-0.005497787143782122,0.030873254830901427,0.009419309102735805,0.019490732394365582,-0.005866518675894047,1426001739521,0,0,0,0,0,0,0
-0.015085669833553599,-0.028568114853828683,1.489,-0.017331119472303716,-0.07418798065185547,0.016072994232177736,0,0,1.5,-0.02296853295624535,0.015085669833553599,0.028568114853828683,0.010999999999999899,-0.005637413483941634,0.03679430340047602,0.008057566335805264,0.018231306779660946,-0.006347377925430678,1426001739580,0,0,0,0,0,0,0
-0.019183225256484287,-0.026884680084921286,1.488,-0.017051866791984574,-0.06189171600341797,0.024182554244995116,0,0,1.5,-0.02296853295624535,0.019183225256484287,0.026884680084921286,0.01200000000000001,-0.005916666164260776,0.030119932721878843,0.005685639202110279,0.012250900000000568,-0.007113463365628527,1426001739650,0,0,0,0,0,0,0
-0.021144850096663694,-0.025097480162736534,1.484,-0.01661553447898602,-0.029877199172973632,0.026302385330200195,0,0,1.5,-0.02296853295624535,0.021144850096663694,0.025097480162736534,0.016000000000000014,-0.006352998477259331,0.02188109087870674,0.002970096765426892,0.033499319672131184,-0.008498895098563702,1426001739711,0,0,0,0,0,0,0
-0.023265818375608722,-0.02280300375696241,1.478,-0.016039575825827837,-0.03238196563720703,0.03388380432128906,0,0,1.5,-0.02296853295624535,0.023265818375608722,0.02280300375696241,0.02200000000000002,-0.006928957130417513,0.02230747799293465,0.0006208644193263571,0.045502500000000036,-0.009397351358238291,1426001739781,0,0,0,0,0,0,0
-0.024444120401372532,-0.02023210026066095,1.476,-0.014870205226991687,-0.018290773391723632,0.03827511215209961,0,0,1.5,-0.02296853295624535,0.024444120401372532,0.02023210026066095,0.02400000000000002,-0.008098327729253663,0.019179882566954472,-0.004177003101555889,0.028913166666666698,-0.013945180723434415,1426001739841,0,0,0,0,0,0,0
-0.024894822467162354,-0.017877668840928434,1.474,-0.014014993893514472,-0.007284927368164063,0.035212039947509766,0,0,1.5,-0.02296853295624535,0.024894822467162354,0.017877668840928434,0.026000000000000023,-0.008953539062730878,0.014835152442663379,-0.002287714229270349,0.02917082753623191,-0.012671849208283983,1426001739910,0,0,0,0,0,0,0
-0.02494937311158547,-0.015161972412586032,1.472,-0.014538592669112739,-0.0013890676498413085,0.04071997833251953,0,0,1.5,-0.02296853295624535,0.02494937311158547,0.015161972412586032,0.028000000000000025,-0.008429940287132611,0.012886209197664979,-0.0063159198582639475,0.0315771307692308,-0.006013330553602152,1426001739975,0,0,0,0,0,0,0
-0.023754241615416425,-0.012366028214606499,1.472,-0.014398966328953223,0.01731536293029785,0.04219535446166992,2,0,1.5,0,2.0237542416154164,0.012366028214606499,0.028000000000000025,0.014398966328953223,1.0118771208077082,0.006183014107303249,0.02240000000000002,0.014398966328953223,0,0,0,0,0,0,0,0
-0.021801954041080485,-0.009473503437997691,1.474,-0.012322024519080056,0.028656558990478517,0.043805023193359376,2,0,1.5,0,2.0218019540410803,0.009473503437997691,0.026000000000000023,0.012322024519080056,1.0023931123830658,-0.009928938691354767,0.010834472463768128,0.003291842737022809,0,0,0,0,0,0,0,0
-0.019605298120157294,-0.00569519080333969,1.483,-0.009756390518648307,0.03224900817871094,0.057076385498046875,2,0,1.5,0,2.0196052981201573,0.00569519080333969,0.016999999999999904,0.009756390518648307,0.9998258881595146,-0.01882123680031053,-0.03775624426229584,-0.0028614816146225897,0,0,0,0,0,0,0,0
-0.013554768092005313,-0.0003829000530360385,1.483,-0.006213372137099838,0.08997621154785156,0.08056602478027344,2,0,1.5,0,2.013554768092005,0.0003829000530360385,0.016999999999999904,0.006213372137099838,0.9801026450704284,-0.026744677345295852,0.014002099999999924,-0.008970992355250739,0,0,0,0,0,0,0,0
-0.0040816229791147945,0.005188984300192731,1.485,-0.003298672286269245,0.14157513427734375,0.0844595489501953,2,0,1.5,0,2.0040816229791147,-0.005188984300192731,0.014999999999999902,0.003298672286269245,0.9529255453462301,-0.03455721070195127,0.0008254333333332434,-0.011274826967883721,0,0,0,0,0,0,0,0
0.009792708105898294,0.012553548106848401,1.484,-0.0013089969389957889,0.20774943542480467,0.11115435791015625,2,0,1.5,0,1.9902072918941016,-0.012553548106848401,0.016000000000000014,0.0013089969389957889,0.9313386924030262,-0.043634809374481096,0.01847496376811652,-0.007341765440454021,0,0,0,0,0,0,0,0
0.028439252413043112,0.019930950262380225,1.485,-0.0008028514559174204,0.2795530700683594,0.11102706146240235,2,0,1.5,0,1.971560747586957,-0.019930950262380225,0.014999999999999902,0.0008028514559174204,0.888352079527554,-0.0516260096357214,0.007050338709676709,-0.0016462395912359754,0,0,0,0,0,0,0,0
0.05520197023172019,0.026585046264850875,1.491,0.00013962634015950333,0.40136050415039065,0.10013370513916016,2,0,1.5,0,1.9447980297682799,-0.026585046264850875,0.008999999999999897,-0.00013962634015950333,0.8477812402666454,-0.04659552211014475,-0.02204150000000011,-0.004178816894774891,0,0,0,0,0,0,0,0
0.09282166510010947,0.032817945917179035,1.491,0.00017453292519940995,0.5643084716796875,0.09341470336914062,2,0,1.5,0,1.9071783348998905,-0.032817945917179035,0.008999999999999897,-0.00017453292519940995,0.7444810688611717,-0.05281976399675349,0.008012499999999916,-0.00034906585039894307,0,0,0,0,0,0,0,0
0.1353056021631752,0.03672966990456121,1.489,-0.00015707963267953644,0.637269287109375,0.05856463623046875,2,0,1.5,0,1.864694397836825,-0.03672966990456121,0.010999999999999899,0.00015707963267953644,0.7284757280504324,-0.03828446635429723,0.019833327536231807,0.001598873362587999,0,0,0,0,0,0,0,0
0.18292098503913612,0.039743646681163605,1.489,-0.0011693705988361622,0.7142236328125,0.045321842193603516,2,0,1.5,0,1.8170790149608638,-0.039743646681163605,0.010999999999999899,0.0011693705988361622,0.6524963408457816,-0.03698840263588171,0.009756599999999914,0.006067552693142415,0,0,0,0,0,0,0,0
0.23872367927936058,0.0416044292471354,1.488,-0.002408554367752237,0.8370072021484375,0.02889052963256836,2,0,1.5,0,1.7612763207206394,-0.0416044292471354,0.01200000000000001,0.002408554367752237,0.6156109321843166,-0.030237444819992514,0.015640600000000563,0.007719341948821128,0,0,0,0,0,0,0,0
0.30142201673245467,0.043193679928781224,1.485,-0.004485496177625404,0.9404149169921875,0.02610387420654297,2,0,1.5,0,1.6985779832675454,-0.043193679928781224,0.014999999999999902,0.004485496177625404,0.4985540796391364,-0.031024702515181017,0.030630599999999283,0.014870205226991241,0,0,0,0,0,0,0,0
0.37158014187382854,0.0435487232831526,1.482,-0.00530580092606271,1.05233740234375,0.010045990943908692,2,0,1.5,0,1.6284198581261715,-0.0435487232831526,0.018000000000000016,0.00530580092606271,0.48452158430868997,-0.023712728528362596,0.030447132394366767,0.008771877327910483,0,0,0,0,0,0,0,0
0.4477141908549167,0.04226838862466852,1.479,-0.0050090949532237816,1.1420965576171875,-0.013145496368408203,2,0,1.5,0,1.5522858091450833,-0.04226838862466852,0.020999999999999908,0.0050090949532237816,0.34157765766715237,-0.013752080228500206,0.0359789101694908,0.003500420515059737,0,0,0,0,0,0,0,0
0.5260828139650036,0.0404448677078306,1.475,-0.0045553093477052175,1.175651611328125,-0.021464157104492187,2,0,1.5,0,1.4739171860349964,-0.0404448677078306,0.02499999999999991,0.0045553093477052175,0.3632246360390327,-0.011346232194463879,0.041557299999999936,0.0026105138954828004,0,0,0,0,0,0,0,0
0.6116313701217566,0.03633505181416381,1.474,-0.003211405823669534,1.283495849609375,-0.055801116943359375,2,0,1.5,0,1.3883686298782434,-0.03633505181416381,0.026000000000000023,0.003211405823669534,0.2140932504412913,0.005543196183481022,0.028346633333334,-0.0035081117965088827,0,0,0,0,0,0,0,0
0.7005731957986792,0.030747815403960523,1.472,-0.0011868238913561712,1.3343896484375,-0.07952369689941406,2,0,1.5,0,1.2994268042013208,-0.030747815403960523,0.028000000000000025,0.0011868238913561712,0.23113255534741384,0.01188377209144149,0.03417125492957749,-0.00736774765362987,0,0,0,0,0,0,0,0
0.7935634739776629,0.024222272375934186,1.467,0.0009250245035570138,1.3949693603515625,-0.09622763061523437,2,0,1.5,0,1.206436526022337,-0.024222272375934186,0.03299999999999992,-0.0009250245035570138,0.08136360833025535,0.025654963207330822,0.05767676666666598,-0.01148426647812294,0,0,0,0,0,0,0,0
0.8938271468180883,0.0171943085160812,1.463,0.002827433388230759,1.50385693359375,-0.10681060791015624,2,0,1.5,0,1.1061728531819117,-0.0171943085160812,0.03699999999999992,-0.002827433388230759,0.05836423685483405,0.027264928740281545,0.0525499352941176,-0.0112204137617914,0,0,0,0,0,0,0,0
1.004638623857671,0.008208815127558921,1.437,0.0028099800957108612,1.661784423828125,-0.13948153686523437,2,0,1.5,0,0.995361376142329,-0.008208815127558921,0.06299999999999994,-0.0028099800957108612,-0.10591001634629338,0.04630380202419691,0.19992649354838718,-0.0027255286802920007,0,0,0,0,0,0,0,0
1.1188663958887815,-0.00031217537396158873,1.42,0.0021293016874330706,1.7130506591796875,-0.13262901306152344,2,0,1.5,0,0.8811336041112185,0.00031217537396158873,0.08000000000000007,-0.0021293016874330706,-0.10799730828720105,0.042444908853986045,0.15231230000000068,0.0007878914909003171,0,0,0,0,0,0,0,0
1.2359826853891829,-0.008724340122596874,1.399,0.0014835298641950757,1.7564716796875,-0.12992282104492187,2,0,1.5,0,0.7640173146108171,0.008724340122596874,0.10099999999999998,-0.0014835298641950757,-0.23540733000581887,0.05005564826747882,0.19960244999999946,0.0015435255572330258,0,0,0,0,0,0,0,0
1.3501030711950848,-0.015282771621064499,1.404,0.0014835298641950757,1.711657958984375,-0.10091587829589843,2,0,1.5,0,0.6498969288049152,0.015282771621064499,0.09600000000000009,-0.0014835298641950757,-0.30638047646320093,0.04497050520164109,0.052655775409836736,-0.0014835298641950757,0,0,0,0,0,0,0,0
1.4626651606673486,-0.018916056539752486,1.409,0.0022340214425526795,1.6883486328125,-0.057004051208496095,2,0,1.5,0,0.5373348393326514,0.018916056539752486,0.09099999999999997,-0.0022340214425526795,-0.27030673528679694,0.02733646883066402,0.0529812999999994,-0.0054504139212281245,0,0,0,0,0,0,0,0
0.5047955817777845,-1.987690787964939,1.418,0.0019373154697136397,1.7352655029296875,-0.09020268249511719,0,0,1.5,0,-0.5047955817777845,1.987690787964939,0.08200000000000007,-0.0019373154697136397,-6.1118687844616,12.108840681445054,0.020483248387097412,-0.000501641407589254,0,1,1.5783626731516323,-0.02467111255866175,0.11099999999999623,-0.2279335174385988,0.15051238407833814,87.80357360839844,-1.5783119155059706,0.027728850771747318,-0.11099999999999623,1.3503783980673718,0.12278353330659082,87.91457360839843
0.4842968104713272,-1.234038566031673,1.428,0.0025132741228718215,1.672240234375,-0.09850093841552734,0,0,1.5,0,-0.4842968104713272,1.234038566031673,0.07200000000000006,-0.0025132741228718215,-0.11497997614449523,-3.204058435634282,0.013061862318840593,-0.005017442180081307,0,1,0.6162907766797643,-1.9940415278796413,0.14399999999999927,-0.38381955471911955,0.15884083180919029,88.24462890625001,-0.6112772625700362,1.9955841361851934,-0.14399999999999927,0.22745770785091668,-1.836743304376003,88.38862890625
0.598448329549074,-1.240829868568875,1.441,0.0036302848441481677,1.7120113525390626,-0.10617262268066406,0,0,1.5,0,-0.598448329549074,1.240829868568875,0.05899999999999994,-0.0036302848441481677,-0.9422779407108536,0.6625712345390381,-0.02209283333333409,-0.0092153384505299,0,0,0,0,0,0,0,0
0.7006244871147732,-1.2453682246797055,1.462,0.003961897402027003,1.5323851318359376,-0.07363880920410157,0,0,1.5,0,-0.7006244871147732,1.2453682246797055,0.038000000000000034,-0.003961897402027003,-0.8388533831763231,0.6487880194388705,-0.0677934999999995,-0.0053830940786505806,0,0,0,0,0,0,0,0
0.7924059575377695,-1.2474419623294004,1.479,0.004747295565424624,1.3765880126953125,-0.036560237884521486,0,0,1.5,0,-0.7924059575377695,1.2474419623294004,0.020999999999999908,-0.004747295565424624,-0.90973068493466,0.6399783758435164,-0.07543416666666748,-0.008674286382412731,0,0,0,0,0,0,0,0
0.8745113192329788,-1.249170195723632,1.491,0.005881759579220868,1.2314434814453126,-0.03176986312866211,0,0,1.5,0,-0.8745113192329788,1.249170195723632,0.008999999999999897,-0.005881759579220868,-0.8448859834358347,0.6386107185104537,-0.04849376716417924,-0.0109614491932339,0,0,0,0,0,0,0,0
0.9468322340351013,-1.245722640336199,1.51,0.005550147021342032,1.08509912109375,0.04533185958862305,0,0,1.5,0,-0.9468322340351013,1.245722640336199,-0.010000000000000009,-0.005550147021342032,-0.8250216835435276,0.6109611769404316,-0.09886931764705835,-0.004087150442464818,0,0,0,0,0,0,0,0
1.0106866304571078,-1.2354915065458694,1.519,0.0036302848441481677,0.9586529541015625,0.14814865112304687,0,0,1.5,0,-1.0106866304571078,1.2354915065458694,-0.018999999999999906,-0.0036302848441481677,-0.851703082329688,0.5656408035749283,-0.06003044426229442,0.00581166028959215,0,0,0,0,0,0,0,0
1.0602562174770263,-1.2185054476045531,1.529,0.00017453292519941039,0.7444638671875,0.2520899353027344,0,0,1.5,0,-1.0602562174770263,1.2185054476045531,-0.028999999999999915,-0.00017453292519941039,-0.7777125188689291,0.5251796350116437,-0.07042575384615382,0.015775091316102545,0,0,0,0,0,0,0,0
1.0978445565496533,-1.1963124203924413,1.546,-0.0027750735106709785,0.5638831787109375,0.3327969970703125,0,0,1.5,0,-1.0978445565496533,1.1963124203924413,-0.04600000000000004,0.0027750735106709785,-0.7238094541127928,0.4921311916179213,-0.11799240000000066,0.015788043080687396,0,0,0,0,0,0,0,0
1.1248813377326246,-1.1689271917232191,1.553,-0.004677482395344835,0.40441021728515625,0.41190228271484375,0,0,1.5,0,-1.1248813377326246,1.1689271917232191,-0.052999999999999936,0.004677482395344835,-0.6971828693971237,0.43879809586498153,-0.07593712903225742,0.013882686676024786,0,0,0,0,0,0,0,0
1.1401800767618695,-1.1353270740720525,1.558,-0.006579891280018581,0.22712112426757813,0.5050696411132812,0,0,1.5,0,-1.1401800767618695,1.1353270740720525,-0.05800000000000005,0.006579891280018581,-0.6284310953754656,0.41176376928467345,-0.06548068732394428,0.014618238680048495,0,0,0,0,0,0,0,0
1.1473016196874257,-1.0977478181119216,1.561,-0.008098327729253688,0.10311184692382812,0.5643795166015625,0,0,1.5,0,-1.1473016196874257,1.0977478181119216,-0.06099999999999994,0.008098327729253688,-0.5994988967194177,0.3363284057107385,-0.06138931016949084,0.015819191030449143,0,0,0,0,0,0,0,0
1.1477917758637548,-1.0567311594849176,1.561,-0.008691739674931769,0.0023696608543395995,0.6152892456054687,0,0,1.5,0,-1.1477917758637548,1.0567311594849176,-0.06099999999999994,0.008691739674931769,-0.5607517688485241,0.3344042846678529,-0.04401969999999996,0.01123493372783783,0,0,0,0,0,0,0,0
1.1428214878543714,-1.010347332200717,1.569,-0.00918043186549024,-0.08059877014160156,0.6950831298828125,0,0,1.5,0,-1.1428214878543714,1.010347332200717,-0.06899999999999995,0.00918043186549024,-0.5375154854869872,0.33682342621008443,-0.08215181111111111,0.010809405834018475,0,0,0,0,0,0,0,0
1.1265592672136815,-0.954993298623358,1.552,-0.006073745796940215,-0.2515455322265625,0.8280361328125,0,0,1.5,0,-1.1265592672136815,0.954993298623358,-0.052000000000000046,0.006073745796940215,-0.5162955467606214,0.37440293708729655,-0.002460526506024345,0.000459252901970293,0,0,0,0,0,0,0,0
1.0938148987546856,-0.8816655679633982,1.506,0.0034906585039886483,-0.4978370361328125,1.0969124755859374,0,0,1.5,0,-1.0938148987546856,0.8816655679633982,-0.006000000000000005,-0.0034906585039886483,-0.4721438043476215,0.3126493205762791,0.08833283407821235,-0.01952038638264038,0,0,0,0,0,0,0,0
1.0498276899318464,-0.8023130132988342,1.481,0.014014993893514443,-0.6556492309570312,1.192584228515625,0,0,1.5,0,-1.0498276899318464,0.8023130132988342,0.018999999999999906,-0.014014993893514443,-0.33394405389356063,0.0902874402878096,0.12149137647058779,-0.05115970703301724,0,0,0,0,0,0,0,0
1.0034502181636513,-0.7202088637638606,1.464,0.02000147322785493,-0.678333984375,1.241190673828125,0,0,1.5,0,-1.0034502181636513,0.7202088637638606,0.03600000000000003,-0.02000147322785493,-0.2502810557823715,-0.05243855490644045,0.12119737014925439,-0.04680660457564816,0,0,0,0,0,0,0,0
0.952883168864661,-0.6369641485346623,1.452,0.023300145514124276,-0.7333804321289062,1.2635911865234375,0,0,1.5,0,-0.952883168864661,0.6369641485346623,0.04800000000000004,-0.023300145514124276,-0.3925096797008483,0.2096296381445793,0.06135626956521744,-0.027602761539692985,0,0,0,0,0,0,0,0
0.89648750602937,-0.5504692518047245,1.441,0.026441738167713984,-0.8154779052734376,1.3167799072265625,0,0,1.5,0,-0.89648750602937,0.5504692518047245,0.05899999999999994,-0.026441738167713984,4.493322932675616,-7.275222514753705,1.014418999999991,-0.26206118718694216,0,0,0,0,0,0,0,0
0.8358802161570358,-0.46086707969742957,1.428,0.027541295596470543,-0.8732571411132812,1.367598388671875,0,0,1.5,0,-0.8358802161570358,0.46086707969742957,0.07200000000000006,-0.027541295596470543,6.659831488222998,-10.205293056776478,1.5790072666666808,-0.13749703847212644,0,0,0,0,0,0,0,0
0.7708972372704369,-0.37193553801572155,1.422,0.02944370448114429,-0.9376403198242188,1.3603095703125,0,0,1.5,0,-0.7708972372704369,0.37193553801572155,0.07800000000000007,-0.02944370448114429,0.8848916538529088,-1.525329554958181,0.18394766666666684,-0.06115051922570672,0,0,0,0,0,0,0,0
0.703921663976451,-0.2851204472248118,1.421,0.022392574303087255,-0.965861328125,1.33123779296875,0,0,1.5,0,-0.703921663976451,0.2851204472248118,0.07899999999999996,-0.022392574303087255,-0.18564832674026896,-0.04721477124629325,0.0716316602739723,-0.007903950649545405,0,0,0,0,0,0,0,0
0.6362350466884833,-0.20460387392746793,1.421,0.024294983187761,-0.9880023803710938,1.2301790771484375,0,0,1.5,0,-0.6362350466884833,0.20460387392746793,0.07899999999999996,-0.024294983187761,4.425668499124902,-5.5155045901809645,0.06927389999999996,-0.1384395162681857,0,0,0,0,0,0,0,0
0.5801350527995606,-0.12948013871836173,1.422,0.028291787174828036,-0.8138773193359375,1.1469656982421874,0,0,1.5,0,-0.5801350527995606,0.12948013871836173,0.07800000000000007,-0.028291787174828036,-0.15856651786457848,-0.08633987355119163,0.06742483548387128,-0.03602753682721585,0,0,0,0,0,0,0,0
0.5296005820480428,-0.062934777646272,1.415,0.03408628029144921,-0.7294771728515625,1.0192237548828125,0,0,1.5,0,-0.5296005820480428,0.062934777646272,0.08499999999999996,-0.03408628029144921,17.427082778980935,-23.240854059176105,2.525291399999963,-1.772434215277801,0,0,0,0,0,0,0,0
0.4876649654795793,-0.006962373764975806,1.42,0.03830997708127547,-0.6000560302734375,0.86053564453125,0,0,1.5,0,-0.4876649654795793,0.006962373764975806,0.08000000000000007,-0.03830997708127547,-0.11830288013491337,-0.13985910900362278,0.057796590082645,-0.0487819525932414,0,0,0,0,0,0,0,0
0.4497040104736806,0.05616122000763163,1.434,0.041486476319905194,-0.5327314453125,0.9679680786132813,0,0,1.5,0,-0.4497040104736806,-0.05616122000763163,0.06600000000000006,-0.041486476319905194,13.065705982153135,-22.1027756403242,-4.838934000000004,-0.9944362479088231,0,0,0,0,0,0,0,0
0.41024243794240167,0.1093896631410368,1.446,0.036983526849759904,-0.5582998657226562,0.8222894287109375,0,0,1.5,0,-0.41024243794240167,-0.1093896631410368,0.05400000000000005,-0.036983526849759904,0.3105306540792142,-0.7261599136018626,-0.10394375555555566,0.01304924504074332,0,0,0,0,0,0,0,0
0.38060674198602595,0.14961451819872218,1.459,0.0241728101401215,-0.42192169189453127,0.61939697265625,0,0,1.5,0,-0.38060674198602595,-0.14961451819872218,0.040999999999999925,-0.0241728101401215,-0.11209718849194109,-0.1577675746568488,0.009047887050359346,0.0034762187296016704,0,0,0,0,0,0,0,0
0.3522377967200595,0.18868303950086376,1.465,-0.015289084247470344,-0.41124530029296874,0.5961419677734375,0,0,1.5,0,-0.3522377967200595,-0.18868303950086376,0.03499999999999992,0.015289084247470344,Infinity,-Infinity,-Infinity,Infinity,0,0,0,0,0,0,0,0
0.32677318854430687,0.21775973150500913,1.462,-0.06831218692305809,-0.3885925598144531,0.4302596740722656,0,0,1.5,0,-0.32677318854430687,-0.21775973150500913,0.038000000000000034,0.06831218692305809,-0.1069794397107136,-0.1518574086602341,0.04630372514970086,0.1635632695738145,0,0,0,0,0,0,0,0
0.3112580224950778,0.23650174936097482,1.454,-0.06892305216125605,-0.25137437438964844,0.26458880615234376,0,0,1.5,0,-0.3112580224950778,-0.23650174936097482,0.04600000000000004,0.06892305216125605,Infinity,-Infinity,Infinity,Infinity,0,0,0,0,0,0,0,0
0.3057659660003325,0.24451190101445158,1.437,-0.03408628029144922,-0.0904599609375,0.11419355773925781,0,0,1.5,0,-0.3057659660003325,-0.24451190101445158,0.06299999999999994,0.03408628029144922,-0.13432863072031076,-0.12776003811088038,0.10995215371900793,-0.05228588136922886,0,0,0,0,0,0,0,0
0.3116301412531064,0.2430232066464806,1.412,0.0309621409303793,0.08867254638671875,-0.019319705963134766,0,0,1.5,0,-0.3116301412531064,-0.2430232066464806,0.08800000000000008,-0.0309621409303793,-2.2056112869467452,0.41719476778556364,8.830787400000046,-19.545488507478936,0,0,0,0,0,0,0,0
0.3224843831789602,0.23039919653433072,1.379,0.11154399249495761,0.15687353515625,-0.1943096466064453,0,0,1.5,0,-0.3224843831789602,-0.23039919653433072,0.121,-0.11154399249495761,-0.29434538913927566,0.06019935867864247,0.520026199999999,-0.974920973544011,0,0,0,0,0,0,0,0
0.3478242398555179,0.2137388406322459,1.362,0.18097319013929208,0.34991802978515624,-0.29066204833984377,0,0,1.5,0,-0.3478242398555179,-0.2137388406322459,0.1379999999999999,-0.18097319013929208,-0.23562616360709876,-0.04761715031656914,0.16585015539568312,-0.3308203792997262,0,0,0,0,0,0,0,0
0.3747707555776973,0.1929724596916247,1.34,0.22769565421518023,0.3415316162109375,-0.3791589965820312,0,0,1.5,0,-0.3747707555776973,-0.1929724596916247,0.15999999999999992,-0.22769565421518023,-9.616578277429205,7.189046903202473,7.840660400000005,-14.244434876981625,0,0,0,0,0,0,0,0
0.4021867068605395,0.17183232813897845,1.326,0.2660230845889757,0.32904437255859376,-0.4017476806640625,0,0,1.5,0,-0.4021867068605395,-0.17183232813897845,0.17399999999999993,-0.2660230845889757,-0.25782440654989314,-0.02405718028656806,0.18442836969696969,-0.33570932163224027,0,0,0,0,0,0,0,0
0.42735331139950405,0.151904252937975,1.326,0.30024899122058446,0.2856348571777344,-0.38764947509765624,0,0,1.5,0,-0.42735331139950405,-0.151904252937975,0.17399999999999993,-0.30024899122058446,-Infinity,Infinity,NaN,-Infinity,0,0,0,0,0,0,0,0
0.4574424997379466,0.13805305232918938,1.344,0.32724923474893675,0.36969720458984373,-0.3319598693847656,0,0,1.5,0,-0.4574424997379466,-0.13805305232918938,0.15599999999999992,-0.32724923474893675,-0.3141767766170994,-0.012441619472163185,0.0905952557377048,-0.3936432762120981,0,0,0,0,0,0,0,0
0.4811796546872311,0.13206308140885087,1.373,0.33770375696838284,0.30828021240234377,-0.19953213500976563,0,0,1.5,0,-0.4811796546872311,-0.13206308140885087,0.127,-0.33770375696838284,-Infinity,Infinity,-Infinity,-Infinity,0,0,0,0,0,0,0,0
0.4993637526370566,0.1348308991169646,1.412,0.33751177075066346,0.27111090087890627,-0.051199432373046874,0,0,1.5,0,-0.4993637526370566,-0.1348308991169646,0.08800000000000008,-0.33751177075066346,-0.4684240277189545,-0.08401139123087348,-0.3825998551724128,-0.3355257064294285,0,0,0,0,0,0,0,0
0.5103200677595814,0.14324330395775056,1.458,0.3141243587739394,0.1968579406738281,0.06464569091796875,0,0,1.5,0,-0.5103200677595814,-0.14324330395775056,0.04200000000000004,-0.3141243587739394,-0.2833293686661662,-0.07665727934884864,-0.06652135294117653,-0.2625344794135187,0,0,0,0,0,0,0,0
0.5125594105167981,0.15743765587556793,1.5,0.2857278518439917,0.09773385620117188,0.19211795043945312,0,0,1.5,0,-0.5125594105167981,-0.15743765587556793,0,-0.2857278518439917,-1.0400277314523487,-5.030129629638962,-14.681739000000011,8.233224227140322,0,0,0,0,0,0,0,0
0.5084268261240451,0.17489394357267782,1.514,0.256982279063645,0.01432681655883789,0.2687001953125,0,0,1.5,0,-0.5084268261240451,-0.17489394357267782,-0.014000000000000012,-0.256982279063645,-0.23857789684626224,-0.13887757006719043,-0.04750944444444451,-0.16116370312915612,0,0,0,0,0,0,0,0
0.5013225657268017,0.19138395434288083,1.519,0.2727949620867137,-0.04019721221923828,0.2663121337890625,0,0,1.5,0,-0.5013225657268017,-0.19138395434288083,-0.018999999999999906,-0.2727949620867137,-0.23306826508942088,-0.1228863180297743,-0.010475594736841754,-0.308462668153786,0,0,0,0,0,0,0,0
0.4900919925002288,0.20550707440310972,1.516,0.3185225884889651,-0.10515264129638671,0.2493998565673828,0,0,1.5,0,-0.4900919925002288,-0.20550707440310972,-0.016000000000000014,-0.3185225884889651,Infinity,-Infinity,Infinity,-Infinity,0,0,0,0,0,0,0,0
0.47449667998274897,0.21734758244926478,1.512,0.3887895441742568,-0.16654254150390624,0.24193211364746095,0,0,1.5,0,-0.47449667998274897,-0.21734758244926478,-0.01200000000000001,-0.3887895441742568,-0.05654778061546731,-0.2306778317114319,0.054912966666666695,-1.0914591010271741,0,0,0,0,0,0,0,0
