0,0,0.728,0,-0.08013636779785156,-0.03853915023803711,0,0,1,0,0,0,0.272,0,0,0,0.21760000000000002,0,0,0,0,0,0,0,0,0
-0.0041351221720377605,-0.0009282736460367838,0.727,0.06998770300497262,-0.062026832580566404,-0.013924104690551758,0,0,1,0,0.0041351221720377605,0.0009282736460367838,0.273,-0.06998770300497262,0.027023282908830663,0.006066326534024029,0.22609645087719304,-0.43834403461009164,0,0,0,0,0,0,0,0
-0.004692904251195982,0.0026547996377366935,0.728,0.11595967550250327,-0.004587752342224121,0.054199611663818356,0,0,1,0,0.004692904251195982,-0.0026547996377366935,0.272,-0.11595967550250327,0.005141045925224717,-0.019244086198767444,0.2160601,-0.31298241477763467,0,0,0,0,0,0,0,0
-0.0021677294378858788,0.008516445178617577,0.729,0.11309733552923251,0.04779612731933594,0.08295175933837891,0,0,1,0,0.0021677294378858788,-0.008516445178617577,0.271,-0.11309733552923251,-0.013397837507486233,-0.03789713002957665,0.21617549508196723,-0.09902025369347467,0,0,0,0,0,0,0,0
0.006463710276420367,0.015277361273699962,0.729,0.10346311805822386,0.14008963012695314,0.08615414428710938,0,0,1,0,-0.006463710276420367,-0.015277361273699962,0.271,-0.10346311805822386,-0.047655772683687564,-0.04245441707744257,0.223756,-0.06095921745083276,0,0,0,0,0,0,0,0
0.02091320842002575,0.023313202812994142,0.732,0.09641198788016678,0.2280323944091797,0.0975081787109375,0,0,1,0,-0.02091320842002575,-0.023313202812994142,0.268,-0.09641198788016678,-0.09203670758829763,-0.057051580783287634,0.2060821161290323,-0.0622936160508583,0,0,0,0,0,0,0,0
0.03710670129678795,0.029808774795254903,0.736,0.08970992355250855,0.251153564453125,0.0735986557006836,0,0,1,0,-0.03710670129678795,-0.029808774795254903,0.264,-0.08970992355250855,-0.10193779939379097,-0.04838910623365475,0.20102456470588237,-0.06014199269519284,0,0,0,0,0,0,0,0
0.05473339800715993,0.03550755867495023,0.742,0.08196066167365372,0.2709955139160156,0.06145047378540039,0,0,1,0,-0.05473339800715993,-0.03550755867495023,0.258,-0.08196066167365372,-0.12694176800629015,-0.04999797593428559,0.18454143225806452,-0.044464233227581966,0,0,0,0,0,0,0,0
0.07156647861419459,0.04036557144578428,0.752,0.07475245186291714,0.2576144104003906,0.0519539794921875,0,0,1,0,-0.07156647861419459,-0.04036557144578428,0.248,-0.07475245186291714,-0.1212873347193614,-0.044926374169530076,0.16139896231884057,-0.0434124092075407,0,0,0,0,0,0,0,0
0.08947615754528142,0.043329366553600014,0.762,0.06726498937186144,0.2712151184082031,0.02426958465576172,0,0,1,0,-0.08947615754528142,-0.043329366553600014,0.238,-0.06726498937186144,-0.14767201603933414,-0.03879799063809123,0.1481983508196721,-0.03044140335027605,0,0,0,0,0,0,0,0
0.10618944057514618,0.04436008856512121,0.769,0.06141813637768047,0.25117149353027346,-0.0014247019290924072,0,0,1,0,-0.10618944057514618,-0.04436008856512121,0.23099999999999998,-0.06141813637768047,-0.13573302256044703,-0.027420489541033828,0.16710845774647884,-0.03671312372621156,0,0,0,0,0,0,0,0
0.12205682394065377,0.04394756633446792,0.779,0.055745816308698896,0.23718217468261718,-0.020785154342651366,0,0,1,0,-0.12205682394065377,-0.04394756633446792,0.22099999999999997,-0.055745816308698896,-0.1554778497712729,-0.019711967714325995,0.13559736610169487,-0.02690351087319938,0,0,0,0,0,0,0,0
0.1342809094048098,0.041957129500834134,0.79,0.050195669287356935,0.18141293334960937,-0.040026504516601565,0,0,1,0,-0.1342809094048098,-0.041957129500834134,0.20999999999999996,-0.050195669287356935,-0.12867577107211006,-0.011241100895052673,0.13258939999999994,-0.026409324910177102,0,0,0,0,0,0,0,0
0.14603917761989757,0.03835207915286283,0.797,0.045029494701453725,0.1734386444091797,-0.06285713958740234,0,0,1,0,-0.14603917761989757,-0.03835207915286283,0.20299999999999996,-0.045029494701453725,-0.14098903512247962,0.0012705604537915638,0.14306376557377046,-0.019622078705208428,0,0,0,0,0,0,0,0
0.15208076160728007,0.03212180153864994,0.804,0.04031710572106902,0.08632512664794922,-0.09743879699707031,0,0,1,0,-0.15208076160728007,-0.03212180153864994,0.19599999999999995,-0.04031710572106902,-0.10729500535444939,0.015281677569924285,0.14347285362318835,-0.019828457980265977,0,0,0,0,0,0,0,0
0.15316870781195438,0.026557694181364534,0.81,0.036023595761163006,0.012941912651062011,-0.08405155181884766,0,0,1,0,-0.15316870781195438,-0.026557694181364534,0.18999999999999995,-0.036023595761163006,-0.08342985897818359,0.0178546914833225,0.14148713225806445,-0.015248547568069377,0,0,0,0,0,0,0,0
0.1531233013129251,0.018937976478008146,0.82,0.03190461872645635,-0.004797109603881836,-0.11419708251953126,0,0,1,0,-0.1531233013129251,-0.018937976478008146,0.18000000000000005,-0.03190461872645635,-0.07714567774386076,0.02833959879970137,0.11861810000000056,-0.014251860006284964,0,0,0,0,0,0,0,0
0.15179657396336557,0.011366170361640055,0.829,0.02715732316103177,-0.023513801574707033,-0.11288446807861328,0,0,1,0,-0.15179657396336557,-0.011366170361640055,0.17100000000000004,-0.02715732316103177,-0.06892849006242799,0.03893770121124828,0.10903716949152542,-0.0030185321503983058,0,0,0,0,0,0,0,0
0.1462926817975715,0.0017040291894646654,0.83,0.02296853295624536,-0.08646342468261718,-0.1426368865966797,0,0,1,0,-0.1462926817975715,-0.0017040291894646654,0.17000000000000004,-0.02296853295624536,-0.04739725982936401,0.04581879279484731,0.15798988888888893,-0.005515240436301992,0,0,0,0,0,0,0,0
0.1404907263047805,-0.007640372547193719,0.835,0.01902408884673819,-0.09022550201416016,-0.13813029479980468,0,0,1,0,-0.1404907263047805,0.007640372547193719,0.16500000000000004,-0.01902408884673819,-0.03749086750563623,0.05803584620802614,0.13067433333333334,0.0006981317007976537,0,0,0,0,0,0,0,0
0.13333231729235517,-0.0164379244512217,0.845,0.014451326206513088,-0.10986703491210938,-0.12989678955078124,0,0,1,0,-0.13333231729235517,0.0164379244512217,0.15500000000000003,-0.014451326206513088,-0.031002317079960373,0.053218306971244904,0.10142441176470587,0.005722626618009423,0,0,0,0,0,0,0,0
0.12484439265649357,-0.024606443236276157,0.85,0.010454522219446056,-0.12907620239257814,-0.1206751251220703,0,0,1,0,-0.12484439265649357,0.024606443236276157,0.15000000000000002,-0.010454522219446056,-0.01497805518431141,0.05890460954711124,0.12112147540983606,0.009201890831703283,0,0,0,0,0,0,0,0
0.11571604930989549,-0.029443420442622936,0.855,0.00418879020478637,-0.1376761779785156,-0.07111923217773437,0,0,1,0,-0.11571604930989549,0.029443420442622936,0.14500000000000002,-0.00418879020478637,-0.012891743623570005,0.039010255330736585,0.12144818115942028,0.023053522902429652,0,0,0,0,0,0,0,0
0.10820156116436208,-0.036804474584390255,0.862,-0.0006806784082777732,-0.11317884063720703,-0.10994269561767578,0,0,1,0,-0.10820156116436208,0.036804474584390255,0.138,0.0006806784082777732,-0.012387777802528456,0.060413398055843975,0.10188836557377048,0.024628884702035853,0,0,0,0,0,0,0,0
0.09816908802439052,-0.04216380548761131,0.868,-0.002949606435870427,-0.15043234252929688,-0.08049237823486328,0,0,1,0,-0.09816908802439052,0.04216380548761131,0.132,0.002949606435870427,0.0003341630146965202,0.04807161181004988,0.10772831739130434,0.012814510903664573,0,0,0,0,0,0,0,0
0.08827760731752277,-0.046597864480508636,0.877,-0.0037524578917877797,-0.14817538452148438,-0.06694823455810547,0,0,1,0,-0.08827760731752277,0.046597864480508636,0.123,0.0037524578917877797,0.010174818734873886,0.04816349834025427,0.08091924838709674,0.007637223001065293,0,0,0,0,0,0,0,0
0.08089400588087807,-0.05129028980584509,0.886,-0.006475171524898942,-0.11048912048339844,-0.07080148315429688,0,0,1,0,-0.08089400588087807,0.05129028980584509,0.11399999999999999,0.006475171524898942,-0.004575150635655008,0.049316280564536644,0.0796601260869565,0.018313056886251823,0,0,0,0,0,0,0,0
0.07443660528991694,-0.05573445814309994,0.894,-0.007557275661135437,-0.09642733001708985,-0.06728831481933593,0,0,1,0,-0.07443660528991694,0.05573445814309994,0.10599999999999998,0.007557275661135437,-0.0017942483065248316,0.05326953183050532,0.07365726065573766,0.012879099281970657,0,0,0,0,0,0,0,0
0.06794794334487421,-0.05892876196842319,0.898,-0.008464846872172454,-0.09696504974365235,-0.04864873123168945,0,0,1,0,-0.06794794334487421,0.05892876196842319,0.10199999999999998,0.008464846872172454,-0.003204830297596724,0.045380126477928315,0.09707289999999996,0.012354437776616812,0,0,0,0,0,0,0,0
0.06260197763234644,-0.06110583859979786,0.902,-0.009215338450530058,-0.07991018676757812,-0.03333376312255859,0,0,1,0,-0.06260197763234644,0.06110583859979786,0.09799999999999998,0.009215338450530058,-0.002835131692925024,0.042824980012433435,0.09189985483870965,0.012846749313550721,1426001069465,0,0,0,0,0,0,0
0.05805026187817982,-0.06295845086309639,0.91,-0.011239920382843474,-0.06801675415039063,-0.028417179107666016,0,0,1,0,-0.05805026187817982,0.06295845086309639,0.08999999999999997,0.011239920382843474,-0.00734963795899125,0.04103965346155691,0.06751602941176464,0.0201718994959909,1426001069465,0,0,0,0,0,0,0
0.05485905808872812,-0.06384201594473794,0.915,-0.01246165085923954,-0.047716068267822265,-0.013790660858154297,0,0,1,0,-0.05485905808872812,0.06384201594473794,0.08499999999999996,0.01246165085923954,-0.010905263147198769,0.03705451105005132,0.076522475409836,0.01847016139889232,1426001069465,0,0,0,0,0,0,0
0.05416317309392327,-0.064617071592163,0.917,-0.012671090369478813,-0.010292591094970703,-0.011755006790161133,0,0,1,0,-0.05416317309392327,0.064617071592163,0.08299999999999996,0.012671090369478813,-0.025425995574119738,0.03629291334666683,0.09419199999999996,0.01356868827050427,1426001069465,0,0,0,0,0,0,0
0.0516455120456989,-0.06438038241842703,0.922,-0.012845623294678235,-0.037806869506835934,0.003071542739868164,0,0,1,0,-0.0516455120456989,0.06438038241842703,0.07799999999999996,0.012845623294678235,-0.012991221216617088,0.030957231905331478,0.07149333333333328,0.013718287920675346,1426001069465,0,0,0,0,0,0,0
0.05051863957922768,-0.06327079775974337,0.925,-0.013351768777756604,-0.01711548614501953,0.01642527198791504,0,0,1,-0.012845623294678235,-0.05051863957922768,0.06327079775974337,0.07499999999999996,0.0005061454830783685,-0.02525931978961384,0.031635398879871685,0.05999999999999997,0.0005061454830783685,1426001069465,0,0,0,0,0,0,0
0.048316852459064134,-0.06260236660264394,0.93,0.016109388995907713,-0.033157730102539064,0.009584620475769043,0,0,1,-0.012845623294678235,-0.048316852459064134,0.06260236660264394,0.06999999999999995,-0.028955012290585946,-0.011343658140053508,0.027439562971536893,0.027253333333333272,-0.17626080115890752,1426001069854,0,0,0,0,0,0,0
0.04713792167521647,-0.060672587724450354,0.933,0.028413960222467692,-0.017215373992919922,0.029227792739868166,0,0,1,-0.012845623294678235,-0.04713792167521647,0.060672587724450354,0.06699999999999995,-0.041259583517145926,-0.01790097672009703,0.021036669998573985,0.039919066666666614,-0.09252863029447916,1426001069926,0,0,0,0,0,0,0
0.05290488194571026,-0.05681176477624821,0.94,0.02158972284716989,0.08811478424072265,0.055431365966796875,0,0,1,-0.012845623294678235,-0.05290488194571026,0.05681176477624821,0.06000000000000005,-0.03443534614184812,-0.05910359229656284,0.00672738310942874,0.009758270967742573,-0.0014148427129877864,1426001069988,0,0,0,0,0,0,0
0.054675050121972574,-0.05448548807759223,0.943,0.014590952546672552,0.027299631118774415,0.034312801361083986,0,0,1,-0.012845623294678235,-0.054675050121972574,0.05448548807759223,0.05700000000000005,-0.027436575841350785,-0.03671703497588594,0.015243526583695646,0.03158465820895526,0.00390120162356266,1426001070055,0,0,0,0,0,0,0
0.05811139639443775,-0.05092243922960854,0.946,0.005724679946541432,0.05231950378417969,0.0526879768371582,0,0,1,-0.012845623294678235,-0.05811139639443775,0.05092243922960854,0.05400000000000005,-0.018570303241219666,-0.048940249782076214,0.005201533658763715,0.02797258524590167,0.025034316103687483,1426001070116,0,0,0,0,0,0,0
0.0614428485638595,-0.046869896382001994,0.952,-0.0035081117965085964,0.05031895446777344,0.06050107574462891,0,0,1,-0.012845623294678235,-0.0614428485638595,0.046869896382001994,0.04800000000000004,-0.009337511498169639,-0.047355510921083366,0.0036749388630067416,0.01114903521126762,0.02967428459922484,1426001070187,0,0,0,0,0,0,0
0.06585663195263401,-0.04387421643398734,0.955,-0.00415388361974648,0.0660487060546875,0.04516718292236328,0,0,1,-0.012845623294678235,-0.06585663195263401,0.04387421643398734,0.04500000000000004,-0.008691739674931755,-0.05981284768244631,0.004102490834542963,0.02048405172413795,-0.005351540589218563,1426001070245,0,0,0,0,0,0,0
0.06911543498905659,-0.04179370678855765,0.958,-0.005532693728821959,0.048751991271972654,0.03141042518615723,0,0,1,-0.012845623294678235,-0.06911543498905659,0.04179370678855765,0.04200000000000004,-0.007312929565856276,-0.05092094341018749,0.010913255076902353,0.02169696760563382,-0.0014869713584950966,1426001070316,0,0,0,0,0,0,0
0.07167927005758086,-0.040170821249227925,0.962,-0.004991641660703795,0.038322254180908205,0.024555683135986328,0,0,1,-0.012845623294678235,-0.07167927005758086,0.040170821249227925,0.038000000000000034,-0.00785398163397444,-0.05113705106234191,0.010915115950616096,0.010180366666666673,-0.01055924197456526,1426001070376,0,0,0,0,0,0,0
0.07348816179106127,-0.03857657624422326,0.964,-0.005218534463463022,0.027013669967651366,0.024048816680908202,0,0,1,-0.012845623294678235,-0.07348816179106127,0.03857657624422326,0.03600000000000003,-0.007627088831215214,-0.046181692743346325,0.011640604339218125,0.022165700000000017,-0.006654691105104243,1426001070446,0,0,0,0,0,0,0
0.07442719413388678,-0.03589284879386476,0.964,-0.00691150383789755,0.01387521743774414,0.040328868865966795,0,0,1,-0.012845623294678235,-0.07442719413388678,0.03589284879386476,0.03600000000000003,-0.005934119456780685,-0.04312909523031951,0.0026364245545805708,0.03238170000000003,0.002530727415391958,1426001070506,0,0,0,0,0,0,0
0.07425527086054598,-0.03519393032771259,0.966,-0.008744099552491592,-0.002651245594024658,0.010465703010559081,0,0,1,-0.012845623294678235,-0.07425527086054598,0.03519393032771259,0.03400000000000003,-0.004101523742186643,-0.03675780725006536,0.014472085535731004,0.021019700000000023,0.003752457891787823,1426001070576,0,0,0,0,0,0,0
0.07307054978367003,-0.03488071340243127,0.966,-0.010873401239924675,-0.01781121826171875,0.004542686462402344,0,0,1,-0.012845623294678235,-0.07307054978367003,0.03488071340243127,0.03400000000000003,-0.0019722220547535602,-0.03015803245975854,0.016003899101084913,0.031223700000000028,0.008674286382411855,1426001070636,0,0,0,0,0,0,0
0.070105829800492,-0.03554498913855196,0.968,-0.013665928043115593,-0.04435982894897461,-0.010447086334228516,0,0,1,-0.012845623294678235,-0.070105829800492,0.03554498913855196,0.03200000000000003,0.0008203047484373581,-0.02102150373728768,0.02146297134142785,0.019991745070422555,0.01261971377600462,1426001070707,0,0,0,0,0,0,0
0.06718379555385151,-0.03510314045885737,0.969,-0.01546361717266973,-0.0439169921875,0.006028145313262939,0,0,1,-0.012845623294678235,-0.06718379555385151,0.03510314045885737,0.031000000000000028,0.0026179938779914945,-0.017170413937713465,0.015411059555117566,0.023403566666666684,0.011606439525762176,1426001070767,0,0,0,0,0,0,0
0.06540856005095431,-0.03532916468970229,0.963,-0.016755160819145555,-0.02657292366027832,-0.003801715135574341,0,0,1,-0.012845623294678235,-0.06540856005095431,0.03532916468970229,0.03700000000000003,0.00390953752446732,-0.02449760443588407,0.01925637387159924,0.06429590000000006,0.009444724580792284,1426001070837,0,0,0,0,0,0,0
0.06086583491116642,-0.0358374273240804,0.963,-0.017208946424664064,-0.06800357818603515,-0.008764527320861816,0,0,1,-0.012845623294678235,-0.06086583491116642,0.0358374273240804,0.03700000000000003,0.004363323129985828,-0.005495740086415183,0.021271827788413272,0.03452530000000003,0.006559059930881838,1426001070899,0,0,0,0,0,0,0
0.05695203436546494,-0.035957566235283886,0.961,-0.017610372152622768,-0.05866730499267578,-0.0028120527267456053,0,0,1,-0.012845623294678235,-0.05695203436546494,0.035957566235283886,0.039000000000000035,0.004764748857944532,-0.00936994136527931,0.019096883690029272,0.046539327536231925,0.006510078109938898,1426001070968,0,0,0,0,0,0,0
0.051715768101312495,-0.0369626627665011,0.963,-0.019338248112097146,-0.07826632690429687,-0.01645722770690918,0,0,1,-0.012845623294678235,-0.051715768101312495,0.0369626627665011,0.03700000000000003,0.006492624817418911,0.003909437383122244,0.024875272377844274,0.02334973333333335,0.015132004614790804,1426001071028,0,0,0,0,0,0,0
0.04676138754671469,-0.037218204284567354,0.964,-0.018448130193580083,-0.07422769165039063,-0.0052694520950317385,0,0,1,-0.012845623294678235,-0.04676138754671469,0.037218204284567354,0.03600000000000003,0.005602506898901847,0.0005809109212382042,0.020443740371440793,0.029468400000000027,0.001787715819543003,1426001071098,0,0,0,0,0,0,0
0.043723109662594274,-0.03705704270674941,0.965,-0.018605209826259496,-0.04561100769042969,0.0015763018131256103,0,0,1,-0.012845623294678235,-0.043723109662594274,0.03705704270674941,0.03500000000000003,0.0057595865315812605,-0.004974799118119086,0.018167577013886577,0.02804506666666669,0.006544984694978327,1426001071158,0,0,0,0,0,0,0
0.03863332827231774,-0.03659250438592194,0.967,-0.018046704465621323,-0.07646314239501953,0.005546504020690918,0,0,1,-0.012845623294678235,-0.03863332827231774,0.03659250438592194,0.03300000000000003,0.005201081170943088,0.0052686675412421426,0.01657834020634366,0.02250940000000002,0.002807486768208061,1426001071228,0,0,0,0,0,0,0
0.03537564686307473,-0.03603227168728526,0.969,-0.018064157758141276,-0.0490089111328125,0.007520313739776611,0,0,1,-0.012845623294678235,-0.03537564686307473,0.03603227168728526,0.031000000000000028,0.005218534463463041,0.00043051746028066606,0.015374510748794423,0.01942873333333335,0.0053058009260628074,1426001071288,0,0,0,0,0,0,0
0.031281667673584326,-0.034190933831067874,0.973,-0.017907078125461807,-0.06189857482910156,0.02650630760192871,0,0,1,-0.012845623294678235,-0.031281667673584326,0.034190933831067874,0.027000000000000024,0.005061454830783572,0.003922364281188858,0.00853911026866116,0.008084400000000012,0.0043882564050144205,1426001071358,0,0,0,0,0,0,0
0.02733654665713467,-0.03191573590462833,0.978,-0.016406094968746655,-0.05977842712402344,0.033062870025634766,0,0,1,-0.012845623294678235,-0.02733654665713467,0.03191573590462833,0.02200000000000002,0.00356047167406842,0.008421832843257038,0.0033553621238404333,-0.0049502666666666716,-0.003944444109507341,1426001071418,0,0,0,0,0,0,0
0.02308460828914898,-0.030166197999681576,0.98,-0.015568336927789396,-0.06420101928710938,0.025193218231201173,0,0,1,-0.012845623294678235,-0.02308460828914898,0.030166197999681576,0.020000000000000018,0.0027227136331111606,0.008187120024366917,0.007269602589110765,0.013038177777777786,-0.0007679448708774205,1426001071490,0,0,0,0,0,0,0
0.01826296671819398,-0.027953764962511365,0.983,-0.015655603390389163,-0.0728324966430664,0.03205654525756836,0,0,1,-0.012845623294678235,-0.01826296671819398,0.027953764962511365,0.017000000000000015,0.002809980095710927,0.01852097928687274,0.0015599741780261342,0.0026640898305084794,0.0032537078716419437,1426001071549,0,0,0,0,0,0,0
0.01532563432133596,-0.025293039580838866,0.986,-0.014573499254152668,-0.04467938995361328,0.039216232299804685,0,0,1,-0.012845623294678235,-0.01532563432133596,0.025293039580838866,0.014000000000000012,0.0017278759594744324,0.0056543517082165845,0.0004383435220986897,0.0035781666666666687,-0.0027808912748442955,1426001071621,0,0,0,0,0,0,0
0.011472670792618132,-0.021934371320386073,0.988,-0.012636183784438905,-0.05852250289916992,0.04953243637084961,0,0,1,-0.012845623294678235,-0.011472670792618132,0.021934371320386073,0.01200000000000001,-0.00020943951023933045,0.01654612215576471,-0.008562012665927274,0.004562134482758625,-0.010230036767379483,1426001071679,0,0,0,0,0,0,0
0.008306149540901692,-0.01873712679714444,0.989,-0.010576695267085635,-0.04810002517700195,0.04735466384887695,2,0,1,0,1.9916938504590984,0.01873712679714444,0.01100000000000001,0.010576695267085635,0.9958469252295492,0.00936856339857222,0.008800000000000007,0.010576695267085635,0,0,0,0,0,0,0,0
0.004973439156430602,-0.01742244745706754,0.989,-0.0024260076602721017,-0.050196430206298825,0.01919036102294922,2,0,1,0,1.9950265608435693,0.01742244745706754,0.01100000000000001,0.0024260076602721017,1.017563884543779,0.001300448726168202,0.008868200000000008,-0.03701280334043854,0,0,0,0,0,0,0,0
0.0011131691945048816,-0.013762009129636781,0.991,0.015515977050229578,-0.05803708267211914,0.05476593780517578,2,0,1,0,1.9988868308054952,0.013762009129636781,0.009000000000000008,-0.015515977050229578,1.021640643300742,-0.011666138522774223,-0.0028146275362318854,-0.09352460622632383,0,0,0,0,0,0,0,0
-0.0008158212068090153,-0.010203199991322881,0.994,0.01790707812546185,-0.028103130340576172,0.05382464599609375,2,0,1,0,2.000815821206809,0.010203199991322881,0.006000000000000005,-0.01790707812546185,1.0153125343477756,-0.01529127504386471,-0.01224621475409837,-0.029666591610210725,0,0,0,0,0,0,0,0
0.00021767291092929697,-0.007364617740998872,0.994,0.01446877949903299,0.016262346267700196,0.04229431915283203,2,0,1,0,1.9997823270890707,0.007364617740998872,0.006000000000000005,-0.01446877949903299,0.9997682065411,-0.010896511351563309,0.005007700000000005,0.0007001850293296245,0,0,0,0,0,0,0,0
0.007016207465626319,-0.004547776443879452,0.995,0.012164944886400485,0.10257866668701172,0.04077275085449219,2,0,1,0,1.9929837925343736,0.004547776443879452,0.0050000000000000044,-0.012164944886400485,0.965784418062745,-0.0130962724489766,-0.0012290500000000006,-0.001365720139685618,0,0,0,0,0,0,0,0
0.018854236689554462,-0.0021438613507554867,0.995,0.010279989294246582,0.17799594116210937,0.03389597702026367,2,0,1,0,1.9811457633104455,0.0021438613507554867,0.0050000000000000044,-0.010279989294246582,0.9383639055491911,-0.011085922099083108,0.004274200000000004,-0.002084530197925266,0,0,0,0,0,0,0,0
0.037600980493703154,-0.0008785335215109199,1.003,0.006963863715457451,0.28138140869140627,0.016088220596313478,2,0,1,0,1.9623990195062968,0.0008785335215109199,-0.0029999999999998916,-0.006963863715457451,0.8789868262496442,-0.007030477505320825,-0.04960112711864336,0.009897791769911013,0,0,0,0,0,0,0,0
0.06322705019144216,-0.0005508422426960348,1.001,0.0038571776469074823,0.38441595458984373,0.002238424777984619,2,0,1,0,1.9367729498085577,0.0005508422426960348,-0.0009999999999998899,-0.0038571776469074823,0.8524327016453135,-0.0013031295522981145,0.009308554929577564,0.0092696648962614,0,0,0,0,0,0,0,0
0.09517911203318614,-0.001397737596679694,0.998,0.0019373154697137282,0.47922836303710936,-0.014552002906799316,2,0,1,0,1.9048208879668138,0.001397737596679694,0.0020000000000000018,-0.0019373154697137282,0.7835888127130548,0.005517425134719907,0.018797283870967133,0.007352340226385081,0,0,0,0,0,0,0,0
0.13167186963134128,-0.0030680866454045937,1.001,-0.0016929693744345067,0.547341796875,-0.026115657806396485,2,0,1,0,1.8683281303686587,0.0030680866454045937,-0.0009999999999998899,0.0016929693744345067,0.75915706970713,0.010171209898352095,-0.015986176470587584,0.017708931922147307,0,0,0,0,0,0,0,0
0.1734842985894547,-0.005065820987381077,0.998,-0.00509636141582346,0.6272362670898437,-0.028904165267944336,2,0,1,0,1.8265157014105453,0.005065820987381077,0.0020000000000000018,0.00509636141582346,0.6949406581209469,0.013674407849040502,0.018534266666666067,0.021302990184342282,0,0,0,0,0,0,0,0
0.22662882454327757,-0.006846225552393515,0.998,-0.006632251157578407,0.7972936401367188,-0.022643083572387694,2,0,1,0,1.7733711754567225,0.006846225552393515,0.0020000000000000018,0.006632251157578407,0.6323096108701562,0.012501847553700119,0.001881400000000004,0.013310032643469484,0,0,0,0,0,0,0,0
0.28686458361882344,-0.01025215582308563,0.992,-0.007819075048934566,0.9038553466796875,-0.04509539413452148,2,0,1,0,1.7131354163811765,0.01025215582308563,0.008000000000000007,0.007819075048934566,0.5154453894255436,0.025384494909694088,0.04232182033898309,0.013853772801593002,0,0,0,0,0,0,0,0
0.3561589887589139,-0.013496111535089483,0.986,-0.0084299402871326,1.0397647705078126,-0.04053065872192383,2,0,1,0,1.6438410112410862,0.013496111535089483,0.014000000000000012,0.0084299402871326,0.4877698519239675,0.023265961799841417,0.04205998260869569,0.011085876105384916,0,0,0,0,0,0,0,0
0.4306623748189128,-0.017954453898416066,0.98,-0.00968657734856846,1.1180748291015625,-0.057451984405517575,2,0,1,0,1.5693376251810873,0.017954453898416066,0.020000000000000018,0.00968657734856846,0.37549036964503313,0.0346318902882033,0.05097342950819676,0.015866759617925157,0,0,0,0,0,0,0,0
0.5092051772146426,-0.02269055497751927,0.976,-0.010803588069844862,1.17877490234375,-0.059626197814941405,2,0,1,0,1.4907948227853574,0.02269055497751927,0.02400000000000002,0.010803588069844862,0.3829654959024369,0.03445833870197976,0.03936444444444448,0.015457799408496535,0,0,0,0,0,0,0,0
0.5910302480675065,-0.027306733936254424,0.974,-0.010524335389525775,1.228052490234375,-0.05597883605957031,2,0,1,0,1.4089697519324935,0.027306733936254424,0.026000000000000023,0.010524335389525775,0.2309034730712901,0.04161580484525137,0.03373976551724141,0.009079924974082224,0,0,0,0,0,0,0,0
0.681037721238131,-0.03463751199299669,0.97,-0.010541788682045729,1.351194580078125,-0.09574681091308594,2,0,1,0,1.3189622787618691,0.03463751199299669,0.030000000000000027,0.010541788682045729,0.23690936758393538,0.05358717247782702,0.044802109859154976,0.010615534988468067,0,0,0,0,0,0,0,0
0.7706217923145666,-0.0404235894414864,0.968,-0.010140362954087023,1.344601318359375,-0.07262095642089844,2,0,1,0,1.2293782076854334,0.0404235894414864,0.03200000000000003,0.010140362954087023,0.1051105464782891,0.05469061106571048,0.038737006779661055,0.008099215184805468,0,0,0,0,0,0,0,0
0.8681784441319229,-0.046940266488748446,0.968,-0.009354964790689568,1.4642657470703124,-0.08290648651123046,2,0,1,0,1.131821555868077,0.046940266488748446,0.03200000000000003,0.009354964790689568,0.12085200869279328,0.05490336973754654,0.027106200000000028,0.006127301105494547,0,0,0,0,0,0,0,0
0.9771485349764403,-0.05467840826080801,0.967,-0.007731808586334854,1.635565673828125,-0.1007761001586914,2,0,1,0,1.0228514650235598,0.05467840826080801,0.03300000000000003,0.007731808586334854,-0.12288054555927053,0.07425549520020282,0.03413208275862072,-0.0006638269534309082,0,0,0,0,0,0,0,0
1.0918281493875706,-0.062470623223896626,0.969,-0.006161012259539999,1.7210465087890625,-0.10357965087890625,2,0,1,0,0.9081718506124294,0.062470623223896626,0.031000000000000028,0.006161012259539999,-0.10372376882330919,0.0710247523781535,0.016566572463768137,-0.000668536987394149,0,0,0,0,0,0,0,0
1.2075775829081412,-0.070342587604514,0.97,-0.004014257279586963,1.73693603515625,-0.10738028717041016,2,0,1,0,0.7924224170918588,0.070342587604514,0.030000000000000027,0.004014257279586963,-0.2435430128376902,0.08064492421451032,0.020356795081967232,-0.006543554097231246,0,0,0,0,0,0,0,0
1.3218104426174402,-0.07760694941690165,0.961,-0.0018500490071139738,1.71391650390625,-0.10208616638183594,2,0,1,0,0.6781895573825598,0.07760694941690165,0.039000000000000035,0.0018500490071139738,-0.2072129145781793,0.0754862303059869,0.07856750000000007,-0.007425129303484551,0,0,0,0,0,0,0,0
1.4303861781099843,-0.08260160727321829,0.962,0.0008203047484373841,1.6287718505859374,-0.07190668487548828,2,0,1,0,0.5696138218900157,0.08260160727321829,0.038000000000000034,-0.0008203047484373841,-0.31296455086120073,0.07037001009872279,0.027261595081967238,-0.01395319207082111,0,0,0,0,0,0,0,0
1.559483903136808,-0.08970598088942687,0.936,0.0030543261909900758,1.9363778076171876,-0.10815406036376952,2,0,1,0,0.44051609686319204,0.08970598088942687,0.06399999999999995,-0.0030543261909900758,-0.40907745849793775,0.08136289885093854,0.18612495797101397,-0.012767462897740906,0,0,0,0,0,0,0,0
0.27206465163244853,-2.2581470696242065,0.934,0.002024581932313441,1.77783544921875,-0.06085881042480469,0,0,1,0,-0.27206465163244853,2.2581470696242065,0.06599999999999995,-0.002024581932313441,-4.06947763681842,13.177864335524255,0.06736781111111109,0.0028789621566229157,0,1,1.6780181057343224,-0.09340121059735132,0.11600000000000107,-0.014563608699571393,0.1398622250347683,94.1944808959961,-1.6778255684201935,0.09679830199290275,-0.11600000000000107,1.6632619597206222,0.04306392304186556,94.3104808959961
0.33149815923935105,-1.2715038946244532,0.912,-0.000593411945678057,1.612058837890625,-0.018854475021362303,0,0,1,0,-0.33149815923935105,1.2715038946244532,0.08799999999999997,0.000593411945678057,-0.4378120412809601,-4.29467801166359,0.18447270000000004,0.011813385708498762,0,1,0.3795375653948065,-2.259186449185033,-0.03399999999999914,-0.14202398401424146,0.14246137147426247,94.00191497802733,-0.3808781267178381,2.2589608293007215,0.03399999999999914,0.23885414270359664,-2.116499457826459,93.96791497802735
0.2399455621951483,-1.0590754036671375,0.917,-0.0016231562043546918,1.554994384765625,-0.05272524261474609,0,0,1,0,-0.2399455621951483,1.0590754036671375,0.08299999999999996,0.0016231562043546918,0.4480988539273649,-0.727220541808887,0.041301383050847414,0.00685914396033758,0,1,0.4351623474521884,-1.2750804269924998,-0.09299999999999801,-0.2534543983754723,0.1461796882452522,93.9126739501953,-0.43723142800243353,1.274372411152418,0.09299999999999801,0.18377702962696124,-1.1281927229071658,93.81967395019531
0.32745341410494117,-1.0595031848870786,0.926,-0.0044505895925855184,1.31262646484375,-0.0042861270904541015,0,0,1,0,-0.32745341410494117,1.0595031848870786,0.07399999999999995,0.0044505895925855184,-0.5765321754997754,0.5360429212837782,0.01928039999999994,0.016568161256431915,0,0,0,0,0,0,0,0
0.40122036673570427,-1.0580433468604493,0.937,-0.0071558499331767274,1.1063958740234374,0.02682193374633789,0,0,1,0,-0.40122036673570427,1.0580433468604493,0.06299999999999994,0.0071558499331767274,-0.5925514943898121,0.5255890619277427,-0.006225774193548472,0.02024581932313419,0,0,0,0,0,0,0,0
0.46435747430851143,-1.056899096427987,0.951,-0.00952949771588899,0.9469095458984375,0.02394025421142578,0,0,1,0,-0.46435747430851143,1.056899096427987,0.049000000000000044,0.00952949771588899,-0.5329798723872449,0.5280871249304184,-0.027054623529411202,0.020001473227854852,0,0,0,0,0,0,0,0
0.5160770678515861,-1.0592436630331732,0.965,-0.012636183784438903,0.7760938110351563,-0.027774087905883788,0,0,1,0,-0.5160770678515861,1.0592436630331732,0.03500000000000003,0.012636183784438903,-0.5358765377760196,0.5494611172458173,-0.047652466666666705,0.02816961412718847,0,0,0,0,0,0,0,0
0.5602271821904482,-1.0597351130214971,0.978,-0.013194689145077132,0.6622919921875,0.000996950387954712,0,0,1,0,-0.5602271821904482,1.0597351130214971,0.02200000000000002,0.013194689145077132,-0.4805903780419469,0.5392542831973253,-0.04217602898550726,0.015622973321765082,0,0,0,0,0,0,0,0
0.5955037187699059,-1.0550034774918935,0.99,-0.012967796342317905,0.52816552734375,0.0779500961303711,0,0,1,0,-0.5955037187699059,1.0550034774918935,0.010000000000000009,0.012967796342317905,-0.47704840568118956,0.5078904268456337,-0.05462545901639349,0.011851930099239742,0,0,0,0,0,0,0,0
0.6202337885480509,-1.0441602782860242,1.002,-0.013857914260834915,0.36881072998046877,0.16744459533691405,0,0,1,0,-0.6202337885480509,1.0441602782860242,-0.0020000000000000018,0.013857914260834915,-0.4093562438180093,0.47690651903735937,-0.05454212957746484,0.017618975888371576,0,0,0,0,0,0,0,0
0.6389734574336887,-1.027966621498734,1.012,-0.015393804002589974,0.27770199584960936,0.24677679443359374,0,0,1,0,-0.6389734574336887,1.027966621498734,-0.01200000000000001,0.015393804002589974,-0.4065154028205128,0.4284158631422221,-0.061792533333333385,0.023073252711365268,0,0,0,0,0,0,0,0
0.6492017142940406,-1.0044941578986584,1.022,-0.018273597268380605,0.1479859313964844,0.35440692138671875,0,0,1,0,-0.6492017142940406,1.0044941578986584,-0.02200000000000002,0.018273597268380605,-0.3578120064468079,0.3854053618548865,-0.0654483538461539,0.031564950802798905,0,0,0,0,0,0,0,0
0.650183970991277,-0.97462816686723,1.049,-0.019076448724298013,0.006545459747314453,0.44818429565429685,0,0,1,0,-0.650183970991277,0.97462816686723,-0.04899999999999993,0.019076448724298013,-0.3085316466461156,0.35032782460132783,-0.1666486915492953,0.022468778819723683,0,0,0,0,0,0,0,0
0.6483737156985387,-0.9409717831830026,1.061,-0.02042035224833364,-0.03677896881103516,0.5042359313964844,0,0,1,0,-0.6483737156985387,0.9409717831830026,-0.06099999999999994,0.02042035224833364,-0.29242814642863374,0.2816250090823939,-0.11469644067796611,0.027253759997667344,0,0,0,0,0,0,0,0
0.6394694377111831,-0.9031670911929164,1.064,-0.02139773662945047,-0.14511529541015625,0.5642249145507813,0,0,1,0,-0.6394694377111831,0.9031670911929164,-0.06400000000000006,0.02139773662945047,-0.25464104868861626,0.273987933481765,-0.061358000000000606,0.025586526834236886,0,0,0,0,0,0,0,0
0.6238692216696917,-0.8620671522175974,1.064,-0.021903882112528784,-0.24714035034179688,0.6113511962890625,0,0,1,0,-0.6238692216696917,0.8620671522175974,-0.06400000000000006,0.021903882112528784,-0.20368339380398703,0.21098012104082053,-0.04675480000000005,0.02435297315968191,0,0,0,0,0,0,0,0
0.6010329655936698,-0.8183134803946003,1.062,-0.02045525883337349,-0.3568361511230469,0.6486452026367188,0,0,1,0,-0.6010329655936698,0.8183134803946003,-0.062000000000000055,0.02045525883337349,-0.16143981854702555,0.1931033824149636,-0.035122438805970185,0.013968885941633358,0,0,0,0,0,0,0,0
0.5704089269831968,-0.7684796790648465,1.059,-0.021240656996770996,-0.47455386352539064,0.7379549560546875,0,0,1,0,-0.5704089269831968,0.7684796790648465,-0.05899999999999994,0.021240656996770996,-0.09289769048332724,0.11590705021906839,-0.02660051612903157,0.0250409706906299,0,0,0,0,0,0,0,0
0.5329958342707914,-0.7114798969635235,1.078,-0.01958259420737632,-0.5792291259765625,0.8428845825195312,0,0,1,0,-0.5329958342707914,0.7114798969635235,-0.07800000000000007,0.01958259420737632,-0.05765999133311919,0.08008859701419963,-0.15565101159420358,0.012373625557834248,0,0,0,0,0,0,0,0
0.49214177896554306,-0.6482590376117088,1.075,-0.018168877513260934,-0.6312625732421875,0.9361314086914062,0,0,1,0,-0.49214177896554306,0.6482590376117088,-0.07499999999999996,0.018168877513260934,-0.0039038767052945456,-0.007716691958409072,-0.040947949999999345,0.011542080509595064,0,0,0,0,0,0,0,0
0.4504186628060335,-0.5867178943005016,1.07,-0.018273597268380598,-0.6425145263671875,0.911594482421875,0,0,1,0,-0.4504186628060335,0.5867178943005016,-0.07000000000000006,0.018273597268380598,0.011191862872465125,-0.013838672506124472,-0.02770379701492598,0.018742491694289543,0,0,0,0,0,0,0,0
0.4050623708424018,-0.5253242127286377,1.064,-0.01722639971718401,-0.69705810546875,0.90831982421875,0,0,1,0,-0.4050623708424018,0.5253242127286377,-0.06400000000000006,0.01722639971718401,0.07590736331886552,-0.07499030975178406,-0.0149873704918033,0.012076247826053248,0,0,0,0,0,0,0,0
0.360317919467406,-0.4660439412337212,1.056,-0.015515977050229529,-0.6863842163085937,0.8775109252929687,0,0,1,0,-0.360317919467406,0.4660439412337212,-0.05600000000000005,0.015515977050229529,0.052303728985644476,-0.036251884501266984,-0.005066235616438361,0.00848684280247139,0,0,0,0,0,0,0,0
0.26415454505709135,-0.31821997618786735,1.053,-0.0129677963423179,-0.6778756713867188,0.9251119995117187,0,0,1,0,-0.26415454505709135,0.31821997618786735,-0.052999999999999936,0.0129677963423179,0.46600023992054573,-0.71779998804801,-0.023226351724137197,-0.000212448698604319,0,1,0.31608854382512874,-0.4036760662475719,-0.7430000000000019,-0.3163272800906714,-0.4105880182499091,94.16565704345703,-0.3212966091810577,0.39954326790393935,0.7430000000000019,0.004969329090386276,-0.8101312861538484,93.42265704345704
0.18682978789829102,-0.1863338465637312,1.049,-0.010279989294246589,-0.689609130859375,0.9131129760742187,0,0,1,0,-0.18682978789829102,0.1863338465637312,-0.04899999999999993,0.010279989294246589,0.3222344229658176,-0.5704008446473158,-0.017874764705882284,-0.0015779829766562527,0,1,0.2189738506034364,-0.25675473211922606,-0.5889999999999993,-0.25365471358988484,-0.5351964790951551,95.2152557373047,-0.22160166973555798,0.2544901563599746,0.5889999999999993,-0.03205304385432686,-0.7896866354551297,94.62625573730469
0.1433924431705155,-0.12592841028995208,1.046,-0.007766715171374755,-0.660840087890625,0.8993357543945313,0,0,1,0,-0.1433924431705155,0.12592841028995208,-0.04600000000000004,0.007766715171374755,0.19510121879874226,-0.2682896480548534,-0.019130485245902294,-0.00459364936733918,0,0,0,0,0,0,0,0
0.10453353544969216,-0.06861022191922704,1.041,-0.0035779249665883472,-0.5895435791015625,0.8552198486328125,0,0,1,0,-0.10453353544969216,0.06861022191922704,-0.040999999999999925,0.0035779249665883472,0.15412221013012273,-0.2289408564541467,-0.008333244444443822,-0.013875367553355021,0,0,0,0,0,0,0,0
0.07100551294174931,-0.01253388035936591,1.038,0.0011344640137963269,-0.5059266662597657,0.83934033203125,0,0,1,0,-0.07100551294174931,0.01253388035936591,-0.038000000000000034,-0.0011344640137963269,0.1808419088200549,-0.31099781337767574,-0.012666389830509144,-0.025095763914057382,1426001075264,0,0,0,0,0,0,0
0.04541855519578698,0.035295785865844836,1.041,0.003228859116189503,-0.3829902038574219,0.7178799438476563,0,0,1,0,-0.04541855519578698,-0.035295785865844836,-0.040999999999999925,-0.003228859116189503,0.12084098203991235,-0.23806148777970984,-0.0479428323943656,-0.012078415886864896,1426001075264,0,0,0,0,0,0,0
0.02794461573273004,0.07435700440158469,1.038,0.00261799387799147,-0.2602158813476563,0.5867615356445313,0,0,1,0,-0.02794461573273004,-0.07435700440158469,-0.038000000000000034,-0.00261799387799147,0.10708753706760062,-0.2535750159166373,-0.013181689830509144,0.00048810055352395106,1426001075264,0,0,0,0,0,0,0
0.018020123835246038,0.10482304145394025,1.033,0.00027925268031911426,-0.14767047119140625,0.45737872314453126,0,0,1,0,-0.018020123835246038,-0.10482304145394025,-0.03299999999999992,-0.00027925268031911426,0.058720011781404624,-0.19169913843894348,-0.001843681159419644,0.009889187309560694,0,0,0,0,0,0,0,0
0.012755453117051705,0.12296475639546653,1.028,-0.003089232776029932,-0.07889406585693359,0.27214776611328123,0,0,1,0,-0.012755453117051705,-0.12296475639546653,-0.028000000000000025,0.003089232776029932,0.040722728537266814,-0.1487212718804913,0.004846206451612281,0.019388355951912413,0,0,0,0,0,0,0,0
0.011480477303591712,0.13236245534245727,1.027,-0.007068583470577012,-0.019560020446777345,0.14090573120117186,0,0,1,0,-0.011480477303591712,-0.13236245534245727,-0.026999999999999913,0.007068583470577012,0.018007143832538836,-0.0980883628797092,-0.017768599999999368,0.024122943590064495,0,0,0,0,0,0,0,0
0.013176171038723797,0.13407147628949914,1.023,-0.009442231253289331,0.02525356674194336,0.025814464569091797,0,0,1,0,-0.013176171038723797,-0.13407147628949914,-0.02299999999999991,0.009442231253289331,0.0008849654067790997,-0.06200411036179434,0.003626733333333434,0.021310470166850927,0,0,0,0,0,0,0,0
0.018428151395261397,0.12842445572452824,1.023,-0.011920598791121258,0.07957598876953124,-0.08395768737792969,0,0,1,0,-0.018428151395261397,-0.12842445572452824,-0.02299999999999991,0.011920598791121258,-0.018502673477075553,-0.020655616882394052,-0.019865299999999923,0.022696109825173113,0,0,0,0,0,0,0,0
0.024477103021701002,0.11678929117166834,1.019,-0.012758356832078573,0.0928082504272461,-0.17343348693847657,0,0,1,0,-0.024477103021701002,-0.11678929117166834,-0.018999999999999906,0.012758356832078573,-0.02960869974970992,0.023205557589865644,0.006169619672131248,0.0168784783449834,0,0,0,0,0,0,0,0
0.030729422158312585,0.09909064787281338,1.013,-0.014137166941154107,0.09716414642333984,-0.26426153564453125,0,0,1,0,-0.030729422158312585,-0.09909064787281338,-0.0129999999999999,0.014137166941154107,-0.02887086923029097,0.05247221716560793,0.017503964788732507,0.01996312514851552,1426001075856,0,0,0,0,0,0,0
0.036686692846208166,0.08094436044895605,1.008,-0.01420698011123381,0.09319805908203126,-0.2709038696289062,0,0,1,0,-0.036686692846208166,-0.08094436044895605,-0.008000000000000007,0.01420698011123381,-0.03523165326235819,0.07836719425019596,0.020566224590163322,0.014550323570642182,1426001075856,0,0,0,0,0,0,0
0.044742528844384274,0.06065031793921196,1.003,-0.013997540600994483,0.1251499557495117,-0.3026632385253906,0,0,1,0,-0.044742528844384274,-0.06065031793921196,-0.0029999999999998916,0.013997540600994483,-0.046572796612387585,0.08880956125782584,0.021592594117647745,0.013073542761703335,1426001075856,0,0,0,0,0,0,0
0.0532844907827089,0.04137813294842614,0.995,-0.015027284859671173,0.13216319274902344,-0.2872610168457031,0,0,1,0,-0.0532844907827089,-0.04137813294842614,0.0050000000000000044,0.015027284859671173,-0.058423676388783236,0.10454389313013042,0.0481894393442617,0.020091600885949978,1426001075856,0,0,0,0,0,0,0
0.06335402066863699,0.02415505618480849,0.989,-0.014451326206512991,0.15490798950195311,-0.25604730224609373,0,0,1,0,-0.06335402066863699,-0.02415505618480849,0.01100000000000001,0.014451326206512991,-0.06483918155268167,0.08867579618782868,0.03716480000000004,0.011982931978692213,1426001075856,0,0,0,0,0,0,0
0.07230603427322,0.009753378479351258,0.989,-0.014381513036433289,0.13738792419433593,-0.21406214904785156,0,0,1,-0.014451326206512991,-0.07230603427322,-0.009753378479351258,0.01100000000000001,-0.00006981317007970222,-0.03615301713661,-0.004876689239675629,0.008800000000000007,-0.00006981317007970222,1426001075856,0,0,0,0,0,0,0
0.08280362432011247,-0.0021608801709256213,0.981,-0.015865042900628377,0.1600176544189453,-0.176430908203125,0,0,1,-0.014451326206512991,-0.08280362432011247,0.0021608801709256213,0.019000000000000017,0.0014137166941153856,-0.09394772493154269,0.060653245952966846,0.05533300000000004,0.0077717018263800475,1426001076246,0,0,0,0,0,0,0
0.08969264936079228,-0.009577214224815932,0.975,-0.01870992958137916,0.10508720397949219,-0.10959165954589843,0,0,1,-0.014451326206512991,-0.08969264936079228,0.009577214224815932,0.025000000000000022,0.004258603374866169,-0.08448619258988989,0.047348698203985226,0.05471172950819677,0.01824984934577166,1426001076307,0,0,0,0,0,0,0
0.09595058477008947,-0.013902948496775903,0.973,-0.021327923459370714,0.09506654357910156,-0.06311847686767579,0,0,1,-0.014451326206512991,-0.09595058477008947,0.013902948496775903,0.027000000000000024,0.0068765972528577225,-0.07989732396854003,0.02891055236466186,0.032216727536231914,0.018259179331081864,1426001076376,0,0,0,0,0,0,0
0.10044651240448674,-0.016647524502704396,0.969,-0.02183406894244908,0.06830155181884766,-0.03972105407714844,0,0,1,-0.014451326206512991,-0.10044651240448674,0.016647524502704396,0.031000000000000028,0.0073827427359360875,-0.06254574248736337,0.015695354916771157,0.03636492290076339,0.008541854529245321,0,0,0,0,0,0,0,0
0.10246925368999661,-0.014617452757436738,0.971,-0.022567107228286618,0.029669069290161134,0.03110623550415039,0,0,1,-0.014451326206512991,-0.10246925368999661,0.014617452757436738,0.029000000000000026,0.008115781021773627,-0.06250338159282537,-0.0035741718200724276,0.013497169230769247,0.011499034648716117,0,0,0,0,0,0,0,0
0.10221723731661006,-0.01539772697983452,0.971,-0.02335250539168413,-0.0035151774883270264,-0.0117864351272583,0,0,1,-0.014451326206512991,-0.10221723731661006,0.01539772697983452,0.029000000000000026,0.008901179185171137,-0.05021670247277921,0.01189510118842323,0.024457800000000023,0.012471170836978003,0,0,0,0,0,0,0,0
0.09823122776531489,-0.012035781725749357,0.975,-0.023509585024363597,-0.06095138168334961,0.04901930618286133,0,0,1,-0.014451326206512991,-0.09823122776531489,0.012035781725749357,0.025000000000000022,0.009058258817850606,-0.026367364516164307,-0.013527815131129522,-0.0019255333333333367,0.00984365698124795,1426001076698,0,0,0,0,0,0,0
0.09380704698936702,-0.007709942662186465,0.977,-0.024556782575560186,-0.06786971282958984,0.06330963897705078,0,0,1,-0.014451326206512991,-0.09380704698936702,0.007709942662186465,0.02300000000000002,0.010105456369047194,-0.024699266602966695,-0.018339492707683487,0.009670082352941187,0.01472544556550273,1426001076698,0,0,0,0,0,0,0
0.08779393078530211,-0.008082594830509207,0.978,-0.026581364507873604,-0.09003229522705078,-0.0078028163909912105,0,0,1,-0.014451326206512991,-0.08779393078530211,0.008082594830509207,0.02200000000000002,0.012130038301360613,-0.010573648608354039,0.006220874301922698,0.01365543870967743,0.021926402489973927,1426001076698,0,0,0,0,0,0,0
0.08200993810837806,-0.0035754814104851547,0.979,-0.026354471705114377,-0.08852610778808594,0.06527689361572266,0,0,1,-0.014451326206512991,-0.08200993810837806,0.0035754814104851547,0.02100000000000002,0.011903145498601386,-0.012344156667840361,-0.02099606644314754,0.013573036231884075,0.010916655051822141,1426001076698,0,0,0,0,0,0,0
0.07260754206970957,0.003047085442401833,0.98,-0.026563911215353706,-0.14360467529296875,0.09558750915527343,0,0,1,-0.014451326206512991,-0.07260754206970957,-0.003047085442401833,0.020000000000000018,0.012112585008840715,0.014390832572292428,-0.037664292959138757,0.012504750000000012,0.013094332713087568,1426001076698,0,0,0,0,0,0,0
0.06601353485031909,0.0076159520929527606,0.981,-0.027052603405912066,-0.10069550323486329,0.06588169097900391,0,0,1,-0.014451326206512991,-0.06601353485031909,-0.0076159520929527606,0.019000000000000017,0.012601277199399075,0.001193134015346424,-0.027965428634445975,0.01199586969696971,0.01482260533830071,1426001077027,0,0,0,0,0,0,0
0.05638379475907003,0.0068809938411340575,0.986,-0.027628562059070248,-0.14409504699707032,-0.014927506446838379,0,0,1,-0.014451326206512991,-0.05638379475907003,-0.0068809938411340575,0.014000000000000012,0.013177235852557256,0.026257996924276876,0.0008436649596053601,-0.015304224590163947,0.01600981939267946,1426001077088,0,0,0,0,0,0,0
0.04722676631925447,0.004893744873597591,0.986,-0.02726204291615145,-0.1364795379638672,-0.033591808319091795,0,0,1,-0.014451326206512991,-0.04722676631925447,-0.004893744873597591,0.014000000000000012,0.012810716709638459,0.02069065410050504,0.007413139035796828,0.013483700000000013,0.0112620442747703,1426001077159,0,0,0,0,0,0,0
0.03981198135503013,0.010646570962214656,0.985,-0.02736676267127111,-0.11353266143798828,0.08322856903076171,0,0,1,-0.014451326206512991,-0.03981198135503013,-0.010646570962214656,0.015000000000000013,0.01291543646475812,0.02042593379426562,-0.03722642401227181,0.01993375555555557,0.013414101965327933,1426001077222,0,0,0,0,0,0,0
0.0329632618835058,0.011123695386031737,0.986,-0.027052603405912062,-0.1028881607055664,0.0043431282043457035,0,0,1,-0.014451326206512991,-0.0329632618835058,-0.011123695386031737,0.014000000000000012,0.012601277199399071,0.0189542548703855,-0.008042388204191515,0.008367569696969706,0.011173280538676124,1426001077288,0,0,0,0,0,0,0
0.02568663535222249,0.00818148112044508,0.988,-0.02684316389567279,-0.10791568756103516,-0.047069480895996094,0,0,1,-0.014451326206512991,-0.02568663535222249,-0.00818148112044508,0.01200000000000001,0.012391837689159798,0.027335405946196375,0.012563125768049667,0.0008546774193548441,0.011378420704131056,1426001077350,0,0,0,0,0,0,0
0.020789477241867284,0.009060644807809335,0.985,-0.026529004630313796,-0.07378485870361329,0.011211112976074218,0,0,1,-0.014451326206512991,-0.020789477241867284,-0.009060644807809335,0.015000000000000013,0.012077678423800805,0.012496915862340622,-0.008765966188950551,0.029236333333333357,0.010768681484805,1426001077422,0,0,0,0,0,0,0
0.018088157767622775,0.005206712411318897,0.985,-0.026703537555513218,-0.03897209930419922,-0.058863468170166015,0,0,1,-0.014451326206512991,-0.018088157767622775,-0.005206712411318897,0.015000000000000013,0.012252211349000227,0.006332520557696862,0.020688181084739157,0.014740000000000014,0.01315496785865241,1426001077480,0,0,0,0,0,0,0
0.013515220231438599,-0.0012383076295561521,0.989,-0.026686084262993265,-0.06598834228515625,-0.09847232055664062,0,0,1,-0.014451326206512991,-0.013515220231438599,0.0012383076295561521,0.01100000000000001,0.012234758056480274,0.015504657997126078,0.03334718758004962,-0.008673955072463773,0.012158874175958737,1426001077549,0,0,0,0,0,0,0
0.011391633044224404,-0.0059289807583603,0.991,-0.02755874888899043,-0.029965053558349608,-0.07118499755859375,0,0,1,-0.014451326206512991,-0.011391633044224404,0.0059289807583603,0.009000000000000008,0.01310742268247744,0.00516092149139812,0.029063423920232697,-0.0010385111111111105,0.017262968520559183,1426001077612,0,0,0,0,0,0,0
0.009701418596514966,-0.013014642607400017,0.99,-0.02768092193663005,-0.022414880752563475,-0.10694318389892578,0,0,1,-0.014451326206512991,-0.009701418596514966,0.013014642607400017,0.010000000000000009,0.013229595730117057,0.0029013583417125443,0.043026127982348145,0.016087658823529426,0.013768594469703606,1426001077680,0,0,0,0,0,0,0
0.010540909724192159,-0.02034993037738795,0.997,-0.028221974004748324,0.015632866859436035,-0.10963864135742188,0,0,1,-0.014451326206512991,-0.010540909724192159,0.02034993037738795,0.0030000000000000027,0.013770647798235332,-0.011041202735715884,0.052323583697272226,-0.034805034426229536,0.016431559608653078,1426001077741,0,0,0,0,0,0,0
0.01128855024566386,-0.02594042184916694,0.994,-0.029181905093345145,0.013576448440551758,-0.08350752258300781,0,0,1,-0.014451326206512991,-0.01128855024566386,0.02594042184916694,0.006000000000000005,0.014730578886832154,-0.010398439180943438,0.04140657704775223,0.023017691304347845,0.018904192315513987,1426001077810,0,0,0,0,0,0,0
0.013947274054627144,-0.034696949452155165,0.994,-0.028815385950426348,0.04369631576538086,-0.13012835693359376,0,0,1,-0.014451326206512991,-0.013947274054627144,0.034696949452155165,0.006000000000000005,0.014364059743913356,-0.02345301221206983,0.06852783793312218,0.007836300000000008,0.012531464029319369,1426001077870,0,0,0,0,0,0,0
0.016962216411026104,-0.041514795420669486,0.997,-0.029286624848464806,0.04815183639526367,-0.1009222640991211,0,0,1,-0.014451326206512991,-0.016962216411026104,0.041514795420669486,0.0030000000000000027,0.014835298641951815,-0.02475615096643225,0.05546893842733919,-0.009760391304347832,0.016884163416032067,1426001077939,0,0,0,0,0,0,0
0.021975391670633716,-0.050263255516849105,0.998,-0.029600784113823796,0.07900802612304687,-0.12896865844726563,0,0,1,-0.014451326206512991,-0.021975391670633716,0.050263255516849105,0.0020000000000000018,0.015149457907310804,-0.025093114239332612,0.04817770006103337,0.00207185970149254,0.015852799546174214,1426001078073,0,0,0,0,0,0,0
0.02588849463644067,-0.05686116468616882,1.002,-0.029827676916583078,0.06159995269775391,-0.09718807220458985,0,0,1,-0.014451326206512991,-0.02588849463644067,0.05686116468616882,-0.0020000000000000018,0.015376350710070086,-0.03537190171901046,0.06474490608571355,-0.02040400000000002,0.01643991072300422,1426001078137,0,0,0,0,0,0,0
0.03207001036532511,-0.06269148919467821,1,-0.029461157773664225,0.09528968048095703,-0.08465067291259766,0,0,1,-0.014451326206512991,-0.03207001036532511,0.06269148919467821,0,0.015009831567151233,-0.05142483589508408,0.06400793992238472,0.014182111111111123,0.013264502315156695,1426001078200,0,0,0,0,0,0,0
0.03340514548293158,-0.07071162644039951,1.001,-0.02974041045398337,0.023562061309814454,-0.11965991973876954,0,0,1,-0.014451326206512991,-0.03340514548293158,0.07071162644039951,-0.0009999999999998899,0.015289084247470379,-0.025308413677991026,0.08094612636231764,-0.0033803612903218665,0.01664030689417592,1426001078262,0,0,0,0,0,0,0
0.038270949534655256,-0.07227202868135049,1.004,-0.02984513020910303,0.07365078735351563,-0.021225337982177735,0,0,1,-0.014451326206512991,-0.038270949534655256,0.07227202868135049,-0.0040000000000000036,0.01539380400259004,-0.04491228433088955,0.04441631069087381,-0.0153801913043484,0.015849107285719,1426001078331,0,0,0,0,0,0,0
0.043395190110390405,-0.0752052655461318,1.005,-0.029565877528783892,0.07814232635498047,-0.041685295104980466,0,0,1,-0.014451326206512991,-0.043395190110390405,0.0752052655461318,-0.004999999999999893,0.015114551322270901,-0.052220641282183095,0.05484376808914759,-0.006731004918032065,0.013741177484635794,1426001078392,0,0,0,0,0,0,0
0.046541379542573286,-0.0789099322293181,1.01,-0.028536133270107317,0.0488149528503418,-0.05415061950683594,0,0,1,-0.014451326206512991,-0.046541379542573286,0.0789099322293181,-0.010000000000000009,0.014084807063594326,-0.040155881772290014,0.05844462421442195,-0.030063300000000577,0.009671617383551857,1426001078462,0,0,0,0,0,0,0
0.04984479614113584,-0.07885491830592947,1.018,-0.028571039855147168,0.04950753021240235,0.0022386820316314697,0,0,1,-0.014451326206512991,-0.04984479614113584,0.07885491830592947,-0.018000000000000016,0.014119713648634177,-0.04537647994662316,0.03962018223467944,-0.058237966666666724,0.014294246573833432,1426001078522,0,0,0,0,0,0,0
0.05024506947350895,-0.07783913736470044,1.023,-0.02776818839922976,0.005566380023956299,0.015402015686035156,0,0,1,-0.014451326206512991,-0.05024506947350895,0.07783913736470044,-0.02299999999999991,0.013316862192716768,-0.028315538852876684,0.034481101267649625,-0.04038248732394306,0.009924532097291099,1426001078593,0,0,0,0,0,0,0
0.050882391891762135,-0.07593404696074015,1.022,-0.026302111827554514,0.008762739181518554,0.028830764770507812,0,0,1,-0.014451326206512991,-0.050882391891762135,0.07593404696074015,-0.02200000000000002,0.011850785621041523,-0.030409265204592882,0.027468459974455406,-0.009233266666667319,0.004520402762665295,1426001078653,0,0,0,0,0,0,0
0.05234716884743982,-0.07112968894490587,1.021,-0.02654645792283375,0.020068801879882813,0.07261827850341797,0,0,1,-0.014451326206512991,-0.05234716884743982,0.07112968894490587,-0.020999999999999908,0.012095131716320758,-0.034890087158505764,0.011858455843968559,-0.009339036231883412,0.013157506043621781,1426001078722,0,0,0,0,0,0,0
0.05036904199090332,-0.06502430385663104,1.021,-0.025342180738957693,-0.032092308044433596,0.09076091766357422,0,0,1,-0.014451326206512991,-0.05036904199090332,0.06502430385663104,-0.020999999999999908,0.010890854532444701,-0.01533537934235833,-0.0012498732302428234,-0.01454169999999992,0.005063706868528297,1426001078784,0,0,0,0,0,0,0
0.049761596680848744,-0.05932594827241766,1.02,-0.024661502330679846,-0.011274653434753418,0.08521700286865234,0,0,1,-0.014451326206512991,-0.049761596680848744,0.05932594827241766,-0.020000000000000018,0.010210176124166855,-0.023151593020544356,0.0015030652060367827,-0.008807236231884626,0.007250704783828395,1426001078853,0,0,0,0,0,0,0
0.04834045456193111,-0.05313061438468687,1.017,-0.023858650874762438,-0.023602210998535156,0.09237609100341797,0,0,1,-0.014451326206512991,-0.04834045456193111,0.05313061438468687,-0.016999999999999904,0.009407324668249447,-0.017261274866500302,-0.008797468808863913,0.0059183000000007455,0.005393067388662406,1426001078913,0,0,0,0,0,0,0
0.04457759205432527,-0.04525149478274636,1.017,-0.022497294058206913,-0.05924638366699219,0.11680663299560547,0,0,1,-0.014451326206512991,-0.04457759205432527,0.04525149478274636,-0.016999999999999904,0.008045967851693921,-0.004886731082792417,-0.015961502894759214,-0.011700699999999918,0.0022115814950273835,1426001078983,0,0,0,0,0,0,0
0.041841214103537035,-0.04081569473861425,1.015,-0.021101030656611425,-0.04253205871582031,0.06559682464599609,0,0,1,-0.014451326206512991,-0.041841214103537035,0.04081569473861425,-0.014999999999999902,0.0066497044500984336,-0.006395754660958219,-0.004634815747716802,0.0014759666666667639,-0.00033161255787900537,1426001079043,0,0,0,0,0,0,0
0.038632180420233767,-0.03688432098619347,1.013,-0.02022836603061426,-0.04936903762817383,0.05794184494018555,0,0,1,-0.014451326206512991,-0.038632180420233767,0.03688432098619347,-0.0129999999999999,0.005777039824101268,-0.0047353166420158015,-0.0003560521039034821,0.0013183000000000934,0.0020370485698276994,1426001079113,0,0,0,0,0,0,0
0.03451993160501684,-0.03273889108445007,1.013,-0.019774580425095695,-0.06292885589599609,0.060921051025390624,0,0,1,-0.014451326206512991,-0.03451993160501684,0.03273889108445007,-0.0129999999999999,0.0053232542185827035,0.0048494524420419315,-0.006537181103703053,-0.008760999999999913,0.003091521732425831,1426001079174,0,0,0,0,0,0,0
0.02837694729221317,-0.027663231441577008,1.011,-0.01860520982625949,-0.09363218688964844,0.07429800415039063,0,0,1,-0.014451326206512991,-0.02837694729221317,0.027663231441577008,-0.010999999999999899,0.004153883619746498,0.015021132048112892,-0.01064869134290251,0.0027620000000000977,-0.0008577046609800978,1426001079244,0,0,0,0,0,0,0
0.023114951595480958,-0.022505567362475776,1.014,-0.018133970928221083,-0.08035558319091797,0.07588314819335938,0,0,1,-0.014451326206512991,-0.023114951595480958,0.022505567362475776,-0.014000000000000012,0.0036826447217080914,0.017618314259107936,-0.017922095622427515,-0.027222000000000666,0.0013264502315160596,1426001079304,0,0,0,0,0,0,0
0.017428186403939325,-0.017186036739044258,1.012,-0.018029251173101418,-0.08673433685302734,0.07823307037353516,0,0,1,-0.014451326206512991,-0.017428186403939325,0.017186036739044258,-0.01200000000000001,0.003577924966588427,0.018188348184499586,-0.017081110030826338,0.0017940000000000074,0.00312912601607558,1426001079374,0,0,0,0,0,0,0
0.012324306788278824,-0.006699369871860003,1.008,-0.01766273203018262,-0.07938159942626953,0.15589422607421874,0,0,1,-0.014451326206512991,-0.012324306788278824,0.006699369871860003,-0.008000000000000007,0.0032114058236696295,0.02207169854190163,-0.056894994117245926,0.018279333333333356,0.001378810109075642,1426001079434,0,0,0,0,0,0,0
0.005808709497754868,-0.00403547162989312,1.007,-0.01651081472386637,-0.09842445373535157,0.03822608184814453,0,0,1,-0.014451326206512991,-0.005808709497754868,0.00403547162989312,-0.006999999999999895,0.002059488517353377,0.027225726209463758,-0.010001319649642255,0.0005567111111117479,-0.002740166925631008,1426001079506,0,0,0,0,0,0,0
-0.0015120550890929787,-0.008324429625952656,1.008,-0.017418385934903385,-0.10873433685302734,-0.06613859558105468,0,0,1,-0.014451326206512991,0.0015120550890929787,0.008324429625952656,-0.008000000000000007,0.002967059728390394,0.042642222729148735,0.030540547267826436,-0.011083803389831169,0.007581828598070142,1426001079565,0,0,0,0,0,0,0
-0.008841977571340583,-0.010686138955459843,1.006,-0.018483036778619927,-0.10931513214111328,-0.03733530044555664,0,0,1,-0.014451326206512991,0.008841977571340583,0.010686138955459843,-0.006000000000000005,0.004031710572106936,0.03953472126756055,0.018094457714319744,0.006406400000000012,0.008594499902320684,1426001079635,0,0,0,0,0,0,0
-0.014250049800849582,-0.008890107976866308,1.004,-0.01797689129554156,-0.08160514068603515,0.02543658447265625,0,0,1,-0.014451326206512991,0.014250049800849582,0.008890107976866308,-0.0040000000000000036,0.003525565089028567,0.03564296822194601,-0.004584453535562725,0.009092311111111126,0.0011153485029410984,1426001079698,0,0,0,0,0,0,0
-0.01836603959070957,-0.004374591202545902,1.001,-0.01883210262901877,-0.06294742965698243,0.06661197662353516,0,0,1,-0.014451326206512991,0.01836603959070957,0.004374591202545902,-0.0009999999999998899,0.00438077642250578,0.029169861844668462,-0.02044985152840982,0.016046141791045465,0.008210080900761956,1426001079765,0,0,0,0,0,0,0
-0.01944509811424838,-0.011375288717359858,1.005,-0.019198621771937627,-0.014205556869506836,-0.10529663848876954,0,0,1,-0.014451326206512991,0.01944509811424838,0.011375288717359858,-0.004999999999999893,0.004747295565424636,0.014514127018521686,0.04748324503484344,-0.02618883333333326,0.006579891280018919,1426001079825,0,0,0,0,0,0,0
-0.022268789877288354,-0.015456851397870171,1.006,-0.02003637981289483,-0.041172237396240235,-0.062025272369384765,0,0,1,-0.014451326206512991,0.022268789877288354,0.015456851397870171,-0.006000000000000005,0.00558505360638184,0.02356688296946958,0.028817977980809345,-0.008627677464789279,0.009124876314651715,1426001079896,0,0,0,0,0,0,0
-0.027021879061762913,-0.019988093602393293,1.003,-0.021205750411731093,-0.06992027282714844,-0.06938341522216797,0,0,1,-0.014451326206512991,0.027021879061762913,0.019988093602393293,-0.0029999999999998916,0.006754424205218101,0.039766386982654084,0.03740745872131755,0.016183900000000764,0.012601277199399408,1426001079956,0,0,0,0,0,0,0
-0.028594395643549625,-0.023803854129024853,0.999,-0.021432643214490375,-0.022368795394897462,-0.05772369766235352,0,0,1,-0.014451326206512991,0.028594395643549625,0.023803854129024853,0.0010000000000000009,0.006981317007977383,0.02082255521631452,0.0322548244700764,0.022180655072463234,0.00796780745475687,1426001080025,0,0,0,0,0,0,0
-0.03142940149725773,-0.027789267722538702,0.999,-0.022863813201125713,-0.04123414993286133,-0.060678829193115236,0,0,1,-0.014451326206512991,0.03142940149725773,0.027789267722538702,0.0010000000000000009,0.008412486994612722,0.030549123721680012,0.03777630287689762,0.0018969000000000126,0.01545102791249144,1426001080086,0,0,0,0,0,0,0
-0.03272318066552594,-0.032296826557567965,0.996,-0.024294983187761052,-0.017855850219726563,-0.06803938293457032,0,0,1,-0.014451326206512991,0.03272318066552594,0.032296826557567965,0.0040000000000000036,0.009843656981248061,0.021421388344148282,0.039723357072249735,0.019324900000000027,0.015977242638256655,1426001080156,0,0,0,0,0,0,0
-0.03522290045344533,-0.03313865508884822,1,-0.025446900494077305,-0.037177978515625,-0.013534571647644043,0,0,1,-0.014451326206512991,0.03522290045344533,0.03313865508884822,0,0.010995574287564314,0.030335511978464014,0.022379280966771057,-0.021455745161290327,0.0165693677052236,1426001080218,0,0,0,0,0,0,0
-0.035301257883402305,-0.035147201484028154,0.998,-0.027733281814189915,-0.000408394455909729,-0.030148347854614257,0,0,1,-0.014451326206512991,0.035301257883402305,0.035147201484028154,0.0020000000000000018,0.013281955607676924,0.01669068446663641,0.028993302869276788,0.013032617647058846,0.023368932019938442,1426001080285,0,0,0,0,0,0,0
-0.03521292871791422,-0.03807520100385462,1.002,-0.02946115777366424,0.0025423173904418946,-0.043866363525390625,0,0,1,-0.014451326206512991,0.03521292871791422,0.03807520100385462,-0.0020000000000000018,0.015009831567151247,0.01575788278193444,0.03694241930092928,-0.023424519672131158,0.023507582187516772,1426001080347,0,0,0,0,0,0,0
-0.03244609002414658,-0.03866126008242986,1.006,-0.030997047515419297,0.04174352264404297,-0.007564534187316894,0,0,1,-0.014451326206512991,0.03244609002414658,0.03866126008242986,-0.006000000000000005,0.016545721308906306,0.0006622519514544369,0.02347822180365718,-0.024302735294117656,0.023321705463708035,1426001080415,0,0,0,0,0,0,0
-0.02943081129452371,-0.038686411723124044,1.008,-0.03358013480837089,0.045219146728515625,0.001024653196334839,0,0,1,-0.014451326206512991,0.02943081129452371,0.038686411723124044,-0.008000000000000007,0.019128808601857897,-0.0028212921104070563,0.02063489515156435,-0.01613573076923077,0.031050749953942164,1426001080480,0,0,0,0,0,0,0
-0.026648963895409997,-0.039056685796004235,1.006,-0.03616322210132249,0.04189065933227539,-0.004150021076202393,0,0,1,-0.014451326206512991,0.026648963895409997,0.039056685796004235,-0.006000000000000005,0.021711895894809496,-0.0027107323132681584,0.02267395231810968,0.006799960606060621,0.033453201771862215,1426001080546,0,0,0,0,0,0,0
-0.023285724223678746,-0.03805852647238815,1.011,-0.037856191475757014,0.0498742790222168,0.016786586761474608,0,0,1,-0.014451326206512991,0.023285724223678746,0.03805852647238815,-0.010999999999999899,0.023404865269244023,-0.008611724349143538,0.014600123938552327,-0.036100106451612206,0.03159665256489497,1426001080608,0,0,0,0,0,0,0
-0.021463670384203798,-0.03462289643366429,1.012,-0.04045673206122856,0.025360794067382814,0.05253192138671875,0,0,1,-0.014451326206512991,0.021463670384203798,0.03462289643366429,-0.01200000000000001,0.026005405854715568,0.0007430730426088404,0.002070155193039734,-0.01355642054794574,0.03669255894569452,1426001080681,0,0,0,0,0,0,0
-0.017730762314295146,-0.03446943071796856,1.014,-0.0423242343608625,0.055854698181152344,0.004564803123474121,0,0,1,-0.014451326206512991,0.017730762314295146,0.03446943071796856,-0.014000000000000012,0.02787290815434951,-0.015298765226545594,0.017542935384509108,-0.022722401754385974,0.037701867626107104,1426001080738,0,0,0,0,0,0,0
-0.014356232905201221,-0.03297370689173912,1.013,-0.04466297555853491,0.04962331390380859,0.024557491302490235,0,0,1,-0.014451326206512991,0.014356232905201221,0.03297370689173912,-0.0129999999999999,0.030211649352021922,-0.010927262271984185,0.010281869277062714,-0.00473269999999935,0.04023482591347512,1426001080808,0,0,0,0,0,0,0
-0.01119235795204011,-0.02884119158433729,1.01,-0.04642575810304914,0.04464316177368164,0.06404483032226563,0,0,1,-0.014451326206512991,0.01119235795204011,0.02884119158433729,-0.010000000000000009,0.03197443189653615,-0.014085774515097042,-0.008394803823717718,0.010107299999999372,0.040788344619107283,1426001080868,0,0,0,0,0,0,0
-0.008805981594831414,-0.027506621285024888,1.006,-0.0480314610148839,0.03482803344726562,0.021658227920532225,0,0,1,-0.014451326206512991,0.008805981594831414,0.027506621285024888,-0.006000000000000005,0.03358013480837091,-0.008580600332996523,0.008484912348249017,0.015483009859154956,0.04036479499922201,1426001080939,0,0,0,0,0,0,0
-0.0053263550828952025,-0.026050821644366694,1.001,-0.04883431247080136,0.05108574295043945,0.024317819595336913,0,0,1,-0.014451326206512991,0.0053263550828952025,0.026050821644366694,-0.0009999999999998899,0.03438298626428837,-0.018518407549817126,0.005998822443914869,0.028447124590164696,0.038331436047489016,1426001081000,0,0,0,0,0,0,0
-0.0041824966976333955,-0.022578797959388126,1,-0.049305551368839774,0.014595123291015625,0.05285582733154297,0,0,1,-0.014451326206512991,0.0041824966976333955,0.022578797959388126,0,0.03485422516232678,-0.005009928888969852,-0.005239597201359187,0.005705658823528858,0.03693322030073151,1426001081068,0,0,0,0,0,0,0
-0.000023734874661839565,-0.019758513636505885,1,-0.05045746867515608,0.06022062683105469,0.04532735824584961,0,0,1,-0.014451326206512991,0.000023734874661839565,0.019758513636505885,0,0.03600614246864309,-0.025063537092043096,-0.004948935755862204,0.0005586000000000136,0.041671309548887224,1426001081129,0,0,0,0,0,0,0
0.0030115531512079933,-0.017319079399813007,0.996,-0.052342424267309985,0.043625843048095705,0.038841262817382816,0,0,1,-0.014451326206512991,-0.0030115531512079933,0.017319079399813007,0.0040000000000000036,0.03789109806079699,-0.01768425859459548,-0.0019997771382178862,0.023505309859154964,0.04585569915440503,1426001081200,0,0,0,0,0,0,0
0.0037321238820510897,-0.015509921565394947,0.993,-0.0531976356007872,0.009373970985412598,0.02766568946838379,0,0,1,-0.014451326206512991,-0.0037321238820510897,0.015509921565394947,0.007000000000000006,0.0387463093942742,-0.0070873784734978035,-0.0009200816226835103,0.0228977666666667,0.042818744315594265,1426001081263,0,0,0,0,0,0,0
0.0021694631886952577,-0.013490695867355965,0.988,-0.05487315168270171,-0.025017261505126953,0.02899917793273926,0,0,1,-0.014451326206512991,-0.0021694631886952577,0.013490695867355965,0.01200000000000001,0.04042182547618872,0.005738753875037612,-0.0022627173864239684,0.0360479941176471,0.047813808190517476,1426001081331,0,0,0,0,0,0,0
0.0020050271780673655,-0.010655474047390949,0.988,-0.05679301385989552,-0.004795320034027099,0.042329036712646484,0,0,1,-0.014451326206512991,-0.0020050271780673655,0.010655474047390949,0.01200000000000001,0.04234168765338253,-0.0012478497359462363,-0.010100080612247533,0.010383500000000023,0.05210369872385953,1426001081390,0,0,0,0,0,0,0
-0.00017751501881876344,-0.009675834652900395,0.986,-0.057997291043771576,-0.033519451141357424,0.01281260108947754,0,0,1,-0.014451326206512991,0.00017751501881876344,0.009675834652900395,0.014000000000000012,0.04354596483725859,0.009938942204291885,0.0012667031733632102,0.022225027536231914,0.048781952593241446,1426001081459,0,0,0,0,0,0,0
-0.003849210242103913,-0.007739581263895457,0.983,-0.059882246635925424,-0.056666343688964844,0.025802532196044923,0,0,1,-0.014451326206512991,0.003849210242103913,0.007739581263895457,0.017000000000000015,0.045430920429412436,0.020785970346741005,-0.0053161705758787425,0.03099515000000004,0.054266649767633596,1426001081523,0,0,0,0,0,0,0
-0.005365478509534825,-0.004931197902570652,0.982,-0.06157521601035995,-0.025224334716796876,0.04068909454345703,0,0,1,-0.014451326206512991,0.005365478509534825,0.004931197902570652,0.018000000000000016,0.04712388980384696,0.009272491718220213,-0.010583037680606672,0.020658358823529444,0.05459287233811694,1426001081591,0,0,0,0,0,0,0
-0.007386110300602933,-0.0023260372949451776,0.982,-0.06281439977927586,-0.03265671539306641,0.03713821792602539,0,0,1,-0.014451326206512991,0.007386110300602933,0.0023260372949451776,0.018000000000000016,0.04836307357276287,0.014269936096447333,-0.012626078213431015,0.015619300000000027,0.05455899241734241,1426001081651,0,0,0,0,0,0,0
-0.00941067642850091,-0.0006281873400382648,0.978,-0.06469935537142976,-0.031907289505004884,0.02351119804382324,0,0,1,-0.014451326206512991,0.00941067642850091,0.0006281873400382648,0.02200000000000002,0.050248029164916774,0.013482137519490378,-0.006647469843026129,0.03869380985915498,0.058212630258524814,1426001081722,0,0,0,0,0,0,0
-0.011193807908009301,0.001253789152229235,0.977,-0.06588617926278592,-0.028516176223754883,0.0264412784576416,0,0,1,-0.014451326206512991,0.011193807908009301,-0.001253789152229235,0.02300000000000002,0.05143485305627293,0.014977950653103016,-0.010383782275468602,0.025843403389830544,0.05746955080893137,1426001081781,0,0,0,0,0,0,0
-0.012290635539003317,0.003591367342516365,0.977,-0.066793750473823,-0.018725257873535156,0.03390439224243164,0,0,1,-0.014451326206512991,0.012290635539003317,-0.003591367342516365,0.02300000000000002,0.052342424267310006,0.010441207461194235,-0.012078708952176984,0.020072200000000033,0.0562320151717546,1426001081851,0,0,0,0,0,0,0
-0.013880048086187825,0.004833063979868444,0.975,-0.06825982704549818,-0.025031164169311525,0.016992658615112306,0,0,1,-0.014451326206512991,0.013880048086187825,-0.004833063979868444,0.025000000000000022,0.053808500838985196,0.014879822597912555,-0.008139103391284892,0.033300109836065614,0.061018713486568094,1426001081912,0,0,0,0,0,0,0
-0.015931882473932932,0.0028310106874499252,0.971,-0.06923721142661507,-0.028657535552978515,-0.03206010055541992,0,0,1,-0.014451326206512991,0.015931882473932932,-0.0028310106874499252,0.029000000000000026,0.05478588522010208,0.01650257130025208,0.009453488187510604,0.044158218918918975,0.05874825433273811,1426001081986,0,0,0,0,0,0,0
-0.019977697997827924,0.00038256055515058576,0.973,-0.07098254067860935,-0.05800100326538086,-0.040837215423583983,0,0,1,-0.014451326206512991,0.019977697997827924,-0.00038256055515058576,0.027000000000000024,0.05653121447209636,0.03131019581826611,0.014810801997851704,0.012698288888888916,0.06484230614825957,1426001082049,0,0,0,0,0,0,0
-0.021887217431671404,-0.002900411248676004,0.972,-0.07161085920932733,-0.025078092575073242,-0.051152000427246096,0,0,1,-0.014451326206512991,0.021887217431671404,0.002900411248676004,0.028000000000000025,0.057159533002814344,0.021323859311550106,0.022662506150522323,0.03080628275862073,0.06040945643756255,1426001082107,0,0,0,0,0,0,0
-0.024859231930587505,-0.006284009613732173,0.974,-0.07283258968572338,-0.040834529876708985,-0.053813594818115235,0,0,1,-0.014451326206512991,0.024859231930587505,0.006284009613732173,0.026000000000000023,0.058381263479210396,0.02637949319432782,0.021710784665058214,0.013206272463768145,0.06369313511571496,1426001082176,0,0,0,0,0,0,0
-0.025292551983387743,-0.008391214368962169,0.974,-0.07321656212116208,-0.004182506084442139,-0.03199725341796875,0,0,1,-0.014451326206512991,0.025292551983387743,0.008391214368962169,0.026000000000000023,0.05876523591464909,0.014022408411404778,0.01769684465821975,0.023509800000000036,0.060653624941396776,1426001082237,0,0,0,0,0,0,0
-0.02761205716941452,-0.012580364991418881,0.974,-0.07412413333219915,-0.030102745056152343,-0.06521402740478516,0,0,1,-0.014451326206512991,0.02761205716941452,0.012580364991418881,0.026000000000000023,0.059672807125686164,0.023991151519620606,0.028073885381799054,0.023697000000000037,0.06345435383834064,1426001082309,0,0,0,0,0,0,0
-0.02706093650348242,-0.015967253813258638,0.973,-0.07356562797156098,0.012006415367126464,-0.05005162048339844,0,0,1,-0.014451326206512991,0.02706093650348242,0.015967253813258638,0.027000000000000024,0.05911430176504799,0.009241584765211452,0.029169834968796455,0.030492333333333378,0.05632177496185713,1426001082369,0,0,0,0,0,0,0
-0.02767805851490458,-0.019211686878197753,0.971,-0.07412413333219915,-0.005654839992523193,-0.04921523666381836,0,0,1,-0.014451326206512991,0.02767805851490458,0.019211686878197753,0.029000000000000026,0.059672807125686164,0.015960200696067895,0.02774755182185671,0.03675031764705887,0.06213680136379575,1426001082437,0,0,0,0,0,0,0
-0.02542274977357715,-0.021580578133116722,0.972,-0.07344345492392143,0.03636820602416992,-0.032930500030517576,0,0,1,-0.014451326206512991,0.02542274977357715,0.021580578133116722,0.028000000000000025,0.05899212871740844,-0.0012686051481152968,0.025837872771365386,0.020089295081967246,0.05564452998817375,1426001082498,0,0,0,0,0,0,0
-0.024267789162834952,-0.02254093079549467,0.972,-0.07515387759087586,0.01833473014831543,-0.013095235824584961,0,0,1,-0.014451326206512991,0.024267789162834952,0.02254093079549467,0.028000000000000025,0.06070255138436287,0.005722595261718844,0.01722460155478131,0.02603700000000004,0.06754424205218057,1426001082573,0,0,0,0,0,0,0
-0.02160615144203518,-0.024248707427893396,0.972,-0.075101517713316,0.04173524856567383,-0.02254667854309082,0,0,1,-0.014451326206512991,0.02160615144203518,0.024248707427893396,0.028000000000000025,0.06065019150680301,-0.006267482783241756,0.0239164570073105,0.02619940000000004,0.06037936455390718,1426001082631,0,0,0,0,0,0,0
-0.020903199822542278,-0.024819092312793518,0.972,-0.07606144880191287,0.011156499862670899,-0.007740509510040283,0,0,1,-0.014451326206512991,0.020903199822542278,0.024819092312793518,0.028000000000000025,0.061610122595399885,0.005784518161044404,0.016892352130885063,0.02638700000000004,0.065908321499565,1426001082698,0,0,0,0,0,0,0
-0.017345898642676643,-0.024994794696525845,0.974,-0.07653268769995134,0.053405509948730466,0.001426774263381958,0,0,1,-0.014451326206512991,0.017345898642676643,0.024994794696525845,0.026000000000000023,0.06208136149343835,-0.013062513113209825,0.01504050823828071,0.01327633333333336,0.06443755598363066,1426001082758,0,0,0,0,0,0,0
-0.01653378658768799,-0.023449486820139392,0.977,-0.07799876427162664,0.01037375545501709,0.024043153762817383,0,0,1,-0.014451326206512991,0.01653378658768799,0.023449486820139392,0.02300000000000002,0.06354743806511365,0.003400736137843963,0.005851031487457864,0.008327338356164405,0.0695724102774779,1426001082831,0,0,0,0,0,0,0
-0.012597491719823288,-0.02184537538196291,0.983,-0.07827801695194563,0.05699002838134765,0.0285892391204834,0,0,1,-0.014451326206512991,0.012597491719823288,0.02184537538196291,0.017000000000000015,0.06382669074543264,-0.018836774435714243,0.002620630922051493,-0.018834305263157897,0.06529644169447996,1426001082888,0,0,0,0,0,0,0
-0.009666190832538136,-0.018781635356383667,0.98,-0.0795695605984215,0.04024119186401367,0.04925370788574219,0,0,1,-0.014451326206512991,0.009666190832538136,0.018781635356383667,0.020000000000000018,0.06511823439190852,-0.009989301206733206,-0.0035381958871972055,0.03474498918918923,0.0703542221478918,1426001082962,0,0,0,0,0,0,0
-0.007106276928687975,-0.015612168772285698,0.982,-0.07972664023110103,0.03449831008911133,0.050443721771240235,0,0,1,-0.014451326206512991,0.007106276928687975,0.015612168772285698,0.018000000000000016,0.06527531402458804,-0.013119716212478056,-0.01008500487980073,0.0067776982456140555,0.06610204893342764,1426001083019,0,0,0,0,0,0,0
-0.0030630402322523475,-0.012471664706218667,0.984,-0.08047713180945858,0.056704151153564454,0.05178810882568359,0,0,1,-0.014451326206512991,0.0030630402322523475,0.012471664706218667,0.016000000000000014,0.06602580560294559,-0.01963660432966659,-0.007887410157975238,0.007570400000000024,0.0692421980816208,1426001083089,0,0,0,0,0,0,0
0.0034089167757992518,-0.00937925270415433,0.984,-0.0795521073059015,0.09303615570068359,0.054040287017822264,0,0,1,-0.014451326206512991,-0.0034089167757992518,0.00937925270415433,0.016000000000000014,0.06510078109938851,-0.040411527248547394,-0.011764538289091731,0.01766640000000003,0.0604756585816031,1426001083149,0,0,0,0,0,0,0
0.006888858448811277,-0.005800521113985389,0.985,-0.07951720072086164,0.04776810836791992,0.057659374237060544,0,0,1,-0.014451326206512991,-0.006888858448811277,0.005800521113985389,0.015000000000000013,0.06506587451434866,-0.02205504690192569,-0.01366381803950948,0.011897436231884082,0.06491410675330582,1426001083218,0,0,0,0,0,0,0
0.01133542379585489,-0.0005583296224846599,0.987,-0.08009315937401977,0.060241645812988284,0.0836824951171875,0,0,1,-0.014451326206512991,-0.01133542379585489,0.0005583296224846599,0.013000000000000012,0.06564183316750678,-0.032146445992539,-0.028209734779299594,0.003973790163934444,0.06847441670762872,1426001083279,0,0,0,0,0,0,0
0.016252884840630154,0.006233004030699047,0.988,-0.08038986534685881,0.06537508392333985,0.1074449462890625,0,0,1,-0.014451326206512991,-0.016252884840630154,-0.006233004030699047,0.01200000000000001,0.06593853914034582,-0.033690778898105095,-0.0354882850725781,0.009733200000000025,0.06721013616679886,1426001083349,0,0,0,0,0,0,0
0.022912971660205877,0.011383277690761133,0.992,-0.08124507668033608,0.09337490844726562,0.08502701568603516,0,0,1,-0.014451326206512991,-0.022912971660205877,-0.011383277690761133,0.008000000000000007,0.06679375047382309,-0.050661106895934324,-0.03366444794463493,-0.011368819672131143,0.07099970785158015,1426001083410,0,0,0,0,0,0,0
0.029311556545003385,0.016654426435181786,0.997,-0.0802327857141793,0.08924542236328124,0.08659564971923828,0,0,1,-0.014451326206512991,-0.029311556545003385,-0.016654426435181786,0.0030000000000000027,0.06578145950766631,-0.047660228952697156,-0.033116673628900195,-0.017396999999999996,0.06144306965270869,1426001083480,0,0,0,0,0,0,0
0.03292074550298841,0.02097952282767758,0.998,-0.08037241205433887,0.04876404190063476,0.0690067138671875,0,0,1,-0.014451326206512991,-0.03292074550298841,-0.02097952282767758,0.0020000000000000018,0.06592108584782588,-0.03854525370991656,-0.0341657947729669,0.000981666666666681,0.06661921754862374,1426001083540,0,0,0,0,0,0,0
0.04006717601368113,0.025291045590094305,0.999,-0.07997098632638022,0.10165809631347657,0.0730704345703125,0,0,1,-0.014451326206512991,-0.04006717601368113,-0.025291045590094305,0.0010000000000000009,0.06551966011986723,-0.05682506628702345,-0.032667144741946486,0.001022000000000015,0.0637992641429016,1426001083610,0,0,0,0,0,0,0
0.041884181499431114,0.03205120160849715,0.999,-0.0794648408433018,0.019067371368408203,0.10325555419921875,0,0,1,-0.014451326206512991,-0.041884181499431114,-0.03205120160849715,0.0010000000000000009,0.06501351463678881,-0.03262574565220942,-0.05394308310071265,0.0060280000000000195,0.06248278722139669,1426001083670,0,0,0,0,0,0,0
0.04375501191623565,0.03552567182927521,1,-0.0780162175641465,0.02383678436279297,0.05418022155761719,0,0,1,-0.014451326206512991,-0.04375501191623565,-0.03552567182927521,0,0.06356489135763352,-0.03221543171531827,-0.03339896809984427,0.0002984225352112811,0.05744394792458299,1426001083741,0,0,0,0,0,0,0
0.04441740209205256,0.04107492291995982,0.999,-0.07757988525114794,0.0034182424545288084,0.08375994873046876,0,0,1,-0.014451326206512991,-0.04441740209205256,-0.04107492291995982,0.0010000000000000009,0.06312855904463495,-0.02715191732482319,-0.05091094452016058,0.011771804918032812,0.06098266242333051,1426001083802,0,0,0,0,0,0,0
0.04503323527075943,0.04786835800888424,0.993,-0.07658504757751121,0.0013121320009231567,0.10231095123291016,0,0,1,-0.014451326206512991,-0.04503323527075943,-0.04786835800888424,0.007000000000000006,0.06213372137099822,-0.026859586741004794,-0.05746645729017166,0.04176405294117652,0.057744731634365595,1426001083870,0,0,0,0,0,0,0
0.04467030871513271,0.0523975291525319,0.994,-0.07649778111491144,-0.010625858306884766,0.06732191467285156,0,0,1,-0.014451326206512991,-0.04467030871513271,-0.0523975291525319,0.006000000000000005,0.062046454908398455,-0.021453277272118213,-0.05078384288377518,0.004380595081967231,0.06161727558413731,1426001083931,0,0,0,0,0,0,0
0.043714526767074255,0.05401604118200352,0.998,-0.07443829259755812,-0.016150178909301757,0.023111021041870117,0,0,1,-0.014451326206512991,-0.043714526767074255,-0.05401604118200352,0.0020000000000000018,0.05998696639104513,-0.01830944220963779,-0.033736422729177096,-0.013067699999999995,0.05116058703095945,1426001084001,0,0,0,0,0,0,0
0.039878728202963815,0.05757129219868907,0.995,-0.07361798784912081,-0.06134368133544922,0.04890208435058594,0,0,1,-0.014451326206512991,-0.039878728202963815,-0.05757129219868907,0.0050000000000000044,0.05916666164260782,0.0008139015938009309,-0.04785558782168075,0.026575914754098397,0.0551323759945555,1426001084062,0,0,0,0,0,0,0
0.037759891464612984,0.06294636180169987,0.993,-0.07182029871956667,-0.037626632690429686,0.07807000732421875,0,0,1,-0.014451326206512991,-0.037759891464612984,-0.06294636180169987,0.007000000000000006,0.05736897251305369,-0.00956760855517431,-0.057063551848223565,0.021011800000000032,0.04966459052925025,1426001084132,0,0,0,0,0,0,0
0.03321528285085272,0.06231161683115082,0.994,-0.0704240353179712,-0.06731016540527343,-0.014388348579406738,0,0,1,-0.014451326206512991,-0.03321528285085272,-0.06231161683115082,0.006000000000000005,0.05597270911145821,0.008600799803842697,-0.026205539323124333,0.004414466666666683,0.048991392103480844,1426001084192,0,0,0,0,0,0,0
0.029797050800239835,0.059374625292019756,0.991,-0.06806784082777889,-0.048046428680419924,-0.04755357360839844,0,0,1,-0.014451326206512991,-0.029797050800239835,-0.059374625292019756,0.009000000000000008,0.053616514621265904,0.0008700012330518613,-0.013796327090477305,0.027710800000000035,0.04351853823472744,1426001084262,0,0,0,0,0,0,0
0.02839287270385596,0.05759652425316605,0.99,-0.06672393730374325,-0.019199825286865233,-0.028042335510253907,0,0,1,-0.014451326206512991,-0.02839287270385596,-0.05759652425316605,0.010000000000000009,0.05227261109723026,-0.007345066799870332,-0.01725453612127771,0.019404133333333365,0.045553093477052053,1426001084322,0,0,0,0,0,0,0
0.026113109188441216,0.05650399571220714,0.99,-0.06461208890883008,-0.033027702331542966,-0.01863149070739746,0,0,1,-0.014451326206512991,-0.026113109188441216,-0.05650399571220714,0.010000000000000009,0.05016076270231709,-0.003015685537093766,-0.021657438002982247,0.013640800000000026,0.04110998386697493,1426001084392,0,0,0,0,0,0,0
0.020840127798602184,0.05484880432631214,0.992,-0.06167993576547959,-0.07732661437988281,-0.029882984161376955,0,0,1,-0.014451326206512991,-0.020840127798602184,-0.05484880432631214,0.008000000000000007,0.0472286095589666,0.017503199354900204,-0.01713153206213816,0.000980088888888904,0.03326597554301188,1426001084455,0,0,0,0,0,0,0
0.016059275144555966,0.053220573752358676,0.994,-0.05834635689417045,-0.07007093811035156,-0.02879745101928711,0,0,1,-0.014451326206512991,-0.016059275144555966,-0.053220573752358676,0.006000000000000005,0.04389503068765746,0.016734294642984766,-0.016642599690471625,-0.0004078999999999871,0.028268879728395868,1426001084519,0,0,0,0,0,0,0
0.011723018646351667,0.04908224988462882,0.999,-0.057176986295334235,-0.06131337738037109,-0.06576214599609374,0,0,1,-0.014451326206512991,-0.011723018646351667,-0.04908224988462882,0.0010000000000000009,0.04272566008882124,0.015068130557761326,-0.002211003259814947,-0.01919889411764706,0.0375666721527791,1426001084587,0,0,0,0,0,0,0
0.009152579079393292,0.043987897040176596,0.999,-0.05373868766890538,-0.03412677001953125,-0.07849376678466796,0,0,1,-0.014451326206512991,-0.009152579079393292,-0.043987897040176596,0.0010000000000000009,0.039287361462392395,0.008777223742676036,0.008239037537003217,0.006542500000000019,0.022377696086512827,1426001084648,0,0,0,0,0,0,0
0.004312380262999403,0.04201607523002642,0.997,-0.050248029164916774,-0.07090949249267578,-0.03343434143066406,0,0,1,-0.014451326206512991,-0.004312380262999403,-0.04201607523002642,0.0030000000000000027,0.03579670295840379,0.02064687482181518,-0.010175247129639698,0.018163500000000027,0.020836737941309753,1426001084718,0,0,0,0,0,0,0
0.0035510859880249503,0.036113963748309795,0.999,-0.04747295565424575,-0.006958330631256103,-0.08899349212646485,0,0,1,-0.014451326206512991,-0.0035510859880249503,-0.036113963748309795,0.0010000000000000009,0.033021629447732764,0.0011924436204713961,0.01675924411800454,-0.004905809836065566,0.019373726936235933,1426001084779,0,0,0,0,0,0,0
