0,0,0.725,0,-0.022580217361450196,0.0025986084938049315,0,0,1,0,0,0,0.275,0,0,0,0.22000000000000003,0,0,0,0,0,0,0,0,0
-0.00042402254740397135,0.00025349785486857094,0.721,-0.00144862327915532,-0.00636033821105957,0.0038024678230285645,0,0,1,0,0.00042402254740397135,-0.00025349785486857094,0.279,0.00144862327915532,0.0024954852205330284,-0.001491902150332255,0.2465519615384616,0.008134576875256795,0,0,0,0,0,0,0,0
0.00010716468141611957,0.00028397546835633625,0.72,-0.0016580627893945652,0.007967137813568115,0.0004687060713768005,0,0,1,0,-0.00010716468141611957,-0.00028397546835633625,0.28,0.0016580627893945652,-0.0028282371844041963,-0.000301554185089689,0.23291338059701497,0.002595851641212081,0,0,0,0,0,0,0,0
0.00205232497647126,0.0009788612353493166,0.719,-0.0033335788713091397,0.029160081863403322,0.010471650123596191,0,0,1,0,-0.00205232497647126,-0.0009788612353493166,0.281,0.0033335788713091397,-0.011664867525484107,-0.004290568664277606,0.23575665,0.011187560505283706,0,0,0,0,0,0,0,0
0.003388502460154604,0.001714431638889994,0.722,-0.003874630939427387,0.020005769729614258,0.011100308418273926,0,0,1,0,-0.003388502460154604,-0.001714431638889994,0.278,0.003874630939427387,-0.008783387001566232,-0.004760080992675192,0.21381360909090913,0.006333958521783057,0,0,0,0,0,0,0,0
0.006340785017305713,0.0016413292884918098,0.722,-0.005672320068981551,0.04428815460205078,-0.0009249423742294312,0,0,1,0,-0.006340785017305713,-0.0016413292884918098,0.278,0.005672320068981551,-0.018600358487111116,-0.00044199941826968787,0.23158530000000005,0.013721674380418106,0,0,0,0,0,0,0,0
0.011342009660677268,0.0009289625153270201,0.728,-0.007941248096574205,0.07507777404785156,-0.010259803771972656,0,0,1,0,-0.011342009660677268,-0.0009289625153270201,0.272,0.007941248096574205,-0.03261564270448511,0.003367523279108428,0.1962456076923077,0.0184132236085403,0,0,0,0,0,0,0,0
0.019455256240713353,-0.0005801123378937455,0.732,-0.009843656981248033,0.12187461853027344,-0.02166897964477539,0,0,1,0,-0.019455256240713353,0.0005801123378937455,0.268,0.009843656981248033,-0.05344195310848401,0.008412404363655234,0.20555683846153847,0.018624005679742626,0,0,0,0,0,0,0,0
0.027383792936408444,-0.00288381474843205,0.739,-0.011623892818282244,0.11926243591308594,-0.03338319396972656,0,0,1,0,-0.027383792936408444,0.00288381474843205,0.261,0.011623892818282244,-0.058494355497351706,0.014445027535273334,0.18359737096774192,0.020237937191028427,0,0,0,0,0,0,0,0
0.0372529159486004,-0.005292666577132236,0.744,-0.013177235852557173,0.14844683837890624,-0.03440961074829101,0,0,1,0,-0.0372529159486004,0.005292666577132236,0.256,0.013177235852557173,-0.06875752197443513,0.014867147341009513,0.19551758115942028,0.019930901218969906,0,0,0,0,0,0,0,0
0.04648903630316666,-0.00856135238901083,0.75,-0.01588249619314844,0.13917584228515625,-0.04720048522949219,0,0,1,0,-0.04648903630316666,0.00856135238901083,0.25,0.01588249619314844,-0.07633730474337784,0.023042653706384388,0.18317867049180325,0.029187055245236647,0,0,0,0,0,0,0,0
0.055268302121623876,-0.012042032829396167,0.759,-0.016685347649065794,0.13250157165527343,-0.05011215972900391,0,0,1,0,-0.055268302121623876,0.012042032829396167,0.241,0.016685347649065794,-0.07432599422370587,0.02449434086045296,0.16426822727272725,0.020334672448690125,0,0,0,0,0,0,0,0
0.06451949325034695,-0.016770349450123026,0.766,-0.016423548261266605,0.13993190002441405,-0.06859959411621094,0,0,1,0,-0.06451949325034695,0.016770349450123026,0.23399999999999999,0.016423548261266605,-0.08149680687471947,0.03348582007296154,0.17081868787878784,0.015233551043997566,0,0,0,0,0,0,0,0
0.07220424676118507,-0.021712175798708683,0.778,-0.01844813019358008,0.11647313690185547,-0.07222431945800781,0,0,1,0,-0.07220424676118507,0.021712175798708683,0.22199999999999998,0.01844813019358008,-0.0783520432157181,0.03792183556155698,0.1341356999999999,0.027938358001299488,0,0,0,0,0,0,0,0
0.08092199790453679,-0.026391515773918118,0.79,-0.019355701404617096,0.132038818359375,-0.06776589965820312,0,0,1,0,-0.08092199790453679,0.026391515773918118,0.20999999999999996,0.019355701404617096,-0.08767925924937592,0.03844949321094543,0.12691031538461534,0.023544491609403327,0,0,0,0,0,0,0,0
0.09052740063429165,-0.03198729428157335,0.799,-0.0197571271325758,0.14567860412597655,-0.08113233947753906,0,0,1,0,-0.09052740063429165,0.03198729428157335,0.20099999999999996,0.0197571271325758,-0.09732046581299031,0.04620284322691803,0.13717066153846147,0.021609861261615973,0,0,0,0,0,0,0,0
0.09870157148495354,-0.03714377275223042,0.811,-0.020699604928652724,0.12411669158935547,-0.07490976715087891,0,0,1,0,-0.09870157148495354,0.03714377275223042,0.18899999999999995,0.020699604928652724,-0.0937650740646704,0.04643976417685315,0.11264531538461531,0.025049502449007756,0,0,0,0,0,0,0,0
0.1057765626265482,-0.04213039193171825,0.819,-0.021450096507010272,0.10765033721923828,-0.07258667755126953,0,0,1,0,-0.1057765626265482,0.04213039193171825,0.18100000000000005,0.021450096507010272,-0.0903175827621078,0.04724515100208215,0.13028235522388118,0.024810506559357504,0,0,0,0,0,0,0,0
0.1113505807286251,-0.046967327620859464,0.828,-0.021991148575128544,0.08514720916748048,-0.07074403381347656,0,0,1,0,-0.1113505807286251,0.046967327620859464,0.17200000000000004,0.021991148575128544,-0.08669985873191667,0.050096166809892206,0.11675544999999998,0.02452733014443294,0,0,0,0,0,0,0,0
0.11685431234234994,-0.05177130553003345,0.84,-0.02316051917396475,0.08412055969238282,-0.07022689056396485,0,0,1,0,-0.11685431234234994,0.05177130553003345,0.16000000000000003,0.02316051917396475,-0.0886802462661255,0.05194738842017339,0.09279881538461537,0.028557614245516467,0,0,0,0,0,0,0,0
0.12101983610627998,-0.05683064172362738,0.85,-0.022724186860966143,0.06422359466552735,-0.07442268371582031,0,0,1,0,-0.12101983610627998,0.05683064172362738,0.15000000000000002,0.022724186860966143,-0.08363593646574138,0.05588900258096734,0.09654304615384615,0.020710345416357186,0,0,0,0,0,0,0,0
0.12365389195418038,-0.06185415504175656,0.858,-0.02216568150032797,0.04121281814575195,-0.0744354705810547,0,0,1,0,-0.12365389195418038,0.06185415504175656,0.14200000000000002,0.02216568150032797,-0.07678697371776377,0.058248072034460384,0.10183527692307691,0.01958796445122871,0,0,0,0,0,0,0,0
0.1254181412893296,-0.06594661431499173,0.867,-0.02455678257556024,0.02781781005859375,-0.06078527069091797,0,0,1,0,-0.1254181412893296,0.06594661431499173,0.133,0.02455678257556024,-0.07278597876764412,0.05466731739657738,0.09158837462686564,0.035263205300480854,0,0,0,0,0,0,0,0
0.12693919342986887,-0.06928590920098888,0.875,-0.024521875990520334,0.024038814544677736,-0.049514095306396486,0,0,1,0,-0.12693919342986887,0.06928590920098888,0.125,0.024521875990520334,-0.07236112099134037,0.05244894556988533,0.09124975522388058,0.024365577848550604,0,0,0,0,0,0,0,0
0.12990525169827077,-0.07335936983363857,0.882,-0.024242623310201245,0.04597568130493164,-0.05999264907836914,0,0,1,0,-0.12990525169827077,0.07335936983363857,0.118,0.024242623310201245,-0.08272277393920681,0.06008242321392224,0.0886562709677419,0.02289140066349597,0,0,0,0,0,0,0,0
0.1287945481929871,-0.0759219426769231,0.889,-0.025953045977155666,-0.01572389602661133,-0.038831153869628904,0,0,1,0,-0.1287945481929871,0.0759219426769231,0.11099999999999999,0.025953045977155666,-0.05961845492054743,0.0520078772783047,0.08618378787878785,0.03372769446331213,0,0,0,0,0,0,0,0
0.12769893698517243,-0.07625198711731873,0.896,-0.026511551337793843,-0.016300163269042968,-0.005375468254089356,0,0,1,0,-0.12769893698517243,0.07625198711731873,0.10399999999999998,0.026511551337793843,-0.059144303006725754,0.04041022421982955,0.08068869230769228,0.02908926838689312,0,0,0,0,0,0,0,0
0.12659911625982126,-0.07641833482475835,0.903,-0.025813419636996154,-0.016425369262695312,-0.002931656837463379,0,0,1,0,-0.12659911625982126,0.07641833482475835,0.09699999999999998,0.025813419636996154,-0.05874501039149959,0.039648818736564485,0.07629998787878785,0.02264009372427939,0,0,0,0,0,0,0,0
0.12454820311841741,-0.07633094738069937,0.91,-0.026214845364954803,-0.030787281036376953,0.0005163469314575195,0,0,1,0,-0.12454820311841741,0.07633094738069937,0.08999999999999997,0.026214845364954803,-0.05241571606317917,0.038293929802769196,0.07011594999999995,0.02809652846476097,0,0,0,0,0,0,0,0
0.12472480543355198,-0.07572362557312984,0.918,-0.02630211182755457,0.002409339189529419,0.009176133155822754,0,0,1,0,-0.12472480543355198,0.07572362557312984,0.08199999999999996,0.02630211182755457,-0.06475195512936287,0.035247194991853165,0.05945327692307688,0.026704880116476568,0,0,0,0,0,0,0,0
0.12467345551581624,-0.07536607164568002,0.925,-0.0250280214735987,-0.0009110324382781982,0.00534119701385498,0,0,1,0,-0.12467345551581624,0.07536607164568002,0.07499999999999996,0.0250280214735987,-0.06357988281650936,0.036462309944573314,0.05972539230769225,0.019147604455340837,0,0,0,0,0,0,0,0
0.12444163677594271,-0.07454903621398518,0.931,-0.02612757890235509,-0.0037828917503356933,0.0121646728515625,0,0,1,0,-0.12444163677594271,0.07454903621398518,0.06899999999999995,0.02612757890235509,-0.06259326268152368,0.03369552131827591,0.06125491818181812,0.031125567214884128,0,0,0,0,0,0,0,0
0.1250866383138253,-0.07353267739073768,0.938,-0.02553416695667701,0.009273441314697265,0.015492935180664063,0,0,1,0,-0.1250866383138253,0.07353267739073768,0.062000000000000055,0.02553416695667701,-0.06759832431928454,0.03226003531706364,0.051321335820896125,0.022877098543193072,0,0,0,0,0,0,0,0
0.1268114581888416,-0.07319304548928138,0.943,-0.024923301718479028,0.025733795166015625,0.005753373622894287,0,0,1,0,-0.1268114581888416,0.07319304548928138,0.05700000000000005,0.024923301718479028,-0.07475354709564144,0.03555882422438176,0.05646982222222225,0.022014419631821977,0,0,0,0,0,0,0,0
0.12652275637854143,-0.07285010408503838,0.948,-0.025534166956677005,-0.004457377433776856,0.0050346035957336424,0,0,1,0,-0.12652275637854143,0.07285010408503838,0.052000000000000046,0.025534166956677005,-0.0635545551338494,0.03547494242558655,0.05366252307692311,0.02835354497912921,0,0,0,0,0,0,0,0
0.12651559367740633,-0.07079806413806877,0.952,-0.025377087323997537,-0.0008932770490646362,0.030767822265625,0,0,1,0,-0.12651559367740633,0.07079806413806877,0.04800000000000004,0.025377087323997537,-0.06514918873775329,0.025292102886802073,0.05615913846153849,0.02465210440393845,0,0,0,0,0,0,0,0
0.12732429033184492,-0.06921359071700232,0.956,-0.02518510110627816,0.011523468971252442,0.024067251205444336,0,0,1,0,-0.12732429033184492,0.06921359071700232,0.04400000000000004,0.02518510110627816,-0.07002938669139273,0.02706252091894421,0.05324513846153848,0.024299010870650273,0,0,0,0,0,0,0,0
0.12836162720915373,-0.06771794632878057,0.96,-0.024102996970041667,0.014990159034729004,0.022819391250610353,0,0,1,0,-0.12836162720915373,0.06771794632878057,0.040000000000000036,0.024102996970041667,-0.07169846095924182,0.027078782008796327,0.05095607761194033,0.019257754568982738,0,0,0,0,0,0,0,0
0.12861505494148948,-0.06564476221923704,0.963,-0.024539329283040277,0.0030508351325988768,0.03118034553527832,0,0,1,0,-0.12861505494148948,0.06564476221923704,0.03700000000000003,0.024539329283040277,-0.067895210170391,0.022378924356424464,0.05301803333333337,0.02661710220208128,0,0,0,0,0,0,0,0
0.1295732641719222,-0.06403007314395677,0.963,-0.024207716725161334,0.01377451992034912,0.024565715789794922,0,0,1,0,-0.1295732641719222,0.06403007314395677,0.03700000000000003,0.024207716725161334,-0.07213331387927915,0.024568784068340163,0.06992890000000004,0.022700386916620685,0,0,0,0,0,0,0,0
0.13011733448503615,-0.0620082793834722,0.968,-0.023841197582242537,0.007424590110778809,0.030515562057495116,0,0,1,0,-0.13011733448503615,0.0620082793834722,0.03200000000000003,0.023841197582242537,-0.0703381220959293,0.021274355878655768,0.0392138230769231,0.022149570768771165,0,0,0,0,0,0,0,0
0.13081718235856396,-0.06015144668764062,0.969,-0.024364796357840803,0.009830760955810546,0.02809482955932617,0,0,1,0,-0.13081718235856396,0.06015144668764062,0.031000000000000028,0.024364796357840803,-0.07161187944960853,0.021273289857680008,0.06015378461538465,0.026781406091371262,0,0,0,0,0,0,0,0
0.13072844358350585,-0.0576496426595089,0.973,-0.023858650874762435,-0.0022449352741241457,0.03748349380493164,0,0,1,0,-0.13072844358350585,0.0576496426595089,0.027000000000000024,0.023858650874762435,-0.06741479479496947,0.01679162393497518,0.04130447878787881,0.02155798958804258,0,0,0,0,0,0,0,0
0.13015197466853679,-0.056412350036380024,0.977,-0.022654373690886378,-0.009087332725524902,0.01834782028198242,0,0,1,0,-0.13015197466853679,0.056412350036380024,0.02300000000000002,0.022654373690886378,-0.06452787763572262,0.022709780068123783,0.03758880000000002,0.01700932439146736,0,0,0,0,0,0,0,0
0.12854794780646447,-0.0554485430676599,0.983,-0.024504422698000374,-0.024381717681884765,0.013908368110656738,0,0,1,0,-0.12854794780646447,0.0554485430676599,0.017000000000000015,0.024504422698000374,-0.058324917030646864,0.023840632337923853,0.02246660769230771,0.0330431104231419,0,0,0,0,0,0,0,0
0.12654471927025623,-0.05321227538776388,0.981,-0.023911010752322295,-0.03086130142211914,0.03279769897460937,0,0,1,0,-0.12654471927025623,0.05321227538776388,0.019000000000000017,0.023911010752322295,-0.05542070836470469,0.01608835315912578,0.06710576060606065,0.021213683726512843,0,0,0,0,0,0,0,0
0.12495840373413718,-0.051379447662879926,0.981,-0.022514747350726862,-0.024445240020751952,0.0269156551361084,0,0,1,0,-0.12495840373413718,0.051379447662879926,0.019000000000000017,0.022514747350726862,-0.05679025614983861,0.0171952588450808,0.05662320000000003,0.016070454727978713,0,0,0,0,0,0,0,0
0.12178634725116212,-0.049814669164629455,0.983,-0.0228289066160858,-0.04809720230102539,0.022394548416137694,0,0,1,0,-0.12178634725116212,0.049814669164629455,0.017000000000000015,0.0228289066160858,-0.04674478393560896,0.017888591120477478,0.044364469230769255,0.024278872456203974,0,0,0,0,0,0,0,0
0.11816258076272884,-0.04810987006990469,0.985,-0.02324778563656446,-0.05492606353759766,0.02432453155517578,0,0,1,0,-0.11816258076272884,0.04810987006990469,0.015000000000000013,0.02324778563656446,-0.04316225031256027,0.016588488648515483,0.04318643880597017,0.025123363340200256,0,0,0,0,0,0,0,0
0.11675893650219307,-0.04694276540205778,0.987,-0.022933626371205527,-0.0214559268951416,0.017012409210205078,0,0,1,0,-0.11675893650219307,0.04694276540205778,0.013000000000000012,0.022933626371205527,-0.05366608608968513,0.018456262348164887,0.041004988888888906,0.02143762986949632,0,0,0,0,0,0,0,0
0.114251465323301,-0.04530601688051354,0.988,-0.024050637092481873,-0.038165176391601566,0.02368226623535156,0,0,1,0,-0.114251465323301,0.04530601688051354,0.01200000000000001,0.024050637092481873,-0.04678286973600043,0.01533799054988324,0.04600948461538464,0.02920607119068039,0,0,0,0,0,0,0,0
0.1112552479908044,-0.04411095415993213,0.989,-0.02373647782712288,-0.045361351013183594,0.016839946746826172,0,0,1,0,-0.1112552479908044,0.04411095415993213,0.01100000000000001,0.02373647782712288,-0.043209188384579156,0.017340409840472183,0.045443919402985096,0.022329794549396046,0,0,0,0,0,0,0,0
0.10914198238840528,-0.04452237540037434,0.99,-0.023300145514124324,-0.03154358291625976,-0.0069219317436218265,0,0,1,0,-0.10914198238840528,0.04452237540037434,0.010000000000000009,0.023300145514124324,-0.04631736677665677,0.02606743964787896,0.04446305000000002,0.021254837796943597,0,0,0,0,0,0,0,0
0.10645505857465726,-0.04543567130408968,0.99,-0.023753931119642833,-0.03997374725341797,-0.014634720802307129,0,0,1,0,-0.10645505857465726,0.04543567130408968,0.010000000000000009,0.023753931119642833,-0.04213197061617944,0.029221408051267786,0.04999680000000002,0.02584832622203595,0,0,0,0,0,0,0,0
0.10340931867829768,-0.04562130053790049,0.992,-0.024591689160600092,-0.045607074737548825,-0.0038687753677368163,0,0,1,0,-0.10340931867829768,0.04562130053790049,0.008000000000000007,0.024591689160600092,-0.03874423012646294,0.02542567136788305,0.03767956923076925,0.02845826473424898,0,0,0,0,0,0,0,0
0.10141078821125746,-0.04486212658833109,0.993,-0.024347343065320857,-0.030248905181884767,0.010647031784057617,0,0,1,0,-0.10141078821125746,0.04486212658833109,0.007000000000000006,0.024347343065320857,-0.04344970190930743,0.019987843018718074,0.04230968461538463,0.02321959185633977,0,0,0,0,0,0,0,0
0.09869310386906135,-0.04507133785926433,0.996,-0.02530727415391779,-0.04067678451538086,-0.004129666805267334,0,0,1,0,-0.09869310386906135,0.04507133785926433,0.0040000000000000036,0.02530727415391779,-0.038721443513239515,0.02530340087790603,0.029649458208955228,0.029605473058083157,1427130057679,0,0,0,0,0,0,0
0.0957648079703671,-0.044579736977146,0.997,-0.025621433419276723,-0.044096969604492185,0.006260162830352784,0,0,1,0,-0.0957648079703671,0.044579736977146,0.0030000000000000027,0.025621433419276723,-0.0357486540462674,0.021346600894032154,0.03915598461538462,0.02707139925939488,1427130057679,0,0,0,0,0,0,0
0.09295683031962751,-0.04494384993950937,0.998,-0.025307274153917786,-0.041965919494628905,-0.006538949966430664,0,0,1,0,-0.09295683031962751,0.04494384993950937,0.0020000000000000018,0.025307274153917786,-0.03481577696163525,0.02619574587504466,0.03828465000000002,0.023834652597547766,1427130057679,0,0,0,0,0,0,0
0.08986507164063125,-0.04475085709420717,0.999,-0.02630211182755457,-0.046434783935546876,0.0017204312086105346,0,0,1,0,-0.08986507164063125,0.04475085709420717,0.0010000000000000009,0.02630211182755457,-0.032036506347744256,0.023097902502645203,0.037575284615384626,0.030893670321262803,1427130057679,0,0,0,0,0,0,0
0.08815861007488095,-0.04504030096520459,0.999,-0.025778513051956248,-0.025473888397216798,-0.005013331890106201,0,0,1,0,-0.08815861007488095,0.04504030096520459,0.0010000000000000009,0.025778513051956248,-0.03883997420182956,0.02584647289964158,0.04296650000000002,0.023398518617418422,1427130057679,0,0,0,0,0,0,0
0.0850792425472878,-0.04542421055481895,0.998,-0.026529004630313796,-0.0460267333984375,-0.00694732141494751,0,0,1,-0.025778513051956248,-0.0850792425472878,0.04542421055481895,0.0020000000000000018,0.0007504915783575483,-0.0425396212736439,0.022712105277409474,0.0016000000000000016,0.0007504915783575483,1427130057679,0,0,0,0,0,0,0
0.08271099580531494,-0.043935959207732675,0.998,-0.027942721324429185,-0.03610335922241211,0.021373617172241212,0,0,1,-0.025778513051956248,-0.08271099580531494,0.043935959207732675,0.0020000000000000018,0.0021642082724729374,-0.028457083569808785,0.013857224063381236,0.0016128000000000017,0.008791005276138823,1427130058069,0,0,0,0,0,0,0
0.08296650675875698,-0.044435981133090746,0.999,-0.027733281814189915,0.004040720462799072,-0.00739031982421875,0,0,1,-0.025778513051956248,-0.08296650675875698,0.044435981133090746,0.0010000000000000009,0.0019547687622336676,-0.04296594485692888,0.024967418720102906,-0.004565315384615388,0.0009881248688216535,1427130058134,0,0,0,0,0,0,0
0.0791117100773536,-0.044758214044908415,0.999,-0.028605946440187026,-0.05766568374633789,-0.006435021877288818,0,0,1,-0.025778513051956248,-0.0791117100773536,0.044758214044908415,0.0010000000000000009,0.002827433388230778,-0.018957543401686677,0.024200302557615686,0.0008258000000000008,0.006855116277448211,1427130058199,0,0,0,0,0,0,0
0.07782422379184405,-0.045771978261885136,1.001,-0.028082347664588763,-0.018869457244873048,-0.015752613067626955,0,0,1,-0.025778513051956248,-0.07782422379184405,0.045771978261885136,-0.0009999999999998899,0.0023038346126325153,-0.03218836505920955,0.028460566556676867,-0.011549930769230093,-0.00011277512089792824,1427130058264,0,0,0,0,0,0,0
0.07958239828547184,-0.04779504132879871,1.001,-0.026825710603152846,0.027214292526245118,-0.029593473434448243,0,0,1,-0.025778513051956248,-0.07958239828547184,0.04779504132879871,-0.0009999999999998899,0.0010471975511965985,-0.04923788459673953,0.034613630270505825,-0.0007873999999999104,-0.0045795355597104915,1427130058331,0,0,0,0,0,0,0
0.08148446757535938,-0.04938256506240961,1.002,-0.027192229746071644,0.029159494400024414,-0.02303901481628418,0,0,1,-0.025778513051956248,-0.08148446757535938,0.04938256506240961,-0.0020000000000000018,0.001413716694115396,-0.051458517106575216,0.03355252749534853,-0.007068950000000612,0.0031317751765472593,1427130058395,0,0,0,0,0,0,0
0.08338822937887627,-0.05046410385115349,1,-0.027035150113392175,0.028986957550048827,-0.015440667152404785,0,0,1,-0.025778513051956248,-0.08338822937887627,0.05046410385115349,0,0.0012566370614359272,-0.05231368402421768,0.0312679985399677,0.010769030769230779,0.0005316541413768406,1427130058460,0,0,0,0,0,0,0
0.08454579720152666,-0.05226176585631434,1,-0.024940755010999,0.018086084365844725,-0.026485708236694334,0,0,1,-0.025778513051956248,-0.08454579720152666,0.05226176585631434,0,-0.000837758040957249,-0.04892945511444269,0.03605684777875379,-1.999999999985358e-7,-0.010504196975079599,1427130058525,0,0,0,0,0,0,0
0.08626782736088326,-0.05358519680236444,1.003,-0.02624975194999472,0.02631747817993164,-0.019201126098632813,0,0,1,-0.025778513051956248,-0.08626782736088326,0.05358519680236444,-0.0029999999999998916,0.00047123889803847227,-0.05288595686416975,0.034199841772950185,-0.018573546153845478,0.0065127632318648775,1427130058590,0,0,0,0,0,0,0
0.08849096963474805,-0.053906353845031264,1.006,-0.029024825460665687,0.033462085723876954,-0.003940442562103272,0,0,1,-0.025778513051956248,-0.08849096963474805,0.053906353845031264,-0.006000000000000005,0.003246312408709439,-0.05639777665076012,0.028948056962564223,-0.020531541791045372,0.015672014695295854,1427130058657,0,0,0,0,0,0,0
0.09050500031851044,-0.05394249939960568,1.004,-0.03031636910714151,0.030213470458984374,0.00033477526903152464,0,0,1,-0.025778513051956248,-0.09050500031851044,0.05394249939960568,-0.0040000000000000036,0.0045378560551852624,-0.056863515705824846,0.027520637897264093,0.007652000000000009,0.010591966898040685,1427130058721,0,0,0,0,0,0,0
0.09222803431336232,-0.05433437954841743,1.001,-0.03228859116189507,0.02601181221008301,-0.005092079162597656,0,0,1,-0.025778513051956248,-0.09222803431336232,0.05433437954841743,-0.0009999999999998899,0.006510078109938824,-0.05590897439192289,0.029632919964897836,0.015016990909091602,0.015474723813364106,1427130058787,0,0,0,0,0,0,0
0.09287765473862647,-0.05373505580869158,0.999,-0.034522612604447875,0.009449007987976075,0.009299745559692383,0,0,1,-0.025778513051956248,-0.09287765473862647,0.05373505580869158,0.0010000000000000009,0.008744099552491627,-0.05070853651640011,0.024011944524821992,0.011651799999999407,0.01921607506445789,1427130058851,0,0,0,0,0,0,0
0.09423180655338141,-0.052272848925874804,0.999,-0.034679692237127344,0.019543136596679687,0.022621128082275392,0,0,1,-0.025778513051956248,-0.09423180655338141,0.052272848925874804,0.0010000000000000009,0.008901179185171096,-0.05518583809220828,0.01871894846013543,0.0007208000000000036,0.009626162105230183,1427130058916,0,0,0,0,0,0,0
0.09366106918926688,-0.05076339725805114,1,-0.035779249665883736,-0.009340965270996093,0.02233132553100586,0,0,1,-0.025778513051956248,-0.09366106918926688,0.05076339725805114,0,0.010000736613927488,-0.044690171789284173,0.01798646049941635,-0.005303080597014926,0.014924128085971038,1427130058983,0,0,0,0,0,0,0
0.09208782136889719,-0.048075743552710215,1.002,-0.036233035271402245,-0.025025739669799804,0.03944483947753906,0,0,1,-0.025778513051956248,-0.09208782136889719,0.048075743552710215,-0.0020000000000000018,0.010454522219445997,-0.038202761380230585,0.00962670717074373,-0.012802911111111119,0.01261540605524842,1427130059046,0,0,0,0,0,0,0
0.09112249117880848,-0.04602702035671394,1.002,-0.03778637830567726,-0.015583677291870117,0.030186140060424804,0,0,1,-0.025778513051956248,-0.09112249117880848,0.04602702035671394,-0.0020000000000000018,0.012007865253721009,-0.04140132754761431,0.012699691689407914,-0.0017049999999999988,0.01906851540951652,1427130059112,0,0,0,0,0,0,0
0.09103036389269697,-0.04306126854505728,0.999,-0.04036946559862884,-0.003061498165130615,0.04440231704711914,0,0,1,-0.025778513051956248,-0.09103036389269697,0.04306126854505728,0.0010000000000000009,0.014590952546672593,-0.04603753888942036,0.0061398139670258076,0.01685534615384617,0.02651289389875683,1427130059177,0,0,0,0,0,0,0
0.08957486443157191,-0.039536215092033214,1.001,-0.03991567999311033,-0.023948692321777345,0.05195159530639649,0,0,1,-0.025778513051956248,-0.08957486443157191,0.039536215092033214,-0.0009999999999998899,0.014137166941154085,-0.038026778032203785,0.001391361557576052,-0.011674230769230088,0.012042771838760968,1427130059242,0,0,0,0,0,0,0
0.0906489074073523,-0.03642773718983333,1.001,-0.04061381169390802,0.01423715114593506,0.04723292541503906,0,0,1,-0.025778513051956248,-0.0906489074073523,0.03642773718983333,-0.0009999999999998899,0.014835298641951773,-0.052072511340269745,0.0026042688455866284,-0.0009116999999999076,0.017961261481344408,1427130059309,0,0,0,0,0,0,0
0.08861299983212663,-0.03367753710038474,0.999,-0.04117231705454625,-0.032188411712646484,0.03997903442382812,0,0,1,-0.025778513051956248,-0.08861299983212663,0.03367753710038474,0.0010000000000000009,0.015393804002590002,-0.03418911384086911,0.0022098136629617095,0.011805711111110508,0.01805335333896252,1427130059372,0,0,0,0,0,0,0
0.08810583037712134,-0.030913732590687044,1.001,-0.04146902302738529,-0.009307496070861817,0.041108802795410154,0,0,1,-0.025778513051956248,-0.08810583037712134,0.030913732590687044,-0.0009999999999998899,0.01569050997542904,-0.042614741612893615,0.0014706647908695,-0.011518060606059932,0.017039173488333767,1427130059438,0,0,0,0,0,0,0
0.08606316327590714,-0.02800672247347106,1.002,-0.042359140945902415,-0.03242140960693359,0.042297416687011716,0,0,1,-0.025778513051956248,-0.08606316327590714,0.02800672247347106,-0.0020000000000000018,0.016580627893946168,-0.033167187765682324,-0.0012060884773016835,-0.007193550000000609,0.020753055636995196,1427130059502,0,0,0,0,0,0,0
0.08442391575120053,-0.025378152244448716,1.002,-0.04099778412934677,-0.026236316680908204,0.038351940155029296,0,0,1,-0.025778513051956248,-0.08442391575120053,0.025378152244448716,-0.0020000000000000018,0.015219271077390524,-0.03488114019980343,-0.0005453000109553879,-0.0017379999999999965,0.009031285547592145,1427130059568,0,0,0,0,0,0,0
0.08276734806771413,-0.024694091839403912,1.001,-0.04134684997974567,-0.025248191833496095,0.009233835220336915,0,0,1,-0.025778513051956248,-0.08276734806771413,0.024694091839403912,-0.0009999999999998899,0.015568336927789424,-0.03401563348092236,0.009440762408229228,0.004358430303030989,0.017154999884148057,1427130059634,0,0,0,0,0,0,0
0.07905090512186626,-0.02232150892964709,1.002,-0.0430398193541802,-0.05717006301879883,0.03325403594970703,0,0,1,-0.025778513051956248,-0.07905090512186626,0.02232150892964709,-0.0020000000000000018,0.01726130630222395,-0.020668535851719978,-0.0010787130116110613,-0.007226150000000608,0.0251971002448858,1427130059698,0,0,0,0,0,0,0
0.07515419602111309,-0.02012244769458083,1.002,-0.04225442119078269,-0.05981577682495117,0.03044044303894043,0,0,1,-0.025778513051956248,-0.07515419602111309,0.02012244769458083,-0.0020000000000000018,0.01647590813882644,-0.01811104911557638,-0.00103120020845918,-0.0017703999999999958,0.01285099353853024,1427130059763,0,0,0,0,0,0,0
0.07197115801869479,-0.018543505001414638,1.006,-0.0426907535037813,-0.04870341491699219,0.02164613914489746,0,0,1,-0.025778513051956248,-0.07197115801869479,0.018543505001414638,-0.006000000000000005,0.01691224045182505,-0.02040915574272867,0.0015304815642090182,-0.026547861538461552,0.018926081896434025,1427130059828,0,0,0,0,0,0,0
0.06898812068105203,-0.016119622210730766,1.005,-0.04276056667386106,-0.0462564811706543,0.03441547393798828,0,0,1,-0.025778513051956248,-0.06898812068105203,0.016119622210730766,-0.004999999999999893,0.01698205362190481,-0.020283467234603416,-0.004022745653415342,0.0010606303030309874,0.017299386213176435,1427130059894,0,0,0,0,0,0,0
0.0655919042937273,-0.014126090789794776,1.008,-0.0430398193541802,-0.05217495727539063,0.027697938919067383,2.5,0,1,0,2.4344080957062726,0.014126090789794776,-0.008000000000000007,0.0430398193541802,1.2172040478531363,0.007063045394897388,-0.006400000000000006,0.0430398193541802,0,0,0,0,0,0,0,0
0.06229347975370604,-0.01194332516211375,1.006,-0.041661009245104665,-0.050839302062988284,0.030582366943359376,2.5,0,1,0,2.437706520246294,0.01194332516211375,-0.006000000000000005,0.041661009245104665,1.2384516514993467,-0.005957693217219976,0.006099100000000005,0.0351978368588131,0,0,0,0,0,0,0,0
0.05840588176765493,-0.009883338066539472,1.008,-0.04206243497306337,-0.05955031585693359,0.028444278717041017,2.5,0,1,0,2.441594118232345,0.009883338066539472,-0.008000000000000007,0.04206243497306337,1.244584693333192,-0.005968338227184374,-0.01709726060606062,0.04388709737287566,0,0,0,0,0,0,0,0
0.056660375557391326,-0.006936594113026343,1.01,-0.042289327775822595,-0.02801809501647949,0.04306108474731445,2.5,0,1,0,2.4433396244426087,0.006936594113026343,-0.010000000000000009,0.042289327775822595,1.2359508709593177,-0.012628102787801746,-0.019092700000000018,0.04335288778875647,0,0,0,0,0,0,0,0
0.056412165651664195,-0.004151425749294399,1.009,-0.04132939668722566,-0.005486036777496338,0.041582771301269535,2.5,0,1,0,2.4435878343483357,0.004151425749294399,-0.008999999999999897,0.04132939668722566,1.2294540857941203,-0.012900042967250837,-0.002029084615383931,0.03689894550908598,0,0,0,0,0,0,0,0
0.06118414985444032,-0.002357332371988301,1.007,-0.04221951460574284,0.07040672302246094,0.02984592628479004,2.5,0,1,0,2.4388158501455597,0.002357332371988301,-0.006999999999999895,0.04221951460574284,1.2024373097491947,-0.008170579406061874,0.0045871611940299425,0.04620511722596899,0,0,0,0,0,0,0,0
0.07182190110576692,0.000437898911209756,1.007,-0.04333652532701924,0.15765440368652345,0.04862591552734375,2.5,0,1,0,2.428178098894233,-0.000437898911209756,-0.006999999999999895,0.04333652532701924,1.1654255416372752,-0.015482766800011146,-0.005905399999999915,0.04857251308300237,0,0,0,0,0,0,0,0
0.09113214405136395,0.0033619645260437358,1.007,-0.04040437218366874,0.28748150634765623,0.056368457794189454,2.5,0,1,0,2.408867855948636,-0.0033619645260437358,-0.006999999999999895,0.04040437218366874,1.1131326716057144,-0.01716700598753948,-0.005951599999999915,0.027076403350257388,0,0,0,0,0,0,0,0
0.11347375212199586,0.00739672827275882,1.007,-0.039566614142711426,0.33240594482421876,0.07400885772705078,2.5,0,1,0,2.3865262478780043,-0.00739672827275882,-0.006999999999999895,0.039566614142711426,1.0837113787321544,-0.025747827443326175,-0.005996399999999913,0.03563962332572401,0,0,0,0,0,0,0,0
0.1415538853744093,0.01036493175944047,1.005,-0.03851941659151483,0.41911117553710936,0.06114939498901367,2.5,0,1,0,2.3584461146255906,-0.01036493175944047,-0.004999999999999893,0.03851941659151483,1.044498758127188,-0.02091412883721311,0.006176660606060702,0.0337594277224394,0,0,0,0,0,0,0,0
0.17229410730352313,0.012188225031661053,1.006,-0.03806563098599627,0.45970806884765625,0.045086151123046876,2.5,0,1,0,2.3277058926964767,-0.012188225031661053,-0.006000000000000005,0.03806563098599627,1.0165584021905216,-0.015762326140308335,-0.010572030303030897,0.03600296914273007,0,0,0,0,0,0,0,0
0.20668841605226276,0.015770067245400074,1.005,-0.03843215012891512,0.5134962158203125,0.07332258605957032,2.5,0,1,0,2.2933115839477374,-0.015770067245400074,-0.004999999999999893,0.03843215012891512,0.9757514196721784,-0.027482560222703137,0.0009677500000007016,0.04015020861134724,0,0,0,0,0,0,0,0
0.25280502884527434,0.019008923355174154,1.007,-0.03715805977495925,0.6893717041015625,0.0751258316040039,2.5,0,1,0,2.247194971154726,-0.019008923355174154,-0.006999999999999895,0.03715805977495925,0.893927443244991,-0.026966138908630817,-0.01691573076923069,0.03127764275670139,0,0,0,0,0,0,0,0
0.3075783977190922,0.021578971319184712,1.007,-0.03614576880880257,0.8196012573242187,0.0690461654663086,2.5,0,1,0,2.1924216022809078,-0.021578971319184712,-0.006999999999999895,0.03614576880880257,0.8213525308759902,-0.024663914590959214,-0.006191999999999911,0.031473656657310195,0,0,0,0,0,0,0,0
0.3692175573622888,0.02420654146636738,1.006,-0.03639011490408175,0.9225591430664063,0.07280045318603516,2.5,0,1,0,2.1307824426377113,-0.02420654146636738,-0.006000000000000005,0.03639011490408175,0.7549483170377617,-0.026303168748968896,-0.00004638461538520808,0.03751786611306258,0,0,0,0,0,0,0,0
0.43773854558253256,0.03143967981406666,1.004,-0.03728023282259881,1.02318701171875,0.14581929016113282,2.5,0,1,0,2.0622614544174676,-0.03143967981406666,-0.0040000000000000036,0.03728023282259881,0.6960272445595992,-0.05357739893968891,0.006589961194029861,0.04126583544282447,0,0,0,0,0,0,0,0
0.5180357833488892,0.03968166921961338,0.999,-0.03708824660487949,1.1990137939453125,0.16843603515625,2.5,0,1,0,1.9819642166511109,-0.03968166921961338,0.0010000000000000009,0.03708824660487949,0.5759670245923343,-0.0650121184022756,0.027492350000000026,0.03618831120932018,0,0,0,0,0,0,0,0
0.6101255036806649,0.04589100054522574,0.997,-0.03570943649580396,1.3769422607421875,0.14429586791992188,2.5,0,1,0,1.8898744963193352,-0.04589100054522574,0.0030000000000000027,0.03570943649580396,0.47440837702040967,-0.056508094637919115,0.012537330769230786,0.029345697530839952,0,0,0,0,0,0,0,0
0.7026327590403536,0.04754148105942765,0.991,-0.03492403833240656,1.38584033203125,0.07428162384033203,2.5,0,1,0,1.7973672409596464,-0.04754148105942765,0.009000000000000008,0.03492403833240656,0.4270747725122717,-0.03281657864242162,0.03893429230769234,0.03129912373211087,0,0,0,0,0,0,0,0
0.8013181262277679,0.05109936209263676,0.989,-0.036459928074161506,1.477514404296875,0.1050225372314453,2.5,0,1,0,1.698681873772232,-0.05109936209263676,0.01100000000000001,0.036459928074161506,0.34556947614107136,-0.044899351923655975,0.01906733076923079,0.04354864995918434,0,0,0,0,0,0,0,0
0.9132421423097694,0.052182779685872975,0.988,-0.03604104905368285,1.677152099609375,0.07743802642822266,2.5,0,1,0,1.5867578576902306,-0.052182779685872975,0.01200000000000001,0.03604104905368285,0.23737564630773922,-0.031977846378385806,0.014402380597014944,0.03416547135004707,0,0,0,0,0,0,0,0
1.0290780099279782,0.05189613229422953,0.988,-0.033004176155212755,1.7365645751953125,0.058312217712402345,2.5,0,1,0,1.4709219900720218,-0.05189613229422953,0.01200000000000001,0.033004176155212755,0.1315993974859555,-0.02464048914041102,0.009255300000000015,0.018768834443634197,0,0,0,0,0,0,0,0
1.155688219243381,0.04925628178605391,0.987,-0.032620203719774005,1.899425537109375,0.0230924129486084,2.5,0,1,0,1.344311780756619,-0.04925628178605391,0.013000000000000012,0.032620203719774005,0.020898215593732283,-0.010705603733127072,0.015524415384615405,0.030848023248518232,0,0,0,0,0,0,0,0
1.283396286310777,0.04451782064795938,0.983,-0.03288200310757319,1.9169200439453125,-0.008562238693237304,2.5,0,1,0,1.216603713689223,-0.04451782064795938,0.017000000000000015,0.03288200310757319,-0.04807656726756904,0.0029349013366777588,0.034988761538461574,0.03409030797433868,0,0,0,0,0,0,0,0
1.417857906401635,0.0371390930752108,0.978,-0.03099704751541929,2.0194727783203126,-0.044312522888183596,2.5,0,1,0,1.082142093598365,-0.0371390930752108,0.02200000000000002,0.03099704751541929,-0.15096927046310793,0.020816943976074972,0.04451637692307696,0.02229725247470897,0,0,0,0,0,0,0,0
1.5487699543705422,0.030148059371820357,0.976,-0.030194196059501882,1.9659874267578126,-0.04395657348632812,2.5,0,1,0,0.9512300456294578,-0.030148059371820357,0.02400000000000002,0.030194196059501882,-0.1756327694357085,0.021080976937102074,0.029801861194029885,0.026599338794200053,0,0,0,0,0,0,0,0
1.6824028188648426,0.022440323538531152,0.972,-0.03099704751541929,2.0070697021484376,-0.05504848098754883,2.5,0,1,0,0.8175971811351574,-0.022440323538531152,0.028000000000000025,0.03099704751541929,-0.2888617598898758,0.030551838068763625,0.044608300000000045,0.03476041371503214,0,0,0,0,0,0,0,0
1.8199568057427553,0.01684056245507523,0.971,-0.03127630019573838,2.064921875,-0.020009796142578126,2.5,0,1,0,0.6800431942572447,-0.01684056245507523,0.029000000000000026,0.03127630019573838,-0.3670673115073516,0.021341651586742713,0.02910641538461542,0.03256515872028801,0,0,0,0,0,0,0,0
1.9488459647005785,0.011491616484085485,0.972,-0.030927234345339533,1.93490087890625,-0.019737167358398436,2.5,0,1,0,0.5511540352994215,-0.011491616484085485,0.028000000000000025,0.030927234345339533,-0.38449687513975916,0.022658112108243526,0.017719184615384638,0.029316161189652558,0,0,0,0,0,0,0,0
2.067359752282095,0.006437333573925448,0.976,-0.02871066619530674,1.7792010498046875,-0.02080719757080078,2.5,0,1,0,0.432640247717905,-0.006437333573925448,0.02400000000000002,0.02871066619530674,-0.38760516843554205,0.023594422045878985,-0.001478661538461528,0.018480351656693844,0,0,0,0,0,0,0,0
2.1739271329828815,0.0022867784969116773,0.984,-0.028291787174828085,1.59963916015625,-0.01634466552734375,2.5,0,1,0,0.32607286701711846,-0.0022867784969116773,0.016000000000000014,0.028291787174828085,-0.35921449838210173,0.02013480206020061,-0.02802404477611941,0.02641620947119232,0,0,0,0,0,0,0,0
2.26706453959699,-0.001003034705095157,0.995,-0.028745572780346652,1.39789794921875,-0.009807367324829102,2.5,0,1,0,0.23293546040300983,0.001003034705095157,0.0050000000000000044,0.028745572780346652,-0.36637121677660867,0.018375076450563292,-0.056112611111111155,0.030906456616149356,0,0,0,0,0,0,0,0
2.3464647884992202,-0.0035411838354829587,1.008,-0.029478611066184244,1.19160595703125,-0.003825138568878174,2.5,0,1,0,0.15353521150077976,0.0035411838354829587,-0.008000000000000007,0.029478611066184244,-0.3033158555294855,0.014628771592341031,-0.07336554776119408,0.032760872047546595,0,0,0,0,0,0,0,0
2.412114025863447,-0.00538584711144817,1.021,-0.030805061297699915,0.9851262817382812,0.001366593360900879,2.5,0,1,0,0.08788597413655319,0.00538584711144817,-0.020999999999999908,0.030805061297699915,-0.28602567176619176,0.012543637630358546,-0.08820962222222158,0.03712149097158406,1427130062109,0,0,0,0,0,0,0
2.468582406616667,-0.009903060968606459,1.034,-0.029583330821303905,0.8487108154296875,-0.04163750839233398,2.5,0,1,0,0.03141759338333294,0.009903060968606459,-0.03400000000000003,0.029583330821303905,-0.24897467547173469,0.028515573238037932,-0.0955511939393946,0.024030010474049315,1427130062109,0,0,0,0,0,0,0
2.514987086965457,-0.013189028790697185,1.044,-0.028920105705546012,0.6972235717773437,-0.028678878784179688,2.5,0,1,0,-0.014987086965457141,0.013189028790697185,-0.04400000000000004,0.028920105705546012,-0.21881879891821543,0.02363792687363596,-0.08793250303030309,0.025905446088464682,1427130062109,0,0,0,0,0,0,0
2.5480674968077617,-0.015240629952187149,1.049,-0.030386182277221258,0.49688851928710936,-0.01641281509399414,2.5,0,1,0,-0.04806749680776168,0.015240629952187149,-0.04899999999999993,0.030386182277221258,-0.17021283227035897,0.018467588374118975,-0.06655954999999936,0.037258416206948974,1427130062109,0,0,0,0,0,0,0
2.570692735010408,-0.0162447426019563,1.05,-0.031520646291017564,0.33967950439453126,-0.00474390459060669,2.5,0,1,0,-0.07069273501040785,0.0162447426019563,-0.050000000000000044,0.031520646291017564,-0.12249111603089222,0.013167270351630475,-0.04572541538461602,0.03675663404700051,1427130062109,0,0,0,0,0,0,0
2.583034569844835,-0.016859550693282956,1.048,-0.03363249468593075,0.18532620239257813,-0.003383167505264282,2.5,0,1,-0.03152064629101757,-0.08303456984483493,0.016859550693282956,-0.04800000000000004,0.002111848394913178,-0.04151728492241746,0.008429775346641478,-0.03840000000000004,0.002111848394913178,1427130062109,0,0,0,0,0,0,0
2.5861711432425367,-0.015620930348918849,1.044,-0.03698352684975984,0.04639724349975586,0.020150861740112304,2.5,0,1,-0.03152064629101757,-0.08617114324253672,0.015620930348918849,-0.04400000000000004,0.005462880558742271,-0.06003082423661642,0.0011511246172256429,-0.013947538461538476,0.020929182853338085,1427130062500,0,0,0,0,0,0,0
2.5835227189340126,-0.013305011139148084,1.037,-0.039810960237990675,-0.04098366928100586,0.03324614715576172,2.5,0,1,-0.03152064629101757,-0.08352271893401264,0.013305011139148084,-0.03699999999999992,0.008290313946973105,-0.027827821341225155,-0.005609949267131679,0.006991012121212795,0.021142283893476894,1427130062567,0,0,0,0,0,0,0
2.5789161260183535,-0.010218909880589003,1.028,-0.041416663149825436,-0.07088656616210938,0.04350467300415039,2.5,0,1,-0.03152064629101757,-0.07891612601835352,0.010218909880589003,-0.028000000000000025,0.009896016858807866,-0.014427400559921762,-0.011742186303048258,0.026109349999999417,0.017422749258033308,1427130062631,0,0,0,0,0,0,0
2.5671354173655336,-0.00698014010580435,1.02,-0.043493604959698715,-0.17857060241699219,0.04122321319580078,2.5,0,1,-0.03152064629101757,-0.06713541736553363,0.00698014010580435,-0.020000000000000018,0.011972958668681144,0.02966159579133526,-0.013919447398159587,0.026237523076923095,0.02155884394501935,1427130062696,0,0,0,0,0,0,0
2.55297731685539,-0.0030549327355695968,1.012,-0.04654793115068877,-0.21473068237304688,0.049588539123535155,2.5,0,1,-0.03152064629101757,-0.0529773168553902,0.0030549327355695968,-0.01200000000000001,0.015027284859671197,0.0495075515606547,-0.01957626781403784,0.0325595230769231,0.02912417497193298,1427130062761,0,0,0,0,0,0,0
2.537430378723158,0.0017914308013810684,1.006,-0.04925319149127998,-0.23633407592773437,0.06176546478271484,2.5,0,1,-0.03152064629101757,-0.0374303787231578,-0.0017914308013810684,-0.006000000000000005,0.017732545200262406,0.06346627478753014,-0.02656531262922084,0.026061181818181837,0.030029183112040628,1427130062827,0,0,0,0,0,0,0
2.5192888880022974,0.006565399753257497,0.997,-0.05152211951887258,-0.27531793212890626,0.05812521743774414,2.5,0,1,-0.03152064629101757,-0.019288888002297444,-0.006565399753257497,0.0030000000000000027,0.02000147322785501,0.08628328048217854,-0.028572719590572213,0.04919007272727276,0.030314782444185034,1427130062893,0,0,0,0,0,0,0
2.503156336828663,0.011290634299683563,0.987,-0.05476843192758207,-0.24531735229492188,0.05832223129272461,2.5,0,1,-0.03152064629101757,-0.003156336828662898,-0.011290634299683563,0.013000000000000012,0.023247785636564502,0.08501021265783922,-0.031069744393155428,0.0633934538461539,0.03823076598445446,1427130062958,0,0,0,0,0,0,0
2.485754225995331,0.01933434612092817,0.982,-0.055553830090979535,-0.26724508666992186,0.10618561553955078,2.5,0,1,-0.03152064629101757,0.014245774004669087,-0.01933434612092817,0.018000000000000016,0.024033183799961964,0.10202059574700495,-0.053649452673124653,0.041006250000000036,0.027714737690887566,1427130063022,0,0,0,0,0,0,0
2.468313391750554,0.027768906380239308,0.977,-0.05562364326105929,-0.26823388671875,0.111797119140625,2.5,0,1,-0.03152064629101757,0.031686608249446024,-0.027768906380239308,0.02300000000000002,0.024102996970041722,0.10808340492123447,-0.058624739906421856,0.04432945151515155,0.024420329561313348,1427130063087,0,0,0,0,0,0,0
2.4522008171656413,0.036911609495286615,0.974,-0.05731661263549382,-0.24893914794921876,0.12349177551269531,2.5,0,1,-0.03152064629101757,0.04779918283435869,-0.036911609495286615,0.026000000000000023,0.02579596634447625,0.110441506168036,-0.06772129521251008,0.036537146153846185,0.033609671149558686,1427130063153,0,0,0,0,0,0,0
2.4365146691304393,0.046450466740555585,0.973,-0.060388392119003834,-0.24310237121582032,0.12936912536621092,2.5,0,1,-0.03152064629101757,0.06348533086956065,-0.046450466740555585,0.027000000000000024,0.028867745827986263,0.11475058187682256,-0.0738762903208801,0.02666453030303033,0.04283037984394087,1427130063219,0,0,0,0,0,0,0
2.427881553865449,0.05354422025489891,0.972,-0.059725167003245996,-0.13568247985839843,0.0983969955444336,2.5,0,1,-0.03152064629101757,0.0721184461345512,-0.05354422025489891,0.028000000000000025,0.028204520712228426,0.08314152605176581,-0.06566655088263845,0.027809450000000027,0.025095652982113564,1427130063283,0,0,0,0,0,0,0
2.42399190171953,0.05965791537133658,0.971,-0.05989969992844542,-0.06371461868286132,0.08805933380126953,2.5,0,1,-0.03152064629101757,0.07600809828046984,-0.05965791537133658,0.029000000000000026,0.028379053637427848,0.058867689068906034,-0.0628881083351018,0.028713815384615413,0.029184590215271335,1427130063348,0,0,0,0,0,0,0
2.4170001452886636,0.0682905591962456,0.976,-0.06085963101704224,-0.11244001007080077,0.12297911834716797,2.5,0,1,-0.03152064629101757,0.08299985471133642,-0.0682905591962456,0.02400000000000002,0.02933898472602467,0.07912115564731373,-0.0808123890797258,-0.0074378769230769234,0.03376943590416384,1427130063413,0,0,0,0,0,0,0
2.411901453241251,0.07609327142816112,0.979,-0.06197664173831864,-0.08345744323730468,0.11217230224609374,2.5,0,1,-0.03152064629101757,0.08809854675874895,-0.07609327142816112,0.02100000000000002,0.03045599544730107,0.07111924590200132,-0.0796585194169892,0.001314709090909097,0.03553331690764835,1427130063479,0,0,0,0,0,0,0
2.4116659817983965,0.08150025134475522,0.982,-0.06354743806511354,-0.008548669815063477,0.08073021697998047,2.5,0,1,-0.03152064629101757,0.08833401820160347,-0.08150025134475522,0.018000000000000016,0.03202679177409597,0.04550547583914912,-0.06971115847507536,-0.0009664909090909071,0.03916677507770913,1427130063545,0,0,0,0,0,0,0
2.4131589464643572,0.08450601113112802,0.983,-0.06326818538479445,0.01948607063293457,0.046417545318603516,2.5,0,1,-0.03152064629101757,0.08684105353564275,-0.08450601113112802,0.017000000000000015,0.03174753909377688,0.03540120906650313,-0.059032492701537154,0.00878265000000001,0.030438542154781163,1427130063609,0,0,0,0,0,0,0
2.4160532773802337,0.08746863822914283,0.983,-0.06466444878638988,0.04051837539672851,0.047095447540283206,2.5,0,1,-0.03152064629101757,0.08394672261976632,-0.08746863822914283,0.017000000000000015,0.03314380249537231,0.026825374408576463,-0.05984468799740085,0.014363600000000015,0.0394904543208061,1427130063675,0,0,0,0,0,0,0
2.4191416779631276,0.08896144877749913,0.985,-0.06529276731710787,0.044782218933105467,0.025338916778564452,2.5,0,1,-0.03152064629101757,0.08085832203687238,-0.08896144877749913,0.015000000000000013,0.0337721210260903,0.023791957309421984,-0.05310093500776884,0.001922100000000003,0.03671736413883086,1427130063739,0,0,0,0,0,0,0
2.4245173896681607,0.09028921635154775,0.988,-0.06571164633758658,0.07916437530517578,0.02513526153564453,2.5,0,1,-0.03152064629101757,0.07548261033183934,-0.09028921635154775,0.01200000000000001,0.03419100004656901,0.009962289422460965,-0.05259760415084334,-0.005131641791044778,0.03606657775020504,1427130063806,0,0,0,0,0,0,0
2.43105282556892,0.08946809637495735,0.998,-0.06576400621514639,0.09862873840332032,-0.005853038311004638,2.5,0,1,-0.03152064629101757,0.0689471744310799,-0.08946809637495735,0.0020000000000000018,0.034243359924128816,-0.0009198913474929779,-0.04081770460483118,-0.05213470000000004,0.0344887968501904,1427130063870,0,0,0,0,0,0,0
2.4369878444337574,0.08582973654944,0.998,-0.06499606134426883,0.09241934967041016,-0.048606983184814455,2.5,0,1,-0.03152064629101757,0.06301215556624262,-0.08582973654944,0.0020000000000000018,0.03347541505325126,-0.0000635716841006495,-0.023953645601561088,0.002565800000000003,0.029931054110739458,1427130063935,0,0,0,0,0,0,0
2.4431220759599364,0.08120220986562954,0.998,-0.0654498469497874,0.09632757568359375,-0.06329003143310546,2.5,0,1,-0.03152064629101757,0.05687792404006364,-0.08120220986562954,0.0020000000000000018,0.03392920065876982,-0.004166400357634829,-0.016366380612951818,0.002578800000000003,0.036023595761163194,1427130064000,0,0,0,0,0,0,0
2.4479068197964335,0.07573881879954181,0.998,-0.06763150851478028,0.07697733306884766,-0.07708134460449219,2.5,0,1,-0.03152064629101757,0.05209318020356646,-0.07573881879954181,0.0020000000000000018,0.03611086222376271,0.0007415604664585546,-0.009183107099865424,0.002591800000000003,0.046180069446806804,1427130064065,0,0,0,0,0,0,0
2.4537844169511525,0.0701250127217828,1.004,-0.06890559886873615,0.09365311431884765,-0.07805646514892578,2.5,0,1,-0.03152064629101757,0.04621558304884754,-0.0701250127217828,-0.0040000000000000036,0.03738495257771858,-0.007106134130418069,-0.006515594761126019,-0.03357828358208958,0.043089834759610535,1427130064132,0,0,0,0,0,0,0
2.4609197466937687,0.06276989317161681,1.006,-0.06703809656910226,0.11437207794189454,-0.10269585418701171,2.5,0,1,-0.03152064629101757,0.03908025330623133,-0.06276989317161681,-0.006000000000000005,0.035517450278084686,-0.019586033500849274,0.008658342614949063,-0.014983911111111123,0.026624582184589955,1427130064195,0,0,0,0,0,0,0
2.4661702025841215,0.05520562605339167,1.006,-0.067404615712021,0.08618064880371094,-0.10793338775634766,2.5,0,1,-0.03152064629101757,0.03382979741587855,-0.05520562605339167,-0.006000000000000005,0.03588396942100343,-0.010391539678683621,0.011655802930330098,-0.003912400000000003,0.03754996552517953,1427130064261,0,0,0,0,0,0,0
2.4712746934205243,0.04633910412715655,1.008,-0.06956882398449399,0.08535137176513671,-0.12753872680664063,2.5,0,1,-0.03152064629101757,0.028725306579475696,-0.04633910412715655,-0.008000000000000007,0.03804817769347642,-0.012567506844666702,0.02368821609963662,-0.01633363076923078,0.04803683125873637,1427130064326,0,0,0,0,0,0,0
2.4777119447241445,0.0362978678604924,1.004,-0.07113962031128891,0.10679510498046875,-0.14354214477539062,2.5,0,1,-0.03152064629101757,0.022288055275855534,-0.0362978678604924,-0.0040000000000000036,0.03961897402027134,-0.022948047776332983,0.035010625528861854,0.019148061538461554,0.0468688032208633,1427130064391,0,0,0,0,0,0,0
2.4793809296315015,0.026939454006724553,0.998,-0.07314674895108238,0.0349493408203125,-0.13824168395996095,2.5,0,1,-0.03152064629101757,0.020619070368498527,-0.026939454006724553,0.0020000000000000018,0.041626102660064807,0.0020425132215258456,0.03523180938889308,0.034240981818181845,0.05074941465912601,1427130064457,0,0,0,0,0,0,0
2.485620161091306,0.01699800480888461,0.995,-0.07239625737272483,0.10423625946044922,-0.14188339233398437,2.5,0,1,-0.03152064629101757,0.014379838908693987,-0.01699800480888461,0.0050000000000000044,0.04087561108170726,-0.026338018918266502,0.04493100331059308,0.021261050000000017,0.037357681808156254,1427130064521,0,0,0,0,0,0,0
2.4899694924364955,0.0077002093086835244,0.993,-0.07325146870620204,0.07515714263916015,-0.1343825988769531,2.5,0,1,-0.03152064629101757,0.010030507563504543,-0.0077002093086835244,0.007000000000000006,0.04173082241518447,-0.017804844189235877,0.04527264831734624,0.017269530769230785,0.04567795164661776,1427130064586,0,0,0,0,0,0,0
2.493069423891103,0.00040340177732819775,0.992,-0.0749095314955966,0.05438463592529297,-0.10575552368164062,2.5,0,1,-0.03152064629101757,0.006930576108897135,-0.00040340177732819775,0.008000000000000007,0.043388885204579036,-0.01236978970331059,0.03755092459861745,0.012656130303030314,0.050925534247281606,1427130064652,0,0,0,0,0,0,0
2.497128333695617,-0.008394086293394299,0.999,-0.07606144880191297,0.07058889770507812,-0.12703574371337892,2.5,0,1,-0.03152064629101757,0.0028716663043830692,0.008394086293394299,0.0010000000000000009,0.0445408025108954,-0.01981401575952255,0.05063102294749503,-0.03593270769230772,0.04985734392466323,1427130064717,0,0,0,0,0,0,0
2.49839396414039,-0.0145315174869384,0.999,-0.07712609964562944,0.025925146102905274,-0.09035269927978516,2.5,0,1,-0.03152064629101757,0.0016060358596101665,0.0145315174869384,0.0010000000000000009,0.04560545335461187,-0.00530177942115742,0.03888522333635361,0.0017662000000000025,0.05044477537150493,1427130064783,0,0,0,0,0,0,0
2.500460837653226,-0.02008668512753569,0.996,-0.07777187146886733,0.03733129501342773,-0.08069102478027344,2.5,0,1,-0.03152064629101757,-0.0004608376532257985,0.02008668512753569,0.0040000000000000036,0.046251225177849756,-0.010927049035926728,0.039508502067522495,0.02059805000000002,0.04927828059927734,1427130064847,0,0,0,0,0,0,0
2.5012455213591074,-0.024418690348330906,0.994,-0.07965682706102123,0.016783206939697266,-0.06386919021606445,2.5,0,1,-0.03152064629101757,-0.0012455213591073822,0.024418690348330906,0.006000000000000005,0.04813618077000366,-0.0042422059091762445,0.03463673575025817,0.016600030769230785,0.05683597581071398,1427130064912,0,0,0,0,0,0,0
2.504438719849213,-0.02802351062644427,0.994,-0.07936012108818219,0.05204877090454101,-0.0500894775390625,2.5,0,1,-0.03152064629101757,-0.004438719849213069,0.02802351062644427,0.006000000000000005,0.04783947479716462,-0.01881061608333778,0.03254174994139669,0.005869800000000007,0.04647006261483059,1427130064977,0,0,0,0,0,0,0
2.5052255351523742,-0.030371323458645825,0.996,-0.08108799704765662,0.014556991577148437,-0.03417070770263672,2.5,0,1,-0.03152064629101757,-0.005225535152374228,0.030371323458645825,0.0040000000000000036,0.04956735075663905,-0.006185832267716835,0.026775653297685692,-0.006309860606060608,0.057421332390613755,1427130065043,0,0,0,0,0,0,0
2.5076949412456764,-0.03143889361474474,0.996,-0.0816988622858546,0.03821646499633789,-0.012960637092590332,2.5,0,1,-0.03152064629101757,-0.007694941245676379,0.03143889361474474,0.0040000000000000036,0.05017821599483703,-0.01615306810640245,0.020456838863846083,0.004323000000000005,0.052913433479305584,1427130065110,0,0,0,0,0,0,0
2.5107196407342456,-0.030838289578785327,0.994,-0.08290313946973066,0.04448394775390625,0.01268160629272461,2.5,0,1,-0.03152064629101757,-0.010719640734245584,0.030838289578785327,0.006000000000000005,0.05138249317871309,-0.02157617469500478,0.01126241685524032,0.017071911111111126,0.05711714643526574,1427130065173,0,0,0,0,0,0,0
2.5158203345017185,-0.030846375298122654,0.994,-0.08168140899333465,0.07625767517089843,0.006214820384979248,2.5,0,1,-0.03152064629101757,-0.01582033450171849,0.030846375298122654,0.006000000000000005,0.05016076270231708,-0.03479819288110709,0.014666737436255607,0.0059998000000000065,0.04452200665741241,1427130065238,0,0,0,0,0,0,0
2.5195805229707187,-0.029353792939000194,0.995,-0.08276351312957114,0.05438806533813476,0.026916030883789063,2.5,0,1,-0.03152064629101757,-0.01958052297071866,0.029353792939000194,0.0050000000000000044,0.05124286683855357,-0.02886890751778037,0.006099502783957472,0.000009419402985075959,0.0560881092396125,1427130065305,0,0,0,0,0,0,0
2.5237269267571953,-0.02684259717266695,0.999,-0.08405505677604691,0.05886919021606445,0.042680690765380856,2.5,0,1,-0.03152064629101757,-0.023726926757195343,0.02684259717266695,0.0010000000000000009,0.05253441048502934,-0.03399016476710843,-0.0010749456588869909,-0.019835300000000018,0.0585885213278845,1427130065369,0,0,0,0,0,0,0
2.526240879893375,-0.0250082905643761,1.002,-0.08475318847684465,0.03526614379882813,0.030583383560180664,2.5,0,1,-0.03152064629101757,-0.02624087989337509,0.0250082905643761,-0.0020000000000000018,0.053232542185827084,-0.02572166802732671,0.0021755597387538243,-0.01604534179104479,0.05635850502521997,1427130065436,0,0,0,0,0,0,0
2.5280928623273486,-0.022122969787331154,1.006,-0.08667305065403846,0.024016311645507812,0.04547606658935547,2.5,0,1,-0.03152064629101757,-0.028092862327348644,0.022122969787331154,-0.006000000000000005,0.05515240436302089,-0.02382155803753859,-0.005700524351247729,-0.025833722222222244,0.06429460520680094,1427130065499,0,0,0,0,0,0,0
2.5295502565171213,-0.018763760605855682,1.012,-0.08499753457212389,0.01741702461242676,0.05209137344360352,2.5,0,1,-0.03152064629101757,-0.029550256517121287,0.018763760605855682,-0.01200000000000001,0.05347688828110632,-0.022009572553697756,-0.009152173071095726,-0.040308881818181846,0.045860906090585525,1427130065565,0,0,0,0,0,0,0
2.5304081497248103,-0.015824303429604235,1.014,-0.08485790823196426,0.009078753471374513,0.045025146484375,2.5,0,1,-0.03152064629101757,-0.03040814972481032,0.015824303429604235,-0.014000000000000012,0.05333726194094669,-0.01942097830109092,-0.008872942454069556,-0.02111780000000002,0.05268276347144844,1427130065629,0,0,0,0,0,0,0
2.5311210536138375,-0.012071407328773822,1.018,-0.08597491895324066,0.005883867263793945,0.05699722671508789,2.5,0,1,-0.03152064629101757,-0.031121053613837546,0.012071407328773822,-0.018000000000000016,0.054454272662223094,-0.01888691758809982,-0.014567988689850623,-0.03471122121212124,0.05953159412257037,1427130065695,0,0,0,0,0,0,0
2.533511166596262,-0.0077524131419461125,1.017,-0.08536405371504263,0.0301562557220459,0.06762417602539063,2.5,0,1,-0.03152064629101757,-0.033511166596261965,0.0077524131419461125,-0.016999999999999904,0.05384340742402506,-0.028998382096068847,-0.019724404495121903,-0.007508269696969027,0.05106674725039764,1427130065761,0,0,0,0,0,0,0
2.533498527773031,-0.0036284232104499574,1.014,-0.08604473212332048,-0.005463088512420654,0.06161843490600586,2.5,0,1,-0.03152064629101757,-0.03349852777303086,0.0036284232104499574,-0.014000000000000012,0.05452408583230291,-0.01626954160422011,-0.02143339015652583,0.005905349999999398,0.057714765871105314,1427130065825,0,0,0,0,0,0,0
2.5334288229614397,0.00048525215813511333,1.015,-0.08683013028671788,-0.006344556331634521,0.061386993408203125,2.5,0,1,-0.03152064629101757,-0.033428822961439675,-0.00048525215813511333,-0.014999999999999902,0.055309483995700306,-0.015950202897018928,-0.023088032993848092,-0.01678301538461471,0.058934398595995995,1427130065890,0,0,0,0,0,0,0
2.53363739372723,0.003921575825752294,1.013,-0.08576547944300134,-0.0013532495498657226,0.051621978759765624,2.5,0,1,-0.03152064629101757,-0.03363739372723007,-0.003921575825752294,-0.0129999999999999,0.054244833151983765,-0.017558079651962415,-0.020881151931099278,0.0007218606060606959,0.049405511135090396,1427130065956,0,0,0,0,0,0,0
2.5325733339026995,0.007960441890126534,1.01,-0.08628907821859966,-0.021091793060302736,0.05899309539794922,2.5,0,1,-0.03152064629101757,-0.03257333390269945,-0.007960441890126534,-0.010000000000000009,0.05476843192758209,-0.010211612414102463,-0.026430571056751367,0.008604646153845564,0.0571850416611128,1427130066021,0,0,0,0,0,0,0
2.5331535073386666,0.010478934624416554,1.009,-0.08600982553828061,0.005414490222930908,0.03838684463500976,2.5,0,1,-0.03152064629101757,-0.03315350733866662,-0.010478934624416554,-0.008999999999999897,0.05448917924726304,-0.01928422163837403,-0.019105403291844916,-0.0015856194029844053,0.05323879411150612,1427130066088,0,0,0,0,0,0,0
2.532641628304813,0.01307393737043544,1.006,-0.08466592201424492,-0.010993612289428712,0.03812156677246094,2.5,0,1,-0.03152064629101757,-0.032641628304812986,-0.01307393737043544,-0.006000000000000005,0.053145275723227345,-0.013174317181928899,-0.02167151783934418,0.012219366666666061,0.046745735132581165,1427130066151,0,0,0,0,0,0,0
2.5314840119357163,0.01476077234232334,1.002,-0.08468337530676487,-0.019441749572753905,0.023743486404418944,2.5,0,1,-0.03152064629101757,-0.03148401193571626,-0.01476077234232334,-0.0020000000000000018,0.0531627290157473,-0.009226427104915894,-0.017190805445918337,0.020278161538461556,0.0532432826735317,1427130066216,0,0,0,0,0,0,0
2.530157229229826,0.015787237037629437,1,-0.08464846872172496,-0.021132732391357423,0.013658462524414062,2.5,0,1,-0.03152064629101757,-0.03015722922982622,-0.015787237037629437,0,0.05312782243070739,-0.007671742291313958,-0.01415845954682075,0.011108930769230781,0.05296671511513859,1427130066281,0,0,0,0,0,0,0
2.5296743366730237,0.01688300747685053,0.997,-0.08471828189180478,-0.008607121467590332,0.015765295028686524,2.5,0,1,-0.03152064629101757,-0.02967433667302366,-0.01688300747685053,0.0030000000000000027,0.053197635600787205,-0.012033301783462243,-0.015001273805610548,0.018668590909090926,0.05351496819205908,1427130066347,0,0,0,0,0,0,0
2.529095668772992,0.017223453148702147,0.995,-0.08234463410909246,-0.009081000328063965,0.004353893280029297,2.5,0,1,-0.03152064629101757,-0.029095668772991967,-0.017223453148702147,0.0050000000000000044,0.05082398781807489,-0.011301363778265131,-0.011150580050315082,0.014840761194029866,0.04019571416413913,1427130066414,0,0,0,0,0,0,0
2.529028523929958,0.01701951232210532,0.994,-0.08290313946973063,-0.0007521430253982544,-0.0031315884590148928,2.5,0,1,-0.03152064629101757,-0.029028523929957917,-0.01701951232210532,0.006000000000000005,0.05138249317871306,-0.013935944436170189,-0.008147879798051613,0.010786355555555568,0.05404204251508531,1427130066477,0,0,0,0,0,0,0
2.5292139220598346,0.016635247681018508,0.994,-0.08203047484373346,0.0032487246990203856,-0.005513885974884033,2.5,0,1,-0.03152064629101757,-0.02921392205983464,-0.016635247681018508,0.006000000000000005,0.050509828552715894,-0.015418957078605295,-0.0070304476825457235,0.0052698000000000085,0.0464821456634982,1427130066542,0,0,0,0,0,0,0
2.528471256649518,0.016433700063253374,0.99,-0.08094837070749697,-0.010854804039001464,-0.003925841808319092,2.5,0,1,-0.03152064629101757,-0.028471256649518217,-0.016433700063253374,0.010000000000000009,0.0494277244164794,-0.010068865473844633,-0.007924216673513302,0.030073261538461564,0.044433397633849424,1427130066607,0,0,0,0,0,0,0
2.528079824454021,0.017366422298862663,0.987,-0.08103563717009674,-0.0069835553169250485,0.01347025203704834,2.5,0,1,-0.03152064629101757,-0.02807982445402102,-0.017366422298862663,0.013000000000000012,0.049514990879079165,-0.011782657034094663,-0.014509472868597563,0.027173146153846178,0.04991775916800117,1427130066672,0,0,0,0,0,0,0
2.528210531444143,0.016822111546775903,0.986,-0.08072147790473774,0.0026150755882263185,-0.00797916316986084,2.5,0,1,-0.03152064629101757,-0.028210531444142983,-0.016822111546775903,0.014000000000000012,0.04920083161372017,-0.014657421116723569,-0.00638282343128326,0.017136980597014944,0.04779414833599334,1427130066739,0,0,0,0,0,0,0
2.5277929096810974,0.017520540070158453,0.985,-0.0802327857141794,-0.007088683128356934,0.009937197685241698,2.5,0,1,-0.03152064629101757,-0.027792909681097377,-0.017520540070158453,0.015000000000000013,0.04871213942316183,-0.011499730971148658,-0.013406196202440383,0.01827785000000002,0.04642139477991958,1427130066803,0,0,0,0,0,0,0
2.527057467652816,0.017646927491228957,0.987,-0.07831292353698553,-0.011148085594177246,0.001005563497543335,2.5,0,1,-0.03152064629101757,-0.027057467652816136,-0.017646927491228957,0.013000000000000012,0.04679227724596796,-0.009473393867662109,-0.01034187708051471,0.0005243692307692373,0.037931374889688584,1427130066868,0,0,0,0,0,0,0
2.5259426774108236,0.01995133255193774,0.986,-0.07749261878854828,-0.019374807357788085,0.03315193557739258,2.5,0,1,-0.03152064629101757,-0.025942677410823567,-0.01995133255193774,0.014000000000000012,0.04597197249753071,-0.006981426938923804,-0.023047029705830353,0.017489030303030322,0.042243314550088666,1427130066934,0,0,0,0,0,0,0
2.5256048882731927,0.02102805778673797,0.986,-0.07627088831215222,-0.006301952838897705,0.01571015930175781,2.5,0,1,-0.03152064629101757,-0.02560488827319274,-0.02102805778673797,0.014000000000000012,0.044750242021134645,-0.01089340158699372,-0.01726686154063266,0.012275600000000015,0.03902338041302809,1427130066998,0,0,0,0,0,0,0
2.5243807093459094,0.022038734046713776,0.985,-0.07679448708775048,-0.01946445655822754,0.01371688938140869,2.5,0,1,-0.03152064629101757,-0.024380709345909413,-0.022038734046713776,0.015000000000000013,0.04527384079673291,-0.0057499669995224965,-0.017178276598969342,0.018399980597014944,0.047618312926277384,1427130067065,0,0,0,0,0,0,0
2.5247492810772925,0.022239374476455527,0.988,-0.07532841051607524,0.0052813878059387205,0.0034248833656311036,2.5,0,1,-0.03152064629101757,-0.024749281077292462,-0.022239374476455527,0.01200000000000001,0.043807764225057666,-0.014360683606614452,-0.013110430259304121,-0.00555335,0.03693553029532995,1427130067129,0,0,0,0,0,0,0
2.525299243227232,0.020482302864453322,0.988,-0.07421139979479889,0.010209522247314452,-0.025660503387451173,2.5,0,1,-0.03152064629101757,-0.025299243227232093,-0.020482302864453322,0.01200000000000001,0.04269075350378132,-0.015597817187202007,-0.0016868007661566889,0.010930900000000014,0.0375353194055828,1427130067194,0,0,0,0,0,0,0
2.526102009651584,0.021731964566190965,0.985,-0.07440338601251828,0.010618542671203613,0.019586128234863283,2.5,0,1,-0.03152064629101757,-0.026102009651583824,-0.021731964566190965,0.015000000000000013,0.04288273972150071,-0.017377420490947322,-0.018515859852592714,0.02958224615384618,0.04376882995712866,1427130067259,0,0,0,0,0,0,0
2.528553203539445,0.02150750793409835,0.986,-0.07241371066524477,0.03691645812988281,-0.0006244010329246521,2.5,0,1,-0.03152064629101757,-0.028553203539444905,-0.02150750793409835,0.014000000000000012,0.0408930643742272,-0.027497724897613464,-0.01048005115761756,0.007334784615384627,0.03170994738681099,1427130067324,0,0,0,0,0,0,0
2.529475536305511,0.02070225409864266,0.987,-0.07162831250184726,0.014672640800476075,-0.011046184539794921,2.5,0,1,-0.03152064629101757,-0.029475536305510808,-0.02070225409864266,0.013000000000000012,0.04010766621082969,-0.019670767423281322,-0.007029414870886775,0.006702169696969708,0.03653767455902282,1427130067390,0,0,0,0,0,0,0
2.5324054977643145,0.01908232576474805,0.984,-0.0685216264332974,0.04557572937011719,-0.021091285705566405,2.5,0,1,-0.03152064629101757,-0.03240549776431445,-0.01908232576474805,0.016000000000000014,0.03700098014227983,-0.03228855579115948,-0.001642965807495662,0.030913850000000034,0.022438389195952372,1427130067454,0,0,0,0,0,0,0
2.5342940130029548,0.014841579357929766,0.952,-0.06496115475922898,0.03261658477783203,-0.061522377014160155,2.5,0,1,-0.03152064629101757,-0.03429401300295476,-0.014841579357929766,0.04800000000000004,0.03344050846821141,-0.02724707426947323,0.01409743558037533,0.21012136969696987,0.017256546313354947,1427130067520,0,0,0,0,0,0,0
2.5380255566327676,0.010187229342010124,0.944,-0.06281439977927594,0.06038718414306641,-0.06603446960449219,2.5,0,1,-0.03152064629101757,-0.03802555663276763,-0.010187229342010124,0.05600000000000005,0.03129375348825837,-0.039215636395400835,0.01899106688754438,0.09026532307692316,0.021385653580782822,1427130067585,0,0,0,0,0,0,0
2.540780421538623,0.003542289946340679,0.918,-0.06094689747964199,0.047498329162597656,-0.096883544921875,2.5,0,1,-0.03152064629101757,-0.040780421538622935,-0.003542289946340679,0.08199999999999996,0.029426251188624422,-0.035360536839480136,0.03302979229556677,0.2085213999999995,0.020807009805698502,1427130067650,0,0,0,0,0,0,0
2.542065724858401,-0.003352343119100344,0.878,-0.05949827420048671,0.02554294967651367,-0.10205317687988281,2.5,0,1,-0.03152064629101757,-0.04206572485840088,0.003352343119100344,0.122,0.027977627909469137,-0.027911755653885616,0.03671565189251342,0.3102940238805972,0.021491255017729055,0,0,0,0,0,0,0,0
2.547258648757456,-0.009463421370142368,0.844,-0.05775294494849243,0.083206787109375,-0.08687215423583984,2.5,0,1,-0.03152064629101757,-0.047258648757456,0.009463421370142368,0.15600000000000003,0.02623229865747486,-0.0522229946381088,0.03718046689900249,0.31547470000000016,0.01805106778875169,0,0,0,0,0,0,0,0
2.551125253824465,-0.01402522265409831,0.797,-0.05729915934297387,0.06185204315185547,-0.06496517944335937,2.5,0,1,-0.03152064629101757,-0.05112525382446487,0.01402522265409831,0.20299999999999996,0.025778513051956296,-0.046610907143689165,0.03061407012546695,0.42153362307692266,0.023684117949562926,0,0,0,0,0,0,0,0
2.556993908941904,-0.02045447571596627,0.752,-0.05829399701661065,0.09340819549560547,-0.09123925018310547,2.5,0,1,-0.03152064629101757,-0.056993908941903815,0.02045447571596627,0.248,0.02677335072559308,-0.0603625502455367,0.043897501638988694,0.4483763923076925,0.03136490921930131,0,0,0,0,0,0,0,0
2.561773811657034,-0.02616143403672072,0.702,-0.058398716771730315,0.07656414794921874,-0.08128173828125,2.5,0,1,-0.03152064629101757,-0.061773811657034106,0.02616143403672072,0.29800000000000004,0.026878070480712744,-0.05693014164517077,0.042878706356263216,0.5172364692307695,0.027361392427418887,0,0,0,0,0,0,0,0
2.5636684372413145,-0.04066019453264219,0.652,-0.05874778262212916,0.04106435394287109,-0.2154519500732422,2.5,0,1,-0.03152064629101757,-0.06366843724131455,0.04066019453264219,0.348,0.02722713633111159,-0.042079472421737915,0.09516534699667828,0.5515313298507458,0.028790117750807906,0,0,0,0,0,0,0,0
2.564538991584841,-0.05618566187354719,0.596,-0.05885250237724883,0.02670922088623047,-0.23171354675292968,2.5,0,1,-0.03152064629101757,-0.06453899158484111,0.05618566187354719,0.404,0.02733185608623126,-0.03749452434946101,0.11347628033706156,0.6487936111111114,0.027830521586801122,0,0,0,0,0,0,0,0
2.5634565527085535,-0.07115193498178997,0.541,-0.058224183846530844,-0.003004058837890625,-0.22506044006347656,2.5,0,1,-0.03152064629101757,-0.06345655270855355,0.07115193498178997,0.45899999999999996,0.026703537555513274,-0.026418567054381843,0.1141203806463488,0.6763785666666663,0.02384754423406788,0,0,0,0,0,0,0,0
2.5568506616855715,-0.08552169354613559,0.486,-0.05726425275793397,-0.08637753295898437,-0.22094720458984374,2.5,0,1,-0.03152064629101757,-0.05685066168557151,0.08552169354613559,0.514,0.025743606466916397,0.006677401796324263,0.11936987225167174,0.7282067461538464,0.021313155288776964,0,0,0,0,0,0,0,0
2.5452950293351533,-0.10071483025617932,0.431,-0.055466563628379824,-0.16000714111328124,-0.23744393920898438,2.5,0,1,-0.03152064629101757,-0.04529502933515328,0.10071483025617932,0.569,0.023945917337362253,0.039078229504045055,0.1314654798770422,0.7759052461538458,0.0156488905855739,0,0,0,0,0,0,0,0
2.5314737346423954,-0.11457845884767158,0.376,-0.055169857655540784,-0.19547198486328124,-0.21912802124023437,2.5,0,1,-0.03152064629101757,-0.031473734642395446,0.11457845884767158,0.624,0.023649211364523214,0.05594594688631534,0.12908680447406784,0.8152456328358212,0.022320677157781244,0,0,0,0,0,0,0,0
2.515939369081899,-0.11837951312814293,0.324,-0.054419366077183236,-0.22951699829101563,-0.0697779769897461,2.5,0,1,-0.03152064629101757,-0.01593936908189919,0.11837951312814293,0.6759999999999999,0.022898719786165665,0.07645569695819193,0.07942816969571548,0.8582335999999997,0.019380790512614657,0,0,0,0,0,0,0,0
2.4993252587274006,-0.12000573625711508,0.273,-0.05380850083898515,-0.24751591491699218,-0.037912483215332034,2.5,0,1,-0.03152064629101757,0.0006747412725993662,0.12000573625711508,0.727,0.022287854547967577,0.08927022327483519,0.06828885547152176,0.8939994846153848,0.019468476525514863,0,0,0,0,0,0,0,0
2.4823667986266136,-0.11915577908243308,0.224,-0.05347688828110626,-0.25469442749023435,-0.0009501304626464844,2.5,0,1,-0.03152064629101757,0.01763320137338642,0.11915577908243308,0.776,0.021956241990088693,0.09823172482880853,0.054678584965677686,0.9235541848484852,0.02044891218154831,0,0,0,0,0,0,0,0
2.4652020510962425,-0.11566793590193011,0.186,-0.05326744877086699,-0.25989959716796873,0.03848065948486328,2.5,0,1,-0.03152064629101757,0.034797948903757536,0.11566793590193011,0.8140000000000001,0.02174680247984942,0.11077485453080546,0.03844189711464453,0.9071278000000003,0.020765054775602827,0,0,0,0,0,0,0,0
2.4474734557552114,-0.11000589774944378,0.163,-0.05232497097479007,-0.2700736389160156,0.07065145111083984,2.5,0,1,-0.03152064629101757,0.05252654424478864,0.11000589774944378,0.837,0.020804324683772496,0.12126524861929983,0.024268626521156893,0.8470019538461534,0.016454427163417464,0,0,0,0,0,0,0,0
2.430958578148158,-0.102996838337583,0.112,-0.0522377045121903,-0.25288284301757813,0.09203580474853515,2.5,0,1,-0.03152064629101757,0.06904142185184181,0.102996838337583,0.888,0.02071705822117273,0.12168548394135142,0.014150718015849044,1.0402711454545457,0.02032039248208288,0,0,0,0,0,0,0,0
2.41936128282511,-0.09466680829289495,0,-0.05239478414486983,-0.1802462921142578,0.1156968994140625,2.5,0,1,-0.03152064629101757,0.08063871717489013,0.09466680829289495,1,0.02087413785385226,0.10337955277874847,0.0016606924007621718,1.4783165999999999,0.021610448632037562,0,0,0,0,0,0,0,0
