0,0,0.724,0,-0.013907902717590332,-0.00634533166885376,0,0,2,0,0,0,1.276,0,0,0,1.0208000000000002,0,0,0,0,0,0,0,0,0
-0.001777306620279948,-0.0008961098988850911,0.725,0.0008203047484373616,-0.02665959930419922,-0.013441648483276367,0,0,2,0,0.001777306620279948,0.0008961098988850911,1.275,-0.0008203047484373616,0.010922937774082963,0.0055072954506408525,1.0222598387096768,-0.004789521273134272,0,0,0,0,0,0,0,0
-0.003593728972583633,-0.001905260869598053,0.729,-0.0010471975511965326,-0.027258743286132814,-0.015114909172058105,0,0,2,0,0.003593728972583633,0.001905260869598053,1.271,0.0010471975511965326,0.011289147696991448,0.006226146723085185,1.0123251776119402,0.009409148146572177,0,0,0,0,0,0,0,0
-0.002512158111461018,-0.002455963555431491,0.734,-0.0017278759594743784,0.01623220443725586,-0.00824354648590088,0,0,2,0,0.002512158111461018,0.002455963555431491,1.266,0.0017278759594743784,-0.004747555562379816,0.004290820513416928,1.0094187222222228,0.0049692017131784064,0,0,0,0,0,0,0,0
-0.000121817511662447,-0.0035947650871962274,0.748,-0.001500983156715041,0.03588457107543945,-0.017020044326782228,0,0,2,0,0.000121817511662447,0.0035947650871962274,1.252,0.001500983156715041,-0.011553622396454783,0.00733919092383267,0.9669553444444444,0.0005555964785511345,0,0,0,0,0,0,0,0
0.0024956938938025834,-0.0060013554812111645,0.768,-0.0016929693744344718,0.03931681060791015,-0.036039882659912106,0,0,2,0,-0.0024956938938025834,0.0060013554812111645,1.232,0.0016929693744344718,-0.016771749341983486,0.017286569834471088,0.9076356322033898,0.0026691704814824253,0,0,0,0,0,0,0,0
0.006858296825167868,-0.0081296101661982,0.798,-0.0022514747350727005,0.06549299621582032,-0.03181298828125,0,0,2,0,-0.006858296825167868,0.0081296101661982,1.202,0.0022514747350727005,-0.026219752639758863,0.015197508676876895,0.8536166820895521,0.004752245006587157,0,0,0,0,0,0,0,0
0.012966926708245338,-0.010910631116987726,0.828,-0.0011693705988362055,0.09172313690185546,-0.04150890731811523,0,0,2,0,-0.012966926708245338,0.010910631116987726,1.1720000000000002,0.0011693705988362055,-0.038887158327241766,0.02022531018979798,0.8349773909090922,-0.0037492845658751344,0,0,0,0,0,0,0,0
0.02208997403235799,-0.011819422683119559,0.847,0.0004712388980385176,0.13686155700683594,-0.013471840858459472,0,0,2,0,-0.02208997403235799,0.011819422683119559,1.153,-0.0004712388980385176,-0.06019289206845405,0.010833043270611107,0.8840551076923071,-0.008043282729768009,0,0,0,0,0,0,0,0
0.031491431936663,-0.012871026746253183,0.866,0.001256637061435917,0.14101441955566407,-0.015840514183044434,0,0,2,0,-0.031491431936663,0.012871026746253183,1.134,-0.001256637061435917,-0.06801968133731884,0.012315705795812683,0.8727514444444437,-0.004996628315709247,0,0,0,0,0,0,0,0
0.041824566987847436,-0.013377015689977127,0.889,0.0028972465583105844,0.15498736572265626,-0.007784603118896484,0,0,2,0,-0.041824566987847436,0.013377015689977127,1.111,-0.0028972465583105844,-0.07496301333242675,0.009378643898423722,0.8472014462686572,-0.010243259230883721,0,0,0,0,0,0,0,0
0.05297890892317637,-0.014610563891822644,0.913,0.002251474735072756,0.1672608184814453,-0.018987897872924805,0,0,2,0,-0.05297890892317637,0.014610563891822644,1.087,-0.002251474735072756,-0.08856306361987855,0.014214442394983172,0.8216654666666666,0.0008236291851073793,0,0,0,0,0,0,0,0
0.0646455217915099,-0.014428954331123319,0.935,-0.0004014257279587041,0.1750048828125,0.0023301305770874023,0,0,2,0,-0.0646455217915099,0.014428954331123319,1.065,0.0004014257279587041,-0.09252050540613846,0.006345648645935486,0.8314055058823528,0.012105398358979851,0,0,0,0,0,0,0,0
0.07653134606832103,-0.014434641706664463,0.955,-0.002862339973270678,0.17828738403320313,-0.000013741493225097657,0,0,2,0,-0.07653134606832103,0.014434641706664463,1.045,0.002862339973270678,-0.10555951938547911,0.007324303055647343,0.8222165741935482,0.014769989547360873,0,0,0,0,0,0,0,0
0.08706282258611825,-0.01426609128496839,0.975,-0.004293509959906072,0.15796426391601562,0.0029804153442382813,0,0,2,0,-0.08706282258611825,0.01426609128496839,1.025,0.004293509959906072,-0.09799319438842666,0.006350083699424321,0.8231486235294116,0.010607495195062223,0,0,0,0,0,0,0,0
0.09757478409159806,-0.014135213814306422,0.998,-0.0037699111843077504,0.15766954040527345,0.0026401400566101072,0,0,2,0,-0.09757478409159806,0.014135213814306422,1.002,0.0037699111843077504,-0.10844526054767809,0.0064221233007023,0.7840634903225813,0.0012363687217352257,0,0,0,0,0,0,0,0
0.10332988889037628,-0.013967101419018229,1.013,-0.00593411945678074,0.08631645202636719,0.0028471107482910154,0,0,2,0,-0.10332988889037628,0.013967101419018229,0.9870000000000001,0.00593411945678074,-0.08167322203030485,0.0062211047756666575,0.8314079176470595,0.015482097129455691,0,0,0,0,0,0,0,0
0.10629686750827665,-0.013281604411869385,1.035,-0.006824237375297748,0.04444287872314453,0.010546368598937988,0,0,2,0,-0.10629686750827665,0.013281604411869385,0.9650000000000001,0.006824237375297748,-0.07008502997478826,0.002943691364002001,0.7748710777777778,0.011062894130140645,0,0,0,0,0,0,0,0
0.10874395559025594,-0.011735463377439886,1.056,-0.00769690200129497,0.03654719924926758,0.023442066192626954,0,0,2,0,-0.10874395559025594,0.011735463377439886,0.944,0.00769690200129497,-0.06749461166599358,-0.001971161185414862,0.7786242647058818,0.011546892998341534,0,0,0,0,0,0,0,0
0.10995362167719061,-0.009050388249352188,1.076,-0.009093165402890459,0.017834455490112304,0.04041459274291992,0,0,2,0,-0.10995362167719061,0.009050388249352188,0.9239999999999999,0.009093165402890459,-0.06240106981877512,-0.010507690829751493,0.7635380741935482,0.01584927863641702,0,0,0,0,0,0,0,0
0.10926408306679541,-0.006226758316499728,1.099,-0.008813912722571373,-0.010727782249450684,0.042258647918701174,0,0,2,0,-0.10926408306679541,0.006226758316499728,0.901,0.008813912722571373,-0.0518052729447674,-0.011080287687212465,0.747591533333334,0.007599770634227519,0,0,0,0,0,0,0,0
0.10751835519125501,-0.003955955758929017,1.122,-0.00884881930761128,-0.026485116958618164,0.03382991790771484,0,0,2,0,-0.10751835519125501,0.003955955758929017,0.8779999999999999,0.00884881930761128,-0.044641814578724646,-0.01070952244042923,0.7214630903225798,0.009017722138449537,0,0,0,0,0,0,0,0
0.10612913410193653,-0.0015638184755015663,1.147,-0.009983283321407578,-0.02115501022338867,0.03569626235961914,0,0,2,0,-0.10612913410193653,0.0015638184755015663,0.853,0.009983283321407578,-0.046616100886896744,-0.011581736168093324,0.7064198850746274,0.015062972935420858,0,0,0,0,0,0,0,0
0.10390023397372387,0.001161598343414796,1.177,-0.00923279174305003,-0.033839958190917965,0.040545444488525394,0,0,2,0,-0.10390023397372387,-0.001161598343414796,0.823,0.00923279174305003,-0.0404414545735783,-0.015590141393750553,0.6515351333333332,0.0056590223222998,0,0,0,0,0,0,0,0
0.10007191352779661,0.0027157693236665448,1.204,-0.00912807198793031,-0.057637596130371095,0.022781387329101562,0,0,2,0,-0.10007191352779661,-0.0027157693236665448,0.796,0.00912807198793031,-0.0312735312113759,-0.009227278514659295,0.6630440117647064,0.008666073068284487,0,0,0,0,0,0,0,0
0.0970169700776042,0.005317925888558702,1.236,-0.008482300164692426,-0.04617852783203125,0.038612442016601564,0,0,2,0,-0.0970169700776042,-0.005317925888558702,0.764,0.008482300164692426,-0.03253986265131202,-0.01698872299374903,0.6034500222222222,0.0054071962445120265,0,0,0,0,0,0,0,0
0.09526145389204613,0.008309087867737873,1.268,-0.006789330790257953,-0.026712369918823243,0.0446424560546875,0,0,2,0,-0.09526145389204613,-0.008309087867737873,0.732,0.006789330790257953,-0.03966304533107877,-0.019429215460116542,0.5958995176470587,-0.0006796517440117791,0,0,0,0,0,0,0,0
0.09187508618557301,0.010159487638139078,1.303,-0.00539306738866241,-0.0509827880859375,0.027410491943359375,0,0,2,0,-0.09187508618557301,-0.010159487638139078,0.6970000000000001,0.00539306738866241,-0.027945977212622108,-0.015410832725603618,0.5393461548387102,-0.0013630458448644122,0,0,0,0,0,0,0,0
0.08806090342524825,0.012426984731766217,1.341,-0.005462880558742224,-0.05739533996582031,0.033703411102294925,0,0,2,0,-0.08806090342524825,-0.012426984731766217,0.659,0.005462880558742224,-0.025868935890483852,-0.017609147588123295,0.5183202768115941,0.0057664160808283725,0,0,0,0,0,0,0,0
0.08499036248401028,0.01664148490415882,1.382,-0.004694935687864722,-0.04640277481079102,0.06296495056152343,0,0,2,0,-0.08499036248401028,-0.01664148490415882,0.6180000000000001,0.004694935687864722,-0.02611495553813777,-0.032406310494566326,0.44679779836065636,0.0009181576343688081,0,0,0,0,0,0,0,0
0.08368553211651593,0.01984825717894847,1.425,-0.004555309347705206,-0.019798072814941406,0.04800916290283203,0,0,2,0,-0.08368553211651593,-0.01984825717894847,0.575,0.004555309347705206,-0.036421265719571064,-0.026347080612661347,0.43023017058823454,0.003939310788177932,0,0,0,0,0,0,0,0
0.08193986339182906,0.022821072108256093,1.468,-0.00514872129338323,-0.026387889862060546,0.04447248077392578,0,0,2,0,-0.08193986339182906,-0.022821072108256093,0.532,0.00514872129338323,-0.03277028568788797,-0.027600229676109925,0.3854022500000004,0.007930339788748967,0,0,0,0,0,0,0,0
0.0805973328308464,0.024433034801943258,1.509,-0.00584685299418103,-0.020262184143066405,0.024075435638427733,0,0,2,0,-0.0805973328308464,-0.024433034801943258,0.4910000000000001,0.00584685299418103,-0.034686427110107776,-0.020585700150284054,0.37686909552238856,0.008972815833574161,0,0,0,0,0,0,0,0
0.07861965910550221,0.025098388751257146,1.554,-0.005707226654021459,-0.029722951889038087,0.009806692123413086,0,0,2,0,-0.07861965910550221,-0.025098388751257146,0.44599999999999995,0.005707226654021459,-0.029773263729176866,-0.016209899300711598,0.30785799999999913,0.005042339319928263,0,0,0,0,0,0,0,0
0.07771366914775568,0.02431047934842475,1.591,-0.006143558967020014,-0.013522176742553712,-0.011896008491516114,0,0,2,0,-0.07771366914775568,-0.02431047934842475,0.40900000000000003,0.006143558967020014,-0.03562662979918227,-0.008019877149275474,0.3377147179104482,0.00809728574164041,0,0,0,0,0,0,0,0
0.07745261291956751,0.023074399354263142,1.621,-0.006859143960337656,-0.00380186128616333,-0.01856490707397461,0,0,2,0,-0.07745261291956751,-0.023074399354263142,0.379,0.006859143960337656,-0.038803201152495304,-0.004554216986672809,0.3399932612903225,0.010321651992519793,0,0,0,0,0,0,0,0
0.07712574333381872,0.01900291101251263,1.647,-0.007504915783575594,-0.004484027862548828,-0.06110451889038086,0,0,2,0,-0.07712574333381872,-0.01900291101251263,0.353,0.007504915783575594,-0.03848349939358167,0.011446924264234767,0.3571249705882352,0.01035390912139003,0,0,0,0,0,0,0,0
0.07526312650764619,0.013832364983081406,1.673,-0.008307767239493002,-0.027356403350830078,-0.07776568603515625,0,0,2,0,-0.07526312650764619,-0.013832364983081406,0.32699999999999996,0.008307767239493002,-0.028934152479152885,0.021792548613769294,0.3277641555555555,0.01213086941052828,0,0,0,0,0,0,0,0
0.07509150250446701,0.006609163561295521,1.699,-0.009808750396208044,-0.0016741514205932616,-0.10836566925048828,0,0,2,0,-0.07509150250446701,-0.006609163561295521,0.30099999999999993,0.009808750396208044,-0.03836391511588758,0.033852641986511424,0.31963187058823517,0.016430734911127343,0,0,0,0,0,0,0,0
0.0754103566460983,-0.00033762291564013846,1.727,-0.012636183784438981,0.0058046550750732425,-0.10414987182617187,0,0,2,0,-0.0754103566460983,0.00033762291564013846,0.2729999999999999,0.012636183784438981,-0.04125343850531257,0.03936373205078728,0.2746834838709675,0.026317313082330616,0,0,0,0,0,0,0,0
0.07534641780784102,-0.007753009117170809,1.759,-0.013631021458075654,0.0004464893341064453,-0.11123403167724609,0,0,2,0,-0.07534641780784102,0.007753009117170809,0.2410000000000001,0.013631021458075654,-0.039143624631078934,0.04202839606448541,0.24408091764705997,0.018020011194708033,0,0,0,0,0,0,0,0
0.07597033108543529,-0.014548736351918437,1.783,-0.01375319450571527,0.01074727725982666,-0.10179887390136719,0,0,2,0,-0.07597033108543529,0.014548736351918437,0.21700000000000008,0.01375319450571527,-0.043193591979899894,0.04386066479989314,0.2617665307692308,0.014317070110205804,0,0,0,0,0,0,0,0
0.0776721164979641,-0.02371906093118632,1.807,-0.014643312424232445,0.027416126251220703,-0.1371907958984375,0,0,2,0,-0.0776721164979641,0.02371906093118632,0.19300000000000006,0.014643312424232445,-0.04976083486174827,0.06049961338435102,0.24579837272727273,0.018689302962946876,0,0,0,0,0,0,0,0
0.07681960535647037,-0.03223460256973452,1.824,-0.015254177662430422,-0.010915926933288574,-0.12790667724609375,0,0,2,0,-0.07681960535647037,0.03223460256973452,0.17599999999999993,0.015254177662430422,-0.03554502493889804,0.06421846654879956,0.26459455806451543,0.018209977202098056,0,0,0,0,0,0,0,0
0.07704868990996445,-0.04056642579501834,1.841,-0.01651081472386634,0.005342221260070801,-0.12491039276123046,0,0,2,0,-0.07704868990996445,0.04056642579501834,0.15900000000000003,0.01651081472386634,-0.04170363489270905,0.06322474155470405,0.2605435000000006,0.022054801759613038,0,0,0,0,0,0,0,0
0.07755330397733826,-0.04875888857511855,1.855,-0.01726130630222389,0.009597050666809081,-0.12274522399902343,0,0,2,0,-0.07755330397733826,0.04875888857511855,0.14500000000000002,0.01726130630222389,-0.04367354110215667,0.07071459296651658,0.25871024193548386,0.020892717165244285,0,0,0,0,0,0,0,0
0.0770594589438302,-0.05648356593148028,1.868,-0.017086773377024467,-0.0054066009521484375,-0.11598075866699219,0,0,2,0,-0.0770594589438302,0.05648356593148028,0.1319999999999999,0.017086773377024467,-0.03808854178061984,0.06812693545688012,0.2613283352941169,0.01631677517761525,0,0,0,0,0,0,0,0
0.07591373087403862,-0.06363781376965913,1.882,-0.017086773377024467,-0.01534985637664795,-0.10759169006347656,0,0,2,0,-0.07591373087403862,0.06363781376965913,0.1180000000000001,0.017086773377024467,-0.03363677394721626,0.07237102903198848,0.23873944193548516,0.017086773377024467,0,0,0,0,0,0,0,0
0.07460653444668278,-0.07045488617894312,1.901,-0.017296212887263795,-0.017857942581176758,-0.10257617950439453,0,0,2,0,-0.07460653444668278,0.07045488617894312,0.09899999999999998,0.017296212887263795,-0.03287176747555692,0.0700206489513486,0.20687798840579646,0.018206819453521747,1427130529935,0,0,0,0,0,0,0
0.07258788832500934,-0.07480090258643296,1.916,-0.017139133254584327,-0.029147674560546875,-0.06570419311523437,0,0,2,0,-0.07258788832500934,0.07480090258643296,0.08400000000000007,0.017139133254584327,-0.027142572476124144,0.06219464450464968,0.20709818064516194,0.016379070515812704,1427130529935,0,0,0,0,0,0,0
0.0716463675171062,-0.07848108238877285,1.929,-0.016737707526625678,-0.013174657821655273,-0.055436630249023434,0,0,2,0,-0.0716463675171062,0.07848108238877285,0.07099999999999995,0.016737707526625678,-0.03327005156516044,0.05849623987498381,0.21494663529411698,0.014966711667984581,1427130529935,0,0,0,0,0,0,0
0.07049579742325274,-0.08043580116957891,1.936,-0.01759291886010284,-0.01676539421081543,-0.02960552978515625,0,0,2,0,-0.07049579742325274,0.08043580116957891,0.06400000000000006,0.01759291886010284,-0.031089383138866215,0.05161607033317657,0.23713907096774256,0.021731038215637488,1427130529935,0,0,0,0,0,0,0
0.07021764822454372,-0.08166270679410322,1.95,-0.017523105690023025,-0.003847836256027222,-0.01847413444519043,0,0,2,0,-0.07021764822454372,0.08166270679410322,0.050000000000000044,0.017523105690023025,-0.036083010739829044,0.04747460194555099,0.1947857072463768,0.01721957016793688,1427130529935,0,0,0,0,0,0,0
0.06987785352208224,-0.08279008505068007,1.957,-0.016126842288427593,-0.004799825668334961,-0.016997386932373047,0,0,2,-0.017523105690023025,-0.06987785352208224,0.08279008505068007,0.04299999999999993,-0.0013962634015954323,-0.03493892676104112,0.041395042525340035,0.034399999999999945,-0.0013962634015954323,1427130529935,0,0,0,0,0,0,0
0.07133443066262873,-0.08449910445626477,1.968,-0.015603243512829327,0.022259214401245116,-0.02527962303161621,0,0,2,-0.017523105690023025,-0.07133443066262873,0.08449910445626477,0.03200000000000003,-0.0019198621771936986,-0.04321281096756602,0.051103435030260345,-0.030800047058822975,-0.004229856775421344,1427130530326,0,0,0,0,0,0,0
0.07114726958678885,-0.0861371056662168,1.974,-0.015044738152191098,-0.002423717975616455,-0.024610830307006837,0,0,2,-0.017523105690023025,-0.07114726958678885,0.0861371056662168,0.026000000000000023,-0.002478367537831927,-0.0346096990530024,0.052426198253574446,-0.012692167741935486,-0.00518081283124271,1427130530388,0,0,0,0,0,0,0
0.07195508664471384,-0.08805655412565518,1.979,-0.014084807063594221,0.01254903221130371,-0.02860617446899414,0,0,2,-0.017523105690023025,-0.07195508664471384,0.08805655412565518,0.020999999999999908,-0.003438298626428804,-0.040217433809726685,0.05393623324698475,-0.008038618840580367,-0.007611912055110878,1427130530457,0,0,0,0,0,0,0
0.07134857405287208,-0.09037504687958002,1.985,-0.012950343049797867,-0.008606969833374023,-0.03490207672119141,0,0,2,-0.017523105690023025,-0.07134857405287208,0.09037504687958002,0.014999999999999902,-0.004572762640225159,-0.032436929466569744,0.05850344493409529,-0.021254267741935586,-0.010062104642465583,1427130530519,0,0,0,0,0,0,0
0.07258460759603017,-0.09320604536866617,1.984,-0.011972958668681092,0.019088869094848634,-0.04222131729125977,0,0,2,-0.017523105690023025,-0.07258460759603017,0.09320604536866617,0.016000000000000014,-0.0055501470213419335,-0.042798626386793735,0.061255128067073276,0.01859956376811652,-0.009799644330545303,1427130530588,0,0,0,0,0,0,0
0.07293990505280559,-0.09720649050177066,1.991,-0.01225221134900018,0.006047520160675049,-0.059938568115234375,0,0,2,-0.017523105690023025,-0.07293990505280559,0.09720649050177066,0.008999999999999897,-0.005270894341022845,-0.03878962505852321,0.07190788304388511,-0.032181934426230255,-0.0038975205033879856,1427130530649,0,0,0,0,0,0,0
0.07171498416642949,-0.10084685611999225,1.992,-0.012409290981679649,-0.017703413009643554,-0.054826499938964844,0,0,2,-0.017523105690023025,-0.07171498416642949,0.10084685611999225,0.008000000000000007,-0.0051138147083433765,-0.02988259898311584,0.06958044397676408,0.0020893411764711604,-0.004420816328875132,0,0,0,0,0,0,0,0
0.07276994672031926,-0.10497239550148062,1.991,-0.012880529879718166,0.01659112548828125,-0.061681961059570314,0,0,2,-0.017523105690023025,-0.07276994672031926,0.10497239550148062,0.008999999999999897,-0.004642575810304859,-0.042715371255333305,0.07626045579465812,0.013737361290321874,-0.0023623875939894528,0,0,0,0,0,0,0,0
0.07268011550256688,-0.10887252990301706,1.985,-0.013212142437597057,-0.0005938403606414795,-0.05851451873779297,0,0,2,-0.017523105690023025,-0.07268011550256688,0.10887252990301706,0.014999999999999902,-0.004310963252425968,-0.036302077791079655,0.07506944228205965,0.043876552941176414,-0.0028479666735485086,0,0,0,0,0,0,0,0
0.07286768502909485,-0.11171786526137564,1.982,-0.01371828792067537,0.0033771755695343017,-0.042639133453369144,0,0,2,-0.017523105690023025,-0.07286768502909485,0.11171786526137564,0.018000000000000016,-0.0038048177693476553,-0.037962267311422326,0.07254953087631426,0.032441283870968396,-0.0013557267221945284,0,0,0,0,0,0,0,0
0.071801736824411,-0.114061220800253,1.977,-0.013910274138394746,-0.015505531311035155,-0.035366363525390625,0,0,2,-0.017523105690023025,-0.071801736824411,0.114061220800253,0.02299999999999991,-0.00361283155162828,-0.031012992530142332,0.06962411993188228,0.04502681884057909,-0.002778108865891865,0,0,0,0,0,0,0,0
0.07067031832233305,-0.11609854261845187,1.97,-0.01509709802975096,-0.01654455375671387,-0.030792938232421876,0,0,2,-0.017523105690023025,-0.07067031832233305,0.11609854261845187,0.030000000000000027,-0.0024260076602720653,-0.029511042592325027,0.07032918613466191,0.06496662903225875,0.0033166885882257467,0,0,0,0,0,0,0,0
0.06902732453570325,-0.11760499943507792,1.963,-0.014241886696273692,-0.02430096435546875,-0.02296632957458496,0,0,2,-0.017523105690023025,-0.06902732453570325,0.11760499943507792,0.03699999999999992,-0.0032812189937493335,-0.026666938544302743,0.06741519752884599,0.06733151176470528,-0.007054210170854928,0,0,0,0,0,0,0,0
0.06787124793142275,-0.11908001596737801,1.958,-0.015166911199830773,-0.017024295806884766,-0.02236996650695801,0,0,2,-0.017523105690023025,-0.06787124793142275,0.11908001596737801,0.04200000000000004,-0.002356194490192252,-0.02816559699327791,0.0686684406453304,0.06334447777777844,0.0020486840981748028,0,0,0,0,0,0,0,0
0.06652655309069774,-0.118257140064686,1.955,-0.015149457907310709,-0.020355302810668944,0.012035807609558106,0,0,2,-0.017523105690023025,-0.06652655309069774,0.118257140064686,0.04499999999999993,-0.0023736477827123164,-0.027039911985667228,0.05590749058305172,0.05371387647058761,-0.0024506476026537765,0,0,0,0,0,0,0,0
0.06506344354770256,-0.11785496210599342,1.953,-0.015603243512829329,-0.022035512924194336,0.005699510097503662,0,0,2,-0.017523105690023025,-0.06506344354770256,0.11785496210599342,0.04699999999999993,-0.0019198621771936968,-0.025010430638459397,0.05774450291159942,0.05145442258064511,0.0002758746237028495,0,0,0,0,0,0,0,0
0.06425957528722555,-0.11530604345946772,1.948,-0.017086773377024474,-0.01265310287475586,0.03804098892211914,0,0,2,-0.017523105690023025,-0.06425957528722555,0.11530604345946772,0.052000000000000046,-0.00043633231299855177,-0.028711727970819275,0.04550241142073166,0.07063190298507527,0.006206338720711053,0,0,0,0,0,0,0,0
0.06242379043768649,-0.11002257552354688,1.943,-0.018081611050661257,-0.02888684844970703,0.07876995849609375,0,0,2,-0.017523105690023025,-0.06242379043768649,0.11002257552354688,0.05699999999999994,0.0005585053606382319,-0.021833669622826075,0.026892638692301504,0.07664937777777713,0.005295827616051488,0,0,0,0,0,0,0,0
0.06168695571497145,-0.10558200945987466,1.941,-0.01986184688769544,-0.012255037307739258,0.06639776611328126,0,0,2,-0.017523105690023025,-0.06168695571497145,0.10558200945987466,0.05899999999999994,0.002338741197672415,-0.027913472449982876,0.031240896331413377,0.06116691764705878,0.010192722831646751,0,0,0,0,0,0,0,0
0.059760892543319254,-0.1001876859095698,1.941,-0.021781709064889195,-0.03049226188659668,0.08032510375976562,0,0,2,-0.017523105690023025,-0.059760892543319254,0.1001876859095698,0.05899999999999994,0.004258603374866169,-0.019907087019239995,0.021009879167357876,0.051238599999999954,0.013548259070964979,0,0,0,0,0,0,0,0
0.05830403234231482,-0.0947171359624285,1.942,-0.022479840765686883,-0.023634946823120118,0.08156282806396484,0,0,2,-0.017523105690023025,-0.05830403234231482,0.0947171359624285,0.05800000000000005,0.004956735075663857,-0.02270195337557581,0.021042619112714878,0.045766336231884655,0.007992090296523372,1427130531630,0,0,0,0,0,0,0
0.05753268492304894,-0.09000336690370463,1.939,-0.023335052099164207,-0.013156625747680664,0.07042859649658204,0,0,2,-0.017523105690023025,-0.05753268492304894,0.09000336690370463,0.06099999999999994,0.005811946409141181,-0.025590137315285526,0.021111569777254598,0.06978914615384552,0.009759075640574983,1427130531630,0,0,0,0,0,0,0
0.05639166638710618,-0.08514187665646115,1.937,-0.023300145514124244,-0.018812110900878906,0.0725031509399414,0,0,2,-0.017523105690023025,-0.05639166638710618,0.08514187665646115,0.06299999999999994,0.005777039824101219,-0.023338494037884985,0.01909817825031114,0.06595781764705878,0.005623040184219033,1427130531630,0,0,0,0,0,0,0
0.05600954328667976,-0.08079499797717349,1.942,-0.023125612588924878,-0.007249396800994873,0.06505194091796875,0,0,2,-0.017523105690023025,-0.05600954328667976,0.08079499797717349,0.05800000000000005,0.005602506898901852,-0.02678653568976356,0.016208215795598273,0.022344883050848134,0.004715051347040667,1427130531630,0,0,0,0,0,0,0
0.05442263774415477,-0.07694022169616672,1.94,-0.024120450262561606,-0.025134260177612305,0.0572557601928711,0,0,2,-0.017523105690023025,-0.05442263774415477,0.07694022169616672,0.06000000000000005,0.0065973445725385806,-0.02047578114180205,0.021119605362298368,0.06389105492957751,0.010800884038609262,1427130531630,0,0,0,0,0,0,0
0.053031902599185395,-0.07385318960886214,1.937,-0.025342180738957616,-0.02197175979614258,0.04578888320922852,0,0,2,-0.017523105690023025,-0.053031902599185395,0.07385318960886214,0.06299999999999994,0.00781907504893459,-0.01952238483306839,0.02061513234312105,0.07430989999999932,0.013927727430914642,1427130531953,0,0,0,0,0,0,0
0.051619724440805696,-0.07186299640278994,1.937,-0.026651177677953393,-0.021932327270507812,0.029306554794311525,0,0,2,-0.017523105690023025,-0.051619724440805696,0.07186299640278994,0.06299999999999994,0.009128071987930367,-0.01958645256715392,0.027279339450106715,0.057231999999999957,0.014989252311792054,1427130532020,0,0,0,0,0,0,0
0.049781736438235684,-0.06895188105305763,1.937,-0.028763026072866578,-0.02872366142272949,0.04291654205322266,0,0,2,-0.017523105690023025,-0.049781736438235684,0.06895188105305763,0.06299999999999994,0.011239920382843552,-0.015864826682190684,0.02009089007974714,0.057628899999999955,0.021296341311001575,1427130532083,0,0,0,0,0,0,0
0.04756124348337806,-0.06894669964497303,1.937,-0.029408797896104462,-0.033295852661132816,-0.0008802003860473633,0,0,2,-0.017523105690023025,-0.04756124348337806,0.06894669964497303,0.06299999999999994,0.011885692206081436,-0.01356895845316805,0.03628137717333162,0.05805729999999995,0.01473468554389563,1427130532151,0,0,0,0,0,0,0
0.04570479123775994,-0.06890083302927676,1.937,-0.030717794835100183,-0.02785497283935547,-0.00013112065196037293,0,0,2,-0.017523105690023025,-0.04570479123775994,0.06890083302927676,0.06299999999999994,0.013194689145077158,-0.01394651803441185,0.03607837635623336,0.05846049999999996,0.0193306122966196,1427130532215,0,0,0,0,0,0,0
0.04223890898119328,-0.0687135099749554,1.949,-0.032812189937493415,-0.05205000686645508,0.0012118074893951417,2.5,0,2,0,2.457761091018807,0.0687135099749554,0.050999999999999934,0.032812189937493415,1.2288805455094034,0.0343567549874777,0.04079999999999995,0.032812189937493415,0,0,0,0,0,0,0,0
0.04099688582218473,-0.06715229197886571,1.945,-0.03469714552964726,-0.019388586044311523,0.022794471740722657,2.5,0,2,0,2.4590031141778153,0.06715229197886571,0.05499999999999994,0.03469714552964726,1.2379508577119978,0.02494501862177017,0.0665687222222222,0.04367312453990368,0,0,0,0,0,0,0,0
0.03872688745381118,-0.06585556831038032,1.938,-0.03504621138004616,-0.034704235076904295,0.01825794792175293,2.5,0,2,0,2.4612731125461886,0.06585556831038032,0.062000000000000055,0.03504621138004616,1.2456929816522335,0.026240283718413946,0.08692906417910513,0.03660919279974273,0,0,0,0,0,0,0,0
0.039287808923722016,-0.06354913119043114,1.932,-0.03474950540720712,0.007196425437927246,0.034870124816894534,2.5,0,2,0,2.460712191076278,0.06354913119043114,0.06800000000000006,0.03474950540720712,1.2319883387774622,0.019087491167306937,0.08892363333333342,0.033336619822259314,0,0,0,0,0,0,0,0
0.04534494817881851,-0.05907901941084384,1.93,-0.036163222101322515,0.08847269439697265,0.07016780090332031,2.5,0,2,0,2.4546550518211814,0.05907901941084384,0.07000000000000006,0.036163222101322515,1.2020788461949106,0.006354227583917869,0.06810706119402991,0.04249329685109293,0,0,0,0,0,0,0,0
0.053959067636228326,-0.053468850414310154,1.931,-0.038903389026953575,0.12608474731445313,0.08876921081542968,2.5,0,2,0,2.4460409323637715,0.053468850414310154,0.06899999999999995,0.038903389026953575,1.1838705591083247,-0.003745918358003489,0.051832149999999355,0.05174792149084917,0,0,0,0,0,0,0,0
0.06929859301050108,-0.04901994078484909,1.936,-0.040282199136029165,0.22732327270507813,0.07563228607177734,2.5,0,2,0,2.430701406989499,0.04901994078484909,0.06400000000000006,0.040282199136029165,1.1460086997342487,0.0018447725233907662,0.02800080588235354,0.04636518491136265,0,0,0,0,0,0,0,0
0.09097758937986934,-0.04738020240925246,1.942,-0.039723693775390936,0.32393063354492185,0.03767174530029297,2.5,0,2,0,2.4090224106201306,0.04738020240925246,0.05800000000000005,0.039723693775390936,1.0932348037531492,0.014696491020314164,0.015424732258064539,0.03702124848198016,0,0,0,0,0,0,0,0
0.12034613969437419,-0.047091718970677134,1.944,-0.039200094999792615,0.44000888061523435,0.021818645477294923,2.5,0,2,0,2.3796538603056256,0.047091718970677134,0.05600000000000005,0.039200094999792615,1.053603013484494,0.02237800840141595,0.037937172463768154,0.036923578584147736,0,0,0,0,0,0,0,0
0.15594047185481286,-0.04412007942668867,1.948,-0.037297686115118814,0.5317579345703125,0.06546450805664063,2.5,0,2,0,2.3440595281451873,0.04412007942668867,0.052000000000000046,0.037297686115118814,0.9819768564178195,0.005332032841583539,0.022248480327868872,0.02794157684623127,0,0,0,0,0,0,0,0
0.19637535376429618,-0.04041876458285871,1.954,-0.035430183815484864,0.6040311279296875,0.0780977783203125,2.5,0,2,0,2.3036246462357037,0.04041876458285871,0.04600000000000004,0.035430183815484864,0.9594349392029811,0.0015083657801528289,0.00982974705882354,0.027191203081805677,0,0,0,0,0,0,0,0
0.24316194165310007,-0.03600549545200616,1.959,-0.033702307856010486,0.699013427734375,0.09101715087890624,2.5,0,2,0,2.2568380583469,0.03600549545200616,0.040999999999999925,0.033702307856010486,0.8856586806747819,-0.006142861935613007,0.00919262222222153,0.025474327096608684,0,0,0,0,0,0,0,0
0.2941340047920607,-0.03161784740021922,1.958,-0.03324852225049198,0.7619290771484375,0.09154061126708984,2.5,0,2,0,2.2058659952079394,0.03161784740021922,0.04200000000000004,0.03324852225049198,0.855304095971788,-0.006717889689938729,0.043275680597015545,0.031216646404886715,0,0,0,0,0,0,0,0
0.34905633013894566,-0.027882590564427972,1.96,-0.032777283352453515,0.8215170288085938,0.08338413238525391,2.5,0,2,0,2.1509436698610545,0.027882590564427972,0.040000000000000036,0.032777283352453515,0.7903459697268775,-0.006398829417025603,0.02559268888888891,0.03053328859988941,0,0,0,0,0,0,0,0
0.40992545988846973,-0.023473506151553226,1.96,-0.03324852225049198,0.910379150390625,0.09602225494384765,2.5,0,2,0,2.09007454011153,0.023473506151553226,0.040000000000000036,0.03324852225049198,0.7531596938864618,-0.010529799604745921,0.03697580000000003,0.03532751738889696,0,0,0,0,0,0,0,0
0.47660425538583195,-0.018205471689749002,1.958,-0.033335788713091744,0.9970023193359375,0.11222528839111329,2.5,0,2,0,2.023395744614168,0.018205471689749002,0.04200000000000004,0.033335788713091744,0.6639542740516097,-0.019725388678645123,0.04995151111111116,0.03375134329690015,0,0,0,0,0,0,0,0
0.549511584995014,-0.013571348849002556,1.957,-0.032829643230013375,1.090685546875,0.10592282104492187,2.5,0,2,0,1.950488415004986,0.013571348849002556,0.04299999999999993,0.032829643230013375,0.618386004722618,-0.01697460356611397,0.0451523805970143,0.030563320171453516,0,0,0,0,0,0,0,0
0.6292895970491533,-0.006918925472954002,1.953,-0.0303861822772213,1.19275,0.13901177978515625,2.5,0,2,0,1.8707104029508468,0.006918925472954002,0.04699999999999993,0.0303861822772213,0.5173235526964342,-0.03304625958384544,0.06564682222222219,0.018750653930592366,0,0,0,0,0,0,0,0
0.7164788771240594,-0.0006367882462319525,1.946,-0.028745572780346635,1.30437255859375,0.1339226837158203,2.5,0,2,0,1.7835211228759404,0.0006367882462319525,0.05400000000000005,0.028745572780346635,0.46266866143885554,-0.03204612867082576,0.08595356417910513,0.021399560107773514,0,0,0,0,0,0,0,0
0.8177537501430018,0.006494252149131401,1.937,-0.026162485487394988,1.515421142578125,0.1505834655761719,2.5,0,2,0,1.6822462498569983,-0.006494252149131401,0.06299999999999994,0.026162485487394988,0.3059192450792302,-0.04241549656625488,0.10698329999999938,0.013862069806672862,0,0,0,0,0,0,0,0
0.9326534559201362,0.013483597793349865,1.934,-0.024364796357840796,1.7201632080078124,0.14989009094238281,2.5,0,2,0,1.567346544079864,-0.013483597793349865,0.06600000000000006,0.024364796357840796,0.2207778268380719,-0.042277020318283134,0.07527327647058887,0.016433814903925245,0,0,0,0,0,0,0,0
1.0585975967130241,0.01996653049858365,1.933,-0.022846359908605746,1.8862322998046874,0.1432396240234375,2.5,0,2,0,1.4414024032869759,-0.01996653049858365,0.06699999999999995,0.022846359908605746,0.0504197133252311,-0.045572785223196986,0.0666097555555549,0.015615710150343604,0,0,0,0,0,0,0,0
1.1905921320164432,0.028367233244283797,1.933,-0.022776546738525985,1.976522705078125,0.1712076416015625,1.4550751486954863,-0.11548671897054287,2,0,0.26448301667904306,-0.14385395221482666,0.06699999999999995,0.022776546738525985,-5.639877812060737,-0.6823149818437064,0.061529899999999964,0.022481561512836853,0,1,0,0,0,0,0,0
1.3253780442538519,0.034597270967351115,1.934,-0.02146754979953021,2.019135986328125,0.13947171020507812,1.4550751486954863,-0.11548671897054287,2,0,0.1296971044416344,-0.15008398993789399,0.06600000000000006,0.02146754979953021,-0.7050564062685297,-0.1117637588956856,0.0551870966101702,0.014811633160568632,0,0,0,0,0,0,0,0
1.4657767113432223,0.04128521122280623,1.937,-0.020804324683772427,2.10334130859375,0.14550274658203124,1.4550751486954863,-0.11548671897054287,2,0,-0.01070156264773603,-0.1567719301933491,0.06299999999999994,0.020804324683772427,-0.6776791208777674,-0.1116993197522721,0.0441602999999994,0.017961931330524792,0,0,0,0,0,0,0,0
1.6064799203247115,0.04618254353928649,1.938,-0.022549653935766703,2.108563232421875,0.11734944915771485,1.4550751486954863,-0.11548671897054287,2,0,-0.15140477162922528,-0.16166926250982935,0.062000000000000055,0.022549653935766703,-0.8534432409884395,-0.10890635060087742,0.0530007950819679,0.031133240420984455,0,0,0,0,0,0,0,0
1.7492183354055586,0.04923353533167099,1.942,-0.026494098045273876,2.1395,0.09402967834472656,1.4550751486954863,-0.11548671897054287,2,0,-0.29414318671007234,-0.16472025430221388,0.05800000000000005,0.026494098045273876,-0.8523819905382175,-0.09814804277799405,0.035344664705882385,0.04389605735192316,0,0,0,0,0,0,0,0
1.8535319162609645,0.050208692262714426,1.947,-0.030752701420140097,1.56376708984375,0.056072784423828126,1.4550751486954863,-0.11548671897054287,2,0,-0.3984567675654782,-0.1656954112332573,0.052999999999999936,0.030752701420140097,-0.7318032713646999,-0.08829053404861949,0.025354323076922407,0.05040779391952266,0,0,0,0,0,0,0,0
1.9391114828878226,0.04552242397819359,1.957,-0.03148573970597769,1.2852479248046875,-0.030789966583251952,1.4550751486954863,-0.11548671897054287,2,0,-0.4840363341923364,-0.16100914294873647,0.04299999999999993,0.03148573970597769,-0.6473377784561847,-0.057036725120780334,-0.006150537681159508,0.03467286268788028,0,0,0,0,0,0,0,0
2.019066070296305,0.03809729876058166,1.971,-0.0334230551756914,1.2022305908203126,-0.07356647491455078,1.4550751486954863,-0.11548671897054287,2,0,-0.5639909216008185,-0.15358401773112454,0.028999999999999915,0.0334230551756914,-0.7123156850097304,-0.034585597365591796,-0.04677686885245915,0.0429508361742834,0,0,0,0,0,0,0,0
2.089250603632562,0.03205696412230065,1.983,-0.03330088212805184,1.055207763671875,-0.055374244689941406,1.4550751486954863,-0.11548671897054287,2,0,-0.6341754549370757,-0.14754368309284352,0.016999999999999904,0.03330088212805184,-0.6669810542950994,-0.0417396320970497,-0.04055388461538473,0.03273700652356155,0,0,0,0,0,0,0,0
2.14722665312527,0.0249073744673409,2.003,-0.033405601883171446,0.872729248046875,-0.07822993469238282,1.4550751486954863,-0.11548671897054287,2,0,-0.6921515044297839,-0.14039409343788378,-0.0030000000000001137,0.033405601883171446,-0.6457656453718005,-0.030416173667145018,-0.10486032580645178,0.033912310375685685,0,0,0,0,0,0,0,0
2.196937487930254,0.016437921311409164,2.017,-0.0326551103048139,0.7494896240234376,-0.10206624603271484,1.4550751486954863,-0.11548671897054287,2,0,-0.7418623392347679,-0.13192464028195203,-0.016999999999999904,0.0326551103048139,-0.5997059697109155,-0.02303896900973279,-0.0753315235294106,0.029344118047354126,0,0,0,0,0,0,0,0
2.242951516240817,0.008660741729564015,2.024,-0.034103733583969134,0.6936512451171875,-0.09406060791015625,1.4550751486954863,-0.11548671897054287,2,0,-0.7878763675453306,-0.12414746070010689,-0.02400000000000002,0.034103733583969134,-0.6229782456839825,-0.019614812483285865,-0.04791278888888955,0.04100193967518455,0,0,0,0,0,0,0,0
2.281270068884929,0.0011401513612173137,2.029,-0.03530801076784531,0.57829052734375,-0.09314497375488281,1.4550751486954863,-0.11548671897054287,2,0,-0.8261949201894427,-0.11662687033176018,-0.028999999999999915,0.03530801076784531,-0.5872291256516,-0.019852544431404086,-0.039337602985074,0.04070029666579833,0,0,0,0,0,0,0,0
2.3059936357350956,-0.006007418296722515,2.03,-0.03616322210132253,0.3744070739746094,-0.0940553436279297,1.4550751486954863,-0.11548671897054287,2,0,-0.8509184870396094,-0.10947930067382036,-0.029999999999999805,0.03616322210132253,-0.5373085932278385,-0.015925677343274484,-0.019762755555554783,0.040235657022642625,0,0,0,0,0,0,0,0
2.3195433644943524,-0.011808459387782123,2.028,-0.03570943649580402,0.20625912475585936,-0.07961029815673829,1.4550751486954863,-0.11548671897054287,2,0,-0.8644682157988661,-0.10367825958276075,-0.028000000000000025,0.03570943649580402,-0.47705939779338036,-0.02294607860275379,-0.0025034823529423277,0.03370744117734001,0,0,0,0,0,0,0,0
2.3259732165124443,-0.019832639044645967,2.025,-0.035761796373363824,0.10068346405029296,-0.11684259796142578,1.4550751486954863,-0.11548671897054287,2,0,-0.870898067816958,-0.0956540799258969,-0.02499999999999991,0.035761796373363824,-0.44680313871889865,-0.004273774706604422,0.006111566666667368,0.03601112912364861,0,0,0,0,0,0,0,0
2.32367611967002,-0.02646994979412133,2.022,-0.03588396942100339,-0.03087474822998047,-0.10072796630859375,1.4550751486954863,-0.11548671897054287,2,0,-0.8686009709745337,-0.08901676917642154,-0.021999999999999797,0.03588396942100339,-0.3985153932231245,-0.010921017598137815,0.0073691417910455356,0.03643101291789695,0,0,0,0,0,0,0,0
2.315144611341551,-0.03154037692734752,2.021,-0.0351858377202057,-0.12516162109375,-0.08059862518310547,1.4550751486954863,-0.11548671897054287,2,0,-0.8600694626460645,-0.08394634204319534,-0.020999999999999908,0.0351858377202057,-0.3593939739534662,-0.01494216943852045,-0.0020792444444449783,0.031861401049740515,0,0,0,0,0,0,0,0
2.3021779303100165,-0.03748418334888283,2.019,-0.03490658503988661,-0.191243408203125,-0.09594415283203125,1.4550751486954863,-0.11548671897054287,2,0,-0.8471027816145302,-0.07800253562166004,-0.019000000000000128,0.03490658503988661,-0.33313906734456256,-0.00914183251778275,0.004285661194028602,0.033656199904129505,0,0,0,0,0,0,0,0
2.2802389049293246,-0.04205610058422429,2.013,-0.03474950540720714,-0.3264915466308594,-0.08002189636230468,1.4550751486954863,-0.11548671897054287,2,0,-0.8251637562338383,-0.07343061838631858,-0.0129999999999999,0.03474950540720714,-0.2685423269317801,-0.012552330031224922,0.03188933333333467,0.03400150715635253,0,0,0,0,0,0,0,0
2.2513870318083464,-0.04712913584703707,2.009,-0.03506366467256602,-0.42987307739257813,-0.09108538818359375,1.4550751486954863,-0.11548671897054287,2,0,-0.7963118831128602,-0.0683575831235058,-0.008999999999999897,0.03506366467256602,-0.2280390686663035,-0.009350624841147633,0.02228303529411775,0.03644966143150223,0,0,0,0,0,0,0,0
2.21671665927616,-0.05046666584882327,2.002,-0.03455751918948765,-0.5179808959960938,-0.06826349639892579,1.4550751486954863,-0.11548671897054287,2,0,-0.7616415105806735,-0.0650200531217196,-0.0019999999999997797,0.03455751918948765,-0.16395854331968857,-0.014992488013352623,0.04679852903225891,0.03210842814233426,0,0,0,0,0,0,0,0
2.1731978291413108,-0.05185176596988002,1.992,-0.03506366467256601,-0.6516748657226562,-0.043318149566650394,1.4550751486954863,-0.11548671897054287,2,0,-0.7181226804458245,-0.06363495300066285,0.008000000000000007,0.03506366467256601,-0.11441331797947815,-0.02605491309268163,0.06680738823529303,0.0372966594508529,0,0,0,0,0,0,0,0
2.1263517090560478,-0.05147034410783657,1.98,-0.03546509040052477,-0.70246044921875,-0.01891609001159668,1.4550751486954863,-0.11548671897054287,2,0,-0.6712765603605615,-0.06401637486270631,0.020000000000000018,0.03546509040052477,-0.055150918109220515,-0.03553415648410953,0.09172946666666675,0.037376641486042674,0,0,0,0,0,0,0,0
2.077606224735103,-0.05227033196115238,1.972,-0.03715805977495924,-0.7302969970703125,-0.03791828155517578,1.4550751486954863,-0.11548671897054287,2,0,-0.6225310760396165,-0.06321638700939049,0.028000000000000025,0.03715805977495924,-0.04056184459502632,-0.028940554816806567,0.07282967058823536,0.04462704230922897,0,0,0,0,0,0,0,0
2.028145971039591,-0.05301068655773249,1.961,-0.03878121597931401,-0.7409791259765625,-0.038659015655517576,1.4550751486954863,-0.11548671897054287,2,0,-0.5730708223441046,-0.06247603241281038,0.038999999999999924,0.03878121597931401,0.012128212732980703,-0.028547276088011584,0.10279177419354776,0.0466351976132887,0,0,0,0,0,0,0,0
1.9771121300879575,-0.053364614990696814,1.957,-0.03953170755767157,-0.7647261962890625,-0.034984809875488285,1.4550751486954863,-0.11548671897054287,2,0,-0.5220369813924712,-0.062122103979846056,0.04299999999999993,0.03953170755767157,0.016941127295149516,-0.03079730808028438,0.06448155507246374,0.04279471442009572,0,0,0,0,0,0,0,0
1.9215510811240861,-0.05374970694037442,1.954,-0.03940953451003194,-0.8325363159179687,-0.038709632873535155,1.4550751486954863,-0.11548671897054287,2,0,-0.46647593242859986,-0.06173701203016845,0.04600000000000004,0.03940953451003194,0.09423295700843343,-0.030299545855311017,0.06354816666666734,0.0388277580927004,0,0,0,0,0,0,0,0
1.8674301980625911,-0.05260331989159178,1.95,-0.03796091123087665,-0.8118604125976563,-0.014802447319030762,1.4550751486954863,-0.11548671897054287,2,0,-0.4123550493671049,-0.06288339907895109,0.050000000000000044,0.03796091123087665,0.09090387156075266,-0.038955421386123665,0.0710097352941177,0.03156992617577978,0,0,0,0,0,0,0,0
1.8155365681907871,-0.052647983101349174,1.945,-0.0372104196525191,-0.7778182373046875,-0.03021131134033203,1.4550751486954863,-0.11548671897054287,2,0,-0.36046141949530086,-0.0628387358691937,0.05499999999999994,0.0372104196525191,0.1358177716619143,-0.03281463551722855,0.08344552459016329,0.03351947746387542,0,0,0,0,0,0,0,0
1.763494419630064,-0.05126753226554358,1.95,-0.03740240587023842,-0.7808621826171875,-0.00834852123260498,1.4550751486954863,-0.11548671897054287,2,0,-0.30841927093457766,-0.06421918670499929,0.050000000000000044,0.03740240587023842,0.1317427854529162,-0.040910055955252614,0.025361705882353536,0.03824940388958836,0,0,0,0,0,0,0,0
1.7125398418988678,-0.05165207118955916,1.95,-0.037978364523396604,-0.7635684204101563,-0.03434474182128906,1.4550751486954863,-0.11548671897054287,2,0,-0.2574646932033815,-0.06383464778098372,0.050000000000000044,0.037978364523396604,0.17227485901243159,-0.03151641331082301,0.05141200000000004,0.040721024776530806,0,0,0,0,0,0,0,0
1.6608957853114545,-0.05432149259798476,1.955,-0.03907792195215305,-0.7725819091796875,-0.06942572784423828,1.4550751486954863,-0.11548671897054287,2,0,-0.20582063661596828,-0.06116522637255811,0.04499999999999993,0.03907792195215305,0.1806909390188025,-0.01861995330223032,0.021982705882352297,0.0439289106084315,0,0,0,0,0,0,0,0
1.609690055156742,-0.05656084618570574,1.966,-0.03942698780255184,-0.766187255859375,-0.06357222366333008,1.4550751486954863,-0.11548671897054287,2,0,-0.15461490646125564,-0.05892587278483713,0.03400000000000003,0.03942698780255184,0.22944755142514295,-0.018634967374704256,-0.022967974193547777,0.041116016110933074,0,0,0,0,0,0,0,0
1.5637056445508464,-0.05891740663230822,1.98,-0.03956661414271147,-0.6878367919921875,-0.06250929260253907,1.4550751486954863,-0.11548671897054287,2,0,-0.10863049585536011,-0.05656931233823465,0.020000000000000018,0.03956661414271147,0.20351943891308513,-0.01782571038671761,-0.045071528358209,0.04019180671059039,0,0,0,0,0,0,0,0
1.5214558741091517,-0.05912561066343688,1.988,-0.038851029149393826,-0.6331270141601563,-0.028189279556274413,1.4550751486954863,-0.11548671897054287,2,0,-0.06638072541366546,-0.05636110830710599,0.01200000000000001,0.038851029149393826,0.2191063808459204,-0.028910817200260387,-0.022706044444444462,0.03544348156216696,1427130535994,0,0,0,0,0,0,0
1.485273520751707,-0.06055276358458872,2.01,-0.04026474584350916,-0.5414942626953125,-0.042471660614013675,1.4550751486954863,-0.11548671897054287,2,0,-0.030198372056220668,-0.05493395538595415,-0.009999999999999787,0.04026474584350916,0.18868877683783625,-0.022045644855832425,-0.10916489411764582,0.04650173125872389,1427130535994,0,0,0,0,0,0,0
1.4563552892953362,-0.06185773159945829,2.019,-0.039933133285630217,-0.43263394165039065,-0.03701971435546875,1.4550751486954863,-0.11548671897054287,2,0,-0.0012801405998499327,-0.05362898737108458,-0.019000000000000128,0.039933133285630217,0.17757122639723033,-0.021522764840950864,-0.053249300000001984,0.038354025867159046,1427130535994,0,0,0,0,0,0,0
1.4323227646179695,-0.06287672276569359,2.014,-0.03923500158483253,-0.35959027099609375,-0.029664266586303712,1.4550751486954863,-0.11548671897054287,2,0,0.022752384077516785,-0.05260999620484928,-0.01399999999999979,0.03923500158483253,0.15264293712513322,-0.023054058886813514,0.02639079411764897,0.036155008787195665,1427130535994,1,0,0,0,0,0,0
1.4150699117877519,-0.0636721635973041,2.011,-0.03930481475491234,-0.2581256103515625,-0.02207356071472168,1.4550751486954863,-0.11548671897054287,2,0,0.04000523690773439,-0.05181455537323877,-0.01100000000000012,0.03930481475491234,0.13499248553957294,-0.023442879177259936,0.019922783870965785,0.03964262041658886,1427130535994,1,0,0,0,0,0,0
1.4064918402602922,-0.06532182780701187,2.01,-0.03946189438759181,-0.12759934997558595,-0.029781942367553712,1.4550751486954863,-0.11548671897054287,2,-0.03930481475491234,0.048583308435194095,-0.050164891163531,-0.009999999999999787,0.00015707963267946878,0.024291654217597047,-0.0250824455817655,-0.00799999999999983,0.00015707963267946878,1427130535994,1,0,0,0,0,0,0
1.4032681911028648,-0.06791354623982584,2.012,-0.04105014400690662,-0.04678337860107422,-0.040753185272216795,1.4550751486954863,-0.11548671897054287,2,-0.03930481475491234,0.05180695759262144,-0.047573172730717025,-0.01200000000000001,0.0017453292519942765,0.04329526416643162,-0.009862101981712092,-0.020447230769231984,0.009075712110370312,1427130536387,1,0,0,0,0,0,0
1.3999752910505714,-0.06975734650958952,2.021,-0.04419173666049649,-0.04821688461303711,-0.029660745620727538,1.4550751486954863,-0.11548671897054287,2,-0.03930481475491234,0.055099857644914874,-0.04572937246095335,-0.020999999999999908,0.004886921905584152,0.04432473845395317,-0.013574551995731054,-0.06267507391304288,0.018546020399453175,1427130536456,1,0,0,0,0,0,0
1.3984251308110904,-0.07114849971156602,2.02,-0.046757370660928076,-0.02230784034729004,-0.021874155044555664,1.4550751486954863,-0.11548671897054287,2,-0.03930481475491234,0.05665001788439583,-0.04433821925897685,-0.020000000000000018,0.007452555906015734,0.037473293774111,-0.014143128045453935,-0.010509566666667323,0.020280725908173647,1427130536516,1,0,0,0,0,0,0
1.403424099023035,-0.0708198784145372,2.02,-0.048083820892443806,0.07467217254638672,0.008428733825683593,1.4550751486954863,-0.11548671897054287,2,-0.03930481475491234,0.051651049672451155,-0.04466684055600567,-0.020000000000000018,0.008779006137531464,-0.00014819857302523706,-0.024169104239318496,-0.016476900000000013,0.014718335532378016,1427130536583,1,0,0,0,0,0,0
1.4126759563766174,-0.06963435990652118,2.018,-0.050282935749956646,0.13776272583007812,0.024432622909545898,1.4550751486954863,-0.11548671897054287,2,-0.03930481475491234,0.042399192318868906,-0.045852359064021686,-0.017999999999999794,0.010978120995044305,-0.030032610231084667,-0.029660285995644416,-0.0038791888888874814,0.021450096507010213,1427130536646,1,0,0,0,0,0,0
1.4245092814641744,-0.07017868702774153,2.013,-0.051330133301153234,0.1776859130859375,0.0007668672800064086,1.4550751486954863,-0.11548671897054287,2,-0.03930481475491234,0.030565867231311827,-0.045308031942801336,-0.0129999999999999,0.012025318546240893,-0.04543610076884713,-0.020031034251169474,0.01465659411764659,0.01664530774269643,1427130536714,1,0,0,0,0,0,0
1.4350409752208342,-0.07037213125540574,2.014,-0.054244833151983717,0.15791621398925781,0.005207496643066406,1.4550751486954863,-0.11548671897054287,2,-0.03930481475491234,0.020034173474652084,-0.04511458771513713,-0.01399999999999979,0.014940018397071375,-0.048291915573506164,-0.02168972788607143,-0.01752245555555477,0.02881954149626415,1427130536777,1,0,0,0,0,0,0
1.4467155667807712,-0.0715263118566296,2.018,-0.056496307887056466,0.17579995727539063,-0.00779260778427124,1.4550751486954863,-0.11548671897054287,2,-0.03930481475491234,0.008359581914715086,-0.043960407113913275,-0.017999999999999794,0.017191493132144124,-0.055703926578227585,-0.016276585368511294,-0.035877535294117496,0.0271244699045239,1427130536845,1,0,0,0,0,0,0
1.4604536799572372,-0.07197252252031419,2.019,-0.05927138139772744,0.206120849609375,0.004953616619110107,1.4550751486954863,-0.11548671897054287,2,-0.03930481475491234,-0.0053785312617509184,-0.04351419645022868,-0.019000000000000128,0.019966566642815098,-0.08004037306202362,-0.019502163119982423,-0.021852261290324564,0.03339434169444884,1427130536907,1,0,0,0,0,0,0
1.4761366779202483,-0.07251827863618389,2.013,-0.06253514709895677,0.23531680297851562,0.0057631654739379885,1.4550751486954863,-0.11548671897054287,2,-0.03930481475491234,-0.02106152922476201,-0.04296844033435898,-0.0129999999999999,0.02323033234404443,-0.09106364222245555,-0.0189683959357541,0.019386852941177722,0.03762929867299737,1427130536975,1,0,0,0,0,0,0
1.4911415568538713,-0.07314602362263108,2.012,-0.06635741816082438,0.22522169494628907,0.004668043613433838,1.4550751486954863,-0.11548671897054287,2,-0.03930481475491234,-0.03606640815838502,-0.042340695347911794,-0.01200000000000001,0.02705260340591204,-0.10257209153948062,-0.01794609180764274,-0.005124738709678046,0.045547463382690806,1427130537037,0,0,0,0,0,0,0
1.5049209168726692,-0.07359662160618702,2.004,-0.07031931556285156,0.20668368530273437,0.006961283683776856,0.9824234178314999,-0.2156076497367857,2,-0.03930481475491234,-0.5224974990411693,-0.14201102813059868,-0.0040000000000000036,0.031014500807939223,-2.693603877922057,-0.5697760515297977,0.03560210000000003,0.04799406110234143,0,1,0,0,0,0,0,0
1.5179237320220935,-0.07485725377644294,2.002,-0.07539822368615498,0.19588880920410157,-0.005158814430236816,0.9824234178314999,-0.2156076497367857,2,-0.03930481475491234,-0.5355003141905936,-0.14075039596034278,-0.0019999999999997797,0.03609340893124264,-0.34412088630967147,-0.06352483410898549,0.008856766666668153,0.06148794954775972,0,0,0,0,0,0,0,0
1.5296032568280558,-0.07577727442823984,1.998,-0.07944738755078194,0.1757346649169922,-0.0005643823146820068,0.9824234178314999,-0.2156076497367857,2,-0.03930481475491234,-0.5471798389965559,-0.13983037530854586,0.0020000000000000018,0.0401425727958696,-0.33459817717202006,-0.06577819568446236,0.020991935294116526,0.05800653102216502,0,0,0,0,0,0,0,0
1.5389420825173064,-0.07978289113181354,1.996,-0.0844390292114857,0.14440904235839844,-0.04877725219726563,0.9824234178314999,-0.2156076497367857,2,-0.03930481475491234,-0.5565186646858065,-0.13582475860497217,0.0040000000000000036,0.04513421445657336,-0.33138536050851997,-0.04634293121329229,0.01314001111111113,0.06890393665040079,0,0,0,0,0,0,0,0
1.544273900115877,-0.08547275726766751,1.99,-0.08922123136195013,0.08689045715332032,-0.0782987289428711,0.9824234178314999,-0.2156076497367857,2,-0.03930481475491234,-0.5618504822843771,-0.1301348924691182,0.010000000000000009,0.04991641660703779,-0.3099941415116497,-0.03655384030396082,0.03777925294117651,0.07101436727085146,0,0,0,0,0,0,0,0
1.5406663127406905,-0.09226710224374987,1.99,-0.0932005820564972,-0.04481763076782227,-0.10633149719238282,0.9824234178314999,-0.2156076497367857,2,-0.03930481475491234,-0.5582428949091907,-0.12334054749303583,0.010000000000000009,0.05389576730158486,-0.26072786700086925,-0.024164041402535898,0.0069589000000000135,0.07315069001713517,0,0,0,0,0,0,0,0
1.5285127436205705,-0.0982505469447076,1.998,-0.09651670763528644,-0.17315953063964845,-0.10632835388183594,0.9824234178314999,-0.2156076497367857,2,-0.03930481475491234,-0.5460893257890707,-0.1173571027920781,0.0020000000000000018,0.0572118928803741,-0.21374475766236106,-0.02925766225092802,-0.04000701014492756,0.07162983017945776,0,0,0,0,0,0,0,0
1.5122593986620043,-0.10492707092513294,1.994,-0.09873327578531924,-0.23301455688476563,-0.12317603302001953,0.9824234178314999,-0.2156076497367857,2,-0.03930481475491234,-0.5298359808305044,-0.11068057881165276,0.006000000000000005,0.059428461030406894,-0.17584236870793657,-0.018648773945504397,0.02639054516129035,0.07015379078863009,0,0,0,0,0,0,0,0
1.4886339094350776,-0.11223586145230838,1.997,-0.10056587149991328,-0.34184970092773437,-0.1440304412841797,0.9824234178314999,-0.2156076497367857,2,-0.03930481475491234,-0.5062104916035777,-0.10337178828447732,0.0029999999999998916,0.06126105674500094,-0.1327048041546775,-0.014573443485716597,-0.014241641791045449,0.0694667091984071,0,0,0,0,0,0,0,0
1.4624829426226893,-0.12038871927504782,1.992,-0.10154325588103011,-0.37800482177734374,-0.16105694580078125,0.9824234178314999,-0.2156076497367857,2,-0.03930481475491234,-0.4800595247911894,-0.09521893046173788,0.008000000000000007,0.06223844112611777,-0.09806534405891704,-0.003443596952321333,0.033258177777778425,0.06689265246476934,0,0,0,0,0,0,0,0
1.4266993532058547,-0.12686474410918738,1.975,-0.10295697257514555,-0.5241419677734375,-0.15105010986328124,0.9824234178314999,-0.2156076497367857,2,-0.03930481475491234,-0.44427593537435484,-0.08874290562759832,0.02499999999999991,0.0636521578202332,-0.04157856629879486,-0.0122271035178994,0.10675039999999943,0.06988914323544836,0,0,0,0,0,0,0,0
1.3816973373940153,-0.13376385840899166,1.968,-0.10281734623498598,-0.66081982421875,-0.1723150634765625,0.9824234178314999,-0.2156076497367857,2,-0.03930481475491234,-0.39927391956251546,-0.08184379132779404,0.03200000000000003,0.06351253148007363,0.050538289779004375,-0.003214157299808028,0.06456492903225876,0.06283692015672086,0,0,0,0,0,0,0,0
1.3299678983980099,-0.13921812390195268,1.961,-0.10222393428930796,-0.7634467163085937,-0.16102168273925782,0.9824234178314999,-0.2156076497367857,2,-0.03930481475491234,-0.34754448056651,-0.07638952583483302,0.038999999999999924,0.0629191195343956,0.08837750680335785,-0.011412157082244277,0.06694341176470528,0.060301125656404324,0,0,0,0,0,0,0,0
1.280167043913772,-0.14486640422718683,1.954,-0.10075785771763265,-0.7344674072265625,-0.16051158142089844,0.9824234178314999,-0.2156076497367857,2,-0.03930481475491234,-0.2977436260822721,-0.07074124550959887,0.04600000000000004,0.06145304296272031,0.12350730394175014,-0.0053266740955255285,0.07569268888888958,0.05447172595474272,0,0,0,0,0,0,0,0
1.2301020889089433,-0.147380457895172,1.953,-0.09939650090107702,-0.743372314453125,-0.11305814361572265,0.9824234178314999,-0.2156076497367857,2,-0.03930481475491234,-0.24767867107744346,-0.06822719184161369,0.04699999999999993,0.060091686146164676,0.1293872145537166,-0.022555394777545344,0.0430704588235288,0.05408570019077216,0,1,0,0,0,0,0,0
1.1807507299550613,-0.15094692249756045,1.955,-0.09829694347232062,-0.7313079223632812,-0.12669210815429688,0.9824234178314999,-0.2156076497367857,2,-0.03930481475491234,-0.19832731212356136,-0.06466072723922525,0.04499999999999993,0.05899212871740828,0.17484904388120465,-0.013618966325160145,0.025312077419354775,0.05367168954600639,0,1,0,0,0,0,0,0
1.1338012845892274,-0.15233313172129176,1.959,-0.09723229262860408,-0.698801513671875,-0.08980614471435547,0.9119303271031989,-0.14867853654203247,2,-0.03930481475491234,-0.22187095748602848,0.0036545951792592846,0.040999999999999925,0.05792747787369174,-0.2350965390224495,0.3469349464129684,0.013395444927536162,0.05329856116188069,0,1,0,0,0,0,0,0
1.0928773919174055,-0.15630611461464303,1.965,-0.09524261728133057,-0.6051735229492188,-0.11890611267089844,0.9224730941271518,-0.14949504822582002,2,-0.03930481475491234,-0.17040429779025368,0.006811066388823006,0.03499999999999992,0.05593780252641823,0.2004930232880865,0.01980919619023664,-0.004768667741935566,0.046310341168643174,0,1,0,0,0,0,0,0
1.0551783180794974,-0.15890447049062606,1.994,-0.09035569537574643,-0.5592167358398438,-0.09257568359375,0.9617982576982148,-0.13822965830435682,2,-0.03930481475491234,-0.09338006038128255,0.020674812186269237,0.006000000000000005,0.05105088062083409,0.3448523292761886,0.08029385400891402,-0.14332160588235246,0.02949093103737466,1427130538279,1,0,0,0,0,0,0
1.0173723614763088,-0.16052680859281673,2,-0.08658578419143868,-0.5625802001953125,-0.0754058609008789,0.9367351999814475,-0.08690021016251653,2,-0.03930481475491234,-0.08063716149486133,0.0736265984303002,0,0.04728096943652634,0.026661222417923132,0.33437925444628114,-0.03272786774193551,0.029039463706004968,1427130538279,1,0,0,0,0,0,0
0.9818419651325463,-0.15885368373577288,2.007,-0.0840201501910071,-0.5331296997070313,-0.021085914611816407,0.9184026905071278,-0.03496923632500468,2,-0.03930481475491234,-0.06343927462541854,0.1238844474107682,-0.007000000000000117,0.04471533543609476,0.05179984298320559,0.31935115144904164,-0.040533911764706575,0.03339636190477896,0,1,0,0,0,0,0,0
0.9512343344642041,-0.15797495315736235,2.012,-0.08239699398665233,-0.4586010437011719,-0.025395034790039062,0.9435060094038039,-0.00829467602989431,2,-0.03930481475491234,-0.007728325060400221,0.14968027712746804,-0.01200000000000001,0.04309217923173999,0.30063718892471347,0.21697342492823224,-0.03635787777777719,0.03536286397290775,0,1,0,0,0,0,0,0
0.9278362397528142,-0.1536414138659982,2.009,-0.07808603073422636,-0.35513067626953126,0.03589627456665039,0.9937424154517953,0.044800109282374684,2,-0.03930481475491234,0.06590617569898116,0.19844152314837288,-0.008999999999999897,0.03878121597931402,0.4126511608687228,0.3528997656412932,0.009431241791045453,0.01947839544606341,0,1,0,0,0,0,0,0
0.9108336922613958,-0.14540474118996397,2.008,-0.07141887299160803,-0.2638988037109375,0.10327892303466797,1.0213400140628508,0.1305733261014542,2,-0.03930481475491234,0.11050632180145503,0.27597806729141816,-0.008000000000000007,0.032114058236695685,0.2981416025730696,0.5678775554928073,0.0000647555555549394,0.0003656880337512339,0,1,0,0,0,0,0,0
0.8996420377481174,-0.13334157396272756,2.012,-0.06597344572538563,-0.18035894775390626,0.16850698852539062,1.0366960655629496,0.20126168524172466,2,-0.03930481475491234,0.13705402781483222,0.3346032592044522,-0.01200000000000001,0.02666863097047329,0.20241073865874354,0.4729067595912924,-0.029666722388059723,0.0022861208232088405,0,1,0,0,0,0,0,0
0.8934963069963665,-0.1157078374954874,2.014,-0.060562925044203214,-0.10942313385009765,0.2578532104492188,1.0486105625761308,0.2483993679442698,2,-0.03930481475491234,0.15511425557976433,0.3641072054397572,-0.01399999999999979,0.021258110289290873,0.1716249499157155,0.34299046476397566,-0.021398299999998625,-0.004103705403751712,0,1,0,0,0,0,0,0
0.8949471141405706,-0.09384356606451692,2.023,-0.05276130328778864,0.0018718855381011962,0.3286799621582031,1.0663823239591008,0.28661310891399383,2,-0.03930481475491234,0.17143520981853022,0.38045667497851077,-0.02300000000000013,0.013456488532876301,0.1663921342088621,0.27547807622624504,-0.06482982537313621,-0.021476146197338196,0,1,0,0,0,0,0,0
0.9023488008322781,-0.06577671132734768,2.024,-0.04344124508213884,0.08866844940185546,0.4262720947265625,1.0737840106508083,0.3037803172919939,2,-0.03930481475491234,0.17143520981853022,0.3695570286193416,-0.02400000000000002,0.004136430327226499,0.08124142221839012,0.12429980639543621,-0.024321655555554957,-0.040244799223486845,0,1,0,0,0,0,0,0
0.9134725560299192,-0.030851408498359857,2.028,-0.03600614246864306,0.14394808959960936,0.5306314697265625,1.072667050169375,0.32235615058222844,2,-0.03930481475491234,0.15919449413945574,0.3532075590805883,-0.028000000000000025,-0.0032986722862692816,0.014892536305240255,0.09633346327779205,-0.04188320985915497,-0.034714598822166945,0,1,0,0,0,0,0,0
0.9301154452328136,0.011027045547824847,2.036,-0.03356268151585093,0.22686819458007812,0.6367564086914063,1.0799123719340669,0.33995689908327364,2,-0.03930481475491234,0.14979692670125322,0.3289298535354488,-0.03600000000000003,-0.005742133239061413,0.014875407524278544,0.020964368586112503,-0.07623492711864413,-0.018166510965123096,0,1,0,0,0,0,0,0
0.9493562427813829,0.05571767101306285,2.034,-0.02958333082130385,0.26595458984375,0.6796666259765625,1.0726054634692588,0.3184577917434732,2,-0.03930481475491234,0.12324922068787592,0.26274012073041036,-0.03399999999999981,-0.009721483933608492,-0.07920895907989499,-0.20861399566335356,-0.017114382352939873,-0.02727744288013972,0,1,0,0,0,0,0,0
0.9709120641533118,0.10541341232030751,2.03,-0.027104963283471922,0.30114657592773436,0.7546739501953125,1.0548706799413894,0.26792336623165935,2,-0.03930481475491234,0.08395861578807762,0.16250995391135184,-0.029999999999999805,-0.012199851471440419,-0.18043990145344194,-0.47477850964657214,-0.002175277777777599,-0.02400160165159245,0,1,0,0,0,0,0,0
0.9966553164817552,0.15466576487604705,2.025,-0.026197392072434905,0.3659846496582031,0.7489791870117187,1.0357241890559703,0.19322554476234677,2,-0.03930481475491234,0.0390688725742151,0.03855977988629972,-0.02499999999999991,-0.013107422682477436,-0.21907611716341452,-0.6273944105867869,0.005554402985074147,-0.01717117437368796,1427130539191,1,0,0,0,0,0,0
1.0255025775340327,0.2067107258596173,2.019,-0.02776818839922976,0.4121111450195313,0.7917410888671875,1.0357241890559703,0.19322554476234677,2,-0.03930481475491234,0.010221611521937568,-0.013485181097270538,-0.019000000000000128,-0.011536626355682582,-0.15925721089595749,-0.295063149787516,0.017448633333332027,-0.004056643847135657,1427130539191,1,0,0,0,0,0,0
1.0560649193168894,0.25680487051926687,2.014,-0.031066860685499048,0.4373957214355469,0.7638507690429688,1.0357241890559703,0.19322554476234677,2,-0.03930481475491234,-0.020340730260919093,-0.0635793257569201,-0.01399999999999979,-0.008237954069413293,-0.17394347291392223,-0.2926999784462543,0.014140902985076559,0.006532220346717847,1427130539191,1,0,0,0,0,0,0
1.0849714591949207,0.3019192843367405,2.01,-0.036390114904081755,0.41236880493164063,0.6898580322265625,1.0357241890559703,0.19322554476234677,2,-0.03930481475491234,-0.04924727013895036,-0.10869373957439371,-0.009999999999999787,-0.0029146998508305863,-0.1893656326056068,-0.3042754644186185,0.013380722222222419,0.022434129761468018,0,1,0,0,0,0,0,0
1.1096989269823805,0.3401889657970599,2.007,-0.04063126498642797,0.349781494140625,0.5871597290039062,1.0357241890559703,0.19322554476234677,2,-0.03930481475491234,-0.07397473792641018,-0.1469634210347131,-0.007000000000000117,0.001326450231515626,-0.1666177052863651,-0.2669976502148029,0.008727591304346062,0.019766233198238288,0,1,0,0,0,0,0,0
1.1299175651225508,0.37004463717411845,2.005,-0.04185299546282409,0.2848381652832031,0.45978469848632814,1.0357241890559703,0.19322554476234677,2,-0.03930481475491234,-0.09419337606658051,-0.17681909241177168,-0.004999999999999893,0.002548180707911747,-0.1673638773794875,-0.25921480541621456,0.006555109836066952,0.008556691247564802,0,1,0,0,0,0,0,0
1.1453027939394675,0.3892942983488568,2.002,-0.04235914094590241,0.21849502563476564,0.29814801025390625,1.0357241890559703,0.19322554476234677,2,-0.03930481475491234,-0.10957860488349724,-0.19606875358651005,-0.0019999999999997797,0.003054326190990067,-0.13831110348061626,-0.19674906866409148,0.012907276470589004,0.005287320969276772,0,0,0,0,0,0,0,0
1.1519134406053018,0.3984063091924542,1.999,-0.041451569734865336,0.09328282928466797,0.14075662231445313,1.0357241890559703,0.19322554476234677,2,-0.03930481475491234,-0.11618925154933146,-0.2051807644301074,0.0009999999999998899,0.0021467549799529945,-0.09922676311806933,-0.15297748203252232,0.016539066666664753,-0.002175012691652113,0,0,0,0,0,0,0,0
1.1544839599134904,0.3971499830848034,1.996,-0.04029965242854908,0.03930559539794922,-0.017230880737304687,1.0357241890559703,0.19322554476234677,2,-0.03930481475491234,-0.1187597708575201,-0.20392443832245666,0.0040000000000000036,0.000994837673636742,-0.07729386294674692,-0.09530076831066314,0.01797084179104538,-0.004163001011361403,0,0,0,0,0,0,0,0
1.1496321209208238,0.3867898729423341,1.992,-0.037105699897399404,-0.06645755767822266,-0.1582075958251953,1.0357241890559703,0.19322554476234677,2,-0.03930481475491234,-0.11390793186485348,-0.1935643281799873,0.008000000000000007,-0.0021991148575129377,-0.03455695843881956,-0.039249388885298865,0.027771822222222256,-0.017408412624892365,0,0,0,0,0,0,0,0
1.1380072969087531,0.3676653097459252,1.988,-0.03312634920285238,-0.16361032104492187,-0.2931397094726563,1.0357241890559703,0.19322554476234677,2,-0.03930481475491234,-0.10228310785278283,-0.17443976498357844,0.01200000000000001,-0.006178465552059961,0.004064892986810634,0.011073357960775826,0.029419435294117682,-0.023734424498590947,0,0,0,0,0,0,0,0
1.124305499973927,0.34287577663470375,1.979,-0.03169517921621704,-0.19309864807128907,-0.37844610595703126,1.0357241890559703,0.19322554476234677,2,-0.03930481475491234,-0.08858131091795673,-0.149650231872357,0.020999999999999908,-0.0076096355386953,0.02837607170249057,0.06488100235104077,0.06696785161290257,-0.014534651603059844,0,0,0,0,0,0,0,0
1.108014839830965,0.3165772892489115,1.977,-0.030490902032340984,-0.23173623657226564,-0.40202291870117185,1.0357241890559703,0.19322554476234677,2,-0.03930481475491234,-0.07229065077499475,-0.12335174448656472,0.02299999999999991,-0.008813912722571357,0.04297237649705511,0.07336531567756785,0.028211917647058767,-0.014126900298495136,0,1,0,0,0,0,0,0
1.0894003980725129,0.2854493488056626,1.979,-0.030892327760299633,-0.2648522644042969,-0.4752143249511719,1.0357241890559703,0.19322554476234677,2,-0.03930481475491234,-0.053676209016542575,-0.09222380404331582,0.020999999999999908,-0.008412486994612708,0.07181036065938365,0.12644432582061987,0.005338988888888813,-0.006500935909095335,1427130540036,1,0,0,0,0,0,0
1.066404630002724,0.25450298289354056,1.982,-0.03303908274025261,-0.3304341430664062,-0.47462820434570313,1.0357241890559703,0.19322554476234677,2,-0.03930481475491234,-0.030680440946753595,-0.061277438131193795,0.018000000000000016,-0.006265732014659735,0.09823438761714333,0.12822560338041522,-0.001268676470587652,0.003205245838073972,1427130540036,1,0,0,0,0,0,0
1.0488949637952407,0.22688433812520273,1.983,-0.03569198320328401,-0.2488167266845703,-0.42272955322265626,1.0357241890559703,0.19322554476234677,2,-0.03930481475491234,-0.013170774739270419,-0.03365879336285596,0.016999999999999904,-0.00361283155162833,0.08589627556026246,0.13616787038026273,0.007924044444443754,0.009020027796140263,1427130540036,1,0,0,0,0,0,0
1.0319560162516437,0.20034274804122693,1.987,-0.037140606482439414,-0.239715576171875,-0.4069371337890625,1.0357241890559703,0.19322554476234677,2,-0.03930481475491234,0.0037681728043266194,-0.007117203278880158,0.0129999999999999,-0.002164208272472927,0.08427814773023436,0.13260803577659475,-0.010220235294117736,0.00422677678262444,1427130540036,1,0,0,0,0,0,0
1.0203437985902095,0.17593900104277904,1.986,-0.0385717764690747,-0.16047071838378907,-0.3722715454101562,1.0357241890559703,0.19322554476234677,2,-0.03930481475491234,0.015380390465760785,0.017286543719567726,0.014000000000000012,-0.0007330382858376436,0.06846087462459559,0.14597258939516028,0.01689996129032323,0.006191977778526631,1427130540036,1,0,0,0,0,0,0
1.009292885216478,0.15441305986682616,1.981,-0.03981096023799067,-0.1531890869140625,-0.32904116821289064,1.0357241890559703,0.19322554476234677,2,-0.03930481475491234,0.026431303839492326,0.03881248489552061,0.018999999999999906,0.0005061454830783269,0.06450708496682339,0.12818880939286686,0.040748218840579095,0.005893901000104284,1427130540366,1,0,0,0,0,0,0
0.9988332664427818,0.13527618355201307,2.003,-0.04110250388446649,-0.14534512329101562,-0.2930701599121094,1.0357241890559703,0.19322554476234677,2,-0.03930481475491234,0.03689092261318849,0.0579493612103337,-0.0030000000000001137,0.0017976891295541503,0.07371824620220893,0.13840478931828384,-0.1284619081967215,0.008149543128615575,1427130540427,1,0,0,0,0,0,0
0.9882016906838876,0.12107957531709,2.017,-0.043615778007338325,-0.15058866882324218,-0.21932218933105468,1.0357241890559703,0.19322554476234677,2,-0.03930481475491234,0.04752249837208267,0.07214596944525677,-0.016999999999999904,0.004310963252425984,0.07458975039956227,0.10991106818982241,-0.08668062835820776,0.015564429474240164,1427130540494,1,0,0,0,0,0,0
0.9798965741822693,0.10743727970186834,2.033,-0.04333652532701913,-0.11553581237792969,-0.20987161254882813,1.0357241890559703,0.19322554476234677,2,-0.03930481475491234,0.055827614873701026,0.08578826506047843,-0.03299999999999992,0.004031710572106786,0.06937893384526236,0.11841540749826034,-0.11544308888888889,0.0027019359039201314,1427130540557,1,0,0,0,0,0,0
0.9748698317781329,0.09786621672888135,2.031,-0.041242130224626,-0.06911064147949218,-0.14669775390625,1.0357241890559703,0.19322554476234677,2,-0.03930481475491234,0.06085435727783739,0.09535932803346542,-0.03100000000000014,0.0019373154697136588,0.05166708873499701,0.096738076257809,-0.014870882352942419,-0.007302662923197197,1427130540625,1,0,0,0,0,0,0
0.9708273964615382,0.09022102112091863,2.032,-0.038606683054114604,-0.055856746673583986,-0.11708049011230469,1.0016906002228614,0.10522242763818467,2,-0.03930481475491234,0.030863203761323232,0.01500140651726603,-0.03200000000000003,-0.000698131700797737,-0.1557995025858997,-0.43912715505207195,-0.031722155555554965,-0.013247880131804383,1427130540688,1,0,0,0,0,0,0
0.9703824546237423,0.08592712553976758,2.039,-0.03632030173400205,-0.004183176040649414,-0.0646180419921875,1.0097409243093463,0.11983988428704459,2,-0.03930481475491234,0.03935846968560397,0.033912758747277005,-0.039000000000000146,-0.0029845130209102885,0.05881804710561453,0.11412232141145112,-0.06806121176470659,-0.013071489433171544,1427130540756,1,0,0,0,0,0,0
0.9716603698751584,0.08544447418250775,2.038,-0.03427826650916868,0.019418979644775392,-0.006538934707641601,1.0110188395607622,0.11935723292978476,2,-0.03930481475491234,0.03935846968560386,0.033912758747277005,-0.03799999999999981,-0.00502654824574366,0.015116815923021014,0.01680550496152382,-0.025822238709675382,-0.014907363849776104,1427130540818,1,0,0,0,0,0,0
0.9760039585094612,0.08482167011543412,2.035,-0.031241393610698526,0.06543572235107421,-0.007103650093078613,0.9973099881059685,0.06389150739567913,2,-0.03930481475491234,0.021306029596507292,-0.020930162719754994,-0.03500000000000014,-0.008063421144213816,-0.08681188706822159,-0.29290993112765923,-0.013864223529413577,-0.021461389813935087,1427130540886,1,0,0,0,0,0,0
0.9809752603204662,0.08669468505522504,2.027,-0.028728119487826692,0.07365554809570313,0.030410791397094728,0.9672383179793156,0.0014659247534326708,2,-0.03930481475491234,-0.013736942341150638,-0.08522876030179237,-0.027000000000000135,-0.01057669526708565,-0.20610823369533782,-0.40004761220396917,0.021368944444444374,-0.022544667280761044,1427130540949,1,0,0,0,0,0,0
0.9867395942090685,0.08966276254705213,2.025,-0.027349309378751158,0.08515049743652343,0.0469864273071289,0.950702578816681,-0.03149756699176126,2,-0.03930481475491234,-0.03603701539238757,-0.1211603295388134,-0.02499999999999991,-0.011955505376161184,-0.1390921565142083,-0.24858237058952445,-0.011195238805968908,-0.018129281983962083,0,1,0,0,0,0,0,0
0.9955968888886448,0.09350761592909224,2.019,-0.02871066619530674,0.1312326202392578,0.06128439331054687,0.9372598004450203,-0.07493109418474869,2,-0.03930481475491234,-0.05833708844362451,-0.16843871011384093,-0.019000000000000128,-0.010594148559605603,-0.15767532121026828,-0.34728311976810144,0.016370633333332028,-0.0041114970521980735,0,1,0,0,0,0,0,0
1.003642874976482,0.09444612061953489,2.006,-0.028605946440187074,0.12023593139648438,0.017536376953125,0.9119026976949118,-0.15001026232763875,2,-0.03930481475491234,-0.09174017728157025,-0.24445638294717364,-0.005999999999999783,-0.010698868314725267,-0.21998682949610915,-0.508399852411309,0.05933792898550916,-0.011154171597854243,0,1,0,0,0,0,0,0
1.0103140190625706,0.0909237070743097,2.001,-0.028693212902786785,0.10153744506835938,-0.04995246124267578,0.8757313369042398,-0.2370966312931591,2,-0.03930481475491234,-0.1345826821583308,-0.3280203383674688,-0.0009999999999998899,-0.010611601852125556,-0.31787187042920095,-0.644250349329589,0.026078324590163418,-0.010182422527864683,0,1,0,0,0,0,0,0
1.01616319863088,0.08406181814702852,2.009,-0.030595621787460586,0.09065451812744141,-0.10036883544921875,0.8537377261316623,-0.3024616024404291,2,-0.03930481475491234,-0.16242547249921757,-0.3865234205874576,-0.008999999999999897,-0.008709192967451755,-0.22939454368445178,-0.4954182139243428,-0.05024787058823524,-0.00031621259389087025,0,1,0,0,0,0,0,0
1.0215076046312666,0.07322054933687887,1.992,-0.03474950540720714,0.08510322570800781,-0.160090576171875,0.8269737933123229,-0.3791479143844299,2,-0.03930481475491234,-0.19453381131894365,-0.4523684637213088,0.008000000000000007,-0.004555309347705198,-0.28064244980929437,-0.5933127172674152,0.09902344444444393,0.015225088841564118,0,1,0,0,0,0,0,0
1.0262846311406344,0.0612090569102593,1.955,-0.03825761720371576,0.07787178039550781,-0.17757412719726562,0.8011493059965151,-0.4008156309459507,2,-0.03930481475491234,-0.22513532514411927,-0.46202468785621,0.04499999999999993,-0.0010471975511965811,-0.2752244303806183,-0.2823503645700666,0.22492617647058777,0.014429766256929669,0,1,0,0,0,0,0,0
1.0270868961386557,0.04185048359781163,1.934,-0.04134684997974572,0.02313165283203125,-0.28970584106445313,0.7710516105174883,-0.43684973159422086,2,-0.03930481475491234,-0.2560352856211674,-0.4787002151920325,0.06600000000000006,0.0020420352248333787,-0.30776062150652983,-0.33541981014777733,0.17024258709677498,0.0169899357540106,0,1,0,0,0,0,0,0
1.023190121937433,0.014722604525090104,1.891,-0.043703044469937974,-0.0415816650390625,-0.40898651123046875,0.7672701953404598,-0.4332399317135048,2,-0.03930481475491234,-0.25591992659697327,-0.4479625362385949,0.10899999999999999,0.0043982297150256325,-0.13284794710363682,-0.0680109021116943,0.30815892941176426,0.014793205407050281,0,1,0,0,0,0,0,0
1.017065076821062,-0.018483159781430822,1.859,-0.04735078260660616,-0.07002698516845703,-0.5016248474121093,0.7692428544425534,-0.4199778019691415,2,-0.03930481475491234,-0.2478222223785087,-0.40149464218771064,0.14100000000000001,0.00804596785169382,-0.08383365806107333,0.05908423330234894,0.2939547612903227,0.025696313674281827,0,1,0,0,0,0,0,0
1.007150001826234,-0.05502215322451909,1.818,-0.05202826500195093,-0.12261687469482421,-0.55451025390625,0.7665257387530272,-0.3972301719679981,2,-0.03930481475491234,-0.24062426307320683,-0.342208018743479,0.18199999999999994,0.012723450247038588,-0.08906282934811055,0.13132782514875455,0.3583766117647054,0.033359401991206676,0,1,0,0,0,0,0,0
0.9881895854666984,-0.10237743404362035,1.768,-0.05661848093469604,-0.24708087158203124,-0.7241585083007812,0.7655111351253195,-0.3669240278090814,2,-0.03930481475491234,-0.2226784503413789,-0.2645465937654611,0.23199999999999998,0.0173136661797837,-0.017579570738404965,0.29629249595678164,0.466586577777778,0.03917183728809376,0,1,0,0,0,0,0,0
0.9582153548636057,-0.15732839683426764,1.717,-0.06058037833672317,-0.4022493286132813,-0.848386474609375,0.7589793577958848,-0.3393022981609046,2,-0.03930481475491234,-0.19923599706772088,-0.181973901326637,0.2829999999999999,0.021275563581810826,0.014966901766509097,0.3310092441341329,0.49403319999999956,0.03875452270840109,0,1,0,0,0,0,0,0
0.9249053815863473,-0.21510966358129227,1.666,-0.06553711341238708,-0.4462589721679687,-0.8953795166015625,0.7742556098294142,-0.26248690627778165,2,-0.03930481475491234,-0.15064977175693306,-0.04737724269648938,0.3340000000000001,0.026232298657474735,0.1927840039634069,0.733091541464577,0.5623072258064525,0.050216500636493654,0,1,0,0,0,0,0,0
0.8921094445488184,-0.2733299730682147,1.616,-0.07176793884200686,-0.4336900634765625,-0.9036470336914062,0.7742556098294142,-0.26248690627778165,2,-0.03930481475491234,-0.11785383471940414,0.010843066790433065,0.3839999999999999,0.032463124087094515,0.10362737061213981,0.30205258004106106,0.5743681411764696,0.059952059806005306,0,1,0,0,0,0,0,0
0.8568772176667868,-0.3295596456223123,1.569,-0.08063421144213803,-0.4666426086425781,-0.8791694946289063,0.7742556098294142,-0.26248690627778165,2,-0.03930481475491234,-0.0826216078373726,0.06707273934453067,0.43100000000000005,0.04132939668722569,0.14506422988032133,0.33805300699823443,0.6144048500000009,0.08289004950034057,0,1,0,0,0,0,0,0
0.8174493250191035,-0.3889975008367502,1.52,-0.0897971900151083,-0.5176837768554687,-0.936307861328125,0.7742556098294142,-0.26248690627778165,2,-0.03930481475491234,-0.043193715189689286,0.12651059455896857,0.48,0.05049237526019596,0.18116073708631814,0.3755501571669328,0.6595900848484845,0.09214227786460627,0,1,0,0,0,0,0,0
0.7752607239538957,-0.44836373836052046,1.472,-0.09827949017980073,-0.5504229125976563,-0.9436556396484375,0.7742556098294142,-0.26248690627778165,2,-0.03930481475491234,-0.0010051141244814543,0.1858768320827388,0.528,0.058974675424888386,0.2275482119306657,0.41996206167135064,0.708134666666667,0.09936658097104278,0,1,0,0,0,0,0,0
0.7494058259116053,-0.49927073308511566,1.423,-0.10370746415350304,-0.31102606201171873,-0.797973876953125,0.7742556098294142,-0.26248690627778165,2,-0.03930481475491234,0.0248497839178089,0.236783826807334,0.577,0.0644026493985907,0.1391881228759665,0.37778543772485773,0.7367974823529408,0.08834959340021853,0,0,0,0,0,0,0,0
0.7316819496191317,-0.5393120441674972,1.372,-0.10779153460316979,-0.2022525939941406,-0.6249147338867187,0.7742556098294142,-0.26248690627778165,2,-0.03930481475491234,0.04257366021028253,0.2768251378897156,0.6279999999999999,0.06848671984825744,0.11505391595224805,0.3619960878109722,0.8171884258064512,0.08824835105632232,0,0,0,0,0,0,0,0
0.7203260258287946,-0.556614633840967,1.325,-0.10964158361028385,-0.14142828369140625,-0.2763580627441406,0.7742556098294142,-0.26248690627778165,2,-0.03930481475491234,0.053929584000619646,0.29412772756318534,0.675,0.07033676885537152,0.07916401734818104,0.23386517701516646,0.8133869647058831,0.0784987497691101,0,0,0,0,0,0,0,0
0.714056970435435,-0.560857975683832,1.274,-0.10658725741929374,-0.08650645446777344,-0.07355752563476563,0.7742556098294142,-0.26248690627778165,2,-0.03930481475491234,0.06019863939397918,0.29837106940605035,0.726,0.06728244266438141,0.059276089290384096,0.17106874026383695,0.9046796258064512,0.05250344496604217,0,0,0,0,0,0,0,0
0.7113812292061964,-0.5591593513647928,1.227,-0.10163052234362983,-0.04261898040771484,0.02106486511230469,0.7742556098294142,-0.26248690627778165,2,-0.03930481475491234,0.06287438062321782,0.2966724450870111,0.7729999999999999,0.06232570758871749,0.039039083153780116,0.13772389696485643,0.9015445647058818,0.040457758725494335,0,0,0,0,0,0,0,0
0.7136687961100217,-0.5481148301968463,1.181,-0.09777334469672232,0.017328510284423827,0.1682942810058594,0.7742556098294142,-0.26248690627778165,2,-0.03930481475491234,0.06058681371939256,0.2856279239190646,0.819,0.058468529941809975,0.011452566869825133,0.07976605032908843,0.9571480555555558,0.04010101733748847,0,0,0,0,0,0,0,0
0.7199479262270635,-0.5375870113828608,1.131,-0.0953822436214901,0.07832160186767578,0.16635737609863283,0.7742556098294142,-0.26248690627778165,2,-0.03930481475491234,0.05430768360235072,0.27510010510507915,0.869,0.05607742886657776,-0.01174333300397773,0.08104884049428498,1.0086088298507465,0.04537100614165739,0,0,0,0,0,0,0,0
0.7297814661016891,-0.5176057051024866,1.085,-0.09313076888641739,0.11828803253173828,0.31240509033203123,0.7742556098294142,-0.26248690627778165,2,-0.03930481475491234,0.04447414372772507,0.25511879882470495,0.915,0.053825954131505045,-0.03444224271722903,0.023382777772522345,1.0272015058823534,0.043892977359125424,0,0,0,0,0,0,0,0
0.7415554766115982,-0.4983186552385511,1.042,-0.09159487914466238,0.14894047546386718,0.30447610473632813,0.7742556098294142,-0.26248690627778165,2,-0.03930481475491234,0.03270013321781606,0.23583174896076947,0.958,0.05229006438975004,-0.055106008209530516,0.00958250861657979,1.0697610888888884,0.04497630371472622,0,0,0,0,0,0,0,0
0.7541236022129844,-0.47486500417857613,0.994,-0.0897971900151083,0.1555531463623047,0.36757354736328124,0.7742556098294142,-0.26248690627778165,2,-0.03930481475491234,0.02013200761642986,0.21237809790079448,1.006,0.05049237526019596,-0.06691551580286456,-0.02726200855134943,1.1464771419354842,0.04179387947203105,0,0,0,0,0,0,0,0
0.7671564955654787,-0.4536436429918245,0.947,-0.08904669843675064,0.1661598663330078,0.33456906127929686,0.7742556098294142,-0.26248690627778165,2,-0.03930481475491234,0.007099114263935502,0.19115673671404287,1.053,0.0497418836818383,-0.0667244833425778,-0.009949668659507305,1.1522758408450702,0.04657079250567918,0,0,0,0,0,0,0,0
0.7801672163109122,-0.431625969881158,0.895,-0.08698720991939743,0.16501741027832031,0.3463120422363281,0.7742556098294142,-0.26248690627778165,2,-0.03930481475491234,-0.005911606481498022,0.16913906360337633,1.105,0.04768239516448509,-0.08488260432276129,-0.04468110437721373,1.2721490333333336,0.03738495257771902,0,0,0,0,0,0,0,0
0.7916066979724639,-0.40812528584549745,0.846,-0.08602727883080057,0.14031820678710938,0.36608493041992185,0.7742556098294142,-0.26248690627778165,2,-0.03930481475491234,-0.017351088143049642,0.1456383795677158,1.154,0.046722464075888225,-0.07111060441873862,-0.043740059095975156,1.2577583957746474,0.04266641722266204,0,0,0,0,0,0,0,0
0.8025083167415318,-0.3828408503113674,0.797,-0.08534660042252272,0.13033251953125,0.3919141845703125,0.7742556098294142,-0.26248690627778165,2,-0.03930481475491234,-0.028252706912117564,0.12035394403358574,1.2029999999999998,0.04604178566761038,-0.08172851575090559,-0.08319393171335474,1.339480603225806,0.04274818046626596,0,0,0,0,0,0,0,0
0.8109904596950919,-0.35780593392316623,0.745,-0.08370599092564812,0.09475826263427735,0.3850025634765625,0.7742556098294142,-0.26248690627778165,2,-0.03930481475491234,-0.036734849865677655,0.09531902764538458,1.255,0.04440117617073578,-0.07233403161802589,-0.09424371628652295,1.4057970870967744,0.03646274312134257,0,1,0,0,0,0,0,0
0.8179479209797054,-0.33613612388812597,0.701,-0.08513716091228345,0.07681988525390625,0.33263458251953126,0.7742556098294142,-0.26248690627778165,2,-0.03930481475491234,-0.04369231115029115,0.07364921761034432,1.299,0.045832346157371105,-0.06376987046582916,-0.07523818587999262,1.3827524882352942,0.05214633139252695,0,0,0,0,0,0,0,0
0.8232462584712935,-0.31273456246225084,0.653,-0.08452629567408547,0.04933815765380859,0.3565101318359375,0.7742556098294142,-0.26248690627778165,2,-0.03930481475491234,-0.0489906486418793,0.05024765618446919,1.347,0.04522148091917313,-0.060548920630025246,-0.107477614795492,1.4740010419354843,0.042265681379505496,0,0,0,0,0,0,0,0
0.8254731340816589,-0.29048692150768013,0.6,-0.08295549934729056,0.005109794616699219,0.33534326171875,0.7742556098294142,-0.26248690627778165,2,-0.03930481475491234,-0.051217524252244684,0.02800001522989848,1.4,0.04365068459237822,-0.04324907640035484,-0.10098672324590217,1.5277474176470585,0.036720700797694794,0,0,0,0,0,0,0,0
0.8261320335277221,-0.2691795003547405,0.549,-0.08204792813625343,-0.01663361358642578,0.3193311767578125,0.7742556098294142,-0.26248690627778165,2,-0.03930481475491234,-0.051876423698307916,0.006692594076958824,1.451,0.04274311338134109,-0.03575322362097807,-0.11365119331436399,1.5839459500000008,0.03848887332960455,0,0,0,0,0,0,0,0
0.8235639866505083,-0.2481564676898578,0.497,-0.07988371986378048,-0.06423554229736328,0.3111276550292969,0.7742556098294142,-0.26248690627778165,2,-0.03930481475491234,-0.049308376821094124,-0.01433043858792385,1.5030000000000001,0.04057890510886814,-0.017483710195081104,-0.11746916403901207,1.6283515910447766,0.030888420306750465,0,0,0,0,0,0,0,0
0.8176738475895226,-0.22755693130361504,0.447,-0.07761479183618783,-0.11272760009765626,0.300957275390625,0.7742556098294142,-0.26248690627778165,2,-0.03930481475491234,-0.043418237760108336,-0.03492997497416661,1.553,0.03830997708127549,0.0032531189738583093,-0.12721013927174554,1.6721111151515142,0.027996667864945243,0,0,0,0,0,0,0,0
0.8095183939848505,-0.2163328865441323,0.396,-0.0755553033188345,-0.13501768493652344,0.15836859130859374,0.7742556098294142,-0.26248690627778165,2,-0.03930481475491234,-0.035262784155436266,-0.046154019733649354,1.604,0.03625048856392216,0.020672828565415146,-0.08499322931791699,1.736931450000001,0.026596636138828452,0,0,0,0,0,0,0,0
0.7960184886146723,-0.21155127183842112,0.347,-0.07237880408020489,-0.20733485412597658,0.05623430633544922,0.7742556098294142,-0.26248690627778165,2,-0.03930481475491234,-0.021762878785258066,-0.05093563443936053,1.653,0.03307398932529255,0.056636323600693345,-0.0521845961202505,1.7757731499999996,0.018184149144216226,0,0,0,0,0,0,0,0
0.7816092247669854,-0.2124948785802401,0.302,-0.06956882398449396,-0.21454949951171876,-0.02974726676940918,0.7742556098294142,-0.26248690627778165,2,-0.03930481475491234,-0.00735361493757114,-0.04999202769754155,1.698,0.03026400922958162,0.06528069494056696,-0.020667543036239737,1.7902556268656715,0.01768200880102522,0,0,0,0,0,0,0,0
0.7631161102574318,-0.21886122183947626,0.265,-0.06953391739945411,-0.27008758544921874,-0.1145467529296875,0.7742556098294142,-0.26248690627778165,2,-0.03930481475491234,0.011139499571982459,-0.04362568443830539,1.7349999999999999,0.030229102644541768,0.10365849902071285,0.01349832624717199,1.8044089677419348,0.030060199813703777,0,0,0,0,0,0,0,0
0.7503973526060644,-0.21558460883920785,0.225,-0.06846926655573757,-0.19373512268066406,0.035775337219238285,0.7742556098294142,-0.26248690627778165,2,-0.03930481475491234,0.023858257223349777,-0.0469022974385738,1.775,0.029164451800825227,0.06923175271645463,-0.0404949113904573,1.839963,0.024601662470611477,0,0,0,0,0,0,0,0
0.7378677485294799,-0.21512309579471298,0.206,-0.06654940437854381,-0.18797731018066408,-0.005951864719390869,0.7742556098294142,-0.26248690627778165,2,-0.03930481475491234,0.03638786129993432,-0.047363810483068675,1.794,0.027244589623631472,0.08381613402452606,-0.02701952050089191,1.7751227934426237,0.017802644489891696,0,0,0,0,0,0,0,0
0.7262372527295159,-0.21645353440866794,0.155,-0.06901031862385579,-0.172744140625,-0.03151387405395508,0.7742556098294142,-0.26248690627778165,2,-0.03930481475491234,0.04801835709989832,-0.046033371869113715,1.845,0.029705503868943446,0.07676861221022624,-0.01698943689038065,1.9783325521739128,0.04040513102247377,0,0,0,0,0,0,0,0
0.7173556356964178,-0.21830087167070744,0,-0.07105235384868916,-0.13099638366699218,-0.03683065414428711,0.7742556098294142,-0.26248690627778165,2,-0.03930481475491234,0.05689997413299641,-0.04418603460707421,2,0.03174753909377682,0.07320895889134504,-0.012241847311790847,2.745181162295082,0.041790335281481926,0,0,0,0,0,0,0,0
