0,0,0.742,0,-0.008053727149963379,0.014993571281433105,0,0,2,0,0,0,1.258,0,0,0,1.0064,0,0,0,0,0,0,0,0,0
0.00027296969095865885,0.0005514998118082683,0.742,0.000052359877559804424,0.004094545364379883,0.008272497177124024,0,0,2,0,-0.00027296969095865885,-0.0005514998118082683,1.258,-0.000052359877559804424,-0.001584231548437947,-0.0032007341099146835,1.014577,-0.0002940208509127479,0,0,0,0,0,0,0,0
0.0009192217272437214,0.00083003303061503,0.747,0.00022689280275925428,0.009693999290466309,0.0041774907112121585,0,0,2,0,-0.0009192217272437214,-0.00083003303061503,1.2530000000000001,-0.00022689280275925428,-0.00383635037530607,-0.0018709609046625756,0.9928526970149262,-0.001008383512607537,0,0,0,0,0,0,0,0
0.002622746203811448,0.001417209775164244,0.754,0.00047123889803846186,0.025554864883422852,0.008801853179931641,0,0,2,0,-0.002622746203811448,-0.001417209775164244,1.246,-0.00047123889803846186,-0.010930465675342541,-0.004025111098555882,0.9815811709677413,-0.0016535587139055953,0,0,0,0,0,0,0,0
0.007196236472408882,0.001252342003901794,0.765,0.0011868238913561452,0.06860118103027343,-0.0025053443908691405,0,0,2,0,-0.007196236472408882,-0.001252342003901794,1.2349999999999999,-0.0011868238913561452,-0.027496728930603315,0.0002324406982105883,0.9631091134328351,-0.004390935801733831,0,0,0,0,0,0,0,0
0.01362570479851458,0.0011725508256167007,0.787,0.00008726646259969716,0.09644053649902344,-0.001311326503753662,0,0,2,0,-0.01362570479851458,-0.0011725508256167007,1.213,-0.00008726646259969716,-0.041989971378355036,-0.0001533056902996625,0.8904225000000012,0.005066908984696153,0,0,0,0,0,0,0,0
0.02246071599226971,0.0017510708259986557,0.814,0.001483529864195171,0.13252592468261717,0.008666234970092774,0,0,2,0,-0.02246071599226971,-0.0017510708259986557,1.186,-0.001483529864195171,-0.05673591767451527,-0.003857790897453103,0.8582292117647052,-0.00764351545946932,0,0,0,0,0,0,0,0
0.034366759080501644,0.0012013347323004827,0.845,0.0010995574287564203,0.17857821655273437,-0.008510976791381837,0,0,2,0,-0.034366759080501644,-0.0012013347323004827,1.155,-0.0010995574287564203,-0.08444745785106231,0.00249735771045421,0.8045608000000005,0.0007583737104633417,0,0,0,0,0,0,0,0
0.04887585563739834,0.0027808787463837275,0.88,0.001867502299633922,0.21766236877441406,0.023453842163085936,0,0,2,0,-0.04887585563739834,-0.0027808787463837275,1.12,-0.001867502299633922,-0.0992028816033598,-0.009527660165013255,0.7790297411764712,-0.005255494377034664,0,0,0,0,0,0,0,0
0.06525804861576402,0.0019339025354718777,0.92,0.00239110107523223,0.245708740234375,-0.013163527488708497,0,0,2,0,-0.06525804861576402,-0.0019339025354718777,1.08,-0.00239110107523223,-0.12376810042169792,0.003730038930640272,0.7117585777777777,-0.004884428578081315,0,0,0,0,0,0,0,0
0.08565492122104958,0.0001597074840038815,0.962,0.0013264502315156745,0.3058885803222656,-0.02734441375732422,0,0,2,0,-0.08565492122104958,-0.0001597074840038815,1.038,-0.0013264502315156745,-0.15283934323845239,0.009464967221998003,0.6809739538461537,0.003587322893329965,0,0,0,0,0,0,0,0
0.10634884694329189,-0.0016354838517917928,1.004,0.00418879020478638,0.3103728942871094,-0.027339588165283202,0,0,2,0,-0.10634884694329189,0.0016354838517917928,0.996,-0.00418879020478638,-0.16659496162666917,0.010627704247750523,0.6502146999999999,-0.01760600882949281,0,0,0,0,0,0,0,0
0.1257725158838446,-0.0030003119352980897,1.044,0.004363323129985802,0.2912667236328125,-0.021692663192749023,0,0,2,0,-0.1257725158838446,0.0030003119352980897,0.956,-0.004363323129985802,-0.16622420465169585,0.008732370563009042,0.6420905878787878,-0.005156654608164993,0,0,0,0,0,0,0,0
0.14357081306743175,-0.003835763770794447,1.082,0.0011868238913561452,0.266917236328125,-0.013696550369262695,0,0,2,0,-0.14357081306743175,0.003835763770794447,0.9179999999999999,-0.0011868238913561452,-0.1680493541189036,0.006413451848466419,0.6251634153846152,0.013473941825396116,0,0,0,0,0,0,0,0
0.1586813063264428,-0.004115898556245521,1.123,-0.0005061454830783546,0.22665225219726562,-0.0044710211753845215,0,0,2,0,-0.1586813063264428,0.004115898556245521,0.877,0.0005061454830783546,-0.16000374922215543,0.0035432121839001655,0.5853427575757579,0.008201460821416989,0,0,0,0,0,0,0,0
0.17318570113076143,-0.0035763829405516387,1.162,-0.0020769418098732645,0.2175617980957031,0.008202853202819825,0,0,2,0,-0.17318570113076143,0.0035763829405516387,0.8380000000000001,0.0020769418098732645,-0.16655629091288504,-0.0011602960183706753,0.5636489500000006,0.009440049591724405,0,0,0,0,0,0,0,0
0.18584304880707775,-0.003373503136324863,1.203,-0.001919862177193768,0.18985348510742187,0.003437518835067749,0,0,2,0,-0.18584304880707775,0.003373503136324863,0.7969999999999999,0.001919862177193768,-0.1608090103606341,0.0006150888652243832,0.5319661575757568,0.00120586384683242,0,0,0,0,0,0,0,0
0.1941180584904595,-0.0027339506571752827,1.242,-0.002059488517353311,0.12410649871826172,0.009831572532653808,0,0,2,0,-0.1941180584904595,0.0027339506571752827,0.758,0.002059488517353311,-0.1432024116822571,-0.002124612516591637,0.5097603500000005,0.00271398698685117,0,0,0,0,0,0,0,0
0.19927316522256924,-0.002233656469403251,1.278,-0.0021467549799530222,0.07731098175048828,0.007663650035858154,0,0,2,0,-0.19927316522256924,0.002233656469403251,0.722,0.0021467549799530222,-0.12799521334709857,-0.0015288080150435946,0.508097709090909,0.0025434207190426178,0,0,0,0,0,0,0,0
0.20191111857054547,-0.0008255054026321776,1.313,-0.0023387411976723976,0.03952386474609375,0.021207162857055664,0,0,2,0,-0.20191111857054547,0.0008255054026321776,0.687,0.0023387411976723976,-0.11609891068590787,-0.007046731255009828,0.4899349393939399,0.0032114058236695584,0,0,0,0,0,0,0,0
0.2021161171013564,0.0005721027319564433,1.345,-0.003124139361069853,0.00302593994140625,0.020971256256103514,0,0,2,0,-0.2021161171013564,-0.0005721027319564433,0.655,0.003124139361069853,-0.10341856905499287,-0.007579388869310821,0.4871653208955223,0.0066408475553868165,0,0,0,0,0,0,0,0
0.19902388674109117,0.002571664212324995,1.375,-0.0038571776469074758,-0.04647693252563476,0.02984836769104004,0,0,2,0,-0.19902388674109117,-0.002571664212324995,0.625,0.0038571776469074758,-0.0842804603830632,-0.012046772684402204,0.47285353846153827,0.00724043127385035,0,0,0,0,0,0,0,0
0.19340968320766444,0.006018993790505978,1.407,-0.0039968039870670324,-0.08441188049316406,0.05138473510742188,0,0,2,0,-0.19340968320766444,-0.006018993790505978,0.593,0.0039968039870670324,-0.06655065932770471,-0.022468031229697347,0.4318234387096772,0.004672415310419726,0,0,0,0,0,0,0,0
0.18629793022804345,0.010593988759318117,1.435,-0.004485496177625434,-0.10694972229003906,0.06819801330566407,0,0,2,0,-0.18629793022804345,-0.010593988759318117,0.565,0.004485496177625434,-0.05651490644978377,-0.029936271610669446,0.44297186923076903,0.006740998595587286,0,0,0,0,0,0,0,0
0.17943564345949337,0.016926353912275725,1.462,-0.005201081170943118,-0.10335932159423829,0.09452281188964844,0,0,2,0,-0.17943564345949337,-0.016926353912275725,0.538,0.005201081170943118,-0.05565027275089708,-0.041558726006414345,0.43470092388059756,0.008405193081320808,0,0,0,0,0,0,0,0
0.17251614871259047,0.023498403072678274,1.489,-0.00555014702134199,-0.10430374145507812,0.0980395736694336,0,0,2,0,-0.17251614871259047,-0.023498403072678274,0.5109999999999999,0.00555014702134199,-0.04970533976972168,-0.048291419349261316,0.40736499999999914,0.007212365356574713,0,0,0,0,0,0,0,0
0.16464482859846827,0.030263199781501632,1.517,-0.0064926248174189275,-0.11863116455078125,0.10081508636474609,0,0,2,0,-0.16464482859846827,-0.030263199781501632,0.4830000000000001,0.0064926248174189275,-0.04380912803268423,-0.050001819044597794,0.39413175294117764,0.010650615094228946,0,0,0,0,0,0,0,0
0.15636950289804896,0.03619802028111006,1.539,-0.008220500776893305,-0.12470525360107422,0.08821450805664062,0,0,2,0,-0.15636950289804896,-0.03619802028111006,0.4610000000000001,0.008220500776893305,-0.03431009394652141,-0.05114445245547174,0.4013314777777778,0.016448481536295106,0,0,0,0,0,0,0,0
0.14877313360825875,0.04083506933785464,1.566,-0.009669124056048584,-0.11451346588134766,0.06861670684814453,0,0,2,0,-0.14877313360825875,-0.04083506933785464,0.43399999999999994,0.009669124056048584,-0.0356791165624436,-0.04548702047125214,0.3593900846153838,0.016355077652149868,0,0,0,0,0,0,0,0
0.14200985924376677,0.0440171944971451,1.583,-0.011135200627723829,-0.10190589141845703,0.04674873733520508,0,0,2,0,-0.14200985924376677,-0.0440171944971451,0.41700000000000004,0.011135200627723829,-0.0389925289603871,-0.03828094380104829,0.40782011594202955,0.017509446591529244,0,0,0,0,0,0,0,0
0.1353465644807962,0.04665514310689038,1.603,-0.011990411961201042,-0.10038382720947266,0.038453842163085936,0,0,2,0,-0.1353465644807962,-0.04665514310689038,0.397,0.011990411961201042,-0.033034309843512306,-0.038143366324107725,0.3694419888888888,0.016062846882521103,0,0,0,0,0,0,0,0
0.1282475416517773,0.04939675463887369,1.622,-0.012496557444279396,-0.10697077178955078,0.039844444274902344,0,0,2,0,-0.1282475416517773,-0.04939675463887369,0.3779999999999999,0.012496557444279396,-0.027762399998188116,-0.039883704024461515,0.3638660499999992,0.014869114396209183,0,0,0,0,0,0,0,0
0.12326741274167692,0.05020887561193876,1.641,-0.012007865253720995,-0.07484832763671875,0.011247370719909668,0,0,2,0,-0.12326741274167692,-0.05020887561193876,0.359,0.012007865253720995,-0.037766698608485104,-0.0296364164332547,0.35418412424242474,0.009786537114819171,0,0,0,0,0,0,0,0
0.1202839034938236,0.04978031173735487,1.657,-0.011885692206081391,-0.04467222213745117,-0.006965365409851074,0,0,2,0,-0.1202839034938236,-0.04978031173735487,0.34299999999999997,0.011885692206081391,-0.0464456340068562,-0.022803583076453554,0.35683689999999985,0.01131300604527075,0,0,0,0,0,0,0,0
0.11872685025694207,0.04749107009753377,1.669,-0.012653637076958893,-0.022946020126342774,-0.034613792419433596,0,0,2,0,-0.11872685025694207,-0.04749107009753377,0.33099999999999996,0.012653637076958893,-0.053928860384620705,-0.012075764978498877,0.37426803283582083,0.016092196200290988,0,0,0,0,0,0,0,0
0.11726770051011871,0.04372702229728835,1.691,-0.01394518072343469,-0.021171079635620118,-0.056733142852783205,0,0,2,0,-0.11726770051011871,-0.04372702229728835,0.30899999999999994,0.01394518072343469,-0.053300636872843116,-0.0012686374185334505,0.2990790777777776,0.02009538856379563,0,0,0,0,0,0,0,0
0.11489912139920906,0.039763116845383084,1.706,-0.014241886696273744,-0.03469609832763672,-0.059948238372802734,0,0,2,0,-0.11489912139920906,-0.039763116845383084,0.29400000000000004,0.014241886696273744,-0.04754353170836703,0.0011201988929294832,0.3304430692307697,0.015611298878607838,0,0,0,0,0,0,0,0
0.11239890769728111,0.03513856914621372,1.718,-0.014556045961632723,-0.03651150131225586,-0.06989527893066406,0,0,2,0,-0.11239890769728111,-0.03513856914621372,0.28200000000000003,0.014556045961632723,-0.04565768250346162,0.006966937080914247,0.3388299153846154,0.01600601180175109,0,0,0,0,0,0,0,0
0.11065666880874697,0.029931502143952887,1.735,-0.01480039205691193,-0.024993940353393553,-0.07847811889648437,0,0,2,0,-0.11065666880874697,-0.029931502143952887,0.2649999999999999,0.01480039205691193,-0.04908314000382134,0.01226253920569301,0.3014427848484841,0.015911056126362875,0,0,0,0,0,0,0,0
0.11014246242777344,0.024259882949853886,1.755,-0.015847589608108517,-0.0064531641006469725,-0.08517912292480469,0,0,2,0,-0.11014246242777344,-0.024259882949853886,0.2450000000000001,0.015847589608108517,-0.0554110244392371,0.017545871630652528,0.27115069393939506,0.02060757847718391,0,0,0,0,0,0,0,0
0.1105848124473672,0.018368268401373466,1.766,-0.017313666179783763,0.008034876823425293,-0.08825797271728515,0,0,2,0,-0.1105848124473672,-0.018368268401373466,0.23399999999999999,0.017313666179783763,-0.06084892741896789,0.022622921821562864,0.30975264999999935,0.024185900109511476,0,0,0,0,0,0,0,0
0.11041254843671,0.011384306206084995,1.781,-0.01726130630222393,-0.0007698936462402344,-0.10478846740722657,0,0,2,0,-0.11041254843671,-0.011384306206084995,0.21900000000000008,0.01726130630222393,-0.05748788645846943,0.031493686340493376,0.27856316923076985,0.017019645328870858,0,0,0,0,0,0,0,0
0.10964776055742423,0.004794859898595198,1.794,-0.016790067404185455,-0.009764057159423828,-0.09902497863769531,0,0,2,0,-0.10964776055742423,-0.004794859898595198,0.20599999999999996,0.016790067404185455,-0.05398625042441965,0.03266097651638825,0.2802713999999993,0.014615118644007875,0,0,0,0,0,0,0,0
0.10886786177035439,-0.0007791289152292002,1.804,-0.01586504290062847,-0.010293084144592285,-0.0837944564819336,0,0,2,0,-0.10886786177035439,0.0007791289152292002,0.19599999999999995,0.01586504290062847,-0.05358569871450586,0.029980629314281658,0.289699246153846,0.011595699038057773,0,0,0,0,0,0,0,0
0.1084454688091765,-0.007052086468025647,1.818,-0.015236724369910498,-0.004842348575592041,-0.09418303680419922,0,0,2,0,-0.1084454688091765,0.007052086468025647,0.18199999999999994,0.015236724369910498,-0.05550621162321239,0.03492753801523913,0.26258670724637667,0.012504904671136706,0,0,0,0,0,0,0,0
0.10888509142961537,-0.012867114432290286,1.829,-0.015062191444711076,0.007922552108764648,-0.08711482238769531,0,0,2,0,-0.10888509142961537,0.012867114432290286,0.17100000000000004,0.015062191444711076,-0.06045744070205645,0.03938846558074534,0.2627295459016399,0.014203832796189328,0,0,0,0,0,0,0,0
0.10973287205013252,-0.01816463906059885,1.84,-0.015254177662430451,0.01391210651397705,-0.07926232147216797,0,0,2,0,-0.10973287205013252,0.01816463906059885,0.15999999999999992,0.015254177662430451,-0.0629271361574218,0.03677723564258986,0.25976696666666593,0.016126842288427614,0,0,0,0,0,0,0,0
0.10961495334122505,-0.0219181486936331,1.848,-0.01589994948566835,-0.0009097576141357422,-0.05632307434082031,0,0,2,0,-0.10961495334122505,0.0219181486936331,0.1519999999999999,0.01589994948566835,-0.05780867330759848,0.03078650933712647,0.2696113769230768,0.018880434823689417,0,0,0,0,0,0,0,0
0.10795543378049685,-0.024207048423599567,1.859,-0.01596976265574812,-0.02434376907348633,-0.03472493362426758,0,0,2,0,-0.10795543378049685,0.024207048423599567,0.14100000000000001,0.01596976265574812,-0.048748156895541614,0.0240603327670662,0.24557403076923132,0.01629197728688553,0,0,0,0,0,0,0,0
0.10529465951759363,-0.02438818327514392,1.873,-0.015515977050229585,-0.039863136291503905,-0.0033540282249450684,0,0,2,0,-0.10529465951759363,0.02438818327514392,0.127,0.015515977050229585,-0.042312972251439956,0.012802715300655132,0.2202005757575757,0.013453315206963511,0,0,0,0,0,0,0,0
0.1016472512568879,-0.023343261073510868,1.884,-0.014887658519511654,-0.054947723388671876,0.014823083877563476,0,0,2,0,-0.1016472512568879,0.023343261073510868,0.1160000000000001,0.014887658519511654,-0.034717724981855866,0.005620211990070314,0.22622915000000063,0.011942415406771354,0,0,0,0,0,0,0,0
0.09700063013001478,-0.02109197190518179,1.895,-0.015114551322270908,-0.07019432067871094,0.03272797393798828,0,0,2,0,-0.09700063013001478,0.02109197190518179,0.10499999999999998,0.015114551322270908,-0.027764026117530708,-0.001715748282989038,0.21994506666666602,0.016145882243903883,0,0,0,0,0,0,0,0
0.09337439631388741,-0.01749658107994896,1.908,-0.014800392056911929,-0.055202404022216794,0.05310260009765625,0,0,2,0,-0.09337439631388741,0.01749658107994896,0.09200000000000008,0.014800392056911929,-0.031126900815048004,-0.010923212988624207,0.1984764000000006,0.013350426216793564,1427288340180,0,0,0,0,0,0,0
0.09076090884664534,-0.014692326776026011,1.923,-0.01448623279155295,-0.039820556640625,0.041479019165039065,0,0,2,0,-0.09076090884664534,0.014692326776026011,0.07699999999999996,0.01448623279155295,-0.03533240124309808,-0.008055824244204986,0.17620766923076853,0.013036266951434585,1427288340180,0,0,0,0,0,0,0
0.08843006121550402,-0.011964863545138095,1.933,-0.014678219009272325,-0.03555168533325195,0.04040119552612305,0,0,2,0,-0.08843006121550402,0.011964863545138095,0.06699999999999995,0.014678219009272325,-0.03593741047185203,-0.008775648346231284,0.19638879696969688,0.015550883635269486,1427288340180,0,0,0,0,0,0,0
0.08684409269223758,-0.008981995929743178,1.941,-0.015219271077390557,-0.024443689346313476,0.044389019012451174,0,0,2,0,-0.08684409269223758,0.008981995929743178,0.05899999999999994,0.015219271077390557,-0.03888729668761732,-0.012110070784425107,0.19964669999999993,0.01775545264669477,1427288340180,0,0,0,0,0,0,0
0.08653086929357656,-0.0061350946211304516,1.951,-0.015533430342749536,-0.005347698211669922,0.042627071380615236,0,0,2,0,-0.08653086929357656,0.0061350946211304516,0.04899999999999993,0.015533430342749536,-0.0457736078836893,-0.012546444940374537,0.18186904615384608,0.016983396182867903,1427288340180,0,0,0,0,0,0,0
0.0868267291868455,-0.0038238422717586213,1.958,-0.014625859131712505,0.00389885950088501,0.03473353576660156,0,0,2,-0.015533430342749536,-0.0868267291868455,0.0038238422717586213,0.04200000000000004,-0.000907571211037031,-0.04341336459342275,0.0019119211358793106,0.03360000000000003,-0.000907571211037031,1427288340180,0,0,0,0,0,0,0
0.0860633351432177,-0.0014937783612157373,1.967,-0.012479104151759469,-0.011960855484008789,0.03477974700927734,0,0,2,-0.015533430342749536,-0.0860633351432177,0.0014937783612157373,0.03299999999999992,-0.003054326190990067,-0.03897702542760996,-0.011798637843303638,-0.021847038461539167,-0.012962426098465618,1427288340571,0,0,0,0,0,0,0
0.08674884492232254,0.0005412365115219262,1.976,-0.01104793416512413,0.009900928497314453,0.030651161193847656,0,0,2,-0.015533430342749536,-0.08674884492232254,-0.0005412365115219262,0.02400000000000002,-0.004485496177625406,-0.04712289699826966,-0.01106175005316896,-0.028154372727272156,-0.010990814298695127,1427288340637,0,0,0,0,0,0,0
0.08781031883398274,0.002261590836837705,1.98,-0.011641346110802182,0.01563604736328125,0.025979642868041993,0,0,2,-0.015533430342749536,-0.08781031883398274,-0.002261590836837705,0.020000000000000018,-0.003892084231947354,-0.04987948888092866,-0.010539816813287906,-0.005374100000000007,-0.0011104657365814865,1427288340701,0,0,0,0,0,0,0
0.08930272486880175,0.00371997980992084,1.985,-0.012217304763960308,0.02212991523742676,0.022134950637817383,0,0,2,-0.015533430342749536,-0.08930272486880175,-0.00371997980992084,0.014999999999999902,-0.003316125578789228,-0.05291483571029046,-0.009716105271352138,-0.014324676923077624,-0.0006578548719055688,1427288340766,0,0,0,0,0,0,0
0.09063071658608887,0.005025449052931149,1.986,-0.013194689145077125,0.019679155349731445,0.019823938369750976,0,0,2,-0.015533430342749536,-0.09063071658608887,-0.005025449052931149,0.014000000000000012,-0.0023387411976724115,-0.05234152413849612,-0.009141389187046472,0.0068225362318846275,0.001910756111531138,1427288340835,0,0,0,0,0,0,0
0.09152874409661638,0.0061319808776263895,1.987,-0.014329153158873453,0.013250241279602051,0.01677426528930664,0,0,2,-0.015533430342749536,-0.09152874409661638,-0.0061319808776263895,0.0129999999999999,-0.0012042771838760829,-0.05126279742104422,-0.009425403264683586,0.005436595081966491,0.004375054031515697,1427288340896,0,0,0,0,0,0,0
0.09251916699369464,0.007327705667960497,1.99,-0.016109388995907678,0.014597821235656738,0.018146902084350585,0,0,2,-0.015533430342749536,-0.09251916699369464,-0.007327705667960497,0.010000000000000009,0.0005759586531581418,-0.05184123080267317,-0.00992554566173058,-0.006830341791044204,0.008547163893609893,1427288340963,0,0,0,0,0,0,0
0.09340246721626426,0.008025910094655744,1.989,-0.017662732030182635,0.013079076766967774,0.010685139656066895,0,0,2,-0.015533430342749536,-0.09340246721626426,-0.008025910094655744,0.010999999999999899,0.0021293016874330984,-0.05199935563026755,-0.00785176638443233,0.015180449999999315,0.009410597160596957,1427288341027,0,0,0,0,0,0,0
0.09422179153673475,0.007698336131685203,1.991,-0.01900663555421825,0.012374731063842773,-0.004695781707763672,0,0,2,-0.015533430342749536,-0.09422179153673475,-0.007698336131685203,0.008999999999999897,0.0034732052114687124,-0.05211945152248172,-0.0020831807695865594,-0.002768200000000094,0.009772752980385652,1427288341091,0,0,0,0,0,0,0
0.09417760547917803,0.005973514181725772,1.991,-0.02019345944557442,-0.00017095482349395753,-0.025880252838134766,0,0,2,-0.015533430342749536,-0.09417760547917803,-0.005973514181725772,0.008999999999999897,0.004660029102824885,-0.04743996913438636,0.006271430118653747,0.008227799999999915,0.010137677832161067,1427288341156,0,0,0,0,0,0,0
0.0933853999493129,0.003141936852647825,1.988,-0.020472712125893494,-0.011023028373718262,-0.0427049446105957,0,0,2,-0.015533430342749536,-0.0933853999493129,-0.003141936852647825,0.01200000000000001,0.004939281783143958,-0.04307676972083714,0.01364462856564589,0.02685964615384677,0.0062281403076935235,1427288341221,0,0,0,0,0,0,0
0.09181827659453994,-0.0003889239906074461,1.986,-0.01965240737745616,-0.022417705535888673,-0.053433029174804685,0,0,2,-0.015533430342749536,-0.09181827659453994,0.0003889239906074461,0.014000000000000012,0.004118977034706624,-0.03843398308653073,0.018608160167306948,0.022847361194029865,0.00044597069842005526,1427288341288,0,0,0,0,0,0,0
0.08951075260312316,-0.0030058860143046227,1.984,-0.01864011641129945,-0.03383478164672851,-0.039927032470703124,0,0,2,-0.015533430342749536,-0.08951075260312316,0.0030058860143046227,0.016000000000000014,0.003106686068549915,-0.03290470143055529,0.015785280563457658,0.02503950000000002,-0.0016384278353096596,1427288341352,0,0,0,0,0,0,0
0.08691300393009399,-0.006567394071341006,1.981,-0.017104226669544434,-0.03796371459960937,-0.054139633178710934,0,0,2,-0.015533430342749536,-0.08691300393009399,0.006567394071341006,0.018999999999999906,0.0015707963267948977,-0.03029371490449867,0.02243614340737804,0.03277934615384549,-0.005517925558228257,1427288341417,0,0,0,0,0,0,0
0.08400268387362718,-0.009407065076206785,1.979,-0.01556833692778943,-0.04291989517211914,-0.04333547973632813,0,0,2,-0.015533430342749536,-0.08400268387362718,0.009407065076206785,0.020999999999999908,0.00003490658503989448,-0.02744835866681857,0.01974369788585121,0.028970160606060537,-0.006946410422937393,1427288341483,0,0,0,0,0,0,0
0.0808239846197154,-0.011293365651442889,1.976,-0.013665928043115614,-0.047234230041503907,-0.029033355712890625,0,0,2,-0.015533430342749536,-0.0808239846197154,0.011293365651442889,0.02400000000000002,-0.001867502299633922,-0.023960740296149648,0.015950920808868892,0.03732395000000063,-0.010785043946542436,1427288341547,0,0,0,0,0,0,0
0.07821654785750848,-0.011839940237042733,1.97,-0.012758356832078556,-0.0389958610534668,-0.008732332229614257,0,0,2,-0.015533430342749536,-0.07821654785750848,0.011839940237042733,0.030000000000000027,-0.0027750735106709806,-0.026472000236904547,0.008771674963341688,0.057261983582089594,-0.006838825201881691,1427288341614,0,0,0,0,0,0,0
0.07639930209410892,-0.01220085880902937,1.968,-0.012287117934040094,-0.02718739891052246,-0.0057611045837402345,0,0,2,-0.015533430342749536,-0.07639930209410892,0.01220085880902937,0.03200000000000003,-0.0032463124087094425,-0.02929514844998983,0.008078475866988209,0.03866100000000003,-0.0054552447432647325,1427288341678,0,0,0,0,0,0,0
0.07439889669798143,-0.012420823725458045,1.967,-0.012304571226560047,-0.02996327590942383,-0.0036679036617279052,0,0,2,-0.015533430342749536,-0.07439889669798143,0.012420823725458045,0.03299999999999992,-0.003228859116189489,-0.02767390135832869,0.007389363245734222,0.034044330303029655,-0.0031495259683715195,1427288341744,0,0,0,0,0,0,0
0.07338017776026669,-0.01243242652787571,1.967,-0.012985249634837824,-0.015277485847473144,-0.00036204761266708373,0,0,2,-0.015533430342749536,-0.07338017776026669,0.01243242652787571,0.03299999999999992,-0.0025481807079117125,-0.03224859644661981,0.006300093608217705,0.028952499999999933,0.0006424993308903658,1427288341808,0,0,0,0,0,0,0
0.07459572194800507,-0.01317314793654568,1.97,-0.013910274138394822,0.018375898361206056,-0.01087312889099121,0,0,2,-0.015533430342749536,-0.07459572194800507,0.01317314793654568,0.030000000000000027,-0.0016231562043547143,-0.04502121288435858,0.010604063925828135,0.01059365384615445,0.0026461876582160463,1427288341873,0,0,0,0,0,0,0
0.07745769335694744,-0.015418486272218833,1.971,-0.013927727430914761,0.04339390182495117,-0.03307967376708985,0,0,2,-0.015533430342749536,-0.07745769335694744,0.015418486272218833,0.028999999999999915,-0.0016057029118347749,-0.055135203840497186,0.019655506636396442,0.02083586969696903,-0.0015263697640168683,1427288341939,0,0,0,0,0,0,0
0.08130327801419684,-0.01834469010684541,1.981,-0.013613568165555784,0.05828948593139648,-0.04308542251586914,0,0,2,-0.015533430342749536,-0.08130327801419684,0.01834469010684541,0.018999999999999906,-0.0019198621771937523,-0.06264071650006944,0.024979917554099625,-0.03558375384615396,-0.0033698280173121097,1427288342004,0,0,0,0,0,0,0
0.08485778192713127,-0.02179532019300151,1.974,-0.012740903539558604,0.05401722717285156,-0.05102883529663086,0,0,2,-0.015533430342749536,-0.08485778192713127,0.02179532019300151,0.026000000000000023,-0.002792526803190932,-0.0632039764025641,0.029833332699316553,0.06231005000000066,-0.006883142237552713,1427288342068,0,0,0,0,0,0,0
0.08828396683138774,-0.024469707617599597,1.965,-0.01219985147144037,0.05189970016479492,-0.039457782745361325,0,0,2,-0.015533430342749536,-0.08828396683138774,0.024469707617599597,0.03499999999999992,-0.0033335788713091657,-0.06370580536999798,0.026498400689663866,0.0791870727272721,-0.005792906453664772,1427288342134,0,0,0,0,0,0,0
0.09107694893830229,-0.026429320499333674,1.964,-0.012496557444279396,0.042250209808349606,-0.028880908966064454,0,0,2,-0.015533430342749536,-0.09107694893830229,0.026429320499333674,0.03600000000000003,-0.00303687289847014,-0.06180451358748673,0.023705179421417998,0.037800430303030916,-0.0016882093855654769,1427288342200,0,0,0,0,0,0,0
0.09292230325511472,-0.02840955489986532,1.969,-0.013020156219877704,0.02804933547973633,-0.029355297088623045,0,0,2,-0.015533430342749536,-0.09292230325511472,0.02840955489986532,0.030999999999999917,-0.002513274122871832,-0.05791284473859414,0.024984676956571715,0.001775823076922381,-0.00009666438934118017,1427288342265,0,0,0,0,0,0,0
0.09424463361591971,-0.030481765602448915,1.972,-0.012950343049797933,0.02023797035217285,-0.03082227897644043,0,0,2,-0.015533430342749536,-0.09424463361591971,0.030481765602448915,0.028000000000000025,-0.0025830872929516035,-0.05592929740078851,0.026709892299355772,0.010071850000000607,-0.002910336527700533,1427288342329,0,0,0,0,0,0,0
0.09532964333113401,-0.032385983917013854,1.972,-0.01310742268247743,0.016643674850463867,-0.02835011672973633,0,0,2,-0.015533430342749536,-0.09532964333113401,0.032385983917013854,0.028000000000000025,-0.002426007660272107,-0.05514463237090868,0.026604133298703023,0.026660100000000013,-0.001701024740212892,1427288342394,0,0,0,0,0,0,0
0.09638419135729884,-0.03451034836788182,1.97,-0.0124092909816797,0.01623452377319336,-0.03165539932250976,2.5,0,2,0,2.403615808642701,0.03451034836788182,0.030000000000000027,0.0124092909816797,1.2018079043213505,0.01725517418394091,0.02400000000000002,0.0124092909816797,0,0,0,0,0,0,0,0
0.09599994152216335,-0.03619194372457478,1.972,-0.009861110273767973,-0.005450300693511963,-0.02529351043701172,2.5,0,2,0,2.4040000584778367,0.03619194372457478,0.028000000000000025,0.009861110273767973,1.2056243577971724,0.02703740967912343,0.011978739393939406,-0.0017215293076489648,0,0,0,0,0,0,0,0
0.09409009982382738,-0.034845542203343814,1.971,-0.006928957130417482,-0.02884538459777832,0.019912548065185547,2.5,0,2,0,2.4059099001761726,0.034845542203343814,0.028999999999999915,0.006928957130417482,1.2163891945528353,0.010219453041872488,0.028957915384614723,-0.006604057377354014,0,0,0,0,0,0,0,0
0.09462047223312144,-0.03123476503749639,1.97,-0.0038222710618675826,0.0075801143646240235,0.05421548080444336,2.5,0,2,0,2.4053795277668786,0.03123476503749639,0.030000000000000027,0.0038222710618675826,1.2045478906155378,-0.003758424876327021,0.02995291538461601,-0.010516280023747335,0,0,0,0,0,0,0,0
0.09966099973676396,-0.025095216669699643,1.97,-0.0027401669256311156,0.07525535583496094,0.09238154602050781,2.5,0,2,0,2.400339000263236,0.025095216669699643,0.030000000000000027,0.0027401669256311156,1.178854310472999,-0.02094514698030526,0.02476030000000002,-0.002332196212977323,0,0,0,0,0,0,0,0
0.10823170444707253,-0.018006455441961285,1.969,-0.0029496064358704305,0.12826872253417967,0.10668329620361328,2.5,0,2,0,2.3917682955529274,0.018006455441961285,0.030999999999999917,0.0029496064358704305,1.1582622031813647,-0.02849390379883709,0.03106793030302965,0.0039016042096854976,0,0,0,0,0,0,0,0
0.12344499462777084,-0.011936355188924663,1.97,-0.0018675022996339358,0.22792979431152344,0.09172420501708985,2.5,0,2,0,2.376555005372229,0.011936355188924663,0.030000000000000027,0.0018675022996339358,1.115733309283992,-0.02661443490149852,0.01977528461538523,-0.00312682448299604,0,0,0,0,0,0,0,0
0.14495871850551748,-0.007032715051483057,1.969,-0.0006108652381980328,0.3225679321289063,0.0741571273803711,2.5,0,2,0,2.3550412814944823,0.007032715051483057,0.030999999999999917,0.0006108652381980328,1.0777631894622093,-0.02161564175215739,0.031317758823528774,-0.004933121797548597,0,0,0,0,0,0,0,0
0.17270118760666275,-0.0038025386567352593,1.974,-0.0007504915783575762,0.41610736083984373,0.04870684051513672,2.5,0,2,0,2.3272988123933374,0.0038025386567352593,0.026000000000000023,0.0007504915783575762,1.024397200566614,-0.0156539992467362,-0.005006649999999398,0.0014049900478554356,0,0,0,0,0,0,0,0
0.2083366065701284,-0.0034712772780226882,1.976,-0.0012566370614359307,0.5345274047851563,0.005370080471038818,2.5,0,2,0,2.2916633934298716,0.0034712772780226882,0.02400000000000002,0.0012566370614359307,0.9648815860971092,0.00003603317530809355,0.00995320000000001,0.0036291940133657175,0,0,0,0,0,0,0,0
0.2529065691419174,-0.004156593436597786,1.978,-0.0010297442586766625,0.6685618286132813,-0.009439610481262206,2.5,0,2,0,2.2470934308580826,0.004156593436597786,0.02200000000000002,0.0010297442586766625,0.906155192177893,0.005773071620633792,0.008990338805970156,0.000013806335873969367,0,0,0,0,0,0,0,0
0.30502286516629984,-0.0069537641743675285,1.98,0.000017453292519925556,0.7817872314453125,-0.04115254211425781,2.5,0,2,0,2.1949771348337004,0.0069537641743675285,0.020000000000000018,-0.000017453292519925556,0.8337257326297359,0.01865785574062167,0.007198869230769237,-0.004850672759581101,0,0,0,0,0,0,0,0
0.36458933575605296,-0.011572189163989851,1.983,0.0006632251157578373,0.893495849609375,-0.0692919692993164,2.5,0,2,0,2.135410664243947,0.011572189163989851,0.016999999999999904,-0.0006632251157578373,0.770095279153294,0.030404664964529725,-0.00022879090909158628,-0.003598551585021072,0,0,0,0,0,0,0,0
0.43037554895254315,-0.016733105335273755,1.979,0.0010995574287564203,0.9867416381835937,-0.07806819152832031,2.5,0,2,0,2.069624451047457,0.016733105335273755,0.020999999999999908,-0.0010995574287564203,0.6829943541229866,0.03763805409597167,0.04159114516129026,-0.003210842814233435,0,0,0,0,0,0,0,0
0.5036533520163636,-0.02191391075789923,1.972,0.0016406094968746537,1.0990809326171875,-0.0789206314086914,2.5,0,2,0,1.9963466479836365,0.02191391075789923,0.028000000000000025,-0.0016406094968746537,0.6362722954019893,0.03817284385892343,0.06136526417910511,-0.004063230697404057,0,0,0,0,0,0,0,0
0.5809934680912892,-0.026818093276959686,1.968,0.001343903524035614,1.1599794921875,-0.07546591186523438,2.5,0,2,0,1.9190065319087108,0.026818093276959686,0.03200000000000003,-0.001343903524035614,0.5519383935692365,0.04082338003227995,0.05042192222222226,0.00006898206091219454,0,0,0,0,0,0,0,0
0.6655256222057339,-0.03054657735854488,1.964,-0.0004188790204786575,1.267906005859375,-0.057631256103515625,2.5,0,2,0,1.8344743777942663,0.03054657735854488,0.03600000000000003,0.0004188790204786575,0.48535889884562805,0.03553847165612805,0.05317216153846158,0.00855479845669837,0,0,0,0,0,0,0,0
0.7550461350779457,-0.0321269229491502,1.963,-0.0034382986264288457,1.3428175048828126,-0.02314270782470703,2.5,0,2,0,1.7449538649220542,0.0321269229491502,0.03699999999999992,0.0034382986264288457,0.4292964288103633,0.02452925341015066,0.037905480597014284,0.016958087906802824,0,0,0,0,0,0,0,0
0.8478163190434385,-0.03291787878234963,1.963,-0.007243116395776489,1.3915853271484375,-0.007079702854156494,2.5,0,2,0,1.6521836809565615,0.03291787878234963,0.03699999999999992,0.007243116395776489,0.3596831514983185,0.020885383211220666,0.032925799999999936,0.024537742620083954,0,0,0,0,0,0,0,0
0.9465431465341035,-0.033360184524813936,1.966,-0.009442231253289331,1.48091162109375,0.004091842651367188,2.5,0,2,0,1.5534568534658963,0.033360184524813936,0.03400000000000003,0.009442231253289331,0.279756758157934,0.01927965180791659,0.014841109090909695,0.019438207878347703,0,0,0,0,0,0,0,0
1.0504710576578595,-0.029649384234494612,1.967,-0.011309733552923267,1.5583236083984375,0.07037897491455078,2.5,0,2,0,1.4495289423421405,0.029649384234494612,0.03299999999999992,0.011309733552923267,0.19267452518570494,-0.004883269325471867,0.02478008461538395,0.019928974935849122,0,0,0,0,0,0,0,0
1.1596665452512613,-0.025130903593423497,1.971,-0.012932889757277981,1.63706103515625,0.08629705810546875,2.5,0,2,0,1.3403334547487387,0.025130903593423497,0.028999999999999915,0.012932889757277981,0.0820934776186929,-0.01265324815933745,0.0045638548387095905,0.020786871391252404,0,0,0,0,0,0,0,0
1.276405874411356,-0.02353311772590779,1.97,-0.015585790220309372,1.750633544921875,0.04661080551147461,2.5,0,2,0,1.223594125588644,0.02353311772590779,0.030000000000000027,0.015585790220309372,0.04883821514673237,0.003966937842001075,0.03322396376811653,0.027120140059576286,0,0,0,0,0,0,0,0
1.409124992283814,-0.022387260369806056,1.975,-0.018814649336498873,1.990277099609375,0.04821250152587891,2.5,0,2,0,1.090875007716186,0.022387260369806056,0.02499999999999991,0.018814649336498873,-0.12845885267475865,0.005436979395617709,-0.002198651515152198,0.03349128168281479,0,0,0,0,0,0,0,0
1.5481900633316856,-0.02122390050455163,1.981,-0.019268434942017413,2.085278564453125,0.05669190216064453,2.5,0,2,0,0.9518099366683144,0.02122390050455163,0.018999999999999906,0.019268434942017413,-0.2915116223461829,0.004269746704343677,-0.01479382950819683,0.021500167428174167,0,0,0,0,0,0,0,0
1.6886701880429753,-0.0204275809800748,1.977,-0.019547687622336513,2.10658056640625,0.052542545318603515,2.5,0,2,0,0.8113298119570247,0.0204275809800748,0.02299999999999991,0.019547687622336513,-0.2863451037775009,0.0064617898826767805,0.04357703529411759,0.020779684741391368,0,0,0,0,0,0,0,0
1.8260875305948934,-0.02039468444193066,1.976,-0.021519909677090086,2.060856689453125,0.04078365707397461,2.5,0,2,0,0.6739124694051066,0.02039468444193066,0.02400000000000002,0.021519909677090086,-0.42004338520450374,0.010367735177225607,0.029672904918033444,0.031219362405386343,0,0,0,0,0,0,0,0
1.965429668831293,-0.022207976683546626,1.978,-0.023160519173964767,2.0902333984375,0.017782896041870118,2.5,0,2,0,0.5345703311687069,0.022207976683546626,0.02200000000000002,0.023160519173964767,-0.43983705727766087,0.02109373289687985,0.011874339393939398,0.030617835068849682,0,0,0,0,0,0,0,0
2.1086803919882637,-0.02588159140877441,1.982,-0.02446951611296053,2.149460693359375,-0.005327474594116211,2.5,0,2,0,0.39131960801173626,0.02588159140877441,0.018000000000000016,0.02446951611296053,-0.5319314921906132,0.03281296861382558,-0.0018129212121212185,0.030419502199304907,0,0,0,0,0,0,0,0
2.2447378733311982,-0.0333153423551245,1.993,-0.024801128670839435,2.0429794921875,-0.06153895568847656,2.5,0,2,0,0.25526212666880177,0.0333153423551245,0.006999999999999895,0.024801128670839435,-0.5841982903627656,0.05772320118441868,-0.04951225000000074,0.0263555625358968,0,0,0,0,0,0,0,0
2.364904147648108,-0.03432026230264521,2.006,-0.026145032194875063,1.8023135986328125,0.02963014221191406,2.5,0,2,0,0.13509585235189192,0.03432026230264521,-0.005999999999999783,0.026145032194875063,-0.547178433521764,0.023005751250550634,-0.0697949999999981,0.032347663844270264,0,0,0,0,0,0,0,0
2.4613720562743664,-0.03661847345718281,2.018,-0.026145032194875063,1.44742529296875,0.003366652965545654,2.5,0,2,0,0.03862794372563361,0.03661847345718281,-0.017999999999999794,0.026145032194875063,-0.4599099667082951,0.030955401005849398,-0.07315016363636352,0.026145032194875063,1427288344479,0,0,0,0,0,0,0
2.5443483277832066,-0.040545648381974476,2.032,-0.0258832328070759,1.2457586669921874,-0.026349939346313477,2.5,0,2,0,-0.04434832778320663,0.040545648381974476,-0.03200000000000003,0.0258832328070759,-0.4366499942852925,0.04190418626252733,-0.09630641538461666,0.024674927940310544,1427288344479,0,0,0,0,0,0,0
2.610358306656966,-0.04279872947226194,2.043,-0.027017696820872256,0.9906926879882813,-0.008159482955932617,2.5,0,2,0,-0.11035830665696622,0.04279872947226194,-0.04300000000000015,0.027017696820872256,-0.36776186351110596,0.033682902029362416,-0.08747258656716493,0.032097386434885786,0,0,0,0,0,0,0,0
2.6663073724919717,-0.0424450255141349,2.05,-0.027890361446869395,0.838786376953125,0.027975088119506837,2.5,0,2,0,-0.1663073724919717,0.0424450255141349,-0.04999999999999982,0.027890361446869395,-0.36184106575308894,0.019797941835724232,-0.07481378888888693,0.032045907284951006,0,0,0,0,0,0,0,0
2.70877343851923,-0.04044113839100357,2.052,-0.027925268031909273,0.635905029296875,0.047810222625732424,2.5,0,2,0,-0.20877343851923014,0.04044113839100357,-0.052000000000000046,0.027925268031909273,-0.30104509042841604,0.00999714557146178,-0.048632130769232014,0.028086375347477946,0,0,0,0,0,0,0,0
2.7379369125292317,-0.03471841065758002,2.05,-0.02888519912050615,0.43488473510742187,0.0980218276977539,2.5,0,2,0,-0.23793691252923166,0.03471841065758002,-0.04999999999999982,0.02888519912050615,-0.24415214479517738,-0.012866177691434527,-0.025818669230767886,0.03331565029864558,0,0,0,0,0,0,0,0
2.754980434520444,-0.02532256688953273,2.053,-0.03005456971934236,0.2514757385253906,0.14826242065429687,2.5,0,2,0,-0.25498043452044383,0.02532256688953273,-0.052999999999999936,0.03005456971934236,-0.18757836297204833,-0.03732595701649245,-0.055486246153846716,0.035451664790894094,0,0,0,0,0,0,0,0
2.7622333711216727,-0.01457956998160152,2.054,-0.031101767270538976,0.10390250396728516,0.16434144592285158,2.5,0,2,0,-0.26223337112167266,0.01457956998160152,-0.053999999999999826,0.031101767270538976,-0.13749619169194127,-0.04821481535483353,-0.04571808059701421,0.0357907115296283,0,0,0,0,0,0,0,0
2.760726835445324,-0.0007209625373879661,2.047,-0.0326027504272541,-0.029051471710205078,0.2070758514404297,2.5,0,2,0,-0.26072683544532405,0.0007209625373879661,-0.04700000000000015,0.0326027504272541,-0.09091180633392902,-0.07364678820361541,0.002492607692305804,0.03953036499670852,0,0,0,0,0,0,0,0
2.751537839965593,0.015382432988199142,2.038,-0.032951816277652944,-0.14563551330566407,0.2369295654296875,2.5,0,2,0,-0.251537839965593,-0.015382432988199142,-0.03799999999999981,0.032951816277652944,-0.044338088962200914,-0.0951505041506183,0.020975850000002016,0.034588062451397526,0,0,0,0,0,0,0,0
2.738403756025743,0.0323104486343438,2.022,-0.032271137869375154,-0.20526992797851562,0.24729168701171875,2.5,0,2,0,-0.23840375602574282,-0.0323104486343438,-0.021999999999999797,0.032271137869375154,-0.017456338018124823,-0.10672092296398893,0.07056794615384639,0.02912954521578535,0,0,0,0,0,0,0,0
2.721467826435415,0.04864152567901136,2.01,-0.030892327760299647,-0.2618106384277344,0.23664190673828125,2.5,0,2,0,-0.22146782643541485,-0.04864152567901136,-0.009999999999999787,0.030892327760299647,0.01133914926935202,-0.1117037937008297,0.05856448461538483,0.02452858879533577,0,0,0,0,0,0,0,0
2.699110423560993,0.06217008080830263,2.002,-0.029722957161463445,-0.34146896362304685,0.1924730682373047,2.5,0,2,0,-0.19911042356099307,-0.06217008080830263,-0.0019999999999997797,0.029722957161463445,0.05158097738406113,-0.10341797919674378,0.04341302307692329,0.02432586208991174,0,0,0,0,0,0,0,0
2.67511239293999,0.0730832718283378,1.995,-0.02829178717482811,-0.36467633056640625,0.15292774963378905,2.5,0,2,0,-0.1751123929399898,-0.0730832718283378,0.004999999999999893,0.02829178717482811,0.0723003190438212,-0.09483934901437852,0.04366090769230585,0.021686387236511177,0,0,0,0,0,0,0,0
2.6531089075389476,0.08228751410210103,1.988,-0.026912977065752575,-0.33382574462890624,0.12867185974121093,2.5,0,2,0,-0.15310890753894757,-0.08228751410210103,0.01200000000000001,0.026912977065752575,0.06892289434717178,-0.0888151291481169,0.0482161641791051,0.020739200457951676,0,0,0,0,0,0,0,0
2.6342500628465046,0.08873489989108822,1.983,-0.024818581963359385,-0.2853826904296875,0.08906346893310547,2.5,0,2,0,-0.13425006284650465,-0.08873489989108822,0.016999999999999904,0.024818581963359385,0.06809551810305486,-0.07983167234422339,0.04353387777777711,0.014845271951963241,0,0,0,0,0,0,0,0
2.6119634039358224,0.09555108695161123,1.982,-0.024085543677521776,-0.33673419189453124,0.09391532135009766,2.5,0,2,0,-0.11196340393582238,-0.09555108695161123,0.018000000000000016,0.024085543677521776,0.08582240832659156,-0.0815687769991483,0.021682100000000575,0.020943951023932025,0,0,0,0,0,0,0,0
2.5924581754394325,0.09987787054474385,1.988,-0.02495820830351894,-0.2940566101074219,0.057836700439453125,2.5,0,2,0,-0.09245817543943247,-0.09987787054474385,0.01200000000000001,0.02495820830351894,0.09600057400544683,-0.07453796649571254,-0.02247092950819674,0.029250001546127953,1427288345586,0,0,0,0,0,0,0
2.574474096350698,0.10163167013241692,1.996,-0.02570869988187649,-0.27033367919921875,0.01956674385070801,2.5,0,2,0,-0.07447409635069802,-0.10163167013241692,0.0040000000000000036,0.02570869988187649,0.08986630885543576,-0.06009865561487099,-0.037495623076923106,0.029172507166603637,0,0,0,0,0,0,0,0
2.560855294553196,0.10127848681224488,1.994,-0.026145032194875073,-0.20407833862304686,-0.010547245979309082,2.5,0,2,0,-0.06085529455319616,-0.10127848681224488,0.006000000000000005,0.026145032194875073,0.07201911494355813,-0.0486724296653674,0.01782696060606062,0.028128360890323178,0,0,0,0,0,0,0,0
2.5478553217272975,0.10020929811059608,1.999,-0.026197392072434905,-0.19451368713378905,-0.02113003921508789,1.9901720580485138,0.7052316864179913,2,0,-0.5576832636787836,0.6050223883073952,0.0009999999999998899,0.026197392072434905,-2.883677634862373,4.048539324637611,-0.023287651515152212,0.02643539151588869,0,1,0,0,0,0,0,0
2.538017851635028,0.0962597932598479,1.995,-0.025865779514555987,-0.1459595947265625,-0.06308754348754883,1.9901720580485138,0.7052316864179913,2,0,-0.547845793586514,0.6089718931581434,0.004999999999999893,0.025865779514555987,-0.1906170808910404,0.3269677299108628,0.028334499999999936,0.024311345649498557,0,1,0,0,0,0,0,0
2.5331345138181924,0.08885731127962485,1.995,-0.025534166956677068,-0.07035382080078124,-0.11289454650878906,1.9901720580485138,0.7052316864179913,2,0,-0.5429624557696786,0.6163743751383665,0.004999999999999893,0.025534166956677068,-0.21603210620916682,0.3493302779473325,0.006491999999999916,0.024003647458774365,0,1,0,0,0,0,0,0
2.52682283006517,0.08040606802565291,1.994,-0.023527038316883575,-0.0914078140258789,-0.12914451599121093,1.9901720580485138,0.7052316864179913,2,0,-0.5366507720166562,0.6248256183923384,0.006000000000000005,0.023527038316883575,-0.205533993831921,0.3596092123156905,0.012715615384615995,0.01426336767168284,0,0,0,0,0,0,0,0
2.518331025147594,0.07456604647063245,1.992,-0.02089159114637215,-0.12528103637695312,-0.0905726089477539,1.9901720580485138,0.7052316864179913,2,0,-0.5281589670990803,0.6306656399473588,0.008000000000000007,0.02089159114637215,-0.19126777237787973,0.347952649914921,0.019432361194029867,0.009091081427664285,0,0,0,0,0,0,0,0
2.505779688586654,0.07807619502247348,1.998,-0.018762289458939055,-0.18932887268066406,0.048707763671875,1.9901720580485138,0.7052316864179913,2,0,-0.5156076305381401,0.6271554913955177,0.0020000000000000018,0.018762289458939055,-0.15994746428643067,0.2965842830231538,-0.029136133333333356,0.008622757614019547,0,0,0,0,0,0,0,0
2.4911456441818713,0.08923945506214975,1.995,-0.017697638615222527,-0.22261357116699218,0.1633011474609375,1.9901720580485138,0.7052316864179913,2,0,-0.5009735861333575,0.6159922313558415,0.004999999999999893,0.017697638615222527,-0.14508595127721344,0.25171092689300595,0.022539290909090248,0.012858316598329221,0,0,0,0,0,0,0,0
2.4738442565544614,0.10730285399363483,2.002,-0.01862266311877951,-0.26427511596679687,0.26631588745117185,1.9901720580485138,0.7052316864179913,2,0,-0.48367219850594756,0.5979288324243565,-0.0019999999999997797,0.01862266311877951,-0.11973262501760695,0.20347679524446688,-0.03726384999999803,0.022958715479202876,0,0,0,0,0,0,0,0
2.4536099935724067,0.13283421958324187,2.001,-0.02094395102393197,-0.31059283447265623,0.3772521667480469,1.9901720580485138,0.7052316864179913,2,0,-0.4634379355238929,0.5723974668347493,-0.0009999999999998899,0.02094395102393197,-0.09723541639810344,0.15447950228490126,0.007113830303029809,0.03149525968371587,0,0,0,0,0,0,0,0
2.4329509749111415,0.1631968337066098,1.997,-0.0233350520991642,-0.3193553161621094,0.4488495788574219,1.9901720580485138,0.7052316864179913,2,0,-0.4427789168626277,0.5420348527113814,0.0029999999999998916,0.0233350520991642,-0.08151318702378915,0.10899315694121584,0.02690499999999872,0.034543338389315274,0,0,0,0,0,0,0,0
2.410722525905616,0.1995626613802347,1.999,-0.025516713664157142,-0.34606378173828123,0.53755908203125,1.9901720580485138,0.7052316864179913,2,0,-0.4205504678571024,0.5056690250377566,0.0009999999999998899,0.025516713664157142,-0.06577739546794144,0.06434044450008619,-0.007169460606060699,0.035433357141397795,0,0,0,0,0,0,0,0
2.3885416553050893,0.24078413239812163,2.009,-0.027139869868511857,-0.3483805847167969,0.6096319580078124,1.9901720580485138,0.7052316864179913,2,0,-0.3983695972565755,0.46444755401986965,-0.008999999999999897,0.027139869868511857,-0.05520219382534408,0.018286620581466656,-0.05765310303030181,0.03451785261557874,0,0,0,0,0,0,0,0
2.361538490330286,0.275314942304636,2.008,-0.027227136331111568,-0.4189540100097656,0.5067798156738281,1.9901720580485138,0.7052316864179913,2,0,-0.37136643228177224,0.4299167441133553,-0.008000000000000007,0.027227136331111568,-0.011890556340835384,0.03105470561153137,0.001594749999999394,0.027636197874547713,0,0,0,0,0,0,0,0
2.3366932985395588,0.3177416132300588,1.986,-0.02576105975943635,-0.38986495971679686,0.6260184936523437,1.9901720580485138,0.7052316864179913,2,0,-0.34652124049104494,0.3874900731879325,0.014000000000000012,0.02576105975943635,-0.01561541796932453,-0.026052441300837392,0.13048506666666676,0.019097075342730814,0,0,0,0,0,0,0,0
2.3125836427089874,0.3681427855510013,1.98,-0.024626595745640006,-0.38099850463867185,0.746451416015625,1.9901720580485138,0.7052316864179913,2,0,-0.3224115846604736,0.33708890086699,0.020000000000000018,0.024626595745640006,-0.0036720580956111637,-0.10167878012069623,0.051558900000000046,0.019308795680969642,0,0,0,0,0,0,0,0
2.2875107183829,0.4197716069960531,1.971,-0.022287854547967608,-0.3950495300292969,0.7649365234375,1.9901720580485138,0.7052316864179913,2,0,-0.29733866033438616,0.2854600794219382,0.028999999999999915,0.022287854547967608,0.009780957715002092,-0.12546258069349994,0.07386507272727211,0.011657212740365802,0,0,0,0,0,0,0,0
2.2588431095305777,0.47092401995037575,1.964,-0.020210912738094357,-0.447007080078125,0.7575123291015625,1.8199120348369358,0.9301542536782409,2,0,-0.4389310746936419,0.45923023372786514,0.03600000000000003,0.020210912738094357,-0.9451362854871068,1.1570231870931567,0.06909661212121276,0.010770268147761402,0,1,0,0,0,0,0,0
2.2292346436329566,0.5212713844484467,1.957,-0.0193033415270573,-0.4592987365722656,0.7460806274414062,1.846014518504333,0.8693811209351436,2,0,-0.3832201251286236,0.34810973648669696,0.04299999999999993,0.0193033415270573,0.1380120478753699,-0.4275128846302966,0.07613184999999938,0.015049101475321087,0,1,0,0,0,0,0,0
2.202149915277104,0.5689805604415029,1.953,-0.017243853009703988,-0.42000857543945314,0.7076624145507813,1.8746407397134985,0.7742210861895549,2,0,-0.32750917556360526,0.20524052574805196,0.04699999999999993,0.017243853009703988,0.1609674223793982,-0.6604196145014098,0.06289456153846151,0.007738521391150244,0,1,0,0,0,0,0,0
2.1728379548302126,0.6174153309569521,1.95,-0.016301375213627053,-0.4521414489746094,0.7188321533203125,1.8755715122661927,0.7629050678612941,2,0,-0.2972664425640199,0.14548973690434197,0.050000000000000044,0.016301375213627053,0.03875901495457751,-0.24263970731385767,0.06023494615384681,0.011951477693271973,0,1,0,0,0,0,0,0
2.148172170008186,0.6609165832676089,1.95,-0.015498523757709671,-0.3805740966796875,0.6464010620117188,1.8852876959400018,0.6677276496564319,2,0,-0.26288447406818416,0.006811066388823006,0.050000000000000044,0.015498523757709671,0.07806731542800706,-0.7369709013035896,0.04440610000000004,0.011793055499629446,0,1,0,0,0,0,0,0
2.1279623372811107,0.6985727598073517,1.949,-0.01521927107739057,-0.3118649597167969,0.56007666015625,1.9252456887431464,0.5744203830190837,2,0,-0.20271664853796434,-0.12415237678826796,0.050999999999999934,0.01521927107739057,0.2371912678744525,-0.7399418919397842,0.0507716805970143,0.013968885941633397,0,1,0,0,0,0,0,0
2.11156880447098,0.7319035553737377,1.956,-0.015515977050229595,-0.2534832763671875,0.4961617126464844,1.9831457721520396,0.493492842008856,2,0,-0.1284230323189406,-0.23841071336488173,0.04400000000000004,0.015515977050229595,0.3662395625891718,-0.7379365315069288,0.0019481500000006063,0.016906786297912528,0,1,0,0,0,0,0,0
2.0966487388205666,0.7549392363446004,1.961,-0.015481070465189716,-0.22913514709472657,0.3420212707519531,2.003268678439284,0.45790333106668446,2,0,-0.09338006038128244,-0.2970359052779159,0.038999999999999924,0.015481070465189716,0.16610006363912616,-0.45826603294947327,0.009559823076922398,0.015319963149621044,0,1,0,0,0,0,0,0
2.0820033087491474,0.7697279100566686,1.979,-0.013002702927357775,-0.22308915710449218,0.2184027557373047,2.0417186603946194,0.4065022719737142,2,0,-0.04028464835452805,-0.36322563808295444,0.020999999999999908,0.013002702927357775,0.28982703126466797,-0.5323291392813855,-0.07470367692307707,0.0015640835219795871,0,1,0,0,0,0,0,0
2.0718705547313467,0.7769494596571312,1.986,-0.013072516097437545,-0.1533869171142578,0.10633784484863282,2.088928951365714,0.3721188466681525,2,0,0.017058396634367146,-0.40483061298897877,0.014000000000000012,0.013072516097437545,0.3413815115130708,-0.42101530102276385,-0.020981907692307112,0.013394730728574944,0,1,0,0,0,0,0,0
2.068823857387445,0.7755707948531879,1.982,-0.016318828506147,-0.04542622375488281,-0.02127560806274414,2.116831850775308,0.36761971651848047,2,0,0.04800799338786277,-0.40795107833470745,0.018000000000000016,0.016318828506147,0.20979523096351316,-0.21512301133580644,0.04092652238805973,0.03085455570932366,0,1,0,0,0,0,0,0
2.0704008772316715,0.7645440677368889,1.982,-0.021188297119211184,0.02635117721557617,-0.1649928741455078,2.139830123057915,0.3565929894021814,2,0,0.06942924582624332,-0.40795107833470745,0.018000000000000016,0.021188297119211184,0.17787955763255514,-0.19907908214194778,0.020144400000000014,0.044376242895707296,0,1,0,0,0,0,0,0
2.074017284022923,0.745180549480828,1.985,-0.024853488548399253,0.06038766479492187,-0.28923828125,2.152627066608472,0.35357894068487394,2,0,0.07860978258554896,-0.39160160879595407,0.014999999999999902,0.024853488548399253,0.1129476238530697,-0.10312328320961642,0.0016880538461531598,0.04176975668311342,0,1,0,0,0,0,0,0
2.0821261168580376,0.7172331525671182,1.988,-0.027715828521669976,0.13201271057128905,-0.4160588073730469,2.1607358994435866,0.3546972673956145,2,0,0.07860978258554896,-0.36253588517150365,0.01200000000000001,0.027715828521669976,0.0635650607385661,-0.020353932338230157,-0.0006339461538455576,0.04092662839830408,0,1,0,0,0,0,0,0
2.097720431642828,0.6787457955804402,1.992,-0.03197443189653614,0.24982347106933595,-0.5706063232421875,2.1671496774690713,0.356175280392556,2,0,0.06942924582624332,-0.3225705151878842,0.008000000000000007,0.03197443189653614,0.010335951028477217,0.05484568161531253,-0.00883942121212122,0.05133171996410962,0,1,0,0,0,0,0,0
2.116837342941407,0.6327929258294073,1.995,-0.037995817815916565,0.30864309692382813,-0.6797734985351562,2.1604434455891512,0.35845064322750464,2,0,0.043606102647744116,-0.27434228260190263,0.004999999999999893,0.037995817815916565,-0.09080308669541501,0.12259694277188832,-0.005903390909091595,0.06536575381310031,0,1,0,0,0,0,0,0
2.1367342466667556,0.5817767685825795,1.997,-0.042743113381341145,0.3273071594238281,-0.753352783203125,2.1272449372877453,0.4133380584687386,2,0,-0.009489309379010269,-0.16843871011384093,0.0029999999999998916,0.042743113381341145,-0.2707814895930363,0.4988453114204799,-0.0025126000000000974,0.06499606134426886,0,1,0,0,0,0,0,0
2.157641327884497,0.527196104620942,2,-0.043423791789618964,0.3483033447265625,-0.804561767578125,2.080831425363474,0.478446922389181,2,0,-0.07680990252102271,-0.048749182231761,0,0.043423791789618964,-0.3766216796132812,0.6239802995601814,-0.010128946153845568,0.046565384443208895,1427288347931,1,0,0,0,0,0,0
2.177972021399873,0.46632385210650074,2.001,-0.04223696789826278,0.3443100280761719,-0.8989846801757813,2.080831425363474,0.478446922389181,2,0,-0.09714059603639891,0.012123070282680282,-0.0009999999999998899,0.04223696789826278,-0.13382763130727476,0.3377158999873392,-0.00016621538461470287,0.03675931916892653,1427288347931,0,0,0,0,0,0,0
2.195499987460885,0.407047700030091,2.002,-0.03871140280923424,0.300228515625,-0.8772476806640624,2.080831425363474,0.478446922389181,2,0,-0.11466856209741083,0.07139922235909002,-0.0019999999999997797,0.03871140280923424,-0.12757453953349027,0.35880599854606154,-0.0009792153846146139,0.022439563936794846,0,1,0,0,0,0,0,0
2.208929560064799,0.3557634440510317,2.004,-0.03419100004656894,0.23106451416015625,-0.7608912963867187,2.080831425363474,0.478446922389181,2,0,-0.1280981347013248,0.1226834783381493,-0.0040000000000000036,0.03419100004656894,-0.11014827962434544,0.33325387379599514,-0.00766916119403102,0.013950390661500441,0,1,0,0,0,0,0,0
2.2197169338427063,0.31030930542270946,2.014,-0.030874874467779704,0.18502333068847657,-0.6758822021484375,2.080831425363474,0.478446922389181,2,0,-0.1388855084792322,0.16813761696647156,-0.01399999999999979,0.030874874467779704,-0.10540483495355937,0.3407070324470588,-0.0608651555555542,0.015083800283069045,0,1,0,0,0,0,0,0
2.2275501103358204,0.27383968960583344,2.019,-0.029059732045705645,0.13432888793945313,-0.5431563720703125,2.080831425363474,0.478446922389181,2,0,-0.1467186849723463,0.20460723278334758,-0.019000000000000128,0.029059732045705645,-0.09040944909271234,0.2970688532682608,-0.035556302985076484,0.020932228663284487,0,1,0,0,0,0,0,0
2.2312434931173852,0.24763827124656598,2.024,-0.028972465583105907,0.06679683685302734,-0.3912456359863281,2.080831425363474,0.478446922389181,2,0,-0.15041206775391114,0.23080865114261503,-0.02400000000000002,0.028972465583105907,-0.0719501146217233,0.26536548878101074,-0.0413658777777772,0.028556910999297625,0,0,0,0,0,0,0,0
2.2307956519612273,0.2348935277111626,2.034,-0.028920105705546074,-0.0011768733263015747,-0.1912855224609375,2.080831425363474,0.478446922389181,2,0,-0.14996422659775321,0.24355339467801843,-0.03399999999999981,0.028920105705546074,-0.04893146198023351,0.19392093163253007,-0.07484280303030175,0.02868210626209229,0,0,0,0,0,0,0,0
2.2279913486905634,0.2308277894218636,2.033,-0.028867745827986246,-0.04028348159790039,-0.06217691421508789,2.080831425363474,0.478446922389181,2,0,-0.14715992332708927,0.2476191329673174,-0.03299999999999992,0.028867745827986246,-0.034899784982769425,0.15042142898339375,-0.015842384615385143,0.02862608485463319,0,0,0,0,0,0,0,0
2.225434351621728,0.23512275136451172,2.024,-0.029112091923265453,-0.04019850540161133,0.06329051971435547,2.080831425363474,0.478446922389181,2,0,-0.144602926258254,0.2433241710246693,-0.02400000000000002,0.029112091923265453,-0.0350469271294971,0.10341295362813596,0.03427853846153788,0.03023984313224641,0,0,0,0,0,0,0,0
2.2236102348740445,0.24612800036016522,2.035,-0.030019663134302498,-0.03215526580810547,0.16421234130859375,2.080831425363474,0.478446922389181,2,0,-0.14277880951057043,0.2323189220290158,-0.03500000000000014,0.030019663134302498,-0.03817395363419253,0.061929021528829835,-0.08244126923076998,0.03420845333908886,0,0,0,0,0,0,0,0
2.223013347626846,0.2606890315590398,2.029,-0.029565877528783993,-0.015505048751831054,0.21804832458496093,2.080831425363474,0.478446922389181,2,0,-0.14218192226337178,0.21775789083014124,-0.028999999999999915,0.029565877528783993,-0.04467487129217457,0.0379883484174378,0.012738483582090808,0.027534001683178745,0,1,0,0,0,0,0,0
2.222703268002774,0.27999883683923743,2.016,-0.027000243528352327,-0.013211584091186524,0.28938299560546876,2.080831425363474,0.478446922389181,2,0,-0.14187184263929975,0.1984480855499436,-0.016000000000000014,0.027000243528352327,-0.046032949224530384,-0.0010749567216601918,0.06278654999999944,0.014973834151328896,0,1,0,0,0,0,0,0
2.2200481672385997,0.2990830815374281,2.02,-0.02419026343264145,-0.04754024505615234,0.28508413696289064,2.080831425363474,0.478446922389181,2,0,-0.13921674187512556,0.17936384085175294,-0.020000000000000018,0.02419026343264145,-0.03219494124632966,-0.0076613125537629,-0.03317566153846156,0.01122112452936048,0,1,0,0,0,0,0,0
2.216521301167829,0.3211834710802764,2.016,-0.023474678439323764,-0.06090594482421875,0.33012924194335935,2.080831425363474,0.478446922389181,2,0,-0.135689875804355,0.15726345130890462,-0.016000000000000014,0.023474678439323764,-0.025825585748544364,-0.03485006601460834,0.012997261538461546,0.02017197847016521,0,1,0,0,0,0,0,0
2.214142509623682,0.3444589790011161,2.013,-0.023247785636564513,-0.0438670654296875,0.34819888305664065,2.080831425363474,0.478446922389181,2,0,-0.1333110842602081,0.1339879433880649,-0.0129999999999999,0.023247785636564513,-0.03147387881127872,-0.047195019051197024,0.0092115764705889,0.022246787977332524,0,1,0,0,0,0,0,0
2.2096012051765412,0.368613837131034,2.008,-0.022410027595607226,-0.0765236053466797,0.3606414794921875,2.080831425363474,0.478446922389181,2,0,-0.12876977981306714,0.109833085258147,-0.008000000000000007,0.022410027595607226,-0.016694160558124865,-0.0714986269234926,0.025062949999999414,0.01848303677861994,0,1,0,0,0,0,0,0
2.2053182507788955,0.39287870613187537,2.009,-0.022252947962927743,-0.07238414764404297,0.36244204711914063,2.080831425363474,0.478446922389181,2,0,-0.12448682541542144,0.08556821625730565,-0.008999999999999897,0.022252947962927743,-0.01604520676074509,-0.08417791971587117,-0.00860714999999931,0.021516637184742667,0,1,0,0,0,0,0,0
2.2020141745076547,0.41628781254265024,2.006,-0.022095868330248243,-0.05736205291748047,0.34994686889648435,2.080831425363474,0.478446922389181,2,0,-0.12118274914418059,0.06215910984653078,-0.005999999999999783,0.022095868330248243,-0.020103164352127178,-0.08919260167106421,0.015376446153846944,0.021370885410189014,0,1,0,0,0,0,0,0
2.198600738932244,0.43782480769790694,2.003,-0.022235494670407804,-0.058326633453369144,0.32184481811523435,2.080831425363474,0.478446922389181,2,0,-0.11776931356877007,0.04062211469127408,-0.0030000000000001137,0.022235494670407804,-0.017884138826558815,-0.08985409580596847,0.017756946153844287,0.0228799239326827,0,1,0,0,0,0,0,0
2.1955152713186785,0.4570491540100178,2.007,-0.023090706003885002,-0.05268198776245117,0.287264892578125,2.080831425363474,0.478446922389181,2,0,-0.11468384595520442,0.02139776837916324,-0.007000000000000117,0.023090706003885002,-0.018181930852657683,-0.08699963587256129,-0.023180861538461647,0.027037835235318226,0,1,0,0,0,0,0,0
2.1922716219502774,0.4743367350606662,2.004,-0.024574235868080187,-0.05462897491455078,0.2581212158203125,2.080831425363474,0.478446922389181,2,0,-0.11144019658680326,0.004110187328514814,-0.0040000000000000036,0.024574235868080187,-0.016046542185906076,-0.08380156894056365,0.016640290909091512,0.031317553432603756,0,1,0,0,0,0,0,0
2.18790043938729,0.4888317355649717,2.005,-0.024888395133439167,-0.07089045715332032,0.2157482452392578,2.080831425363474,0.478446922389181,2,0,-0.10706901402381597,-0.010384813175790708,-0.004999999999999893,0.024888395133439167,-0.007225741325087329,-0.0786486833033887,-0.005569549999999309,0.02636101668980938,0,1,0,0,0,0,0,0
2.18439538057509,0.49918169074911056,2.004,-0.025726153174396454,-0.056423107147216794,0.15389285278320314,2.080831425363474,0.478446922389181,2,0,-0.10356395521161588,-0.020734768359929545,-0.0040000000000000036,0.025726153174396454,-0.010572039527057285,-0.060298132401564994,0.006057815384614792,0.02959272874804547,0,1,0,0,0,0,0,0
2.1802145058341527,0.5041358625113883,2.005,-0.027052603405912156,-0.06460393524169922,0.07267479705810546,2.080831425363474,0.478446922389181,2,0,-0.09938308047067856,-0.025688940122207293,-0.004999999999999893,0.027052603405912156,-0.005249283149489074,-0.033333768050366724,-0.0054628303030296275,0.03308192264007444,1427288349495,1,0,0,0,0,0,0
2.177743016578056,0.5055278489173461,2.006,-0.028396506929947784,-0.0376235580444336,0.019869375228881835,2.080831425363474,0.478446922389181,2,0,-0.0969115912145817,-0.027080926528165128,-0.005999999999999783,0.028396506929947784,-0.01273091051490281,-0.015387395722129639,-0.0064669499999992185,0.03469605469886479,1427288349495,1,0,0,0,0,0,0
2.1765083855426486,0.5052577726741007,2.001,-0.02981022362406317,-0.018396976470947266,-0.00457532787322998,2.080831425363474,0.478446922389181,2,0,-0.09567696017917449,-0.02681085028491964,-0.0009999999999998899,0.02981022362406317,-0.01924409031946273,-0.0062470491658111,0.029114502985074165,0.03614029837383355,1427288349495,1,0,0,0,0,0,0
2.1751908922324623,0.5020903113219303,1.999,-0.03132866007329825,-0.018337488174438477,-0.0480798454284668,2.080831425363474,0.478446922389181,2,0,-0.09435946686898822,-0.023643388932749254,0.0009999999999998899,0.03132866007329825,-0.01789025729342081,0.01123275796423415,0.015538999999998714,0.038446330929087696,1427288349495,1,0,0,0,0,0,0
2.1708551011586823,0.49369954786621395,2.001,-0.034173546754049,-0.06106252670288086,-0.12783687591552734,2.080831425363474,0.478446922389181,2,0,-0.0900236757952082,-0.015252625477032933,-0.0009999999999998899,0.034173546754049,0.0003606486344750817,0.04327720520816909,-0.007774230769229487,0.04730379297289863,1427288349495,1,0,0,0,0,0,0
2.166753144601146,0.48425838712232394,2.008,-0.038030724400956464,-0.0566547966003418,-0.14363699340820313,2.080831425363474,0.478446922389181,2,-0.034173546754049,-0.085921719237672,-0.005811464733142924,-0.008000000000000007,0.0038571776469074615,-0.042960859618836,-0.002905732366571462,-0.006400000000000006,0.0038571776469074615,1427288349495,1,0,0,0,0,0,0
