0,0,0.71,0,-0.003906929492950439,0.0037181758880615234,0,0,1,0,0,0,0.29000000000000004,0,0,0,0.23200000000000004,0,0,0,0,0,0,0,0,0
0.00015729190508524576,0.0007183436711629232,0.705,0.000366519142918853,0.0023593785762786863,0.010775155067443847,0,0,1,0,-0.00015729190508524576,-0.0007183436711629232,0.29500000000000004,-0.000366519142918853,-0.0008652155823024113,-0.003951393031965891,0.26306500000000005,-0.0019373154697139372,0,0,0,0,0,0,0,0
-0.0004452879430039142,0.0018977096853264154,0.703,0.0004886921905584707,-0.00903221321105957,0.01769380187988281,0,0,1,0,0.0004452879430039142,-0.0018977096853264154,0.29700000000000004,-0.0004886921905584707,0.0037974228045328374,-0.007946716399018929,0.25328170677966105,-0.0011099110768616114,0,0,0,0,0,0,0,0
0.0005128622567684019,0.0025207844684298486,0.7,0.0001919862177193199,0.014376818656921387,0.009339097023010254,0,0,1,0,-0.0005128622567684019,-0.0025207844684298486,0.30000000000000004,-0.0001919862177193199,-0.005047388515272706,-0.004379153188144148,0.2609173000000001,0.0010796108087341833,0,0,0,0,0,0,0,0
0.0024689244096904187,0.002309221159365275,0.697,0.00026179938779913314,0.029340322494506837,-0.0031790826320648195,0,0,1,0,-0.0024689244096904187,-0.002309221159365275,0.30300000000000005,-0.00026179938779913314,-0.012459482071560501,0.00005448159589318603,0.2673787147540984,-0.0006051428472080508,0,0,0,0,0,0,0,0
0.005182655617697108,0.0013291309502767958,0.698,-0.00026179938779918865,0.04070211791992188,-0.01471200942993164,0,0,1,0,-0.005182655617697108,-0.0013291309502767958,0.30200000000000005,0.00026179938779918865,-0.01636191950216104,0.004301193836273129,0.24637693623188409,0.002538315803444066,0,0,0,0,0,0,0,0
0.009722802234765768,0.00042019726810015414,0.701,-0.0013439035240355723,0.06810576629638672,-0.013616175651550292,0,0,1,0,-0.009722802234765768,-0.00042019726810015414,0.29900000000000004,0.0013439035240355723,-0.0305025776541265,0.004915005318062685,0.2339677161290323,0.006579891280018074,0,0,0,0,0,0,0,0
0.01605865494970888,-0.0002364257529269458,0.701,-0.0018151424220740342,0.09505094146728515,-0.009721614837646485,0,0,1,0,-0.01605865494970888,0.0002364257529269458,0.29900000000000004,0.0018151424220740342,-0.04066257058292956,0.0034920776741043527,0.25293640000000006,0.003894137560479013,0,0,0,0,0,0,0,0
0.023617840710142828,-0.0006173875145499774,0.706,-0.0012391837689159635,0.1133979721069336,-0.0055086021423339845,0,0,1,0,-0.023617840710142828,0.0006173875145499774,0.29400000000000004,0.0012391837689159635,-0.05521794103891428,0.002489104020436574,0.2220412754098361,-0.0015933997712056958,0,0,0,0,0,0,0,0
0.031425932280768655,-0.0020462193903039534,0.711,-0.0021991148575128405,0.11714784240722656,-0.02128732681274414,0,0,1,0,-0.031425932280768655,0.0020462193903039534,0.28900000000000003,0.0021991148575128405,-0.054812065515987586,0.00816326551740975,0.22375280000000003,0.006313105237213742,0,0,0,0,0,0,0,0
0.040093647745258365,-0.003163610125330603,0.72,-0.0022514747350725894,0.13005227661132812,-0.016474901199340822,0,0,1,0,-0.040093647745258365,0.003163610125330603,0.28,0.0022514747350725894,-0.0706911951266071,0.008097812293217184,0.19073279999999998,0.002513274122871334,0,0,0,0,0,0,0,0
0.04960598027980819,-0.0038496148802700417,0.731,-0.002303834612632449,0.14270779418945312,-0.009968793869018555,0,0,1,0,-0.04960598027980819,0.0038496148802700417,0.269,0.002303834612632449,-0.07317087810919293,0.005405092548151059,0.1804917985507246,0.0025314862541970552,0,0,0,0,0,0,0,0
0.058389488515411904,-0.004608184865562218,0.741,-0.0026354471705113953,0.1317784881591797,-0.011074983596801757,0,0,1,0,-0.058389488515411904,0.004608184865562218,0.259,0.0026354471705113953,-0.07974446608421962,0.006659905004662559,0.1724917508196721,0.004266328602702935,0,0,0,0,0,0,0,0
0.06614489934695116,-0.005857597603198965,0.75,-0.003089232776029904,0.1163801498413086,-0.018434541702270508,0,0,1,0,-0.06614489934695116,0.005857597603198965,0.25,0.003089232776029904,-0.07204834868622345,0.009183324644703929,0.1794188,0.005034028228252083,0,0,0,0,0,0,0,0
0.07150289623179025,-0.006318562899497167,0.771,-0.0036302848441481794,0.08039093017578125,-0.0066661653518676756,0,0,1,0,-0.07150289623179025,0.006318562899497167,0.22899999999999998,0.0036302848441481794,-0.05035922061763392,0.00440660759156665,0.15451182977099234,0.004869335381823619,0,0,0,0,0,0,0,0
0.0767840325088329,-0.007547440325950586,0.783,-0.004014257279586986,0.07928343963623047,-0.01814546012878418,0,0,1,0,-0.0767840325088329,0.007547440325950586,0.21699999999999997,0.004014257279586986,-0.06717132717027668,0.010411397767793856,0.13781381538461532,0.005786437750843015,0,0,0,0,0,0,0,0
0.08067055069285574,-0.009204795666109808,0.793,-0.004485496177625392,0.05839709854125977,-0.024626108169555665,0,0,1,0,-0.08067055069285574,0.009204795666109808,0.20699999999999996,0.004485496177625392,-0.06165754008090108,0.013553247321164606,0.1419285461538461,0.006660444937802652,0,0,0,0,0,0,0,0
0.08288118930876727,-0.010390199061616269,0.806,-0.0044156830075456335,0.033239002227783206,-0.01763213539123535,0,0,1,0,-0.08288118930876727,0.010390199061616269,0.19399999999999995,0.0044156830075456335,-0.054780574422315854,0.01214281521641335,0.11070536666666657,0.0040666171571468405,0,0,0,0,0,0,0,0
0.08454142447855048,-0.011853866095783162,0.817,-0.004869468613064142,0.02500023078918457,-0.021844825744628905,0,0,1,0,-0.08454142447855048,0.011853866095783162,0.18300000000000005,0.004869468613064142,-0.0510756549271079,0.013286428470143958,0.12401970000000058,0.006814264065286321,0,0,0,0,0,0,0,0
0.08498209525163337,-0.01343682101603911,0.828,-0.005410520681182361,0.006725605010986328,-0.023711854934692383,0,0,1,0,-0.08498209525163337,0.01343682101603911,0.17200000000000004,0.005410520681182361,-0.04561638323153449,0.016001536553540124,0.1070850333333333,0.008115781021773454,0,0,0,0,0,0,0,0
0.0836014447924395,-0.015045289220178905,0.839,-0.0052010811709430884,-0.020578914642333985,-0.024238719940185546,0,0,1,0,-0.0836014447924395,0.015045289220178905,0.16100000000000003,0.0052010811709430884,-0.03551074720767267,0.015624739677270079,0.10857869999999997,0.004303483269917635,0,0,0,0,0,0,0,0
0.08223614119556659,-0.016923722713786386,0.851,-0.005078908123303525,-0.02033272933959961,-0.028282636642456054,0,0,1,0,-0.08223614119556659,0.016923722713786386,0.14900000000000002,0.005078908123303525,-0.03394780258894933,0.01930983596869942,0.08603514098360654,0.004478057069338461,0,0,0,0,0,0,0,0
0.07953327720296782,-0.0194218758448682,0.859,-0.004799655442984328,-0.040352119445800784,-0.03767772674560547,0,0,1,0,-0.07953327720296782,0.0194218758448682,0.14100000000000001,0.004799655442984328,-0.026572362421628106,0.02265236343120796,0.10826992941176468,0.0035676583239290455,0,0,0,0,0,0,0,0
0.07578148884231457,-0.022011837602548143,0.867,-0.004974188368183861,-0.05608971405029297,-0.039119087219238284,0,0,1,0,-0.07578148884231457,0.022011837602548143,0.133,0.004974188368183861,-0.017127840383062396,0.025963066729680247,0.09795606065573767,0.005832547016706155,0,0,0,0,0,0,0,0
0.07188238071893759,-0.02436066921975897,0.877,-0.004625122517784961,-0.058310646057128906,-0.035522960662841795,0,0,1,0,-0.07188238071893759,0.02436066921975897,0.123,0.004625122517784961,-0.017259717899330538,0.02403825677823658,0.08671869999999997,0.0031291260160753913,0,0,0,0,0,0,0,0
0.0678096563726014,-0.02721168664204196,0.884,-0.003909537524467263,-0.060892417907714845,-0.04304735565185547,0,0,1,0,-0.0678096563726014,0.02721168664204196,0.11599999999999999,0.003909537524467263,-0.011769752503907046,0.029830931839349213,0.09232177096774191,0.00044702949228485334,0,0,0,0,0,0,0,0
0.06490537466179139,-0.029923024756413622,0.891,-0.00424115008234621,-0.04340489196777344,-0.0408400764465332,0,0,1,0,-0.06490537466179139,0.029923024756413622,0.10899999999999999,0.00424115008234621,-0.018832822682806553,0.02866978439541564,0.09200089999999997,0.0056623467589702655,0,0,0,0,0,0,0,0
0.06071568830355611,-0.03319642514503271,0.898,-0.00389208423194731,-0.06263648605346679,-0.04936709976196289,0,0,1,0,-0.06071568830355611,0.03319642514503271,0.10199999999999998,0.00389208423194731,-0.006441138697188136,0.0361878567903411,0.0804772762711864,0.002117173128224091,0,0,0,0,0,0,0,0
0.05698615596435112,-0.036985488438194006,0.906,-0.003787364476827701,-0.055721351623535156,-0.057053253173828124,0,0,1,0,-0.05698615596435112,0.036985488438194006,0.09399999999999997,0.003787364476827701,-0.010822672757385732,0.03763511786299631,0.07626069999999996,0.0033385655263150917,1426000241826,0,0,0,0,0,0,0
0.053364159976186425,-0.041659294508948605,0.915,-0.0038746309394273567,-0.054064029693603514,-0.0703123550415039,0,0,1,0,-0.053364159976186425,0.041659294508948605,0.08499999999999996,0.0038746309394273567,-0.006563045024353269,0.048315568755340994,0.05707069999999993,0.004310963252425634,1426000241826,0,0,0,0,0,0,0
0.05041335581007143,-0.04571623277778317,0.922,-0.00399680398706703,-0.04402594375610352,-0.061025115966796876,0,0,1,0,-0.05041335581007143,0.04571623277778317,0.07799999999999996,0.00399680398706703,-0.011497221390748578,0.04339686185080703,0.06951669999999996,0.004520402762665629,1426000241826,0,0,0,0,0,0,0
0.04796219394734043,-0.050133546976317146,0.93,-0.003054326190990106,-0.036502307891845706,-0.06640613555908204,0,0,1,0,-0.04796219394734043,0.050133546976317146,0.06999999999999995,0.003054326190990106,-0.010755994407062314,0.05111857389220188,0.05187003333333327,-0.0016580627893945134,1426000241826,0,0,0,0,0,0,0
0.04686817577118032,-0.05523425760546901,0.937,-0.0030717794835099484,-0.0161765079498291,-0.0765604248046875,0,0,1,0,-0.04686817577118032,0.05523425760546901,0.06299999999999994,0.0030717794835099484,-0.019147658575775807,0.05308482754343821,0.05887695774647881,0.003145525789931817,1426000241826,0,0,0,0,0,0,0
0.04560270361901138,-0.05937931976648257,0.947,-0.002740166925631113,-0.018791002273559572,-0.06223394775390625,0,0,1,-0.0030717794835099484,-0.04560270361901138,0.05937931976648257,0.05300000000000005,-0.00033161255787883537,-0.02280135180950569,0.029689659883241286,0.04240000000000004,-0.00033161255787883537,1426000241826,0,0,0,0,0,0,0
0.04334875616113648,-0.06261760611770623,0.955,-0.0028099800957108153,-0.03367598342895508,-0.04866675567626953,0,0,1,-0.0030717794835099484,-0.04334875616113648,0.06261760611770623,0.04500000000000004,-0.00026179938779913314,-0.010434984920506553,0.04754406713925377,-0.003684999999999994,0.000037399912542447774,1426000242217,0,0,0,0,0,0,0
0.041616188568740685,-0.06647850021106663,0.964,-0.003001966313430246,-0.02582567596435547,-0.05798620986938476,0,0,1,-0.0030717794835099484,-0.041616188568740685,0.06647850021106663,0.03600000000000003,-0.00006981317007970222,-0.010756763837848902,0.055844851741211385,-0.02316900000000002,0.0008901179185174524,1426000242277,0,0,0,0,0,0,0
0.04068845622805273,-0.07021078068682535,0.967,-0.0030194196059501995,-0.013747859954833984,-0.05602573013305664,0,0,1,-0.0030717794835099484,-0.04068845622805273,0.07021078068682535,0.03300000000000003,-0.00005235987755974891,-0.0157217283066287,0.05416941269222822,0.011941308695652188,0.000023524002961787215,1426000242346,0,0,0,0,0,0,0
0.040442357679216306,-0.07448486076657282,0.972,-0.0031415926535897616,-0.003497883081436157,-0.06412205505371094,0,0,1,-0.0030717794835099484,-0.040442357679216306,0.07448486076657282,0.028000000000000025,0.00006981317007981325,-0.01891719670106441,0.06194344130507,-0.005359024590163939,0.000670664224044873,1426000242407,0,0,0,0,0,0,0
0.040234245875699064,-0.0791779923318234,0.983,-0.0027576202181509553,-0.0029005033969879152,-0.07040643310546875,0,0,1,-0.0030717794835099484,-0.040234245875699064,0.0791779923318234,0.017000000000000015,-0.0003141592653589931,-0.019242495709884712,0.06263743894628707,-0.03882032222222226,-0.0019140444130206862,1426000242479,0,0,0,0,0,0,0
0.04023490760635614,-0.08411909672477376,0.988,-0.00237364778271226,0.00021431100368499755,-0.07411625671386719,0,0,1,-0.0030717794835099484,-0.04023490760635614,0.08411909672477376,0.01200000000000001,-0.0006981317007976884,-0.020281810624296952,0.07215995548892057,-0.019450913793103465,-0.002684196022032319,1426000242537,0,0,0,0,0,0,0
0.04022425647080507,-0.088962576705162,0.986,-0.00261799387799144,0.000012683987617492675,-0.07265237426757812,0,0,1,-0.0030717794835099484,-0.04022425647080507,0.088962576705162,0.014000000000000012,-0.00045378560551850855,-0.0202462190920732,0.06939444710135165,0.022563027536231905,0.0006085887217822732,1426000242606,0,0,0,0,0,0,0
0.041347111545015205,-0.09357027709461758,0.984,-0.0027750735106709086,0.017023712158203124,-0.06907117462158203,0,0,1,-0.0030717794835099484,-0.041347111545015205,0.09357027709461758,0.016000000000000014,-0.00029670597283903977,-0.027329506947926397,0.07362462363839381,0.0255911098360656,0.0004758168108304788,1426000242667,0,0,0,0,0,0,0
0.04256898890251196,-0.09784274307710909,0.986,-0.002635447170511393,0.018505935668945313,-0.06403588104248047,0,0,1,-0.0030717794835099484,-0.04256898890251196,0.09784274307710909,0.014000000000000012,-0.00043633231299855524,-0.02755139761351361,0.07045415181819001,0.002755945070422537,-0.0010263027643767895,1426000242738,0,0,0,0,0,0,0
0.04473984316800014,-0.1020674257520278,0.985,-0.003525565089028457,0.032729709625244144,-0.0632842025756836,0,0,1,-0.0030717794835099484,-0.04473984316800014,0.1020674257520278,0.015000000000000013,0.00045378560551850855,-0.03530364611458793,0.07621026385509314,0.019338433333333353,0.0049043751981038275,0,0,0,0,0,0,0,0
0.046371630332473816,-0.10498353288438476,0.987,-0.004206243497306303,0.024630868911743164,-0.043655040740966794,0,0,1,-0.0030717794835099484,-0.046371630332473816,0.10498353288438476,0.013000000000000012,0.0011344640137963546,-0.03176540084214248,0.06788862156142784,0.00184987246376812,0.004093935354134815,0,0,0,0,0,0,0,0
0.048099594250603374,-0.10764505895838114,0.991,-0.00413643032722649,0.026087154388427736,-0.039813514709472655,0,0,1,-0.0030717794835099484,-0.048099594250603374,0.10764505895838114,0.009000000000000008,0.0010646508437165414,-0.034296089355865936,0.06976425155580698,-0.014101119672131159,0.0007213073843076237,0,0,0,0,0,0,0,0
0.049165158208758816,-0.10978626671461161,0.999,-0.0044331363000655296,0.01611617660522461,-0.032051727294921874,0,0,1,-0.0030717794835099484,-0.049165158208758816,0.10978626671461161,0.0010000000000000009,0.0013613568165555812,-0.030276559665231833,0.0663466933575333,-0.03754330000000003,0.0026329538430086086,0,0,0,0,0,0,0,0
0.049841498216618936,-0.11083378137845643,1.002,-0.005462880558742221,0.010214656829833984,-0.015667591094970703,0,0,1,-0.0030717794835099484,-0.049841498216618936,0.11083378137845643,-0.0020000000000000018,0.0023911010752322723,-0.02926213148983202,0.062341414382891834,-0.017455300000000014,0.007539822368615728,0,0,0,0,0,0,0,0
0.051219548333574214,-0.11055422061790598,0.999,-0.005044001538263619,0.020647535324096678,0.004306270122528076,0,0,1,-0.0030717794835099484,-0.051219548333574214,0.11055422061790598,0.0010000000000000009,0.0019722220547536704,-0.03293194410440218,0.054770715948535546,0.017451700000000014,0.00017702625270251955,0,0,0,0,0,0,0,0
0.05231245205465778,-0.1092694840103914,0.999,-0.005811946409141121,0.016296144485473632,0.019353492736816406,0,0,1,-0.0030717794835099484,-0.05231245205465778,0.1092694840103914,0.0010000000000000009,0.002740166925631173,-0.03299480455772118,0.04809741626076825,0.0024577000000000028,0.006579891280018685,0,0,0,0,0,0,0,0
0.05142980590100661,-0.10747961843758863,0.997,-0.006440264939859052,-0.013395506858825684,0.02677058219909668,0,0,1,-0.0030717794835099484,-0.05142980590100661,0.10747961843758863,0.0030000000000000027,0.0033684854563491035,-0.021800979870449644,0.04582268822042779,0.014078700000000012,0.006061279159425949,0,0,0,0,0,0,0,0
0.050996119660499335,-0.10462986154847143,0.996,-0.00729547627333632,-0.006780454635620117,0.04270357131958008,0,0,1,-0.0030717794835099484,-0.050996119660499335,0.10462986154847143,0.0040000000000000036,0.004223696789826372,-0.023498128787289043,0.036786333703628396,0.010736033333333344,0.008499753457212713,0,0,0,0,0,0,0,0
0.04981502914620663,-0.10192051728706471,1.001,-0.0086742863824118,-0.018012372970581055,0.04050983428955078,0,0,1,-0.0030717794835099484,-0.04981502914620663,0.10192051728706471,-0.0009999999999998899,0.0056025068989018515,-0.0195668378820406,0.03857986648117609,-0.024104299999999374,0.011511693080653907,0,0,0,0,0,0,0,0
0.048201641509122886,-0.09792087421148009,1.001,-0.010122909661567038,-0.024720308303833007,0.059782466888427734,0,0,1,-0.0030717794835099484,-0.048201641509122886,0.09792087421148009,-0.0009999999999998899,0.00705113017805709,-0.015283089736879259,0.02685426750070065,0.0008897000000000915,0.014294246573833283,1426000243448,0,0,0,0,0,0,0
0.047114137141417434,-0.09396476299080063,1,-0.013421581947836327,-0.016912429809570313,0.05917350006103515,0,0,1,-0.0030717794835099484,-0.047114137141417434,0.09396476299080063,0,0.010349802464326378,-0.02135157363918823,0.037921617297594246,0.004321278947368134,0.01779041664388116,1426000243448,0,0,0,0,0,0,0
0.04576314167676899,-0.08952831407767603,0.997,-0.015463617172669699,-0.02115624237060547,0.06626876068115234,0,0,1,-0.0030717794835099484,-0.04576314167676899,0.08952831407767603,0.0030000000000000027,0.01239183768915975,-0.016061229926187217,0.021523676274441156,0.020775266666666688,0.02211581495027104,1426000243448,0,0,0,0,0,0,0
0.04513620162417567,-0.08559669196879659,0.996,-0.017278759594743846,-0.010314896583557128,0.05882186508178711,0,0,1,-0.0030717794835099484,-0.04513620162417567,0.08559669196879659,0.0040000000000000036,0.014206980111233898,-0.02010430353660896,0.02432085464649312,0.010008663768115954,0.022098903685469327,1426000243448,0,0,0,0,0,0,0
0.04365128903561009,-0.08158411683750551,0.996,-0.019460421159736733,-0.0233102970123291,0.0597947998046875,0,0,1,-0.0030717794835099484,-0.04365128903561009,0.08158411683750551,0.0040000000000000036,0.016388641676226785,-0.014048614967936657,0.019284372024548135,0.004960600000000007,0.027118124782749182,1426000243774,0,0,0,0,0,0,0
0.0415312938926166,-0.07744681739903332,0.996,-0.020821777976292314,-0.03300153350830078,0.061428939819335934,0,0,1,-0.0030717794835099484,-0.0415312938926166,0.07744681739903332,0.0040000000000000036,0.017749998492782366,-0.010937703849458866,0.019606409949915322,0.004988600000000007,0.023584384849449143,1426000243844,0,0,0,0,0,0,0
0.04011830286813858,-0.0726449170205532,0.999,-0.022444934180647084,-0.022689924240112305,0.07157160949707031,0,0,1,-0.0030717794835099484,-0.04011830286813858,0.0726449170205532,0.0010000000000000009,0.019373154697137136,-0.012612807391119718,0.009924458362114485,-0.014905400000000011,0.027488935718910985,1426000243904,0,0,0,0,0,0,0
0.03925759636004435,-0.06770009063603682,0.997,-0.02350958502436357,-0.01457200050354004,0.07386396026611328,0,0,1,-0.0030717794835099484,-0.03925759636004435,0.06770009063603682,0.0030000000000000027,0.020437805540853622,-0.01608608694405987,0.010427391098446134,0.014360227536231899,0.02506672225266443,1426000243973,0,0,0,0,0,0,0
0.03818607857605208,-0.0617239794555057,0.992,-0.02415535684760151,-0.018175569534301758,0.08923906707763672,0,0,1,-0.0030717794835099484,-0.03818607857605208,0.0617239794555057,0.008000000000000007,0.02108357736409156,-0.013891015281985112,-0.0011760544524722291,0.03649070645161293,0.02420827973459772,1426000244035,0,0,0,0,0,0,0
0.036588637716812644,-0.057168093463762885,0.99,-0.02508038135115848,-0.02560519790649414,0.06773960876464843,2,0,0.5,0,1.9634113622831872,0.057168093463762885,-0.49,0.02508038135115848,0.9817056811415936,0.028584046731881443,-0.392,0.02508038135115848,0,0,0,0,0,0,0,0
0.034982512133672754,-0.051842377404161415,0.987,-0.027209683038591618,-0.026087661743164063,0.0792564468383789,2,0,0.5,0,1.9650174878663274,0.051842377404161415,-0.487,0.027209683038591618,0.9929228792581234,-0.004604574674924311,-0.3753575852459016,0.03768165855055787,0,0,0,0,0,0,0,0
0.03366652819454217,-0.047029694177428735,0.982,-0.02834414705238786,-0.021696483612060547,0.07162648010253907,2,0,0.5,0,1.966333471805458,0.047029694177428735,-0.482,0.02834414705238786,0.9921103320416729,0.0005062939943593636,-0.3681166972602739,0.03300632793100256,0,0,0,0,0,0,0,0
0.03194601091097391,-0.04173485796191386,0.974,-0.029932396671702725,-0.028048255920410155,0.07865924072265625,2,0,0.5,0,1.968053989089026,0.04173485796191386,-0.474,0.029932396671702725,0.9983474492316936,-0.011554978823568637,-0.3392682929824561,0.038291605194412534,0,0,0,0,0,0,0,0
0.03274061605633144,-0.036932986306022354,0.972,-0.03181735226385657,0.009758087158203125,0.07235252380371093,2,0,0.5,0,1.9672593839436685,0.036932986306022354,-0.472,0.03181735226385657,0.9847123700127678,-0.0057755986840858815,-0.3799029724637681,0.040012811360177626,0,0,0,0,0,0,0,0
0.037974309978007194,-0.031597220886330116,0.962,-0.03368485456349052,0.0759195556640625,0.08249338531494141,2,0,0.5,0,1.9620256900219928,0.031597220886330116,-0.46199999999999997,0.03368485456349052,0.9572935731787511,-0.014681934585576206,-0.32748905081967206,0.04286929210267388,0,0,0,0,0,0,0,0
0.0474489192665874,-0.027325766714132352,0.948,-0.03525565089028543,0.13988067626953124,0.06882182312011718,2,0,0.5,0,1.9525510807334125,0.027325766714132352,-0.44799999999999995,0.03525565089028543,0.9365793992019502,-0.007540757005926579,-0.3068020999999999,0.041987635147977896,0,0,0,0,0,0,0,0
0.06488446226827173,-0.02238162318389087,0.941,-0.035726889788323946,0.25875653076171873,0.08333467864990235,2,0,0.5,0,1.9351155377317282,0.02238162318389087,-0.44099999999999995,0.035726889788323946,0.8746884092901561,-0.01748296619589014,-0.33301476666666663,0.03808308427851653,0,0,0,0,0,0,0,0
0.08926664795393432,-0.019255630518951967,0.927,-0.03736749928519856,0.36382452392578124,0.059923683166503906,2,0,0.5,0,1.9107333520460656,0.019255630518951967,-0.42700000000000005,0.03736749928519856,0.8486985956970862,-0.005178704723114351,-0.2986419123287677,0.044109730094272305,0,0,0,0,0,0,0,0
0.12132479717653882,-0.015835872523136847,0.911,-0.03810053757103615,0.47862017822265623,0.06922537231445312,2,0,0.5,0,1.8786752028234612,0.015835872523136847,-0.41100000000000003,0.03810053757103615,0.7537929715249152,-0.012890435218299245,-0.2570622859649122,0.04195863381228665,0,0,0,0,0,0,0,0
0.16082606765125101,-0.014266020434550122,0.896,-0.03810053757103615,0.5911920776367188,0.04610052490234375,2,0,0.5,0,1.839173932348749,0.014266020434550122,-0.396,0.03810053757103615,0.7374718617170636,-0.0004054258576416331,-0.27217583802816897,0.03810053757103615,0,0,0,0,0,0,0,0
0.2082728259852395,-0.013259234004707552,0.882,-0.0377165651355974,0.710609619140625,0.04220048141479492,2,0,0.5,0,1.7917271740147604,0.013259234004707552,-0.382,0.0377165651355974,0.6327753346688771,0.000964923106040223,-0.25554483333333333,0.03579670295840365,0,0,0,0,0,0,0,0
0.2637718710393133,-0.016318560939671083,0.868,-0.03792600464583673,0.8336240234375,-0.014466211318969727,2,0,0.5,0,1.7362281289606867,0.016318560939671083,-0.368,0.03792600464583673,0.6055187035100107,0.02367556508174574,-0.2585874999999999,0.03882360254686242,0,0,0,0,0,0,0,0
0.3232269468476335,-0.019683483344366665,0.846,-0.037192966359999136,0.8930986328125,-0.016622245788574217,2,0,0.5,0,1.6767730531523666,0.019683483344366665,-0.346,0.037192966359999136,0.5074711791595768,0.02970191572667339,-0.18473016666666653,0.03352777493081116,0,0,0,0,0,0,0,0
0.38889115825276444,-0.024929659930748825,0.826,-0.034732052114687106,0.9872081298828125,-0.042012969970703126,2,0,0.5,0,1.6111088417472357,0.024929659930748825,-0.32599999999999996,0.034732052114687106,0.494267068169114,0.038944623686335895,-0.19934549999999993,0.024185276777635555,0,0,0,0,0,0,0,0
0.4629429853070221,-0.03254115293896414,0.807,-0.03211405823669561,1.1140721435546874,-0.07553171539306641,2,0,0.5,0,1.5370570146929778,0.03254115293896414,-0.30700000000000005,0.03211405823669561,0.3545154547266179,0.06093938783155213,-0.17515416666666728,0.01902408884673812,0,0,0,0,0,0,0,0
0.541119325336615,-0.03896150106617831,0.79,-0.029618237406343728,1.1751326904296875,-0.05860364532470703,2,0,0.5,0,1.458880674663385,0.03896150106617831,-0.29000000000000004,0.029618237406343728,0.3518562512031544,0.0523430527036238,-0.18815661594202895,0.01876684249177034,0,0,0,0,0,0,0,0
0.6185316230036617,-0.04621190200187542,0.777,-0.02654645792283372,1.1638958740234375,-0.07432110595703124,2,0,0.5,0,1.3814683769963383,0.04621190200187542,-0.277,0.02654645792283372,0.2663705293631897,0.06503012028416744,-0.19108803606557373,0.011439345708850083,0,0,0,0,0,0,0,0
0.7094613187850928,-0.05407198143217215,0.763,-0.024818581963359343,1.3665943603515625,-0.08165598297119141,2,0,0.5,0,1.2905386812149073,0.05407198143217215,-0.263,0.024818581963359343,0.2113295006826013,0.0666977464313431,-0.18631919999999996,0.01741339927989772,0,0,0,0,0,0,0,0
0.8070195244763764,-0.0604271965957017,0.75,-0.022532200643246788,1.4652880859375,-0.0589837532043457,2,0,0.5,0,1.1929804755236235,0.0604271965957017,-0.25,0.022532200643246788,0.048825131830272706,0.06768330163350403,-0.1715858666666666,0.011100294042684013,0,0,0,0,0,0,0,0
0.902416728718507,-0.06566434038071055,0.739,-0.01982694030265558,1.43236474609375,-0.04629730987548828,2,0,0.5,0,1.097583271281493,0.06566434038071055,-0.239,0.01982694030265558,0.13172099613209387,0.057398115296474074,-0.18977770526315785,0.009148281063479754,0,0,0,0,0,0,0,0
1.0027433421418612,-0.07068811968398,0.728,-0.01745329251994326,1.506097412109375,-0.04550628662109375,2,0,0.5,0,0.9972566578581388,0.07068811968398,-0.22799999999999998,0.01745329251994326,-0.11700667477666338,0.06779996274540562,-0.16288959999999994,0.004506122796057889,0,0,0,0,0,0,0,0
1.1130156339966093,-0.07509489009996725,0.716,-0.014206980111233832,1.654986083984375,-0.03722373580932617,2,0,0.5,0,0.8869843660033907,0.07509489009996725,-0.21599999999999997,0.014206980111233832,-0.09244092113046615,0.06043884203989948,-0.16391043478260864,0.00009257833423631859,0,0,0,0,0,0,0,0
1.2333228767978994,-0.08039931208486324,0.705,-0.008901179185171023,1.805556884765625,-0.05392112350463867,2,0,0.5,0,0.7666771232021006,0.08039931208486324,-0.20499999999999996,0.008901179185171023,-0.2830621231215686,0.07122212145327766,-0.1541157459016393,-0.017192923729891972,0,0,0,0,0,0,0,0
1.3810131140970179,-0.0840020915713076,0.696,-0.0037524578917877936,2.215746826171875,-0.03432055282592773,2,0,0.5,0,0.6189868859029821,0.0840020915713076,-0.19599999999999995,0.0037524578917877936,-0.4153460597281518,0.06092123293912545,-0.16573072608695646,-0.01863328686205233,0,0,0,0,0,0,0,0
1.5242365977871337,-0.0820073686324999,0.697,0.0022689280275926017,2.148224853515625,0.037982215881347654,2,0,0.5,0,0.4757634022128663,0.0820073686324999,-0.19699999999999995,-0.0022689280275926017,-0.5592882950402023,0.030253795938977292,-0.21912230491803275,-0.031882301401594544,0,0,0,0,0,0,0,0
1.668002366846534,-0.07645593715312844,0.692,0.005550147021342048,2.156669921875,0.07837834930419922,2,0,0.5,0,0.331997633153466,0.07645593715312844,-0.19199999999999995,-0.005550147021342048,-0.5178658698670381,0.011611284012751761,-0.18609991267605627,-0.019414452628734074,0,0,0,0,0,0,0,0
1.7992071960743223,-0.06898978818145164,0.686,0.007609635538695261,1.9686636962890625,0.10106747436523437,2,0,0.5,0,0.20079280392567767,0.06898978818145164,-0.18600000000000005,-0.007609635538695261,-0.652979054070594,-0.009005589218791972,-0.1714519796610176,-0.018081611050660754,0,0,0,0,0,0,0,0
1.9161261463183998,-0.06078353489239438,0.68,0.008796459430051477,1.754670166015625,0.10974470520019532,2,0,0.5,0,0.08387385368160016,0.06078353489239438,-0.18000000000000005,-0.008796459430051477,-0.5176408360082242,-0.009806719595421537,-0.17350520000000003,-0.01388284753586383,0,0,0,0,0,0,0,0
2.0178097253999203,-0.05216270507375413,0.676,0.007033676885537137,1.5263321533203125,0.11589078521728516,2,0,0.5,0,-0.017809725399920318,0.05216270507375413,-0.17600000000000005,-0.007033676885537137,-0.5673291100403068,-0.022517826457296233,-0.17842798032786886,0.0016357454645333875,0,0,0,0,0,0,0,0
2.10414561632539,-0.04361217340652019,0.672,0.0040666171571467945,1.295908447265625,0.11914599609375,2,0,0.5,0,-0.10414561632539021,0.04361217340652019,-0.17200000000000004,-0.0040666171571467945,-0.45881904028260306,-0.020051444457762482,-0.1793828,0.008649353107383243,0,0,0,0,0,0,0,0
2.1760332370507536,-0.035050700165967744,0.666,-0.00027925268031902666,1.07882763671875,0.12403595733642578,2,0,0.5,0,-0.17603323705075358,0.035050700165967744,-0.16600000000000004,0.00027925268031902666,-0.4825334701914521,-0.03150041955832536,-0.16057880000000002,0.022008601867648137,0,0,0,0,0,0,0,0
0.4898108923100941,-0.08833402007672472,0.662,-0.0026529004630314003,0.8653896484375,0.08028206634521484,0.01883167315115335,0.1166338013119593,0.5,0,-0.47097921915894075,0.20496782138868402,-0.16200000000000003,0.0026529004630314003,-1.6447663028557413,0.9295336510647483,-0.17410075555555557,0.01254309955766629,0,1,2.233727372629219,-0.029714673443352494,-0.1520000000000011,0.01883167315115335,0.1166338013119593,0,-2.233798342258731,0.023788719449023433,0.1520000000000011,2.2526300154098844,0.09284508186293587,-0.1520000000000011
0.3074877386765127,-0.09976339804693624,0.664,-0.0030717794835099467,0.688789306640625,0.07013827514648438,-0.013600992323317424,0.1131682727259672,0.5,0,-0.3210887309998301,0.21293167077290343,-0.16400000000000003,0.0030717794835099467,0.7529355516370374,0.1548983738120202,-0.20797720677966106,0.005201672807977132,0,1,0.5357424224752848,-0.08377997067625323,-0.1759999999999958,-0.013600992323317424,0.1131682727259672,0,-0.5359972480806052,0.08213389541607397,0.1759999999999958,0.5223962557572878,0.031034377309893238,-0.1759999999999958
0.24223429817688782,-0.10570430893198306,0.672,-0.002984513020910291,0.37291455078125,0.020680686950683595,-0.036835146585004155,0.119298788253068,0.5,0,-0.279069444761892,0.22500309718505107,-0.17200000000000004,0.002984513020910291,0.10085030356212984,0.17597625663824445,-0.24485887058823536,0.0025995139212059287,0,1,0.3323528265307531,-0.09846105938584776,-0.1709999999999993,-0.036835146585004155,0.119298788253068,0,-0.33264520422324106,0.09746871100841828,0.1709999999999993,0.2958100576382369,0.02183007724464972,-0.1709999999999993
0.2044529450553039,-0.11124632540665612,0.669,-0.0046076692252650054,0.16987060546875,0.07167094421386719,-0.04481253607670868,0.13691522523186148,0.5,0,-0.24926548113201258,0.24816155063851758,-0.16900000000000004,0.0046076692252650054,0.07033084414022117,0.25845089235762486,-0.1851001852459017,0.012590404656517697,0,1,0.2535732149417038,-0.10096006594965587,-0.2639999999999986,-0.04481253607670868,0.13691522523186148,0,-0.2540357121315399,0.0997906168647722,0.2639999999999986,0.20922317605483123,0.03712460836708928,-0.2639999999999986
0.1745494063215249,-0.11438190339779253,0.672,-0.01085594794740474,0.088114501953125,0.10997930908203125,-0.02430377192989277,0.1524442633672117,0.5,0,-0.19885317825141768,0.26682616676500426,-0.17200000000000004,0.01085594794740474,0.17645296406268768,0.2284166870960489,-0.22091730000000004,0.03763428532800359,0,1,0.21036096592710354,-0.10394151603482028,-0.6220000000000006,-0.02430377192989277,0.1524442633672117,0,-0.21147693188416145,0.10165176841679911,0.6220000000000006,0.18717315995426867,0.05079249495041259,-0.6220000000000006
0.1474216502911229,-0.11382910304696686,0.672,-0.01794198471050173,0.04685880661010742,0.16008132934570313,0.008128893544578004,0.1634184372228536,0.5,0,-0.1392927567465449,0.27724754026982046,-0.17200000000000004,0.01794198471050173,0.29031348481757113,0.19930652099237273,-0.20698370000000005,0.05222925937064847,0,1,0.1777889960474528,-0.10374435608154106,-1.0280000000000014,0.008128893544578004,0.1634184372228536,0,-0.1796216601438081,0.10053794180068079,1.0280000000000014,0.18775055368838608,0.0628804954221728,-1.0280000000000014
0.12238249559062436,-0.1102943339803768,0.665,-0.021485003092050144,0.008327169418334961,0.2041524353027344,0.03368497652166361,0.17101155486823602,0.5,0,-0.08869751906896076,0.28130588884861285,-0.16500000000000004,0.021485003092050144,0.24362697080927287,0.16389416432259238,-0.16592203582089554,0.037349264501968404,0,1,0.148220885790259,-0.10023109115316971,-1.230999999999997,0.03368497652166361,0.17101155486823602,0,-0.15033997696065815,0.09702367724258233,1.230999999999997,0.18402495348232176,0.07398787762565369,-1.230999999999997
0.12323606684349385,-0.09032751116688152,0.661,-0.024644049038159914,0.006366300106048584,0.29970828247070314,0.03368497652166361,0.17101155486823602,0.5,0,-0.08955109032183024,0.26133906603511753,-0.16100000000000003,0.024644049038159914,-0.026055461363029123,0.018306103894968104,-0.17732048032786887,0.04018034057640468,0,0,0,0,0,0,0,0
0.12743465918883165,-0.06635986675578451,0.653,-0.02733185608623117,0.05410076141357422,0.3609573974609375,0.03368497652166361,0.17101155486823602,0.5,0,-0.09374968266716804,0.23737142162402053,-0.15300000000000002,0.02733185608623117,-0.04402106604432275,0.002904193080240619,-0.15552098028169015,0.03868878727526465,0,0,0,0,0,0,0,0
0.13735459958109367,-0.03671709256710989,0.644,-0.026406831582674144,0.1365921630859375,0.4485419921875,0.03368497652166361,0.17101155486823602,0.5,0,-0.10366962305943006,0.20772864743534591,-0.14400000000000002,0.026406831582674144,-0.08621227075973949,-0.06655837981989068,-0.1361216,0.021781709064889014,0,0,0,0,0,0,0,0
0.1509208643862141,-0.0021546412584520225,0.631,-0.02115339053417125,0.18973434448242188,0.5236290283203126,0.03368497652166361,0.17101155486823602,0.5,0,-0.1172358878645505,0.17316619612668804,-0.131,0.02115339053417125,-0.10402436366270437,-0.08612072003206207,-0.11318347101449273,-0.0016876575027978506,0,0,0,0,0,0,0,0
0.1672196024359541,0.0352452981565193,0.619,-0.015952309363228105,0.23256022644042967,0.5660447998046875,0.03368497652166361,0.17101155486823602,0.5,0,-0.1335346259142905,0.13576625671171672,-0.119,0.015952309363228105,-0.1369581515824635,-0.14401090663792437,-0.10139894098360652,-0.00962677836272179,0,0,0,0,0,0,0,0
0.18810878706341375,0.0760163901735241,0.607,-0.01123992038284343,0.3035424194335937,0.61648681640625,0.03368497652166361,0.17101155486823602,0.5,0,-0.15442381054175014,0.09499516469471192,-0.10699999999999998,0.01123992038284343,-0.15995157902801937,-0.1565509767101561,-0.10052013478260868,-0.009248727357959506,0,0,0,0,0,0,0,0
0.1829108951927091,0.11923195592794299,0.588,-0.010314895879286514,0.3267056884765625,0.7074439697265625,0.005667613784292587,-0.09159099229585689,0.5,0,-0.1772432814084165,-0.21082294822379988,-0.08799999999999997,0.010314895879286514,-0.19644119091331558,-1.8574728386411017,-0.03771010655737693,0.0057655950421213594,0,1,0.21041788691988572,0.1229315377626232,-0.5910000000000015,0.005667613784292587,-0.09159099229585689,0,-0.20913868956836557,-0.12509539814933202,0.5910000000000015,0.21480630335265816,0.033504405853475125,-0.5910000000000015
0.2060255472415038,0.16480522854244012,0.574,-0.010541788682045741,0.33965020751953123,0.6871390380859375,0.005667613784292587,-0.09159099229585689,0.5,0,-0.2003579334572112,-0.256396220838297,-0.07399999999999995,0.010541788682045741,-0.19278063751652902,-0.3536112248593715,-0.06604449999999994,0.011514186408156712,0,0,0,0,0,0,0,0
0.22443324150485322,0.20442270552737157,0.557,-0.01425933998879363,0.2698356018066406,0.5971398315429688,0.005667613784292587,-0.09159099229585689,0.5,0,-0.21876562772056063,-0.29601369782322845,-0.05700000000000005,0.01425933998879363,-0.1939207003170676,-0.37683315757681246,-0.02361983333333395,0.03284709652253307,0,0,0,0,0,0,0,0
0.24011933069696684,0.23987533690839044,0.543,-0.02052507200345326,0.22768470764160156,0.5350903930664063,0.005667613784292587,-0.09159099229585689,0.5,0,-0.23445171691267425,-0.33146632920424735,-0.04300000000000004,0.02052507200345326,-0.17298009053932634,-0.34095270752409246,-0.04188750000000001,0.04737820920913739,0,0,0,0,0,0,0,0
0.2546119591624759,0.2701674303288575,0.544,-0.023736477827122893,0.20801808166503907,0.458747314453125,0.005667613784292587,-0.09159099229585689,0.5,0,-0.24894434537818333,-0.36175842262471436,-0.04400000000000004,0.023736477827122893,-0.18510224048396695,-0.3528633633631548,-0.11869360491803285,0.039530276959924365,0,0,0,0,0,0,0,0
0.26534554106826524,0.2887489190665682,0.541,-0.025202554398798028,0.15434310913085938,0.2824651184082031,0.005667613784292587,-0.09159099229585689,0.5,0,-0.25967792728397265,-0.38033991136242506,-0.041000000000000036,0.025202554398798028,-0.16116428989313356,-0.2815206959623952,-0.09584290000000004,0.03148573970597718,0,0,0,0,0,0,0,0
0.2715494754176761,0.30569569186263285,0.549,-0.02689552377323261,0.08662361145019531,0.2564659423828125,0.005667613784292587,-0.09159099229585689,0.5,0,-0.2658818616333835,-0.3972866841584897,-0.049000000000000044,0.02689552377323261,-0.1469474936941024,-0.2961811853260796,-0.16420356666666677,0.03536037064540552,0,0,0,0,0,0,0,0
0.27468645048848467,0.3116344428134681,0.556,-0.028256880589788192,0.04464200973510742,0.090314453125,0.005667613784292587,-0.09159099229585689,0.5,0,-0.2690188367041921,-0.40322543510932496,-0.05600000000000005,0.028256880589788192,-0.1286554922176326,-0.23113567993590126,-0.15954711176470598,0.03426286654518046,0,0,0,0,0,0,0,0
0.274951373137327,0.30793752180766504,0.551,-0.02823942729726824,0.005538996696472168,-0.05531940460205078,0.005667613784292587,-0.09159099229585689,0.5,0,-0.2692837593530344,-0.3995285141035219,-0.051000000000000045,0.02823942729726824,-0.11430424533762994,-0.17809811127416394,-0.09160809354838716,0.02815497588184911,0,0,0,0,0,0,0,0
0.27235832502826285,0.2954712443689391,0.543,-0.026686084262993282,-0.03360030746459961,-0.18801785278320313,0.005667613784292587,-0.09159099229585689,0.5,0,-0.26669071124397026,-0.387062236664796,-0.04300000000000004,0.026686084262993282,-0.09891890908235114,-0.1315560217664253,-0.07430258028169018,0.020122662991408958,0,0,0,0,0,0,0,0
0.254043463923161,0.2544409266741713,0.534,-0.02499311488855881,-0.2582029724121094,-0.6225660400390625,0.005667613784292587,-0.09159099229585689,0.5,0,-0.24837585013886843,-0.34603191897002816,-0.03400000000000003,0.02499311488855881,-0.0009513584772664757,0.055233866055636904,-0.05675340000000001,0.01693135596268037,0,0,0,0,0,0,0,0
0.23433149549783813,0.20913590977470442,0.524,-0.023509585024363556,-0.278604248046875,-0.686752197265625,0.005667613784292587,-0.09159099229585689,0.5,0,-0.22866388171354554,-0.3007269020705613,-0.02400000000000002,0.023509585024363556,0.013148134294650643,0.09369478360077685,-0.045063246153846166,0.01666252411269315,0,0,0,0,0,0,0,0
0.2136839720682931,0.16165531078826953,0.513,-0.023596851486963322,-0.29288507080078124,-0.719292724609375,0.005667613784292587,-0.09159099229585689,0.5,0,-0.2080163582840005,-0.25324630308412643,-0.013000000000000012,0.023596851486963322,0.035673034313721375,0.1457601781675936,-0.02707394590163932,0.02402603081122447,0,0,0,0,0,0,0,0
0.19237148221145364,0.11432471126254917,0.493,-0.023317598806644184,-0.30284710693359373,-0.7173042602539063,0.005667613784292587,-0.09159099229585689,0.5,0,-0.18670386842716105,-0.20591570355840605,0.007000000000000006,0.023317598806644184,0.03429163909154158,0.1335046682509549,0.025860300000000044,0.022120801605276446,0,0,0,0,0,0,0,0
0.17086974876121944,0.06943135998331851,0.478,-0.024312436480280968,-0.3067376708984375,-0.680737060546875,0.005667613784292587,-0.09159099229585689,0.5,0,-0.16520213497692685,-0.16102235227917538,0.02200000000000002,0.024312436480280968,0.06174988499376438,0.17678492504889337,0.024060073770491852,0.029205080776855314,0,0,0,0,0,0,0,0
0.1421916382185572,0.026936878172159395,0.469,-0.027262042916151356,-0.41454888916015625,-0.6476863403320312,0.005667613784292587,-0.09159099229585689,0.5,0,-0.13652402443426462,-0.11852787046801629,0.031000000000000028,0.027262042916151356,0.09601332439766375,0.15283680307912545,-0.009588499999999972,0.03990321335559588,0,0,0,0,0,0,0,0
0.11231056004211028,-0.013821345542415184,0.461,-0.028029987787028858,-0.4313843994140625,-0.6233639526367187,0.005667613784292587,-0.09159099229585689,0.5,0,-0.10664294625781769,-0.07776964675344171,0.03899999999999998,0.028029987787028858,0.1418056143674285,0.19845314909425027,-0.0012878333333336614,0.031869712141416366,0,0,0,0,0,0,0,0
0.08364114670179827,-0.048662608643681146,0.454,-0.028309240467348055,-0.4152251892089844,-0.5344661254882812,0.005667613784292587,-0.09159099229585689,0.5,0,-0.07797353291750568,-0.042928383652175744,0.045999999999999985,0.028309240467348055,0.12720479035913684,0.15481889977504468,-0.006529853623188427,0.029523382555692392,1426000248140,0,0,0,0,0,0,0
0.05158640984563031,-0.08335525294114837,0.449,-0.028832839242946374,-0.4658985290527344,-0.533791015625,0.005667613784292587,-0.09159099229585689,0.5,0,-0.045918796061337724,-0.008235739354708518,0.05099999999999999,0.028832839242946374,0.18170020920563262,0.19448530921134527,-0.009037475409836085,0.031407915188511874,1426000248140,0,0,0,0,0,0,0
0.02413281631087193,-0.11285165755451727,0.446,-0.028344147052387848,-0.39887753295898437,-0.4541340026855469,0.005667613784292587,-0.09159099229585689,0.5,0,-0.018465202526579343,0.021260665258660383,0.05399999999999999,0.028344147052387848,0.1507510021870307,0.15981146926292003,-0.01973600869565221,0.02621939839778556,1426000248140,0,0,0,0,0,0,0
0.0010046679001651047,-0.13592939103223112,0.444,-0.02916445180082521,-0.336972412109375,-0.35585885620117186,0.005667613784292587,-0.09159099229585689,0.5,0,0.004662945884127482,0.04433839873637423,0.055999999999999994,0.02916445180082521,0.1557630531608342,0.15417116360613306,-0.02153639016393446,0.03319873744887781,1426000248140,0,0,0,0,0,0,0
-0.0172196819254495,-0.153381513912236,0.444,-0.03218387140677541,-0.2656153564453125,-0.2696419372558594,0.005667613784292587,-0.09159099229585689,0.5,0,0.022887295709742086,0.061790521616379115,0.055999999999999994,0.03218387140677541,0.12331050742760662,0.11778786793916282,-0.03261980000000004,0.04512424114656197,1426000248140,0,0,0,0,0,0,0
-0.03014502318692415,-0.1663867648119322,0.443,-0.03499385150248628,-0.18750241088867187,-0.2012164764404297,0.005667613784292587,-0.09159099229585689,0.5,-0.03218387140677541,0.035812636971216734,0.07479577251607532,0.056999999999999995,0.0028099800957108734,0.017906318485608367,0.03739788625803766,0.0456,0.0028099800957108734,1426000248140,0,0,0,0,0,0,0
-0.04286388129679483,-0.17756903509155406,0.442,-0.03914773512223273,-0.184797607421875,-0.17430622863769532,0.005667613784292587,-0.09159099229585689,0.5,-0.03218387140677541,0.048531495081087415,0.08597804279569717,0.057999999999999996,0.006963863715457319,0.0888151812062763,0.09977000708603914,0.051872663768115945,0.0250242272795723,1426000248530,0,0,0,0,0,0,0
-0.051883399445715114,-0.18721040788123655,0.441,-0.044401176170735725,-0.12952899169921875,-0.14980484008789063,0.005667613784292587,-0.09159099229585689,0.5,-0.03218387140677541,0.0575510132300077,0.09561941558537966,0.059,0.012217304763960317,0.07976130968645917,0.10235542113776686,0.05361116129032259,0.03763718080510385,1426000248592,0,0,0,0,0,0,0
-0.05653092483008742,-0.19662683854617913,0.442,-0.04663519761328847,-0.06337472534179688,-0.14420156860351563,0.005667613784292587,-0.09159099229585689,0.5,-0.03218387140677541,0.06219853861438,0.10503584625032224,0.057999999999999996,0.014451326206513064,0.05444960356589014,0.0997922104294412,0.04257199999999999,0.024025703817453406,0,0,0,0,0,0,0,0
-0.057378319284218014,-0.2035593883973927,0.441,-0.04815363406252352,-0.007849342346191406,-0.10446775054931641,0.005667613784292587,-0.09159099229585689,0.5,-0.03218387140677541,0.0630459330685106,0.11196839610153582,0.059,0.015969762655748114,0.03661663574669683,0.09668338720007524,0.054559333333333335,0.023561944901923364,0,0,0,0,0,0,0,0
-0.055141027994211896,-0.2079906969982671,0.445,-0.051993358416911085,0.036719985961914066,-0.06477719879150391,0.005667613784292587,-0.09159099229585689,0.5,-0.03218387140677541,0.06080864177850448,0.11639970470241022,0.05499999999999999,0.019809487010135678,0.019410965385146327,0.08069719016609692,0.025910999999999986,0.03626544852893952,0,0,0,0,0,0,0,0
-0.04882541942272659,-0.2146159811842304,0.443,-0.05750859885321306,0.09977084350585938,-0.09432164001464843,0.005667613784292587,-0.09159099229585689,0.5,-0.03218387140677541,0.054493033207019176,0.1230249888883735,0.056999999999999995,0.02532472744643765,-0.009368736630972457,0.1005745953328254,0.05951966666666668,0.05290092962794751,0,0,0,0,0,0,0,0
-0.041028942591560355,-0.22012242594215803,0.442,-0.06459463561631015,0.121501220703125,-0.07573836517333984,0.005667613784292587,-0.09159099229585689,0.5,-0.03218387140677541,0.04669655637585294,0.12853143364630115,0.057999999999999996,0.032410764209534745,-0.01652309625418586,0.09310972307945166,0.05419445882352941,0.06367269110555135,0,0,0,0,0,0,0,0
-0.030677105948280856,-0.22264782655516346,0.444,-0.0695862772770138,0.15739892578125,-0.027778884887695313,0.005667613784292587,-0.09159099229585689,0.5,-0.03218387140677541,0.036344719732573444,0.1310568342593066,0.055999999999999994,0.037402405870238395,-0.03998534348567885,0.08036797732872157,0.03650427741935483,0.061555510680094766,0,0,0,0,0,0,0,0
-0.018920715140402486,-0.22236661941344224,0.443,-0.07300712261092276,0.17562579345703125,0.016469249725341795,0.005667613784292587,-0.09159099229585689,0.5,-0.03218387140677541,0.024588328924695074,0.13077562711758534,0.056999999999999995,0.04082325120414736,-0.046190493596378356,0.0646565872051418,0.0539936,0.05548401692090005,0,0,0,0,0,0,0,0
-0.007660511600862661,-0.21840025528970106,0.443,-0.07600908892435301,0.16411338806152342,0.07165715026855468,0.005667613784292587,-0.09159099229585689,0.5,-0.03218387140677541,0.013328125385155248,0.12680926299384415,0.056999999999999995,0.043825217517577605,-0.058715165098840984,0.04101840235451687,0.0493356,0.05883504908472885,0,0,0,0,0,0,0,0
0.0034217030424103295,-0.21155195454985926,0.446,-0.07827801695194563,0.15795277404785157,0.11505098724365234,0.005667613784292587,-0.09159099229585689,0.5,-0.03218387140677541,0.0022459107418822573,0.11996096225400237,0.05399999999999999,0.04609414554517022,-0.054784334343236096,0.02607639172769908,0.03209080869565216,0.05595905001296418,0,0,0,0,0,0,0,0
0.014946709844260338,-0.20196729240378553,0.447,-0.07831292353698553,0.16110319519042968,0.15684819030761718,0.005667613784292587,-0.09159099229585689,0.5,-0.03218387140677541,-0.00927909605996775,0.11037630010792863,0.05299999999999999,0.046129052130210124,-0.06939898080374021,0.001983287608902623,0.0411916387096774,0.04629795496104838,0,0,0,0,0,0,0,0
0.02476093848169725,-0.19045792868078548,0.452,-0.0765326876999513,0.13325607299804687,0.18362826538085938,0.005667613784292587,-0.09159099229585689,0.5,-0.03218387140677541,-0.019093324697404664,0.09886693638492859,0.04799999999999999,0.044348816293175886,-0.059041066423396404,-0.007977042817641944,0.017805681159420262,0.03660866047998355,1426000249312,0,0,0,0,0,0,0
0.029986280144803132,-0.17608487887832416,0.456,-0.07415903991723898,0.06166667175292969,0.22095744323730468,0.005667613784292587,-0.09159099229585689,0.5,-0.03218387140677541,-0.024318666360510544,0.08449388658246727,0.043999999999999984,0.04197516851046357,-0.04186772102482886,-0.03919951450778406,0.017285580327868824,0.03030149089056692,1426000249312,0,0,0,0,0,0,0
0.033470116430035335,-0.1602194110036136,0.46,-0.06927211801165488,0.0344815673828125,0.24119973754882812,0.005667613784292587,-0.09159099229585689,0.5,-0.03218387140677541,-0.027802502645742747,0.0686284187077567,0.03999999999999998,0.03708824660487947,-0.030821751228213165,-0.04282525663264721,0.01760209014084504,0.01643928080663681,1426000249312,0,0,0,0,0,0,0
0.03428296947617765,-0.1421073345551212,0.465,-0.06583381938522602,-0.006641327381134033,0.2718735046386719,0.005667613784292587,-0.09159099229585689,0.5,-0.03218387140677541,-0.02861535569188506,0.05051634225926431,0.034999999999999976,0.03364994797845061,-0.018893229564208067,-0.08108595861607346,0.003865883050847417,0.016167073606778444,1426000249312,0,0,0,0,0,0,0
0.03666623391805427,-0.12471439461678097,0.468,-0.06183701539815904,0.01850827407836914,0.2626807250976563,0.005667613784292587,-0.09159099229585689,0.5,-0.03218387140677541,-0.030998620133761683,0.033123402320924075,0.03199999999999997,0.029653143991383635,-0.027200873432863627,-0.06927942059070422,0.016350899999999967,0.01252398404681088,1426000249312,0,0,0,0,0,0,0
0.03651593863298088,-0.1073299527756954,0.473,-0.057316612635493744,-0.018364875793457032,0.26012890625,0.005667613784292587,-0.09159099229585689,0.5,-0.03218387140677541,-0.030848324848688293,0.015738960479838512,0.027000000000000024,0.025132741228718336,-0.014351190079591594,-0.09240674251625705,-0.0016537666666663446,0.002530727415391839,1426000249633,0,0,0,0,0,0,0
0.0354796902794261,-0.0916927395845438,0.481,-0.05347688828110619,-0.02895492172241211,0.2332825927734375,0.005667613784292587,-0.09159099229585689,0.5,-0.03218387140677541,-0.029812076495133514,0.00010174728868690697,0.019000000000000017,0.02129301687433078,-0.009549415084848346,-0.07700209977148968,-0.018754100000000017,0.004837055355526965,1426000249703,0,0,0,0,0,0,0
0.03383548487044108,-0.07778394683714294,0.48,-0.050090949532237236,-0.03577949142456055,0.20701536560058595,0.005667613784292587,-0.09159099229585689,0.5,-0.03218387140677541,-0.02816787108614849,-0.013807045458713946,0.020000000000000018,0.01790707812546183,-0.00449177108810281,-0.08558340103782254,0.027905604918032807,0.0012549203441391196,1426000249764,0,0,0,0,0,0,0
0.031853633514906034,-0.06657371556975193,0.484,-0.04895648551844088,-0.03810992813110352,0.16645408630371095,0.005667613784292587,-0.09159099229585689,0.5,-0.03218387140677541,-0.026186019730613446,-0.02501727672610496,0.016000000000000014,0.016772614111665474,-0.0027519118587111934,-0.06910069962766137,-0.0015115352941176517,0.011767625815505087,1426000249832,0,0,0,0,0,0,0
0.029802651470909634,-0.05881620989825456,0.485,-0.04913101844364035,-0.03642229843139649,0.11471763610839844,0.005667613784292587,-0.09159099229585689,0.5,-0.03218387140677541,-0.024135037686617046,-0.03277478239760233,0.015000000000000013,0.016947147036864944,-0.0003639656245939156,-0.05909242379606119,0.012724538709677425,0.017791661191055932,1426000249894,0,0,0,0,0,0,0
0.028089261974050005,-0.05525725957121127,0.485,-0.05230751768227002,-0.028291597366333007,0.05205763626098633,0.005667613784292587,-0.09159099229585689,0.5,-0.03218387140677541,-0.022421648189757417,-0.03633373272464562,0.015000000000000013,0.020123646275494615,-0.0024097601118393246,-0.035157245095419495,0.01847320000000001,0.033934512530406226,1426000249963,0,0,0,0,0,0,0
0.02690683689732707,-0.05605838399986243,0.491,-0.05562364326105921,-0.017083831787109375,-0.012927753448486328,0.005667613784292587,-0.09159099229585689,0.5,-0.03218387140677541,-0.021239223113034483,-0.03553260829599446,0.009000000000000008,0.0234397718542838,-0.0037382034651492037,-0.012129095611475002,-0.020698129508196744,0.039748586176197837,1426000250024,0,0,0,0,0,0,0
0.02581313882248644,-0.06119672760091882,0.494,-0.05764822519337268,-0.012095108032226562,-0.07786801147460938,0.005667613784292587,-0.09159099229585689,0.5,-0.03218387140677541,-0.020145525038193852,-0.03039426469493807,0.006000000000000005,0.025464353786597275,-0.004521372098970946,0.01151390263482069,-0.003629900000000007,0.03414113349651216,1426000250094,0,0,0,0,0,0,0
0.01793394187408178,-0.06145723379611273,0.494,-0.059009582009928264,-0.1177664794921875,-0.010710654258728027,0.005667613784292587,-0.09159099229585689,0.5,-0.03218387140677541,-0.012266328089789193,-0.03013375849974416,0.006000000000000005,0.026825710603152857,0.03915076062190379,-0.012571236188207033,0.011406700000000006,0.03352090806162293,1426000250155,0,0,0,0,0,0,0
0.009379427151933736,-0.06686370013237294,0.496,-0.06019640590128437,-0.12331165313720703,-0.08852342224121093,0.005667613784292587,-0.09159099229585689,0.5,-0.03218387140677541,-0.003711813367641149,-0.024727292163483947,0.0040000000000000036,0.02801253449450896,0.04224757735052183,0.016447875004072653,-0.000460217647058829,0.03324852225049177,1426000250223,0,0,0,0,0,0,0
-0.0006228364993525558,-0.07266382427351253,0.495,-0.06173229564303943,-0.14452816772460939,-0.09587033081054687,0.005667613784292587,-0.09159099229585689,0.5,-0.03218387140677541,0.0062904502836451425,-0.018927168022344357,0.0050000000000000044,0.02954842423626402,0.06061199321263958,0.024788392051803283,0.016402104918032796,0.03710198034325611,1426000250284,0,0,0,0,0,0,0
-0.010886055223739814,-0.0821294609736994,0.496,-0.06401867696315197,-0.14489556884765625,-0.15121163940429688,0.005667613784292587,-0.09159099229585689,0.5,-0.03218387140677541,0.0165536690080324,-0.00946153132215749,0.0040000000000000036,0.031834805556376564,0.060424792386706304,0.04424938033931353,0.004819536231884057,0.041775593904691974,1426000250353,0,0,0,0,0,0,0
-0.02156071509952689,-0.09114967148460071,0.491,-0.06592108584782577,-0.15113587951660157,-0.1452696533203125,0.005667613784292587,-0.09159099229585689,0.5,-0.03218387140677541,0.02722832888381948,-0.0004413208112561823,0.009000000000000008,0.033737214441050364,0.07496697494914627,0.052500423395312364,0.042635424590163964,0.04309332370993791,1426000250414,0,0,0,0,0,0,0
-0.03245644482325869,-0.10269188054022625,0.485,-0.07021459580773184,-0.15167610168457032,-0.18352316284179687,0.005667613784292587,-0.09159099229585689,0.5,-0.03218387140677541,0.038124058607551276,0.011100888244369361,0.015000000000000013,0.03803072440095644,0.07290520313352979,0.06342231699818128,0.04843086478873243,0.05617231578084125,1426000250485,0,0,0,0,0,0,0
-0.041059177737252046,-0.11692509907741784,0.483,-0.07721336610822913,-0.11374465179443359,-0.22202532958984375,0.005667613784292587,-0.09159099229585689,0.5,-0.03218387140677541,0.04672679152154463,0.02533410678156095,0.017000000000000015,0.04502949470145372,0.0737058706218636,0.0966830212099715,0.03222206666666669,0.08002334620394012,1426000250545,0,0,0,0,0,0,0
-0.047179921803177635,-0.13064840160909588,0.476,-0.08208283472129327,-0.07565906524658203,-0.21231822204589842,0.005667613784292587,-0.09159099229585689,0.5,-0.03218387140677541,0.05284753558747022,0.03905740931323899,0.02400000000000002,0.04989896331451786,0.05766735129773871,0.09015546882544968,0.061828246376811634,0.07107056598001413,1426000250614,0,0,0,0,0,0,0
-0.050821257172805875,-0.14334158175422002,0.47,-0.08424704299376627,-0.03882529067993164,-0.1942349853515625,0.005667613784292587,-0.09159099229585689,0.5,-0.03218387140677541,0.05648887095709846,0.051750589458363125,0.030000000000000027,0.052063171586990864,0.04936813254404115,0.09975239403090558,0.06573022950819676,0.06270681882866137,1426000250675,0,0,0,0,0,0,0
-0.052394536528691915,-0.15451284319883296,0.471,-0.08470082859928478,-0.009414999008178711,-0.16896041870117187,0.005667613784292587,-0.09159099229585689,0.5,-0.03218387140677541,0.0580621503129845,0.06292185090297607,0.029000000000000026,0.05251695719250937,0.03728232977703416,0.08921753760812996,0.025631636231884077,0.054489938086068106,1426000250744,0,0,0,0,0,0,0
-0.052678147607504625,-0.16327423559772944,0.469,-0.08283332629965083,0.0068792376518249515,-0.1313096466064453,0.005667613784292587,-0.09159099229585689,0.5,-0.03218387140677541,0.05834576139179721,0.07168324330187255,0.031000000000000028,0.05064945489287542,0.031106600382745056,0.08724642592000603,0.04396860983606561,0.04146501735369206,1426000250805,0,0,0,0,0,0,0
-0.05273681415061784,-0.16932962391421744,0.471,-0.08127998326537587,0.006638237476348877,-0.09059220123291016,0.005667613784292587,-0.09159099229585689,0.5,-0.03218387140677541,0.05840442793491042,0.07773863161836055,0.029000000000000026,0.049096111858600466,0.029839325385291132,0.06990953603623988,0.021239945070422553,0.04253269058701614,1426000250876,0,0,0,0,0,0,0
-0.053505188196553276,-0.17280808525236607,0.473,-0.08126252997285592,-0.007251288890838623,-0.052940433502197265,0.005667613784292587,-0.09159099229585689,0.5,-0.03218387140677541,0.05917280198084586,0.08121709295650918,0.027000000000000024,0.04907865856608051,0.03452737421251559,0.06248111914621403,0.017793993220338995,0.04898991301089431,1426000250935,0,0,0,0,0,0,0
-0.05413559321150504,-0.183330652288646,0.465,-0.08162904911577477,0.003387373924255371,-0.15808522033691405,0.005667613784292587,-0.09159099229585689,0.5,-0.03218387140677541,0.05980320699579762,0.09173965999278912,0.034999999999999976,0.049445177708999366,0.03352339641044398,0.10054610292729042,0.07687961014492727,0.0510387391999509,1426000251004,0,0,0,0,0,0,0
-0.05687003572896085,-0.190916551064052,0.466,-0.08093091741497703,-0.031601926803588865,-0.11675402069091798,0.005667613784292587,-0.09159099229585689,0.5,-0.03218387140677541,0.06253764951325344,0.09932555876819511,0.033999999999999975,0.04874704600820162,0.04742048331827778,0.0945499495780868,0.02996959508196719,0.04531361141411436,1426000251065,0,0,0,0,0,0,0
-0.0615183621427601,-0.19653955124100178,0.467,-0.08374089751068785,-0.06267800903320313,-0.08970567321777344,0.005667613784292587,-0.09159099229585689,0.5,-0.03218387140677541,0.0671859759270527,0.10494855894514489,0.032999999999999974,0.05155702610391244,0.05802611819111386,0.08284907865077529,0.029984641176470567,0.06395399711440133,0,0,0,0,0,0,0,0
-0.06657152409100006,-0.19846426708406745,0.461,-0.08993681635526778,-0.07311698150634766,-0.0351094970703125,0.005667613784292587,-0.09159099229585689,0.5,-0.03218387140677541,0.07223913787529265,0.10687327478821056,0.03899999999999998,0.05775294494849237,0.06474612227397145,0.06562971985475716,0.07351073333333336,0.08725732039887298,0,0,0,0,0,0,0,0
-0.07028196799256221,-0.1984415217757205,0.465,-0.09606292202976778,-0.05546236038208008,-0.004659036636352539,0.005667613784292587,-0.09159099229585689,0.5,-0.03218387140677541,0.0759495817768548,0.1068505294798636,0.034999999999999976,0.06387905062299237,0.05740171975581289,0.05488383351863101,0.0169290449275362,0.09051429268603586,0,0,0,0,0,0,0,0
-0.07144291264180759,-0.19499244236714633,0.464,-0.10147344271095027,-0.022296171188354492,0.04982737731933594,0.005667613784292587,-0.09159099229585689,0.5,-0.03218387140677541,0.07711052642610018,0.10340145007128944,0.035999999999999976,0.06928957130417486,0.04586929507079378,0.03354794356611032,0.04397620491803277,0.09589868940835103,0,0,0,0,0,0,0,0
-0.06867258748363521,-0.19069132538298034,0.472,-0.10578440596337634,0.03480561065673828,0.06839436340332031,0.005667613784292587,-0.09159099229585689,0.5,-0.03218387140677541,0.0743402012679278,0.09910033308712345,0.028000000000000025,0.07360053455660093,0.02402338701819418,0.029750970271619975,-0.00796549999999973,0.09207609135271264,1426000251396,0,0,0,0,0,0,0
