0,0,0.734,0,-0.02047099494934082,-0.007376451969146728,0,0,1,0,0,0,0.266,0,0,0,0.21280000000000002,0,0,0,0,0,0,0,0,0
-0.0006386543273925781,0.0007524523417154948,0.73,0.0008726646259971382,-0.009579814910888673,0.011286785125732422,0,0,1,0,0.0006386543273925781,-0.0007524523417154948,0.27,-0.0008726646259971382,0.003758650205738361,-0.004428381720270988,0.2392934615384616,-0.004900347515214699,0,0,0,0,0,0,0,0
-0.0015198124835415195,0.002238347897563316,0.73,0.00006981317007972998,-0.013197916984558106,0.02229995918273926,0,0,1,0,0.0015198124835415195,-0.002238347897563316,0.27,-0.00006981317007972998,0.005506007009076782,-0.009122094038886995,0.21951000000000004,0.0036356550880006153,0,0,0,0,0,0,0,0
-0.0023652874596385327,0.0030775464960852723,0.731,0.0004712388980384341,-0.012681245803833008,0.01258886432647705,0,0,1,0,0.0023652874596385327,-0.0030775464960852723,0.269,-0.0004712388980384341,0.005602291798739176,-0.005926652500211509,0.2152884194029851,-0.0022686675306893478,0,0,0,0,0,0,0,0
-0.003271084297006728,0.002885530304397833,0.732,0.0008726646259971382,-0.013588308334350586,-0.0028738398551940918,0,0,1,0,0.003271084297006728,-0.002885530304397833,0.268,-0.0008726646259971382,0.006672795329681071,-0.00038183239211282325,0.21584514444444447,-0.002784215711514777,0,0,0,0,0,0,0,0
-0.0032756475816947536,0.0018147739613424457,0.736,0.0010297442586766348,-0.00008246541023254394,-0.016061279296875,0,0,1,0,0.0032756475816947536,-0.0018147739613424457,0.264,-0.0010297442586766348,0.001669233484365429,0.0047638447424992415,0.1987309787878788,-0.0017437425890379826,0,0,0,0,0,0,0,0
-0.0020476573083632824,0.0013725361979063848,0.741,0.0010297442586766348,0.018413013458251953,-0.006652530670166016,0,0,1,0,0.0020476573083632824,-0.0013725361979063848,0.259,-0.0010297442586766348,-0.005579885229970516,0.001687098405959716,0.1907035230769231,-0.0010297442586766348,0,0,0,0,0,0,0,0
0.0011960707795723269,-0.0001799191948593055,0.745,-0.0008726646259971937,0.04863191604614258,-0.02333692169189453,0,0,1,0,-0.0011960707795723269,0.0001799191948593055,0.255,0.0008726646259971937,-0.018056499567813477,0.00844153797697876,0.19454563846153844,0.009653013324491786,0,0,0,0,0,0,0,0
0.007237008604351789,-0.0016157432369027815,0.752,-0.0012740903539558701,0.09063282775878906,-0.021458276748657225,0,0,1,0,-0.007237008604351789,0.0016157432369027815,0.248,0.0012740903539558701,-0.035650793083602396,0.00841535960149761,0.1749996878787879,0.003098752753768035,0,0,0,0,0,0,0,0
0.011794555096986542,-0.003643423809684106,0.759,-0.0001570796326795243,0.06840189361572266,-0.030328083038330077,0,0,1,0,-0.011794555096986542,0.003643423809684106,0.241,0.0001570796326795243,-0.030825920883250705,0.012906191406748329,0.16978204999999996,-0.005078908123303347,0,0,0,0,0,0,0,0
0.018009203548127597,-0.005554254281083093,0.769,0.0005759586531581262,0.09322422790527343,-0.02864781379699707,0,0,1,0,-0.018009203548127597,0.005554254281083093,0.23099999999999998,-0.0005759586531581262,-0.0424843603695215,0.013065425929019511,0.1477186461538461,-0.003959212280101128,0,0,0,0,0,0,0,0
0.02722551891763242,-0.008726611538479475,0.777,0.00012217304763958992,0.13821730041503907,-0.04766497421264648,0,0,1,0,-0.02722551891763242,0.008726611538479475,0.22299999999999998,-0.00012217304763958992,-0.06252139492353725,0.02119138363565736,0.15421235757575755,0.0019404887956264842,0,0,0,0,0,0,0,0
0.03583227863788726,-0.013514350953702962,0.789,-0.0008203047484373338,0.12909262084960937,-0.07183186340332032,0,0,1,0,-0.03583227863788726,0.013514350953702962,0.21099999999999997,0.0008203047484373338,-0.06504152497536858,0.0329537457868718,0.12276199999999991,0.005238169417547914,0,0,0,0,0,0,0,0
0.044891922215194835,-0.019067447433376124,0.797,-0.0004886921905584152,0.1359629364013672,-0.08318494415283204,0,0,1,0,-0.044891922215194835,0.019067447433376124,0.20299999999999996,0.0004886921905584152,-0.06916417446359757,0.0381424241975715,0.14219092941176464,-0.0009743043883191668,0,0,0,0,0,0,0,0
0.057099545139701155,-0.024075302330574873,0.802,-0.0004712388980384896,0.18315103149414064,-0.07502832794189453,0,0,1,0,-0.057099545139701155,0.024075302330574873,0.19799999999999995,0.0004712388980384896,-0.09649356758504465,0.039900820948575874,0.1528370222222222,0.00038812798127693936,0,0,0,0,0,0,0,0
0.0680169768139484,-0.029096727717077293,0.808,-0.0007504915783575762,0.1637969512939453,-0.07524420166015625,0,0,1,0,-0.0680169768139484,0.029096727717077293,0.19199999999999995,0.0007504915783575762,-0.09296253765236792,0.04164747480815377,0.14475510769230765,0.0020393501029072063,0,0,0,0,0,0,0,0
0.07647782666723903,-0.03597427695965459,0.815,-0.0005934119456780796,0.12699013519287108,-0.10306796264648438,0,0,1,0,-0.07647782666723903,0.03597427695965459,0.18500000000000005,0.0005934119456780796,-0.08401492489965745,0.055104145780638616,0.13497299230769294,-0.00013157097438113515,0,0,0,0,0,0,0,0
0.08452370621740354,-0.044456285334670345,0.823,0.0007853981633974271,0.120763671875,-0.12715848541259767,0,0,1,0,-0.08452370621740354,0.044456285334670345,0.17700000000000005,-0.0007853981633974271,-0.08520277110294792,0.06732188109970112,0.1250092575757576,-0.007052716841013366,0,0,0,0,0,0,0,0
0.09286073449242774,-0.050863992151182855,0.833,0.0030368728984701276,0.12497989654541015,-0.09621379089355468,0,0,1,0,-0.09286073449242774,0.050863992151182855,0.16700000000000004,-0.0030368728984701276,-0.09097654383584453,0.05955922072041147,0.10750539696969696,-0.0132708489669824,0,0,0,0,0,0,0,0
0.09988214226637879,-0.05504819677843403,0.841,0.0034557519189487573,0.10513002777099609,-0.06308262634277344,0,0,1,0,-0.09988214226637879,0.05504819677843403,0.15900000000000003,-0.0034557519189487573,-0.08873798247799158,0.05058865951435547,0.11140330000000001,-0.005419247327442334,0,0,0,0,0,0,0,0
0.10430430264250815,-0.05794595534461647,0.851,0.0004712388980384341,0.06618180084228516,-0.04369534683227539,0,0,1,0,-0.10430430264250815,0.05794595534461647,0.14900000000000002,-0.0004712388980384341,-0.07643016949352179,0.04479614996950776,0.09427564615384615,0.013303436583086133,0,0,0,0,0,0,0,0
0.10696308330295792,-0.06112773805539763,0.861,-0.003054326190990081,0.03985921478271484,-0.047745529174804686,0,0,1,0,-0.10696308330295792,0.06112773805539763,0.139,0.003054326190990081,-0.06833396428192662,0.04795613513324289,0.08717914615384614,0.01932616506342938,0,0,0,0,0,0,0,0
0.1093307817194914,-0.0640384946461964,0.869,-0.005148721293383313,0.03564866638183594,-0.043552669525146484,0,0,1,0,-0.1093307817194914,0.0640384946461964,0.131,0.005148721293383313,-0.06802151256953096,0.0479937670348725,0.0923998769230769,0.01481516022750592,0,0,0,0,0,0,0,0
0.11101975286563975,-0.06537685316432539,0.877,-0.007208209810736582,0.025437593460083008,-0.019944671630859376,0,0,1,0,-0.11101975286563975,0.06537685316432539,0.123,0.007208209810736582,-0.06476070139651756,0.039823526694893294,0.08934578985507244,0.016162507712272536,0,0,0,0,0,0,0,0
0.11256126425211932,-0.06536166657821628,0.887,-0.008447393579652546,0.02312042808532715,0.00039446449279785154,0,0,1,0,-0.11256126425211932,0.06536166657821628,0.11299999999999999,0.008447393579652546,-0.0658776119801277,0.0329798927766865,0.06523775081967208,0.014541739984157285,0,0,0,0,0,0,0,0
0.11474789252814505,-0.06487881447889922,0.894,-0.008866272600131203,0.032737071990966794,0.007519589424133301,0,0,1,0,-0.11474789252814505,0.06487881447889922,0.10599999999999998,0.008866272600131203,-0.06997492704039965,0.030267801263769118,0.08001149230769228,0.010799560386955776,0,0,0,0,0,0,0,0
0.11496133529620786,-0.06538044731320045,0.903,-0.009721483933608416,0.0032682290077209472,-0.007495810508728027,0,0,1,0,-0.11496133529620786,0.06538044731320045,0.09699999999999998,0.009721483933608416,-0.0595152641172032,0.03582191573991731,0.06341672727272724,0.013608808176686655,0,0,0,0,0,0,0,0
0.1123060223385804,-0.06391923692490341,0.911,-0.011187560505283661,-0.040040885925292966,0.02152992248535156,0,0,1,0,-0.1123060223385804,0.06391923692490341,0.08899999999999997,0.011187560505283661,-0.042830874083300385,0.02460462799149155,0.06224557692307686,0.01795406775916941,0,0,0,0,0,0,0,0
0.1077958232979282,-0.061116268576469505,0.916,-0.012182398178920445,-0.0681191177368164,0.041285037994384766,0,0,1,0,-0.1077958232979282,0.061116268576469505,0.08399999999999996,0.012182398178920445,-0.03138509551005486,0.016469775684774042,0.07576589701492532,0.016636895225055296,0,0,0,0,0,0,0,0
0.10361062684617268,-0.058392766032832215,0.922,-0.012601277199399047,-0.06327095794677734,0.040084739685058594,0,0,1,0,-0.10361062684617268,0.058392766032832215,0.07799999999999996,0.012601277199399047,-0.031059691122281137,0.015562267442000594,0.0662646164179104,0.014476854903034578,0,0,0,0,0,0,0,0
0.09912149232043287,-0.055770504107459984,0.924,-0.013857914260834965,-0.06782731628417969,0.038482295989990235,0,0,1,0,-0.09912149232043287,0.055770504107459984,0.07599999999999996,0.013857914260834965,-0.02498122526269987,0.013466643434869292,0.08499609016393438,0.02003809653019194,1427125028018,0,0,0,0,0,0,0
0.09383268800710293,-0.05429231732041254,0.929,-0.015777776438028773,-0.07963170623779296,0.02107133102416992,0,0,1,0,-0.09383268800710293,0.05429231732041254,0.07099999999999995,0.015777776438028773,-0.02010939238578168,0.01997027879110384,0.06642494848484844,0.024504422698000627,1427125028018,0,0,0,0,0,0,0
0.08870686675659495,-0.05304486907677393,0.932,-0.01572541656046897,-0.07717296600341797,0.017496334075927735,0,0,1,0,-0.08870686675659495,0.05304486907677393,0.06799999999999995,0.01572541656046897,-0.017618108731922454,0.020397390128346574,0.07456904999999996,0.015479979634407386,1427125028018,0,0,0,0,0,0,0
0.08445960813086102,-0.05206991833879196,0.939,-0.01596976265574815,-0.06393096542358398,0.013620645523071288,0,0,1,0,-0.08445960813086102,0.05206991833879196,0.061000000000000054,0.01596976265574815,-0.021395730394742934,0.02167375794385186,0.04921683582089613,0.01706384964953552,1427125028018,0,0,0,0,0,0,0
0.08051291434269689,-0.050574362182808474,0.941,-0.017645278737662723,-0.059551097869873046,0.021485105514526367,0,0,1,0,-0.08051291434269689,0.050574362182808474,0.05900000000000005,0.017645278737662723,-0.02007760203729333,0.01787255097281182,0.07362410000000005,0.02549926037163729,1427125028018,0,0,0,0,0,0,0
0.07536098857541576,-0.050098878915827684,0.942,-0.018657569703819404,-0.0773927001953125,0.00576760196685791,0,0,1,-0.017645278737662723,-0.07536098857541576,0.050098878915827684,0.05800000000000005,0.0010122909661566815,-0.03768049428770788,0.025049439457913842,0.046400000000000045,0.0010122909661566815,1427125028018,0,0,0,0,0,0,0
0.07149436447208198,-0.04847382249985254,0.94,-0.021327923459370707,-0.05844403457641602,0.023289539337158202,0,0,1,-0.017645278737662723,-0.07149436447208198,0.04847382249985254,0.06000000000000005,0.003682644721707984,-0.01497336993961208,0.015518115456223482,0.059159230769230825,0.016007354362713992,1427125028409,0,0,0,0,0,0,0
0.06631723286972495,-0.04672733072125113,0.943,-0.024033183799961916,-0.07819800567626953,0.024535282135009766,0,0,1,-0.017645278737662723,-0.06631723286972495,0.04672733072125113,0.05700000000000005,0.006387905062299193,-0.005371331498904508,0.014021359610057856,0.030206653846153876,0.018873722018874002,1427125028474,0,0,0,0,0,0,0
0.06247400291226682,-0.047029923451694204,0.948,-0.027070056698432016,-0.05752272796630859,-0.005922922611236572,0,0,1,-0.017645278737662723,-0.06247400291226682,0.047029923451694204,0.052000000000000046,0.009424777960769293,-0.01129186217172478,0.025189060817512786,0.016589497014925396,0.023022716312127947,1427125028541,0,0,0,0,0,0,0
0.06140991153919289,-0.04909635141280573,0.947,-0.029251718263425014,-0.015116550445556641,-0.031417085647583005,0,0,1,-0.017645278737662723,-0.06140991153919289,0.04909635141280573,0.05300000000000005,0.011606439525762291,-0.025146584554229925,0.03580039892372807,0.04923801538461543,0.021675646748806898,1427125028606,0,0,0,0,0,0,0
0.06085306596264014,-0.05194258739652724,0.949,-0.02977531703902328,-0.007100429058074951,-0.04291957092285156,0,0,1,-0.017645278737662723,-0.06085306596264014,0.05194258739652724,0.051000000000000045,0.012130038301360557,-0.02763903977855869,0.04145624587298878,0.031815669230769256,0.014546648034891016,1427125028671,0,0,0,0,0,0,0
0.059457054106584716,-0.055334405374449704,0.953,-0.03087487446777973,-0.01941623306274414,-0.05147812652587891,0,0,1,-0.017645278737662723,-0.059457054106584716,0.055334405374449704,0.04700000000000004,0.013229595730117009,-0.02234304578571706,0.046410687381960386,0.01781070000000002,0.018383771177412876,1427125028735,0,0,0,0,0,0,0
0.06085778666729532,-0.0590368359265004,0.952,-0.03265511030481391,0.022715383529663086,-0.05486138153076172,0,0,1,-0.017645278737662723,-0.06085778666729532,0.0590368359265004,0.04800000000000004,0.015009831567151188,-0.038259815561343224,0.0496874365456167,0.04618231538461543,0.023226304661155092,1427125028800,0,0,0,0,0,0,0
0.06378048232992452,-0.0613299482531168,0.963,-0.03434807967924844,0.04494009017944336,-0.03294698715209961,0,0,1,-0.017645278737662723,-0.06378048232992452,0.0613299482531168,0.03700000000000003,0.016702800941585716,-0.047265414523334895,0.04274231659674981,-0.024368347058823535,0.02417178347585569,1427125028868,0,0,0,0,0,0,0
0.0662775833999826,-0.0637656148179808,0.957,-0.03497639820996637,0.03868908309936524,-0.03522714233398438,0,0,1,-0.017645278737662723,-0.0662775833999826,0.0637656148179808,0.04300000000000004,0.017331119472303647,-0.04760830895996018,0.04594663113441722,0.07118686774193556,0.020371370427390408,1427125028930,0,0,0,0,0,0,0
0.06908425296858119,-0.0652070639272952,0.955,-0.035273104182805465,0.04283039093017578,-0.02013630485534668,0,0,1,-0.017645278737662723,-0.06908425296858119,0.0652070639272952,0.04500000000000004,0.017627825445142742,-0.0500728463485818,0.04072165872267829,0.04997763076923081,0.01899723762747703,1427125028995,0,0,0,0,0,0,0
0.07144074333281318,-0.06510229526497004,0.956,-0.03645992807416157,0.035269947052001954,0.0028171048164367675,0,0,1,-0.017645278737662723,-0.07144074333281318,0.06510229526497004,0.04400000000000004,0.018814649336498845,-0.048873486144197884,0.03238580288230193,0.03330978461538464,0.024292298065834706,1427125029060,0,0,0,0,0,0,0
0.07341379897729672,-0.06483711941027039,0.953,-0.03869394951671426,0.02943117332458496,0.005053817272186279,0,0,1,-0.017645278737662723,-0.07341379897729672,0.06483711941027039,0.04700000000000004,0.021048670779051537,-0.04768284667708434,0.03145391081164029,0.05731369090909096,0.03120331369974559,1427125029126,0,0,0,0,0,0,0
0.07566256492299356,-0.06512071987014655,0.958,-0.040212385965949365,0.03387080383300781,-0.0029459438323974608,0,0,1,-0.017645278737662723,-0.07566256492299356,0.06512071987014655,0.04200000000000004,0.022567107228286643,-0.0503192670249737,0.03454886814247348,0.011166648484848503,0.02946909108844621,1427125029192,0,0,0,0,0,0,0
0.07705302542874143,-0.06429141137314882,0.962,-0.04054399852382831,0.020339954376220704,0.013268051147460937,0,0,1,-0.017645278737662723,-0.07705302542874143,0.06429141137314882,0.038000000000000034,0.02289871978616559,-0.04674261815047775,0.028136137721620547,0.012850000000000014,0.02445315365122315,1427125029256,0,0,0,0,0,0,0
0.07630846181236071,-0.06264368113665135,0.965,-0.04279547325890096,-0.01216108512878418,0.02424295234680176,0,0,1,-0.017645278737662723,-0.07630846181236071,0.06264368113665135,0.03500000000000003,0.025150194521238234,-0.0348066672480683,0.023015878257926677,0.01639865384615386,0.03554161637541967,1427125029321,0,0,0,0,0,0,0
0.07350666162116486,-0.05965671926253919,0.967,-0.045553093477052026,-0.043905364990234376,0.04296538925170899,0,0,1,-0.017645278737662723,-0.07350666162116486,0.05965671926253919,0.03300000000000003,0.027907814739389303,-0.022376118771981056,0.01434992690892755,0.02039776923076925,0.04063529266931731,1427125029386,0,0,0,0,0,0,0
0.07047376097792978,-0.05610247794397086,0.969,-0.04546582701445231,-0.04787407684326172,0.05118666076660156,0,0,1,-0.017645278737662723,-0.07047376097792978,0.05610247794397086,0.031000000000000028,0.027820548276789585,-0.01966108934555719,0.009554691236312203,0.01899926923076925,0.027417779987867808,1427125029451,0,0,0,0,0,0,0
0.0664659394137048,-0.05169320185491543,0.969,-0.0450120414089338,-0.06306123352050781,0.06333845138549804,0,0,1,-0.017645278737662723,-0.0664659394137048,0.05169320185491543,0.031000000000000028,0.027366762671271076,-0.01309633290077251,0.003489378313127494,0.02997620000000003,0.025334886825665814,1427125029518,0,0,0,0,0,0,0
0.0625356645430464,-0.048524742129079194,0.97,-0.04687954370856774,-0.061032970428466796,0.04482600784301758,0,0,1,-0.017645278737662723,-0.0625356645430464,0.048524742129079194,0.030000000000000027,0.02923426497090502,-0.01027211384721171,0.007366696813825652,0.02380964444444447,0.038127133064399986,1427125029581,0,0,0,0,0,0,0
0.05828722550683088,-0.044997200139084106,0.974,-0.04899139210348082,-0.0661362075805664,0.04986861801147461,0,0,1,-0.017645278737662723,-0.05828722550683088,0.044997200139084106,0.026000000000000023,0.0313461133658181,-0.007491623340857297,0.004528515935187671,0.0051246787878787975,0.04094542425178665,1427125029647,0,0,0,0,0,0,0
0.055543445508554445,-0.04091066145816129,0.976,-0.04885176576332131,-0.04410919570922851,0.05920901489257813,0,0,1,-0.017645278737662723,-0.055543445508554445,0.04091066145816129,0.02400000000000002,0.031206487025658584,-0.013679835230898071,-0.0011301669250814092,0.013952900000000015,0.030551988556160856,1427125029711,0,0,0,0,0,0,0
0.05283261846551614,-0.03691691685550685,0.972,-0.049427724416479434,-0.04353925323486328,0.05784906005859375,0,0,1,-0.017645278737662723,-0.05283261846551614,0.03691691685550685,0.028000000000000025,0.03178244567881671,-0.012988740147634233,-0.0019333643004275473,0.04948732121212125,0.034400439556808195,1427125029777,0,0,0,0,0,0,0
0.05007993480156272,-0.034933318160684526,0.973,-0.049846603436958035,-0.04270989990234375,0.027677589416503907,0,0,1,-0.017645278737662723,-0.05007993480156272,0.034933318160684526,0.027000000000000024,0.03220132469929531,-0.011423484143531271,0.007757757004893435,0.022350369696969723,0.03410532024692532,1427125029843,0,0,0,0,0,0,0
0.04966048488122012,-0.03346363770637469,0.973,-0.05057964172279568,-0.007382357597351074,0.02170433235168457,0,0,1,-0.017645278737662723,-0.04966048488122012,0.03346363770637469,0.027000000000000024,0.032934362985132956,-0.023549240026411844,0.009526102509057818,0.02782620000000003,0.03637047994999691,1427125029907,0,0,0,0,0,0,0
0.05028716188603058,-0.030681278426694793,0.973,-0.05092870757319458,0.0072780723571777345,0.04215726852416992,0,0,1,-0.017645278737662723,-0.05028716188603058,0.030681278426694793,0.027000000000000024,0.033283428835531856,-0.02956354657720364,0.0012102461018103621,0.02800170000000003,0.03489450199121909,1427125029972,0,0,0,0,0,0,0
0.05174950796184433,-0.026507236353004955,0.973,-0.05122541354603357,0.018719449996948242,0.06364609909057617,0,0,1,-0.017645278737662723,-0.05174950796184433,0.026507236353004955,0.027000000000000024,0.03358013480837085,-0.034709325202636004,-0.008012417179050468,0.02817990000000003,0.03492879832127535,1427125030038,0,0,0,0,0,0,0
0.05467356784252297,-0.024012853560111704,0.974,-0.051312680008633274,0.04188756561279297,0.03961247253417969,0,0,1,-0.017645278737662723,-0.05467356784252297,0.024012853560111704,0.026000000000000023,0.03366740127097055,-0.04419696522755405,-0.0005402205795152527,0.02216428461538464,0.03407016955989226,1427125030103,0,0,0,0,0,0,0
0.05805778390194759,-0.021636583283731706,0.977,-0.051871185369271454,0.048868236541748045,0.038200794219970705,0,0,1,-0.017645278737662723,-0.05805778390194759,0.021636583283731706,0.02300000000000002,0.03422590663160873,-0.04786177476237641,-0.0006959194352170305,0.009631358208955235,0.036726676903122965,1427125030170,0,0,0,0,0,0,0
0.06072611338059976,-0.01830226866956135,0.981,-0.05213298475707064,0.03737794876098633,0.05202265930175781,0,0,1,-0.017645278737662723,-0.06072611338059976,0.01830226866956135,0.019000000000000017,0.03448770601940792,-0.046379509003376417,-0.008462164201719809,4.777777777784098e-7,0.03573436977083263,1427125030233,0,0,0,0,0,0,0
0.06314491185872166,-0.014667661594931684,0.984,-0.05113814708343386,0.03339172744750977,0.05633566665649414,0,0,1,-0.017645278737662723,-0.06314491185872166,0.014667661594931684,0.016000000000000014,0.033492868345771136,-0.045830199273546285,-0.011316924851356564,0.003772853846153855,0.028901309852062903,1427125030298,0,0,0,0,0,0,0
0.06660814414328524,-0.01289470328395285,0.988,-0.049549897464118996,0.05052117919921875,0.02921500015258789,2.5,0,1,0,2.4333918558567147,0.01289470328395285,0.01200000000000001,0.049549897464118996,1.2166959279283573,0.006447351641976425,0.00960000000000001,0.049549897464118996,0,0,0,0,0,0,0,0
0.0703141596166491,-0.009747300568001233,0.988,-0.05035274892003641,0.053183658599853516,0.04990645980834961,2.5,0,1,0,2.429685840383351,0.009747300568001233,0.01200000000000001,0.05035274892003641,1.1977207742088258,-0.011084710318941746,0.00968280000000001,0.05384340742402517,0,0,0,0,0,0,0,0
0.070032265003721,-0.005185033688216871,0.99,-0.048450340035362666,-0.007667444229125977,0.06813444519042969,2.5,0,1,0,2.429967734996279,0.005185033688216871,0.010000000000000009,0.048450340035362666,1.2197577238253634,-0.0219634396762104,-0.0026214307692307703,0.03966999133686846,0,0,0,0,0,0,0,0
0.06995083034702917,-0.0007293247183605992,0.991,-0.04797910113732415,-0.0044570288658142086,0.06669804382324218,2.5,0,1,0,2.4300491696529707,0.0007293247183605992,0.009000000000000008,0.04797910113732415,1.2202811243314584,-0.023991933392612172,0.0019366500000000024,0.0457701688027686,0,0,0,0,0,0,0,0
0.07322705745132435,0.002350959549561561,0.99,-0.04869468613064179,0.04687086486816406,0.048508045196533206,2.5,0,1,0,2.4267729425486757,-0.002350959549561561,0.010000000000000009,0.04869468613064179,1.2008799721265768,-0.018840113375993,0.014004104918032799,0.052213956589581015,0,0,0,0,0,0,0,0
0.08213265557244855,0.006724153720953618,0.988,-0.04862487296056198,0.1302326202392578,0.07202241516113281,2.5,0,1,0,2.4178673444275516,-0.006724153720953618,0.01200000000000001,0.04862487296056198,1.1695943331793117,-0.02654856742207643,0.020551660606060625,0.0483075403692901,0,0,0,0,0,0,0,0
0.09512860714361787,0.012860795640817851,0.987,-0.04871213942316174,0.19023472595214844,0.10141599273681641,2.5,0,1,0,2.404871392856382,-0.012860795640817851,0.013000000000000012,0.04871213942316174,1.1407905216332528,-0.03999369857854862,0.016297550000000015,0.04912120096659815,0,0,0,0,0,0,0,0
0.1170039161903578,0.0174525008516288,0.991,-0.04742059577668592,0.32438665771484376,0.08477145385742188,2.5,0,1,0,2.3829960838096422,-0.0174525008516288,0.009000000000000008,0.04742059577668592,1.0882470821578991,-0.03272800361823481,-0.013206422388059708,0.041637564523809095,0,0,0,0,0,0,0,0
0.1454476474174757,0.02124411483468204,0.993,-0.04612905213021015,0.4234803466796875,0.07703497314453125,2.5,0,1,0,2.3545523525825245,-0.02124411483468204,0.007000000000000006,0.04612905213021015,1.0342544773846625,-0.03138627605511038,-0.004803600000000004,0.04007494128735499,0,0,0,0,0,0,0,0
0.1795094973003084,0.025423319017853628,0.992,-0.045238934211693026,0.5074935302734375,0.08618163299560547,2.5,0,1,0,2.3204905026996916,-0.025423319017853628,0.008000000000000007,0.045238934211693026,0.9908735655107392,-0.03526042147439008,0.012370515384615395,0.04113069766469091,0,0,0,0,0,0,0,0
0.22657067455980648,0.029739440489056038,0.986,-0.0450120414089338,0.702267578125,0.09659965515136719,2.5,0,1,0,2.2734293254401936,-0.029739440489056038,0.014000000000000012,0.0450120414089338,0.8988243277604834,-0.03817505978185975,0.04418459230769234,0.04396484385773737,0,0,0,0,0,0,0,0
0.27796366717568854,0.035535199300137536,0.983,-0.04518657433413322,0.7662022094726563,0.12153616333007812,2.5,0,1,0,2.2220363328243113,-0.035535199300137536,0.017000000000000015,0.04518657433413322,0.8635223991373087,-0.047687560574844676,0.02983367647058826,0.045956572533542434,0,0,0,0,0,0,0,0
0.3332222229723027,0.038445106783320415,0.985,-0.04452334921837533,0.8260606079101562,0.08104548645019531,2.5,0,1,0,2.1667777770276975,-0.038445106783320415,0.015000000000000013,0.04452334921837533,0.794788970701833,-0.03550177589043357,0.001775888888888891,0.04136513438143298,0,0,0,0,0,0,0,0
0.3935316894770531,0.041095595381700364,0.986,-0.04323180557189956,0.9019759521484375,0.07998231506347656,2.5,0,1,0,2.106468310522947,-0.041095595381700364,0.014000000000000012,0.04323180557189956,0.7626422408328404,-0.0343310332370894,0.007035141176470595,0.03753381889627117,0,0,0,0,0,0,0,0
0.45350813103941273,0.04165062442937239,0.988,-0.04174827570770442,0.8984462280273438,0.04719889068603516,2.5,0,1,0,2.046491868960587,-0.04165062442937239,0.01200000000000001,0.04174827570770442,0.705762530486916,-0.024125378916038717,-0.0006337225806451584,0.034569905397082754,0,0,0,0,0,0,0,0
0.5322526235671481,0.04146287487279069,0.99,-0.03960152072775133,1.1802557373046876,0.04648358917236328,2.5,0,1,0,1.967747376432852,-0.04146287487279069,0.010000000000000009,0.03960152072775133,0.6010025036089255,-0.019960112385921082,-0.0011695176470588233,0.03013054287501714,0,0,0,0,0,0,0,0
0.6223772955655554,0.04057383495794008,0.992,-0.03804817769347643,1.351338134765625,0.040196975708007815,2.5,0,1,0,1.8776227044344447,-0.04057383495794008,0.008000000000000007,0.03804817769347643,0.4771764620607905,-0.01572118542999424,-0.0031926307692307703,0.030878902150669196,0,0,0,0,0,0,0,0
0.7166272453431575,0.041183310156410906,0.991,-0.03794345793835677,1.4123782958984374,0.06291311645507812,2.5,0,1,0,1.7833727546568425,-0.041183310156410906,0.009000000000000008,0.03794345793835677,0.42418255838080143,-0.024024479513729793,0.013660780597014937,0.03747456351244782,0,0,0,0,0,0,0,0
0.8292829197256121,0.04438889875177437,0.99,-0.03857177646907475,1.6867947998046875,0.11215202331542969,2.5,0,1,0,1.6707170802743878,-0.04438889875177437,0.010000000000000009,0.03857177646907475,0.21483932557287766,-0.04086324682480327,0.0150356049180328,0.04166186760375337,0,0,0,0,0,0,0,0
0.9482104871946246,0.048999141673199804,0.989,-0.03846705671395509,1.779919921875,0.13789385986328126,2.5,0,1,0,1.5517895128053754,-0.048999141673199804,0.01100000000000001,0.03846705671395509,0.19068859015331996,-0.048538157760383824,0.015319758823529425,0.03800505779430951,0,0,0,0,0,0,0,0
1.0670053494775376,0.05507805880795457,0.985,-0.037699111843077594,1.7770980224609374,0.15964472961425782,2.5,0,1,0,1.4329946505224624,-0.05507805880795457,0.015000000000000013,0.037699111843077594,0.10468514797513429,-0.06061685628425216,0.035008661538461563,0.03415475090056608,0,0,0,0,0,0,0,0
1.190226327302978,0.06279680798933363,0.981,-0.03785619147575706,1.8426375732421876,0.18536228942871094,2.5,0,1,0,1.309773672697022,-0.06279680798933363,0.019000000000000017,0.03785619147575706,0.02009308210528782,-0.07334691366657323,0.03833216153846157,0.03858117439581615,0,0,0,0,0,0,0,0
1.3102335276220112,0.06846923306099817,0.979,-0.03827507049623566,1.7955980224609376,0.1531543731689453,2.5,0,1,0,1.1897664723779888,-0.06846923306099817,0.02100000000000002,0.03827507049623566,-0.021832214043450926,-0.06520896292081702,0.029299430769230795,0.04020835828305994,0,0,0,0,0,0,0,0
1.43626059768027,0.07016725463433528,0.981,-0.03885102914939384,1.888046875,0.0977894287109375,2.5,0,1,0,1.06373940231973,-0.07016725463433528,0.019000000000000017,0.03885102914939384,-0.10627643548563315,-0.044565116645187176,0.006449539393939401,0.041469023027385574,0,1,0,0,0,0,0,0
1.5656394912927534,0.06588145069466812,0.985,-0.039618974020271286,1.9417159423828125,0.011140033721923829,2.5,0,1,0,0.9343605087072466,-0.06588145069466812,0.015000000000000013,0.039618974020271286,-0.24440846503048003,-0.008867064159318948,-0.009003719672131155,0.04339575207376692,0,0,0,0,0,0,0,0
1.7059579065422799,0.0569439658323081,0.98,-0.03925245487735248,2.1084345703125,-0.05058980941772461,2.5,0,1,0,0.7940420934577201,-0.0569439658323081,0.020000000000000018,0.03925245487735248,-0.3272743286219596,0.01909890484134845,0.04500017692307696,0.03756082806388108,0,0,0,0,0,0,0,0
1.8467435927194342,0.04690176926977185,0.981,-0.035534903570604535,2.11606982421875,-0.06764544677734376,2.5,0,1,0,0.6532564072805658,-0.04690176926977185,0.019000000000000017,0.035534903570604535,-0.3557860194950199,0.026901400627953105,0.012335736231884071,0.01937163701952651,0,0,0,0,0,0,0,0
1.9877373394392466,0.036225176206327626,0.984,-0.03293436298513305,2.1192607421875,-0.08491062164306641,2.5,0,1,0,0.5122626605607534,-0.036225176206327626,0.016000000000000014,0.03293436298513305,-0.4951284680636624,0.040592602990925084,-0.0015576666666666655,0.020550836387649804,0,0,0,0,0,0,0,0
2.1263689724592854,0.027404938343047542,0.99,-0.03317870908041223,2.082703369140625,-0.0637580337524414,2.5,0,1,0,0.37363102754071464,-0.027404938343047542,0.010000000000000009,0.03317870908041223,-0.5390483109065463,0.0339064526688151,-0.022439500000000022,0.034324081402033385,0,0,0,0,0,0,0,0
2.2523815352776397,0.01807226344220087,1,-0.032759830059933576,1.8937919921875,-0.0772105712890625,2.5,0,1,0,0.24761846472236027,-0.01807226344220087,0,0.032759830059933576,-0.5222810816418405,0.040578232183900886,-0.051473153846153884,0.030826542273109003,0,0,0,0,0,0,0,0
2.364300210142408,0.008972141108659466,1.012,-0.031485739705977706,1.682350341796875,-0.08144187927246094,2.5,0,1,0,0.135699789857592,-0.008972141108659466,-0.01200000000000001,0.031485739705977706,-0.5022620483068919,0.04387025532730722,-0.07192038461538466,0.025605322687719843,0,0,0,0,0,0,0,0
2.460995582842964,0.0005675546550119297,1.027,-0.029949849964222702,1.453680419921875,-0.08034597778320313,2.5,0,1,0,0.03900441715703584,-0.0005675546550119297,-0.026999999999999913,0.029949849964222702,-0.46072346483310656,0.04364129189712045,-0.09902865454545395,0.022968532956245416,1427125032383,0,0,0,0,0,0,0
2.542606992919415,-0.006898651041567267,1.039,-0.02890265241302611,1.226975830078125,-0.07528459930419922,2.5,0,1,0,-0.04260699291941483,0.006898651041567267,-0.038999999999999924,0.02890265241302611,-0.42156657960125077,0.04240268626458356,-0.09297696363636362,0.024142663543950695,1427125032383,0,0,0,0,0,0,0
2.604435623951274,-0.014513675498053524,1.054,-0.03017674276698198,0.9303430786132812,-0.087376220703125,2.5,0,1,0,-0.10443562395127381,0.014513675498053524,-0.05400000000000005,0.03017674276698198,-0.3578852791635373,0.04827063718393771,-0.12371745000000073,0.036149041301150125,0,0,0,0,0,0,0,0
2.656332769328123,-0.019941557516299,1.064,-0.031136673855578858,0.780559326171875,-0.05789342498779297,2.5,0,1,0,-0.1563327693281229,0.019941557516299,-0.06400000000000006,0.031136673855578858,-0.3296210926484965,0.0390364055807416,-0.10478330000000009,0.03563635083337672,0,0,0,0,0,0,0,0
2.6925185235579305,-0.024632180417405832,1.069,-0.03195697860401622,0.544713623046875,-0.05342741012573242,2.5,0,1,0,-0.19251852355793053,0.024632180417405832,-0.06899999999999995,0.03195697860401622,-0.2559226694279819,0.03658875986774801,-0.0810663515151509,0.03568563655145879,0,0,0,0,0,0,0,0
2.7167600203795326,-0.028334301283766402,1.069,-0.0337023078560105,0.36521112060546873,-0.043885162353515625,2.5,0,1,0,-0.21676002037953257,0.028334301283766402,-0.06899999999999995,0.0337023078560105,-0.2068212973650561,0.03351821918481605,-0.054999699999999964,0.04175767363444562,0,0,0,0,0,0,0,0
2.7329297849234977,-0.029867768150371704,1.067,-0.03413864016900912,0.24318380737304687,-0.014816112518310547,2.5,0,1,0,-0.2329297849234977,0.029867768150371704,-0.06699999999999995,0.03413864016900912,-0.16900002512075346,0.022381114860693413,-0.04340083880597009,0.03609236694362979,0,0,0,0,0,0,0,0
2.73639875152728,-0.029461264829465983,1.065,-0.03546509040052479,0.051796058654785156,0.007870038986206055,2.5,0,1,0,-0.23639875152727985,0.029461264829465983,-0.06499999999999995,0.03546509040052479,-0.10568655706426604,0.01192742420364884,-0.04154698888888884,0.041781520074408954,0,0,0,0,0,0,0,0
2.7300736075110774,-0.02645300330765301,1.07,-0.037943457938356774,-0.09641748809814453,0.04173142623901367,2.5,0,1,0,-0.23007360751107742,0.02645300330765301,-0.07000000000000006,0.037943457938356774,-0.04934302843381684,-0.003499491593598735,-0.08403617692307759,0.049382077343735155,0,0,0,0,0,0,0,0
2.716607070040559,-0.022245059481310777,1.063,-0.03932226804743231,-0.20424705505371094,0.05541106033325195,2.5,0,1,0,-0.2166070700405589,0.022245059481310777,-0.06299999999999994,0.03932226804743231,-0.004296897232381969,-0.012048832011726088,-0.014230292307691642,0.045686007012396314,0,0,0,0,0,0,0,0
2.6978038907078252,-0.01799577462165927,1.044,-0.04075343803406765,-0.2843353881835938,0.052602104187011715,2.5,0,1,0,-0.19780389070782523,0.01799577462165927,-0.04400000000000004,0.04075343803406765,0.03371188377849105,-0.014384382752020789,0.06529909230769175,0.0473588379723846,0,0,0,0,0,0,0,0
2.675216822841436,-0.010765001760077768,1.028,-0.041329396687225774,-0.34294366455078124,0.09456784820556641,2.5,0,1,0,-0.17521682284143614,0.010765001760077768,-0.028000000000000025,0.041329396687225774,0.06163227929635129,-0.032884486055777234,0.05918588955223884,0.04390831602972484,0,0,0,0,0,0,0,0
2.647441573709355,-0.001952184827709506,1.016,-0.04244640740850212,-0.42173483276367185,0.1148652572631836,2.5,0,1,0,-0.14744157370935485,0.001952184827709506,-0.016000000000000014,0.04244640740850212,0.09831496847871932,-0.04421954804586924,0.045962965217391336,0.04730297576187754,0,0,0,0,0,0,0,0
2.617953909436274,0.0075556089764768335,1.006,-0.04291764630654058,-0.44796832275390625,0.12371940612792968,2.5,0,1,0,-0.11795390943627382,-0.0075556089764768335,-0.006000000000000005,0.04291764630654058,0.14411045832302796,-0.059737414253291925,0.05139073333333338,0.04527384079673289,0,0,0,0,0,0,0,0
2.58645318157901,0.017997580211922697,1,-0.04223696789826279,-0.4787959289550781,0.13621250915527344,2.5,0,1,0,-0.08645318157901016,-0.017997580211922697,0,0.04223696789826279,0.15741255660413173,-0.06573396673382541,0.03016509230769233,0.039095375244672985,1427125033294,0,0,0,0,0,0,0
2.557130043812875,0.028436530015907818,0.995,-0.040002946455710044,-0.44606646728515625,0.137872314453125,2.5,0,1,0,-0.05713004381287501,-0.028436530015907818,0.0050000000000000044,0.040002946455710044,0.16031150585264436,-0.07095565613400122,0.02881297692307695,0.02969207825931275,1427125033294,0,0,0,0,0,0,0
2.5295122377638215,0.03872120408011931,0.989,-0.03747221904031826,-0.42010528564453126,0.13757920837402343,2.5,0,1,0,-0.029512237763821503,-0.03872120408011931,0.01100000000000001,0.03747221904031826,0.1583569941260688,-0.07285041626043927,0.037647052941176505,0.026307245148883905,1427125033294,0,0,0,0,0,0,0
2.50588034908942,0.048450098852312426,0.986,-0.03736749928519859,-0.3596966552734375,0.13255099487304686,2.5,0,1,0,-0.005880349089419923,-0.048450098852312426,0.014000000000000012,0.03736749928519859,0.1572555939166812,-0.07801494260590858,0.02566055000000003,0.03687662543307517,1427125033294,0,0,0,0,0,0,0
2.485983512388239,0.05578456541533666,0.985,-0.03761184538047783,-0.30235430908203126,0.09879036712646484,2.5,0,1,0,0.014016487611760997,-0.05578456541533666,0.015000000000000013,0.03761184538047783,0.14678691734079272,-0.06862334874039419,0.015619050000000018,0.03875721770209924,1427125033294,0,0,0,0,0,0,0
2.4710165642841977,0.06034293170160507,0.982,-0.03581415625092369,-0.22691656494140625,0.05988510894775391,2.5,0,1,-0.03761184538047783,0.028983435715802308,-0.06034293170160507,0.018000000000000016,-0.0017976891295541364,0.014491717857901154,-0.030171465850802534,0.014400000000000013,-0.0017976891295541364,1427125033294,0,0,0,0,0,0,0
2.459716823968871,0.062091335107745,0.985,-0.03471459882216724,-0.17032647705078124,0.02014017105102539,2.5,0,1,-0.03761184538047783,0.04028317603112885,-0.062091335107745,0.015000000000000013,-0.0028972465583105844,0.08101252762405067,-0.04050050680090754,-0.0040563461538461534,-0.00797212699872496,1427125033685,0,0,0,0,0,0,0
2.4543263373659894,0.06276101179594469,0.989,-0.03337069529813161,-0.0811572265625,0.0072327332496643065,2.5,0,1,-0.03761184538047783,0.045673662634010626,-0.06276101179594469,0.01100000000000001,-0.004241150082346219,0.05191840035457796,-0.03506761132145809,-0.012569461538461547,-0.010443781731741455,1427125033750,0,0,0,0,0,0,0
2.451287353717182,0.06249444654958046,0.996,-0.03345796176073132,-0.04542596817016602,-0.0055171651840209964,2.5,0,1,-0.03761184538047783,0.04871264628281802,-0.06249444654958046,0.0040000000000000036,-0.004153883619746508,0.04032012027720139,-0.029977743561145236,-0.033171364179104504,-0.003763138264822429,1427125033817,0,0,0,0,0,0,0
2.452444897661042,0.060428477713584734,1.003,-0.03464478565208748,0.01839009475708008,-0.030391361236572264,2.5,0,1,-0.03761184538047783,0.04755510233895821,-0.060428477713584734,-0.0029999999999998916,-0.002967059728390349,0.017465220613984443,-0.01889772945800685,-0.04111198888888822,0.002684482611400885,1427125033880,0,0,0,0,0,0,0
2.454361478255414,0.05645426741542124,1.004,-0.03757693879543797,0.030796329498291017,-0.05858158874511719,2.5,0,1,-0.03761184538047783,0.04563852174458605,-0.05645426741542124,-0.0040000000000000036,-0.00003490658503985805,0.01280416645910441,-0.007350131128063882,-0.008352530303030898,0.013293062248371464,1427125033946,0,0,0,0,0,0,0
2.4569114371761933,0.05301361057262064,1.008,-0.041067597299426585,0.040161266326904296,-0.0501364631652832,2.5,0,1,-0.03761184538047783,0.043088562823806686,-0.05301361057262064,-0.008000000000000007,0.0034557519189487573,0.007990331499739831,-0.008213005426385568,-0.02783996153846156,0.01956648347581929,1427125034011,0,0,0,0,0,0,0
2.461956878731678,0.0475283533974127,1.013,-0.04312708581677991,0.07899585723876953,-0.079102294921875,2.5,0,1,-0.03761184538047783,0.0380431212683221,-0.0475283533974127,-0.0129999999999999,0.005515240436302082,-0.007944875436052351,0.005508116136780365,-0.037309076923076265,0.015020572054855888,1427125034076,0,0,0,0,0,0,0
2.4714550173797067,0.04119329575448494,1.01,-0.043528511544738614,0.1464365234375,-0.08879500579833985,2.5,0,1,-0.03761184538047783,0.028544982620293258,-0.04119329575448494,-0.010000000000000009,0.0059166661642607865,-0.03512419959106653,0.012205629977753603,0.007618641791044203,0.0077140947969117,1427125034143,0,0,0,0,0,0,0
2.478161471692807,0.0362929154451971,1.007,-0.044313909708136014,0.10370011138916016,-0.06905863189697266,2.5,0,1,-0.03761184538047783,0.021838528307192906,-0.0362929154451971,-0.006999999999999895,0.006702064327658186,-0.02610460580081191,0.008763705945404671,0.01096956666666738,0.010442055581931516,1427125034206,0,0,0,0,0,0,0
2.4838648584860916,0.0302499361326221,1.006,-0.046705010783368285,0.0894823226928711,-0.08676585388183594,2.5,0,1,-0.03761184538047783,0.01613514151390838,-0.0302499361326221,-0.006000000000000005,0.009093165402890457,-0.02239827610977802,0.017080317467010758,0.00044851538461478796,0.020129016519347093,1427125034271,0,0,0,0,0,0,0
2.489685320888408,0.022535690331552352,1,-0.048363073572762906,0.09261417388916016,-0.11151131439208985,2.5,0,1,-0.03761184538047783,0.010314679111592007,-0.022535690331552352,0,0.010751228192285078,-0.02593220989506977,0.029921919414571046,0.03217159230769233,0.018403825681798713,1427125034336,0,0,0,0,0,0,0
2.4971133590289227,0.01369234296410245,0.997,-0.04977679026687835,0.11770316314697266,-0.12710856628417969,2.5,0,1,-0.03761184538047783,0.00288664097107727,-0.01369234296410245,0.0030000000000000027,0.01216494488640052,-0.03830052970053328,0.04041447074049324,0.01843724615384617,0.018689791166933326,1427125034401,0,0,0,0,0,0,0
2.505845888428269,0.006262667560975521,0.992,-0.05153957281139257,0.13637078857421875,-0.10478962707519532,2.5,0,1,-0.03761184538047783,-0.005845888428269053,-0.006262667560975521,0.008000000000000007,0.013927727430914742,-0.046969138596487936,0.03419372220639449,0.03170091884057974,0.021591999363585274,1427125034470,0,0,0,0,0,0,0
2.5157302577757603,-0.00222464206507296,0.993,-0.0533372619409467,0.15462724304199219,-0.11950243377685547,2.5,0,1,-0.03761184538047783,-0.015730257775760315,0.00222464206507296,0.007000000000000006,0.01572541656046887,-0.06342449626757178,0.04866422876622662,-0.00006316129032257756,0.024423912348634017,1427125034532,0,0,0,0,0,0,0
2.526294739059842,-0.010918236638116448,0.993,-0.05356415474370598,0.16519395446777344,-0.12177027130126954,2.5,0,1,-0.03761184538047783,-0.02629473905984181,0.010918236638116448,0.007000000000000006,0.015952309363228154,-0.06981063772303919,0.051917554232230816,0.0056275000000000075,0.01699950691442484,1427125034597,0,0,0,0,0,0,0
2.5348715564694317,-0.01609157984948189,0.988,-0.05267403682518892,0.13262234497070313,-0.07060099792480469,2.5,0,1,-0.03761184538047783,-0.03487155646943174,0.01609157984948189,0.01200000000000001,0.01506219144471109,-0.0634189074615078,0.03555948572501083,0.03662857692307695,0.010953954897709258,1427125034662,0,0,0,0,0,0,0
2.5418281628632347,-0.019792943331960876,0.984,-0.054262286444503725,0.10712750244140624,-0.049949501037597654,2.5,0,1,-0.03761184538047783,-0.04182816286323465,0.019792943331960876,0.016000000000000014,0.016650441064025898,-0.05820018580234025,0.029496988185412115,0.03454796153846157,0.02398082392240193,1427125034727,0,0,0,0,0,0,0
2.5450788348753313,-0.02267948683645416,0.982,-0.05632177496185704,0.05103661727905273,-0.04058988952636719,2.5,0,1,-0.03761184538047783,-0.045078834875331264,0.02267948683645416,0.018000000000000016,0.018709929581379216,-0.03937819726622108,0.026103995047591193,0.025177861194029875,0.0279315199575881,1427125034794,0,0,0,0,0,0,0
2.54575631494362,-0.025407495075733467,0.984,-0.057438785683133396,0.012449563026428223,-0.040283187866210934,2.5,0,1,-0.03761184538047783,-0.04575631494361998,0.025407495075733467,0.016000000000000014,0.01982694030265557,-0.0265284194846885,0.02756064861289609,0.0021197888888888957,0.025146038975400107,1427125034857,0,0,0,0,0,0,0
2.5439080860572547,-0.026173869100651604,0.983,-0.057997291043771625,-0.02701778221130371,-0.013068177223205567,2.5,0,1,-0.03761184538047783,-0.043908086057254714,0.026173869100651604,0.017000000000000015,0.020385445663293797,-0.01206829242981316,0.0168696137272283,0.019446130303030322,0.022924106393467564,1427125034923,0,0,0,0,0,0,0
2.542582194343277,-0.025741830534555046,0.981,-0.059725167003246,-0.020230581283569336,0.005316856861114502,2.5,0,1,-0.03761184538047783,-0.042582194343276925,0.025741830534555046,0.019000000000000017,0.022113321622768176,-0.014094821869059491,0.010279860446680606,0.026635830769230793,0.030088133743419156,1427125034988,0,0,0,0,0,0,0
2.5399841533565928,-0.02455705307652571,0.98,-0.06213372137099817,-0.0399619140625,0.01541383171081543,2.5,0,1,-0.03761184538047783,-0.03998415335659278,0.02455705307652571,0.020000000000000018,0.024521875990520345,-0.006390151779296371,0.005841150478197801,0.022024480597014943,0.03530644778642558,1427125035055,0,0,0,0,0,0,0
2.5364272070822866,-0.020709110329531495,0.981,-0.06410594342575174,-0.056835235595703124,0.0542947998046875,2.5,0,1,-0.03761184538047783,-0.03642720708228664,0.020709110329531495,0.019000000000000017,0.02649409804527391,0.0015543289518401317,-0.011258097886535019,0.010564744444444458,0.03588563163933851,1427125035118,0,0,0,0,0,0,0
2.535320027178803,-0.017319544411205097,0.981,-0.06515314097694838,-0.01983072280883789,0.04967512893676758,2.5,0,1,-0.03761184538047783,-0.03532002717880278,0.017319544411205097,0.019000000000000017,0.027541295596470554,-0.011714113807282111,-0.009815672227295808,0.016243800000000017,0.032374515063531985,1427125035183,0,0,0,0,0,0,0
2.534697655930082,-0.014415231623975903,0.98,-0.06572909963010645,-0.012152130126953126,0.04286444854736328,2.5,0,1,-0.03761184538047783,-0.03469765593008178,0.014415231623975903,0.020000000000000018,0.028117254249628625,-0.01408711298596935,-0.008408464497205101,0.022478830303030325,0.030735248127619855,1427125035249,0,0,0,0,0,0,0
2.5330749754620814,-0.009900333483899244,0.982,-0.06693337681398256,-0.0287358455657959,0.06597852325439453,2.5,0,1,-0.03761184538047783,-0.03307497546208138,0.009900333483899244,0.018000000000000016,0.029321531433504737,-0.00772336051858994,-0.019948767837203143,0.004753500000000008,0.03496658073292401,1427125035313,0,0,0,0,0,0,0
2.5315642115487607,-0.005682033365777122,0.983,-0.06824237375297829,-0.026842729568481445,0.061617141723632814,2.5,0,1,-0.03761184538047783,-0.03156421154876066,0.005682033365777122,0.017000000000000015,0.030630528372500458,-0.007971110099577993,-0.019399157869808836,0.009781019402985088,0.036491708696361896,1427125035380,0,0,0,0,0,0,0
2.530115977639103,-0.003155569552941843,0.985,-0.06817256058289853,-0.024257116317749024,0.03632743453979492,2.5,0,1,-0.03761184538047783,-0.030115977639102898,0.003155569552941843,0.015000000000000013,0.0305607152024207,-0.007238288470463733,-0.012441073048711596,0.002563400000000004,0.030233465967671836,1427125035444,0,0,0,0,0,0,0
2.529185297529432,-0.0014770510728349135,0.986,-0.06775368156241987,-0.015642878532409667,0.02416832733154297,2.5,0,1,-0.03761184538047783,-0.02918529752943222,0.0014770510728349135,0.014000000000000012,0.030141836181942043,-0.009700593615775126,-0.008500949660469792,0.007407284615384625,0.02820854839511747,1427125035509,0,0,0,0,0,0,0
2.5296487982249762,0.0004948490488692295,0.987,-0.06859143960337719,0.004934039115905762,0.029981334686279296,0,0,1,0,-2.5296487982249762,-0.0004948490488692295,0.013000000000000012,0.06859143960337719,-1.2648243991124881,-0.00024742452443461476,0.01040000000000001,0.06859143960337719,0,0,0,0,0,0,0,0
2.5284878525830186,0.0030355736250749733,0.989,-0.06920230484157522,-0.019985265731811523,0.03682772445678711,0,0,1,0,-2.5284878525830186,-0.0030355736250749733,0.01100000000000001,0.06920230484157522,-1.2596361976313006,-0.015200584576501636,-0.0018977307692307696,0.07202168286402767,0,0,0,0,0,0,0,0
2.5296594692078056,0.004559070562234338,0.993,-0.06661921754862357,0.015952004432678222,0.024012964248657228,0,0,1,0,-2.5296594692078056,-0.004559070562234338,0.007000000000000006,0.06661921754862357,-1.274288508905816,-0.010243129070888637,-0.01517712238805971,0.05505315504286993,0,0,0,0,0,0,0,0
2.5320117142095686,0.006778470409037165,0.995,-0.06466444878638991,0.032989227294921875,0.035565982818603514,0,0,1,0,-2.5320117142095686,-0.006778470409037165,0.0050000000000000044,0.06466444878638991,-1.283828573403818,-0.015535944037916322,-0.006787100000000006,0.055501470213419626,0,0,0,0,0,0,0,0
2.53034181613264,0.007131807536439099,0.996,-0.06443755598363068,-0.025338605880737306,0.003670362710952759,0,0,1,0,-2.53034181613264,-0.007131807536439099,0.0040000000000000036,0.06443755598363068,-1.2627827478166798,-0.0054824898964772745,-0.0020082153846153854,0.06339035843243425,0,0,0,0,0,0,0,0
2.523334689265967,0.005919001458929874,0.998,-0.06141813637768048,-0.10371732330322266,-0.024922481536865236,0,0,1,0,-2.523334689265967,-0.005919001458929874,0.0020000000000000018,0.06141813637768048,-1.2321804276788961,0.0035531445870045043,-0.008979830769230776,0.04748235358098724,0,0,0,0,0,0,0,0
2.513078805216861,0.004711203781732765,1.001,-0.0592888346902474,-0.15243618774414064,-0.027525325775146485,0,0,1,0,-2.513078805216861,-0.004711203781732765,-0.0009999999999998899,0.0592888346902474,-1.2111926789723237,0.0041270128337720004,-0.01677094615384548,0.04946128844055625,0,0,0,0,0,0,0,0
2.4976972728926876,0.002529566977561072,1.005,-0.05799729104377163,-0.22837852478027343,-0.046338336944580075,0,0,1,0,-2.4976972728926876,-0.002529566977561072,-0.004999999999999893,0.05799729104377163,-1.1800480727561178,0.010109220642890758,-0.02474612238805963,0.05221425979089506,0,0,0,0,0,0,0,0
2.4692218370235333,-0.0011411676399592603,1.007,-0.055274577410660414,-0.42322177124023436,-0.0797270278930664,0,0,1,0,-2.4692218370235333,0.0011411676399592603,-0.006999999999999895,0.055274577410660414,-1.0920169051484043,0.020623038067458657,-0.016432899999999924,0.04251185725545158,0,0,0,0,0,0,0,0
2.434947906679785,-0.005341861106268695,1.009,-0.05235987755982993,-0.5098426818847657,-0.09131685638427735,0,0,1,0,-2.434947906679785,0.005341861106268695,-0.008999999999999897,0.05235987755982993,-1.0447277899788685,0.02562501604603679,-0.018090499999999926,0.038697222009062046,0,0,0,0,0,0,0,0
2.3950565997107853,-0.008804673623136442,1.005,-0.05040510879759627,-0.5948311157226562,-0.08318724822998047,0,0,1,0,-2.3950565997107853,0.008804673623136442,-0.004999999999999893,0.05040510879759627,-1.0022536207334645,0.02275309070584451,0.017226121212121318,0.04151979624198872,0,0,0,0,0,0,0,0
2.3430473678702066,-0.012857314027241908,1.007,-0.04930555136883983,-0.7760848388671875,-0.10001871490478516,0,0,1,0,-2.3430473678702066,0.012857314027241908,-0.006999999999999895,0.04930555136883983,-0.9092670853755702,0.028246278319612853,-0.01640073076923069,0.04423067092842549,0,0,0,0,0,0,0,0
2.2849407759705733,-0.017810872659893034,1.005,-0.04876449930072161,-0.8668775634765625,-0.11717033386230469,0,0,1,0,-2.2849407759705733,0.017810872659893034,-0.004999999999999893,0.04876449930072161,-0.8488670621506097,0.03558573285687475,0.006705230769230868,0.04626733590940675,0,0,0,0,0,0,0,0
2.2234864937785734,-0.023873059206612673,1.01,-0.04750786223928569,-0.916285888671875,-0.13575869750976563,0,0,1,0,-2.2234864937785734,0.023873059206612673,-0.010000000000000009,0.04750786223928569,-0.8015591626243611,0.04460187854062624,-0.035052076923077546,0.041707998878812234,0,0,0,0,0,0,0,0
2.1607314204796197,-0.029373430564202673,1.008,-0.046443211395569096,-0.9363458251953125,-0.12711605072021484,0,0,1,0,-2.1607314204796197,0.029373430564202673,-0.008000000000000007,0.046443211395569096,-0.7645818415915218,0.044345998238589916,0.004188230769230776,0.041529438270723265,0,0,0,0,0,0,0,0
2.0823759582436447,-0.04107988837785328,1.007,-0.04532620067429275,-1.1659122314453125,-0.22997409057617188,0,0,1,0,-2.0823759582436447,0.04107988837785328,-0.006999999999999895,0.04532620067429275,-0.6427555605701241,0.08364331768241792,-0.00044188461538392353,0.04017076657609423,0,0,0,0,0,0,0,0
2.0009296490044215,-0.05502505512128284,1.003,-0.0464606646880891,-1.2109619140625,-0.2643184814453125,0,0,1,0,-2.0009296490044215,0.05502505512128284,-0.0029999999999998916,0.0464606646880891,-0.5998212617065705,0.10046588097146944,0.018248922388059807,0.051540354302102596,0,0,0,0,0,0,0,0
1.9159021520115094,-0.06592269258638861,0.991,-0.04696681017116741,-1.2664442138671874,-0.22252336120605468,0,0,1,0,-1.9159021520115094,0.06592269258638861,0.009000000000000008,0.04696681017116741,-0.5261782757188046,0.0917892498316335,0.07162728461538409,0.04930286624691347,0,0,0,0,0,0,0,0
1.7995037821541846,-0.07916694166173896,0.981,-0.047176249681406796,-1.7347230224609376,-0.2804174194335938,0,0,1,0,-1.7995037821541846,0.07916694166173896,0.019000000000000017,0.047176249681406796,-0.2904175564768491,0.1122119419922249,0.06982100000000006,0.048157997385653906,0,0,0,0,0,0,0,0
1.6785621806753335,-0.08464220205688225,0.979,-0.046216318592809856,-1.8082325439453124,-0.16758935546875,0,0,1,0,-1.6785621806753335,0.08464220205688225,0.02100000000000002,0.046216318592809856,-0.21636739834906282,0.07205727384877514,0.0276392307692308,0.041785867414670136,0,0,0,0,0,0,0,0
1.556641307230291,-0.08665676909604621,0.977,-0.04515166774909337,-1.8254642333984374,-0.11467716217041016,0,0,1,0,-1.556641307230291,0.08665676909604621,0.02300000000000002,0.04515166774909337,-0.16110826640137488,0.054322889533669164,0.02922786060606064,0.04031234573220025,0,1,0,0,0,0,0,0
1.4334965149780199,-0.0857781841901237,0.967,-0.04454080251089528,-1.8458841552734375,-0.07020921325683593,0,0,1,0,-1.4334965149780199,0.0857781841901237,0.03300000000000003,0.04454080251089528,-0.0939914994519434,0.03859773824620881,0.0798699030303031,0.04176414233726761,0,1,0,0,0,0,0,0
1.3143781086428494,-0.08387716924928469,0.967,-0.04504694799397365,-1.786273681640625,-0.051071186065673825,0,0,1,0,-1.3143781086428494,0.08387716924928469,0.03300000000000003,0.04504694799397365,-0.026531995382687357,0.03179804165653616,0.02704750000000003,0.04745716458006112,0,1,0,0,0,0,0,0
1.1986025300870757,-0.07929762907246912,0.963,-0.04673991736840818,-1.73796533203125,-0.009580174446105956,0,0,1,0,-1.1986025300870757,0.07929762907246912,0.03700000000000003,0.04673991736840818,-0.00778526037947147,0.015461946652252385,0.05202646153846159,0.054553622173490614,0,1,0,0,0,0,0,0
1.082714872118478,-0.07231898639052797,0.962,-0.04749040894676573,-1.741307373046875,0.02334620475769043,0,0,1,0,-1.082714872118478,0.07231898639052797,0.038000000000000034,0.04749040894676573,0.05005830846854109,-0.00089861160593286,0.036919615384615426,0.05095421623149291,0,0,0,0,0,0,0,0
0.9692319425135747,-0.06096961195432822,0.961,-0.047577675409365444,-1.708406494140625,0.08923880004882813,0,0,1,0,-0.9692319425135747,0.06096961195432822,0.039000000000000035,0.047577675409365444,0.08395302877563426,-0.02914182868683374,0.037895430303030345,0.04797434114845504,0,0,0,0,0,0,0,0
0.859706933378922,-0.04873898368431569,0.963,-0.047455502361725826,-1.6497413330078126,0.10511712646484375,0,0,1,0,-0.859706933378922,0.04873898368431569,0.03700000000000003,0.047455502361725826,0.11715915457620724,-0.03989829087797917,0.020630539393939426,0.04690017032700029,0,0,0,0,0,0,0,0
0.7552035620279668,-0.03599550618841417,0.966,-0.04756022211684549,-1.5748536376953124,0.11657598114013672,0,0,1,0,-0.7552035620279668,0.03599550618841417,0.03400000000000003,0.04756022211684549,0.15961587966678942,-0.05107849271670521,0.012647950000000019,0.04805109596896892,0,0,0,0,0,0,0,0
0.6567719222570424,-0.023020810388383498,0.971,-0.04680973053848794,-1.4840577392578125,0.12420537567138672,0,0,1,0,-0.6567719222570424,0.023020810388383498,0.029000000000000026,0.04680973053848794,0.15888138649020045,-0.056664959326315434,-0.001269551515151502,0.043398405182317266,0,0,0,0,0,0,0,0
0.565296396762396,-0.010128712347008687,0.974,-0.04569271981721154,-1.3796787109375,0.12896392822265626,0,0,1,0,-0.565296396762396,0.010128712347008687,0.026000000000000023,0.04569271981721154,0.1825281711102686,-0.0648029821347066,0.006605750000000014,0.040456732061228406,0,0,0,0,0,0,0,0
0.48155554818816854,0.0020969126440482863,0.982,-0.045012041408933806,-1.2631781005859375,0.12581773376464844,0,0,1,0,-0.48155554818816854,-0.0020969126440482863,0.018000000000000016,0.045012041408933806,0.17474106579574455,-0.06624378487306894,-0.026347923076923088,0.04187044875534426,0,0,0,0,0,0,0,0
0.40626390734400464,0.013329994012274853,0.991,-0.04468042885105486,-1.1358125,0.11750726318359375,0,0,1,0,-0.40626390734400464,-0.013329994012274853,0.009000000000000008,0.04468042885105486,0.15451696956961797,-0.06471924404395536,-0.03742562537313435,0.04319559650234316,0,0,0,0,0,0,0,0
0.339628087769425,0.022972485683182404,1.004,-0.04436626958569587,-1.0050000610351562,0.09984812927246094,0,0,1,0,-0.339628087769425,-0.022972485683182404,-0.0040000000000000036,0.04436626958569587,0.15871761395597359,-0.06360729279135342,-0.07193005000000005,0.04289364802932559,0,0,0,0,0,0,0,0
0.28137354737170756,0.03118239697165504,1.017,-0.04185299546282409,-0.8784201049804687,0.08427215576171875,0,0,1,0,-0.28137354737170756,-0.03118239697165504,-0.016999999999999904,0.04185299546282409,0.13692564749980593,-0.05920735529858291,-0.08134679999999937,0.03025326874187742,0,0,0,0,0,0,0,0
0.2102320775695167,0.03320821253589356,1.029,-0.03949680097263167,-1.067458984375,-0.014288593292236328,0,0,1,0,-0.2102320775695167,-0.03320821253589356,-0.028999999999999915,0.03949680097263167,0.24175088988226112,-0.026942871442205273,-0.08575068461538458,0.028622057171743577,0,0,0,0,0,0,0,0
0.13966577807933045,0.03453212314195019,1.039,-0.03895574890451345,-1.058453125,-0.021953105926513672,0,0,1,0,-0.13966577807933045,-0.03453212314195019,-0.038999999999999924,0.03895574890451345,0.2738461859608087,-0.02384778438891184,-0.08323495384615381,0.03645858551319859,0,0,0,0,0,0,0,0
0.07384839015751056,0.03344351885489762,1.048,-0.037053340019839585,-0.9858758544921875,-0.05476643371582031,0,0,1,0,-0.07384839015751056,-0.03344351885489762,-0.04800000000000004,0.037053340019839585,0.27576536072969254,-0.010423904028353295,-0.08463287272727338,0.028406026907685664,1427125037920,0,0,0,0,0,0,0
0.014749871972301007,0.03223246926720237,1.059,-0.034208453339088916,-0.8851963500976563,-0.050992721557617186,0,0,1,0,-0.014749871972301007,-0.03223246926720237,-0.05899999999999994,0.034208453339088916,0.27449622001785523,-0.009091195620341847,-0.10531986923076862,0.021078207120239674,1427125037920,0,0,0,0,0,0,0
-0.037279482055470645,0.02946638344681182,1.069,-0.03340560188317145,-0.7785646362304688,-0.06815946197509766,0,0,1,0,0.037279482055470645,-0.02946638344681182,-0.06899999999999995,0.03340560188317145,0.2668474955115814,0.0008789843932723237,-0.10921819999999999,0.02964223568355834,1427125037920,0,0,0,0,0,0,0
-0.07678545858711115,0.025124280114620947,1.069,-0.03321361566545208,-0.5900836791992188,-0.08488734436035156,0,0,1,0,0.07678545858711115,-0.025124280114620947,-0.06899999999999995,0.03321361566545208,0.21161702303878652,0.01093272775372833,-0.054986099999999954,0.03234095103945492,1427125037920,0,0,0,0,0,0,0
-0.10958535571616349,0.020146878815009418,1.065,-0.032410764209534725,-0.489247802734375,-0.0909578857421875,0,0,1,0,0.10958535571616349,-0.020146878815009418,-0.06499999999999995,0.032410764209534725,0.19796015295738234,0.017602392208845984,-0.030327099999999933,0.028647398009922134,0,0,0,0,0,0,0,0
-0.1341947379946609,0.01366630468740466,1.061,-0.03171263250873698,-0.36579681396484376,-0.10911959838867187,0,0,1,0,0.1341947379946609,-0.01366630468740466,-0.06099999999999994,0.03171263250873698,0.15953679173574808,0.027467104933968672,-0.028515277611940226,0.028586669669344096,0,0,0,0,0,0,0,0
-0.14766525924838558,0.00687063442004581,1.067,-0.030752701420140104,-0.19872413635253905,-0.10829051208496093,0,0,1,0,0.14766525924838558,-0.00687063442004581,-0.06699999999999995,0.030752701420140104,0.11034513617355084,0.03359879938295745,-0.08695399230769227,0.02632225024200067,0,0,0,0,0,0,0,0
-0.1535679300560107,0.0014024323659117734,1.065,-0.030176742766981977,-0.08597616577148437,-0.0847066650390625,0,0,1,0,0.1535679300560107,-0.0014024323659117734,-0.06499999999999995,0.030176742766981977,0.07314141005020453,0.029644162166461995,-0.04252479999999994,0.02747693658030326,0,0,0,0,0,0,0,0
-0.1541226988319119,-0.006803179135245906,1.059,-0.029146998508305343,-0.004604027271270752,-0.12327921295166015,0,0,1,0,0.1541226988319119,0.006803179135245906,-0.05899999999999994,0.029146998508305343,0.04418224006996359,0.04736183447725773,-0.017233518181818105,0.02446634278704791,0,0,0,0,0,0,0,0
-0.14936792176889963,-0.014881486491915138,1.047,-0.029391344603584522,0.07482273864746093,-0.11904462432861328,0,0,1,0,0.14936792176889963,0.014881486491915138,-0.04699999999999993,0.029391344603584522,0.013357339333915804,0.05139463275065174,0.024858184615384728,0.03051909581256535,0,0,0,0,0,0,0,0
-0.14017390612808506,-0.021092230330760107,1.042,-0.029251718263425007,0.14058840942382814,-0.0890681381225586,0,0,1,0,0.14017390612808506,0.021092230330760107,-0.04200000000000004,0.029251718263425007,-0.013571546160176362,0.04345974262279526,-0.009919197014925947,0.02862652569554658,0,0,0,0,0,0,0,0
-0.12445379715814818,-0.027867947843086376,1.031,-0.029949849964222695,0.23867335510253906,-0.09469566345214844,0,0,1,0,0.12445379715814818,0.027867947843086376,-0.030999999999999917,0.029949849964222695,-0.06065869356010374,0.052063849021806594,0.033677211111111854,0.03327428663468788,0,0,0,0,0,0,0,0
-0.10302044674496161,-0.03270532407160951,1.022,-0.030665434957540393,0.3235289306640625,-0.06290065765380859,0,0,1,0,0.10302044674496161,0.03270532407160951,-0.02200000000000002,0.030665434957540393,-0.09938481513313818,0.042908330989513854,0.028084638461537893,0.03396813492669899,0,0,0,0,0,0,0,0
-0.08111895857425695,-0.03838580900500378,1.011,-0.030368728984701297,0.33098037719726564,-0.07509451293945313,0,0,1,0,0.08111895857425695,0.03838580900500378,-0.010999999999999899,0.030368728984701297,-0.11280357366666846,0.05031334033521651,0.047582369230769965,0.02899931680236701,1427125038766,0,0,0,0,0,0,0
-0.06400692162155672,-0.0427935699811064,1.004,-0.029845130209103028,0.25856976318359376,-0.05829206466674805,0,0,1,0,0.06400692162155672,0.0427935699811064,-0.0040000000000000036,0.029845130209103028,-0.09552863493163308,0.04569190764295434,0.03161790769230713,0.02742852047557255,1427125038766,0,0,0,0,0,0,0
-0.04410130132957442,-0.045070448043005945,0.999,-0.030997047515419335,0.29947048950195315,-0.025227996826171876,0,0,1,0,0.04410130132957442,0.045070448043005945,0.0010000000000000009,0.030997047515419335,-0.12049515105866343,0.03538565754250012,0.024855176923076955,0.03631358892918691,1427125038766,0,0,0,0,0,0,0
-0.02443501269972029,-0.04562832378144025,0.998,-0.03284709652253327,0.2951119689941406,0.0007783727645874023,0,0,1,0,0.02443501269972029,0.04562832378144025,0.0020000000000000018,0.03284709652253327,-0.12586215823935182,0.026349329993205644,0.003969380597014944,0.04113089804692403,1427125038766,0,0,0,0,0,0,0
-0.0063800319289321564,-0.04540120642599888,0.994,-0.03373721444105039,0.2705667419433594,0.012299128532409668,0,0,1,0,0.0063800319289321564,0.04540120642599888,0.006000000000000005,0.03373721444105039,-0.13088939790576876,0.02210850380447526,0.023858900000000037,0.03790964218409939,1427125038766,0,0,0,0,0,0,0
0.005433242876463252,-0.04464799988892036,0.992,-0.035028758087526216,0.17671719360351562,0.017268739700317382,0,0,1,-0.03373721444105039,-0.005433242876463252,0.04464799988892036,0.008000000000000007,0.0012915436464758234,-0.002716621438231626,0.02232399994446018,0.006400000000000006,0.0012915436464758234,1427125038766,0,0,0,0,0,0,0
0.013408077710301298,-0.042941042684412914,0.993,-0.03888593573443368,0.11865243530273438,0.02977802276611328,0,0,1,-0.03373721444105039,-0.013408077710301298,0.042941042684412914,0.007000000000000006,0.005148721293383285,-0.04965417244171336,0.012307124995680454,0.0002608846153846168,0.022951079663725414,1427125039157,0,0,0,0,0,0,0
0.018980528248342156,-0.04041887536122022,0.992,-0.04312708581677989,0.08205278778076172,0.04105344009399414,0,0,1,-0.03373721444105039,-0.018980528248342156,0.04041887536122022,0.008000000000000007,0.009389871375729497,-0.03951681961518727,0.0066827206563021945,0.011882115384615395,0.0289644102173274,1427125039222,0,0,0,0,0,0,0
0.02134434017297497,-0.037326113433973775,0.994,-0.047699848457005055,0.033424102783203125,0.04787698364257813,0,0,1,-0.03373721444105039,-0.02134434017297497,0.037326113433973775,0.006000000000000005,0.013962634015954663,-0.023055794636358366,0.0025860301367881186,-0.005510061194029853,0.03443769061397779,1427125039289,0,0,0,0,0,0,0
0.020977831156990808,-0.033247337632841725,0.994,-0.05152211951887262,-0.00840863037109375,0.060849910736083986,0,0,1,-0.03373721444105039,-0.020977831156990808,0.033247337632841725,0.006000000000000005,0.017784905077822225,-0.008501323714001304,-0.005936058479984737,0.004975500000000005,0.03598619584862014,1427125039352,0,0,0,0,0,0,0
0.019548818923080236,-0.02802563957978052,0.992,-0.05516985765554075,-0.025440448760986327,0.07711763763427734,0,0,1,-0.03373721444105039,-0.019548818923080236,0.02802563957978052,0.008000000000000007,0.021432643214490357,-0.002257785837618477,-0.013559368031205872,0.01723436060606062,0.038013271108436414,1427125039418,0,0,0,0,0,0,0
0.01832107664811647,-0.023895425405540315,0.988,-0.05925392810520755,-0.021804330825805664,0.06084345245361328,0,0,1,-0.03373721444105039,-0.01832107664811647,0.023895425405540315,0.01200000000000001,0.025516713664157156,-0.002622998637674065,-0.010157734867524809,0.03144476153846157,0.04436626958569623,1427125039483,0,0,0,0,0,0,0
0.015446792786614462,-0.019690942498961767,0.986,-0.06284930636431582,-0.046773387908935544,0.060403366088867184,0,0,1,-0.03373721444105039,-0.015446792786614462,0.019690942498961767,0.014000000000000012,0.02911209192326543,0.007670096036048467,-0.012647085766934671,0.022366530769230786,0.04570614542684207,1427125039548,0,0,0,0,0,0,0
0.012143608627851011,-0.015648810833363818,0.984,-0.06649704450098395,-0.05325810623168945,0.05740027236938477,0,0,1,-0.03373721444105039,-0.012143608627851011,0.015648810833363818,0.016000000000000014,0.03275983005993356,0.011623257908922172,-0.013783780882796436,0.02407053076923079,0.049595544536863406,1427125039613,0,0,0,0,0,0,0
0.0054772180837689075,-0.012005683581664942,0.983,-0.07042403531797124,-0.10340603637695313,0.0478816032409668,0,0,1,-0.03373721444105039,-0.0054772180837689075,0.012005683581664942,0.017000000000000015,0.03668682087692085,0.03306246583323228,-0.013449055508707399,0.0195964153846154,0.054811393878400644,1427125039678,0,0,0,0,0,0,0
-0.0018340744698353755,-0.007244098101620755,0.985,-0.07297221602588291,-0.11442333984375,0.0635297622680664,0,0,1,-0.03373721444105039,0.0018340744698353755,0.007244098101620755,0.015000000000000013,0.03923500158483252,0.039016711166283316,-0.021082109655622894,0.0022645388059701534,0.05064476594861612,1427125039745,0,0,0,0,0,0,0
-0.007168260553404224,-0.0024952532370033165,0.982,-0.0758694625841935,-0.08499324798583985,0.0652095718383789,0,0,1,-0.03373721444105039,0.007168260553404224,0.0024952532370033165,0.018000000000000016,0.042132248143143106,0.033129368033281315,-0.02496347754825836,0.03189236666666669,0.05592866032557446,1427125039808,0,0,0,0,0,0,0
-0.013157471463116598,0.0011797065203047468,0.98,-0.07824311036690582,-0.09375797271728516,0.048156383514404294,0,0,1,-0.03373721444105039,0.013157471463116598,-0.0011797065203047468,0.020000000000000018,0.044505895925855424,0.038747755919794034,-0.020207497613097126,0.027724930769230792,0.05546119338452766,1427125039873,0,0,0,0,0,0,0
-0.01992160587457827,0.003920494779204464,0.977,-0.07944738755078189,-0.1043650360107422,0.03305543899536133,0,0,1,-0.03373721444105039,0.01992160587457827,-0.003920494779204464,0.02300000000000002,0.045710173109731495,0.045228603902952885,-0.016109824233198185,0.03518144179104481,0.05110245900768405,1427125039940,0,0,0,0,0,0,0
-0.02440241982802896,0.006040275743202599,0.976,-0.08054694497953833,-0.06952371215820312,0.026362199783325196,0,0,1,-0.03373721444105039,0.02440241982802896,-0.006040275743202599,0.02400000000000002,0.04680973053848794,0.03665404922866603,-0.01444858203234515,0.025932150000000025,0.05196390598578379,1427125040004,0,0,0,0,0,0,0
-0.025371077612280395,0.007341352763273255,0.981,-0.08461356213668512,-0.01605302619934082,0.018283809661865234,0,0,1,-0.03373721444105039,0.025371077612280395,-0.007341352763273255,0.019000000000000017,0.05087634769563473,0.017787493307233945,-0.010308158102236172,-0.009528702985074633,0.06908508123509798,1427125040070,0,0,0,0,0,0,0
-0.026336007333755955,0.006789796910603236,0.983,-0.08683013028671793,-0.013722962379455566,-0.009466970443725586,0,0,1,-0.03373721444105039,0.026336007333755955,-0.006789796910603236,0.017000000000000015,0.05309291584566754,0.018426951043833243,-0.00017578756608563686,0.003986688888888895,0.0636480022743952,1427125040134,0,0,0,0,0,0,0
-0.025892795647109435,0.005190127772639646,0.987,-0.08768534162019515,0.008704004287719726,-0.023328102111816407,0,0,1,-0.03373721444105039,0.025892795647109435,-0.005190127772639646,0.013000000000000012,0.05394812717914475,0.010558691636802953,0.006170077288917011,-0.009556161538461543,0.05789525641057804,1427125040199,0,0,0,0,0,0,0
-0.022382552114072782,0.0024182655618980196,0.988,-0.08960520379738895,0.05609246826171875,-0.03680715560913086,0,0,1,-0.03373721444105039,0.022382552114072782,-0.0024182655618980196,0.01200000000000001,0.05586798935633856,-0.007696668336018862,0.013866245375092786,0.0058756846153846225,0.06472889171261768,1427125040264,0,0,0,0,0,0,0
-0.01616400729500858,-0.0009603508398600942,0.99,-0.09246754377065963,0.09743900299072265,-0.04212889862060547,0,0,1,-0.03373721444105039,0.01616400729500858,0.0009603508398600942,0.010000000000000009,0.05873032932960924,-0.025378594911726775,0.01882331575564499,-0.0010439307692307678,0.07194112920624314,1427125040329,0,0,0,0,0,0,0
-0.010742747989756747,-0.006041863945432084,0.995,-0.09349728802933627,0.08800957489013672,-0.06838842010498047,0,0,1,-0.03373721444105039,0.010742747989756747,0.006041863945432084,0.0050000000000000044,0.059760073588285875,-0.02291756611663783,0.029720788217328382,-0.020360602985074642,0.06437086877639021,1427125040396,0,0,0,0,0,0,0
-0.005132967778118814,-0.012282903423666027,0.996,-0.0963247214175671,0.09251923370361329,-0.08535067749023438,0,0,1,-0.03373721444105039,0.005132967778118814,0.012282903423666027,0.0040000000000000036,0.0625875069765167,-0.028077645359382085,0.040434635945553805,-0.0004843499999999997,0.0758411009838487,1427125040460,0,0,0,0,0,0,0
0.0015380509171740765,-0.019654980450431993,0.993,-0.09876818237035916,0.11023664855957031,-0.10044467926025391,0,0,1,-0.03373721444105039,-0.0015380509171740765,0.019654980450431993,0.007000000000000006,0.06503096792930876,-0.036656538805460694,0.049698564924531355,0.02358374615384617,0.07630848001911827,1427125040525,0,0,0,0,0,0,0
0.008230935571913659,-0.027536310134261388,0.994,-0.1002342589420344,0.11156138610839844,-0.10774423980712891,0,0,1,-0.03373721444105039,-0.008230935571913659,0.027536310134261388,0.006000000000000005,0.06649704450098401,-0.04012607102258826,0.056399258059913325,0.0012842846153846184,0.07326355175486976,1427125040590,0,0,0,0,0,0,0
0.015636759228030494,-0.037297329325284706,0.994,-0.10201449477906858,0.12518104553222656,-0.13456427001953125,0,0,1,-0.03373721444105039,-0.015636759228030494,0.037297329325284706,0.006000000000000005,0.06827728033801819,-0.04767804905925318,0.07142541595822292,0.006707900000000007,0.07649375343202211,1427125040655,0,0,0,0,0,0,0
0.021351594653715836,-0.045933293809706045,0.994,-0.10159561575858993,0.09846885681152344,-0.12013621520996094,0,0,1,-0.03373721444105039,-0.021351594653715836,0.045933293809706045,0.006000000000000005,0.06785840131753954,-0.04052587824140977,0.06832808670845456,0.006748100000000007,0.06598282361390376,1427125040722,0,0,0,0,0,0,0
0.02350773870092373,-0.053208356114065464,0.992,-0.10156070917355008,0.04324304580688477,-0.10528306579589844,0,0,1,-0.03373721444105039,-0.02350773870092373,0.053208356114065464,0.008000000000000007,0.06782349473249968,-0.023743720285067955,0.06730290462030426,0.01950961111111113,0.06765727289897658,1427125040785,0,0,0,0,0,0,0
0.02631426344051324,-0.06164892154145177,0.991,-0.1035852911058635,0.05471730041503906,-0.12168794250488281,0,0,1,-0.03373721444105039,-0.02631426344051324,0.06164892154145177,0.009000000000000008,0.0698480766648131,-0.028068857768937014,0.0759074370563575,0.014560930303030316,0.07905072181169227,1427125040850,0,0,0,0,0,0,0
0.0276007822097865,-0.06904447476661053,0.991,-0.10480702158225956,0.030664861679077147,-0.1083432846069336,0,0,1,-0.03373721444105039,-0.0276007822097865,0.06904447476661053,0.009000000000000008,0.07106980714120917,-0.02077438067938784,0.0747117280153275,0.00931640000000001,0.07670856318611409,1427125040916,0,0,0,0,0,0,0
0.027670693027454948,-0.07487743953078545,0.992,-0.10524335389525812,0.01019616413116455,-0.0869046630859375,0,0,1,-0.03373721444105039,-0.027670693027454948,0.07487743953078545,0.008000000000000007,0.07150613945420772,-0.01427635614543322,0.06926294286627385,0.0031837846153846203,0.07351998089881644,1427125040981,0,0,0,0,0,0,0
0.02713152274122098,-0.07945647107414142,0.994,-0.1062381915688949,-0.0008274534940719604,-0.069155029296875,0,0,1,-0.03373721444105039,-0.02713152274122098,0.07945647107414142,0.006000000000000005,0.07250097712784451,-0.010788998576564623,0.06447937113471339,-0.0035980606060606064,0.07702296655346624,1427125041047,0,0,0,0,0,0,0
0.027068087279526414,-0.08343788395844476,0.994,-0.10656980412677379,0.005386576175689697,-0.05948538589477539,0,0,1,-0.03373721444105039,-0.027068087279526414,0.08343788395844476,0.006000000000000005,0.0728325896857234,-0.013286928106826346,0.06401408650068405,0.0070464000000000065,0.0743870235507807,1427125041111,0,0,0,0,0,0,0
0.02984803878689281,-0.08578924272589693,0.974,-0.10574949937833643,0.045214351654052735,-0.030634809494018554,0,0,1,-0.03373721444105039,-0.02984803878689281,0.08578924272589693,0.026000000000000023,0.07201228493728604,-0.02978568333176982,0.055942361870670164,0.12927860606060615,0.06828362698984349,1427125041177,0,0,0,0,0,0,0
0.032798695179688996,-0.08932660364039749,0.955,-0.10447540902438061,0.049613258361816404,-0.04809226608276367,0,0,1,-0.03373721444105039,-0.032798695179688996,0.08932660364039749,0.04500000000000004,0.07073819458333022,-0.03242831340288,0.06434710582434874,0.1410181923076924,0.06485777756507262,1427125041242,0,0,0,0,0,0,0
0.035061523498649314,-0.09142781860811565,0.919,-0.10431832939170115,0.03704424285888672,-0.027806667327880858,0,0,1,-0.03373721444105039,-0.035061523498649314,0.09142781860811565,0.08099999999999996,0.07058111495065075,-0.02987882792428731,0.05772404783070555,0.2618831538461534,0.06985613203059167,1427125041307,0,0,0,0,0,0,0
0.038317053811493716,-0.09319624589530866,0.893,-0.10444050243934071,0.05132966232299805,-0.02129726791381836,0,0,1,-0.03373721444105039,-0.038317053811493716,0.09319624589530866,0.10699999999999998,0.07070328799829032,-0.03661159805865559,0.05673356004772383,0.22742198787878798,0.0712586200330156,0,0,0,0,0,0,0,0
0.03929239310987561,-0.09582884678647052,0.856,-0.10599384547361566,0.01866712951660156,-0.03774864196777344,0,0,1,-0.03373721444105039,-0.03929239310987561,0.09582884678647052,0.14400000000000002,0.07225663103256527,-0.025194125726015256,0.06313020358609936,0.32240855000000024,0.07953792650572913,0,0,0,0,0,0,0,0
0.04073643787072298,-0.10154428966263906,0.808,-0.1073377489976513,0.030609130859375,-0.08295890808105469,0,0,1,-0.03373721444105039,-0.04073643787072298,0.10154428966263906,0.19199999999999995,0.07360053455660091,-0.028384365638360918,0.08243235432983043,0.41817433846153806,0.07980316620599619,0,0,0,0,0,0,0,0
0.0426848688902101,-0.10725175420549951,0.765,-0.10798352082088919,0.038230022430419924,-0.08198817443847656,0,0,1,-0.03373721444105039,-0.0426848688902101,0.10725175420549951,0.235,0.0742463063798388,-0.03194371626594445,0.0848482685423887,0.4236941030303032,0.0771816328491019,0,0,0,0,0,0,0,0
0.04337935357725345,-0.11276725544948835,0.717,-0.10868165252168693,0.019272991180419922,-0.0811279296875,0,0,1,-0.03373721444105039,-0.04337935357725345,0.11276725544948835,0.28300000000000003,0.07494443808063654,-0.02578409578831945,0.08757423021167476,0.49436483846153867,0.07816658439201074,0,0,0,0,0,0,0,0
0.04160464658992369,-0.11804184872905357,0.668,-0.10910053154216554,-0.01788168716430664,-0.0815395736694336,0,0,1,-0.03373721444105039,-0.04160464658992369,0.11804184872905357,0.33199999999999996,0.07536331710111514,-0.011855796879102765,0.08768156295230801,0.5371429848484844,0.07726731264874515,0,0,0,0,0,0,0,0
0.03927622776998414,-0.12123742472058341,0.616,-0.11033971531108161,-0.029499408721923828,-0.05145156860351562,0,0,1,-0.03373721444105039,-0.03927622776998414,0.12123742472058341,0.384,0.07660250087003122,-0.007254041229860139,0.0792789036133068,0.6057271000000002,0.08241117478682532,0,0,0,0,0,0,0,0
0.03722447289867313,-0.12289758782078204,0.562,-0.11206759127055599,-0.027847007751464845,-0.02813997268676758,0,0,1,-0.03373721444105039,-0.03722447289867313,0.12289758782078204,0.43799999999999994,0.0783303768295056,-0.007937989277612325,0.07165240216211116,0.6581683307692303,0.08630518895015657,0,0,0,0,0,0,0,0
0.03604676290518568,-0.12337174622002971,0.509,-0.11337658820955165,-0.01675943374633789,-0.009043365478515626,0,0,1,-0.03373721444105039,-0.03604676290518568,0.12337174622002971,0.491,0.07963937376850126,-0.01207896017272999,0.06558349383781126,0.6983752153846157,0.08568089810232742,0,0,0,0,0,0,0,0
0.03653814715565111,-0.12216746327044734,0.459,-0.11473794502610724,0.005279764175415039,0.018782150268554686,0,0,1,-0.03373721444105039,-0.03653814715565111,0.12216746327044734,0.5409999999999999,0.08100073058505684,-0.02133583263797555,0.05602300010506105,0.7257378692307688,0.08728391589223645,0,0,0,0,0,0,0,0
0.04143668074165671,-0.12196276253344174,0.408,-0.11484266478122694,0.07264334106445312,0.01146255111694336,0,0,1,-0.03373721444105039,-0.04143668074165671,0.12196276253344174,0.5920000000000001,0.08110545034017655,-0.04638040169527412,0.061434578178244596,0.7638327000000008,0.08156744925982232,0,0,0,0,0,0,0,0
0.047959384581516426,-0.11953555672370753,0.363,-0.11515682404658588,0.0930240478515625,0.04737984848022461,0,0,1,-0.03373721444105039,-0.047959384581516426,0.11953555672370753,0.637,0.08141960960553549,-0.06128016314245373,0.04764672577237617,0.7953143580645159,0.08293973508307874,0,0,0,0,0,0,0,0
0.0625492840005799,-0.10005908201620073,0.312,-0.11487757136626685,0.18383058166503907,0.3153583984375,0,0,1,-0.03373721444105039,-0.0625492840005799,0.10005908201620073,0.688,0.08114035692521646,-0.10916535889186911,-0.05160783987660067,0.8570774454545451,0.07987102656012995,0,0,0,0,0,0,0,0
0.07593302175620718,-0.08029406746868524,0.26,-0.1141619863729492,0.16544935607910155,0.31753277587890627,0,0,1,-0.03373721444105039,-0.07593302175620718,0.08029406746868524,0.74,0.08042477193189881,-0.11060218571897498,-0.06458082184609075,0.9130329000000003,0.07712207196274047,0,0,0,0,0,0,0,0
0.08803044341373462,-0.060098820290825014,0.214,-0.11321950857687217,0.14577224731445312,0.32162783813476564,0,0,1,-0.03373721444105039,-0.08803044341373462,0.060098820290825014,0.786,0.07948229413582178,-0.1097817988846507,-0.07695601844214964,0.922634207692308,0.07513239661546624,0,0,0,0,0,0,0,0
0.09846905297689386,-0.03934819479300029,0.168,-0.11205013797803591,0.1204112548828125,0.32695651245117185,0,0,1,-0.03373721444105039,-0.09846905297689386,0.03934819479300029,0.832,0.07831292353698552,-0.1044571651172253,-0.08696011916454384,0.9576148074626862,0.07307693578100226,0,0,0,0,0,0,0,0
0.1070490627929842,-0.017815896679785722,0.138,-0.11177088529771693,0.09177828979492188,0.3353497314453125,0,0,1,-0.03373721444105039,-0.1070490627929842,0.017815896679785722,0.862,0.07803367085666654,-0.10195128217852997,-0.10894013269898074,0.9134135666666667,0.07670389618848095,0,0,0,0,0,0,0,0
0.11341744696776457,0.0036136441302562945,0.122,-0.11119492664455875,0.05907647323608398,0.3300921325683594,0,0,1,-0.03373721444105039,-0.11341744696776457,-0.0036136441302562945,0.878,0.07745771220350836,-0.09183377380861077,-0.11542320869693427,0.8514077461538463,0.07479944149662444,0,0,0,0,0,0,0,0
0.11747512769671074,0.02425338720839585,0.071,-0.10981611653548327,0.02613469696044922,0.3144381103515625,0,0,1,-0.03373721444105039,-0.11747512769671074,-0.02425338720839585,0.929,0.07607890209443288,-0.08149672368236417,-0.12150608791975318,1.0867077846153848,0.06971516312946913,0,0,0,0,0,0,0,0
0.11490544228576093,0.04162347575329903,0,-0.10145598941843041,-0.06686835479736328,0.2547574462890625,0,0,1,-0.03373721444105039,-0.11490544228576093,-0.04162347575329903,1,0.06771877497738002,-0.044811548886335165,-0.11119563149308387,1.2520075515151512,0.02971819717259428,0,0,0,0,0,0,0,0
