0,0,0.735,0,-0.011089317321777344,0.02335751533508301,0,0,2,0,0,0,1.2650000000000001,0,0,0,1.0120000000000002,0,0,0,0,0,0,0,0,0
-0.0018616209665934245,0.0018183050791422525,0.736,0.0008028514559173874,-0.027924314498901367,0.02727457618713379,0,0,2,0,0.0018616209665934245,-0.0018183050791422525,1.264,-0.0008028514559173874,0.011274322007802469,-0.01101199295589461,1.013607644444444,-0.004625953626952566,0,0,0,0,0,0,0,0
-0.0033061013500056873,0.0036254834880151744,0.736,0.0010122909661567092,-0.02164543533325195,0.02712506294250488,0,0,2,0,0.0033061013500056873,-0.0036254834880151744,1.264,-0.0010122909661567092,0.0094343437573861,-0.011547204503636544,1.0273792000000002,-0.0019789348595689637,0,0,0,0,0,0,0,0
-0.002266809863659132,0.0028555236154427883,0.742,0.0001919862177193754,0.015577672958374023,-0.011565173149108886,0,0,2,0,0.002266809863659132,-0.0028555236154427883,1.258,-0.0001919862177193754,-0.00445798478115405,0.0026499719865940574,0.999063818181818,0.0035366717297230506,0,0,0,0,0,0,0,0
-0.0026461709623155404,0.0017971475666106334,0.754,0.00003490658503988581,-0.0056934642791748044,-0.015874547958374022,0,0,2,0,0.0026461709623155404,-0.0017971475666106334,1.246,-0.00003490658503988581,0.0033113907117338346,0.004707453616205855,0.9658692363636363,0.0006790917453214305,0,0,0,0,0,0,0,0
-0.0007971169173673079,0.0002355007349028541,0.775,0.000872664625997166,0.02773499298095703,-0.023425670623779298,0,0,2,0,0.0007971169173673079,-0.0002355007349028541,1.225,-0.000872664625997166,-0.009550800124691028,0.008284391252973242,0.9075911769230776,-0.004739240199646151,0,0,0,0,0,0,0,0
0.0030596158235659428,-0.0020199380484463712,0.806,0.0006806784082777836,0.05782144546508789,-0.033882053375244144,0,0,2,0,-0.0030596158235659428,0.0020199380484463712,1.194,-0.0006806784082777836,-0.022616186968849893,0.013338966696090353,0.8339784499999991,0.0002192569872818211,0,0,0,0,0,0,0,0
0.005949664988995942,-0.004548987980943452,0.837,0.000436332312998583,0.04332490539550781,-0.03796524810791015,0,0,2,0,-0.005949664988995942,0.004548987980943452,1.163,-0.000436332312998583,-0.01853537485529825,0.015889978833069713,0.8193461230769237,0.0006914188959823431,0,0,0,0,0,0,0,0
0.012859680969605505,-0.007860614549758695,0.872,-0.0005585053606381798,0.10362855529785156,-0.049719619750976565,0,0,2,0,-0.012859680969605505,0.007860614549758695,1.1280000000000001,0.0005585053606381798,-0.04364471679689246,0.021764775712494012,0.777139661538462,0.005150063854346316,0,0,0,0,0,0,0,0
0.01976444176312109,-0.012092614866062373,0.913,-0.0007853981633974411,0.10360684967041016,-0.06342214965820313,0,0,2,0,-0.01976444176312109,0.012092614866062373,1.087,0.0007853981633974411,-0.04708164691952102,0.028844494710631132,0.7190974692307686,0.0018325957145940313,0,0,0,0,0,0,0,0
0.027503906020454355,-0.018249252779739718,0.959,0,0.11616445922851562,-0.09225836181640625,0,0,2,0,-0.027503906020454355,0.018249252779739718,1.041,0,-0.05422036263454197,0.041308887996071804,0.6697428925373132,-0.0035167081943168997,0,0,0,0,0,0,0,0
0.033974772414497326,-0.022568607536412894,0.993,-0.00022689280275926121,0.09706299591064453,-0.06479032135009766,0,0,2,0,-0.033974772414497326,0.022568607536412894,1.0070000000000001,0.00022689280275926121,-0.052996420517693994,0.035317657571901785,0.7002966111111122,0.001307334720660505,0,0,0,0,0,0,0,0
0.04151859345591296,-0.02445995189386597,1.035,0.001308996938995742,0.11316374969482422,-0.02834449005126953,0,0,2,0,-0.04151859345591296,0.02445995189386597,0.9650000000000001,-0.001308996938995742,-0.06146663521785686,0.022466975329255692,0.6357041538461538,-0.008397718824018834,0,0,0,0,0,0,0,0
0.04874355807900302,-0.027154348066737416,1.073,0.0009948376736367767,0.10832147216796875,-0.04055776977539063,0,0,2,0,-0.04874355807900302,0.027154348066737416,0.927,-0.0009948376736367767,-0.06339388166655399,0.02815594890187985,0.6328681153846153,0.0004551281664815247,0,0,0,0,0,0,0,0
0.0545823374317489,-0.029238077509502743,1.112,0.0008377580409572871,0.08755055236816406,-0.03134305572509766,0,0,2,0,-0.0545823374317489,0.029238077509502743,0.8879999999999999,-0.0008377580409572871,-0.05840886386315834,0.02575890404802737,0.6053261181818174,-0.00012375971059597082,0,0,0,0,0,0,0,0
0.06213628365680126,-0.029829045226698915,1.151,0.0022863813201125655,0.11330172729492187,-0.00895943832397461,0,0,2,0,-0.06213628365680126,0.029829045226698915,0.849,-0.0022863813201125655,-0.07132242882149295,0.01815791441057804,0.5797295181818187,-0.008871032589000193,0,0,0,0,0,0,0,0
0.06863767781299249,-0.028910647162070757,1.19,0.003124139361069853,0.09755215454101562,0.01355296516418457,0,0,2,0,-0.06863767781299249,0.028910647162070757,0.81,-0.003124139361069853,-0.06956644164612882,0.009638367238517593,0.5506127000000006,-0.006990714934718872,0,0,0,0,0,0,0,0
0.07353628232005993,-0.0264507125253122,1.228,0.0039968039870670186,0.07359398651123047,0.036669281005859374,0,0,2,0,-0.07353628232005993,0.0264507125253122,0.772,-0.0039968039870670186,-0.06264723125086064,0.0005209374266400696,0.5368776373134327,-0.007904257536308058,0,0,0,0,0,0,0,0
0.07367363079770706,-0.024127439937238634,1.266,0.0056548667764616325,0.002199495315551758,0.034840576171875,0,0,2,0,-0.07367363079770706,0.024127439937238634,0.734,-0.0056548667764616325,-0.03794721241315758,-0.0008905835168081053,0.49501977096774186,-0.01367775124127428,0,0,0,0,0,0,0,0
0.07313574354882478,-0.019891220144457614,1.302,0.007190756518216643,-0.007708852767944336,0.06358790588378906,0,0,2,0,-0.07313574354882478,0.019891220144457614,0.698,-0.007190756518216643,-0.03405413675720494,-0.01269092990786514,0.4914267461538461,-0.014279478403239766,0,0,0,0,0,0,0,0
0.07246195083990346,-0.016100587542686912,1.337,0.004101523742186676,-0.009697770118713379,0.05693069458007813,0,0,2,0,-0.07246195083990346,0.016100587542686912,0.663,-0.004101523742186676,-0.0332457660011197,-0.010992569065246104,0.48431136811594255,0.009329923110117525,0,0,0,0,0,0,0,0
0.0707126073206777,-0.013818146740780392,1.374,0.0021642082724729686,-0.026099510192871093,0.03434394836425781,0,0,2,0,-0.0707126073206777,0.013818146740780392,0.6259999999999999,-0.0021642082724729686,-0.026114857180533135,-0.005577464180290172,0.43063584444444364,0.0070611034880684945,0,0,0,0,0,0,0,0
0.06919557527600395,-0.010856015666567147,1.406,-0.002146754979953029,-0.02265926742553711,0.044481109619140625,0,0,2,0,-0.06919557527600395,0.010856015666567147,0.5940000000000001,0.002146754979953029,-0.026690553673686855,-0.010827747495897547,0.43655582222222344,0.02267515142007683,0,0,0,0,0,0,0,0
0.06735301391672327,-0.009327340941443413,1.436,-0.007365289443416065,-0.02768758201599121,0.022870735168457033,0,0,2,0,-0.06735301391672327,0.009327340941443413,0.5640000000000001,0.007365289443416065,-0.024617034783557985,-0.0031151660301205093,0.4373959820895522,0.03073186166787742,0,0,0,0,0,0,0,0
0.0653310832464129,-0.009045921887219586,1.465,-0.009058258817850572,-0.030359228134155272,0.003997791767120362,0,0,2,0,-0.0653310832464129,0.009045921887219586,0.5349999999999999,0.009058258817850572,-0.02221576852197648,0.0031965176157098445,0.4157426499999992,0.016994052760512322,0,0,0,0,0,0,0,0
0.06139908592378987,-0.008764246701296698,1.491,-0.008901179185171082,-0.059015811920166014,0.0036907060146331785,0,0,2,0,-0.06139908592378987,0.008764246701296698,0.5089999999999999,0.008901179185171082,-0.011110733078852065,0.003150851412218143,0.4231740705882352,0.008208180805702745,0,0,0,0,0,0,0,0
0.05643502575813325,-0.008846118690988135,1.517,-0.008709192967451707,-0.074447021484375,-0.0018908122777938842,0,0,2,0,-0.05643502575813325,0.008846118690988135,0.4830000000000001,0.008709192967451707,-0.0013243665443266155,0.005102003600087526,0.3947960555555568,0.0077949728830737286,0,0,0,0,0,0,0,0
0.05506746637216804,-0.008564881100236123,1.543,-0.008098327729253688,-0.020549352645874024,0.004039751052856445,0,0,2,0,-0.05506746637216804,0.008564881100236123,0.4570000000000001,0.008098327729253688,-0.020890711426868155,0.0029977513323565744,0.38141100000000006,0.005278949706801293,0,0,0,0,0,0,0,0
0.055375327152231826,-0.009783214911585333,1.57,-0.007714355293814943,0.004765755653381347,-0.018237010955810547,0,0,2,0,-0.055375327152231826,0.009783214911585333,0.42999999999999994,0.007714355293814943,-0.030127476976294726,0.011790298784286037,0.3549067499999994,0.005914484502695827,0,0,0,0,0,0,0,0
0.054283691689196056,-0.012837485829264224,1.593,-0.008133234314293572,-0.01602062225341797,-0.04593901824951172,0,0,2,0,-0.054283691689196056,0.012837485829264224,0.40700000000000003,0.008133234314293572,-0.022055292894746854,0.02310908975021561,0.36296234615384676,0.010066522101118011,0,0,0,0,0,0,0,0
0.053136498866480246,-0.015229513854542851,1.613,-0.009110618695410395,-0.016915502548217772,-0.036019187927246094,0,0,2,0,-0.053136498866480246,0.015229513854542851,0.387,0.009110618695410395,-0.021742284619611058,0.019661529994131163,0.37496465070422536,0.013240411855058944,0,0,0,0,0,0,0,0
0.05043111772623174,-0.018421236855185697,1.638,-0.010018189906447454,-0.04014286041259765,-0.04824356842041016,0,0,2,0,-0.05043111772623174,0.018421236855185697,0.3620000000000001,0.010018189906447454,-0.010293638621966819,0.028095140958425684,0.3098948666666673,0.014556045961632747,0,0,0,0,0,0,0,0
0.04547891050410375,-0.021505074453805305,1.655,-0.010716321607245184,-0.07381597137451172,-0.04699941253662109,0,0,2,0,-0.04547891050410375,0.021505074453805305,0.345,0.010716321607245184,0.0030372449085603395,0.02763793326289636,0.3528322384615378,0.013938467918619322,0,0,0,0,0,0,0,0
0.04032879265777771,-0.024070167974709976,1.672,-0.011100294042683935,-0.07683501434326172,-0.03930203247070312,0,0,2,0,-0.04032879265777771,0.024070167974709976,0.32800000000000007,0.011100294042683935,0.006651762708331458,0.02614288829099029,0.34136423846153907,0.012872474513939707,0,0,0,0,0,0,0,0
0.03489158764945912,-0.02628810629066439,1.691,-0.010908307824964561,-0.08118376159667968,-0.03417232513427734,0,0,2,0,-0.03489158764945912,0.02628810629066439,0.30899999999999994,0.010908307824964561,0.010893539629709254,0.025399647460631974,0.317403507692307,0.010022217589336682,0,0,0,0,0,0,0,0
0.030243476727342258,-0.027565173935486,1.718,-0.010646508437165414,-0.06950856018066406,-0.0199154052734375,0,0,2,0,-0.030243476727342258,0.027565173935486,0.28200000000000003,0.010646508437165414,0.008201250683079697,0.02078515406222263,0.25895582388059757,0.009474272372393113,0,0,0,0,0,0,0,0
0.02669203987836176,-0.029581238652005296,1.73,-0.011047934165124104,-0.05294657897949219,-0.030806402206420898,0,0,2,0,-0.02669203987836176,0.029581238652005296,0.27,0.011047934165124104,0.005409181380185476,0.026340933246192202,0.32543493333333334,0.012959485250641677,0,0,0,0,0,0,0,0
0.02307270923504368,-0.03266234947358805,1.743,-0.011344640137963135,-0.053776058197021484,-0.04681362152099609,0,0,2,0,-0.02307270923504368,0.03266234947358805,0.2569999999999999,0.011344640137963135,0.006962348188303843,0.033292956379522544,0.31337209999999927,0.012714052320297126,0,0,0,0,0,0,0,0
0.018229281127057816,-0.034912994139182994,1.757,-0.012322024519079959,-0.07226376342773437,-0.034581684112548826,0,0,2,0,-0.018229281127057816,0.034912994139182994,0.2430000000000001,0.012322024519079959,0.01596350725008302,0.029785961419855917,0.29953347575757705,0.016764680796883702,0,0,0,0,0,0,0,0
0.014055961013793866,-0.03792820124282068,1.768,-0.01413716694115407,-0.06203776168823242,-0.045996009826660154,0,0,2,0,-0.014055961013793866,0.03792820124282068,0.23199999999999998,0.01413716694115407,0.013761678273108166,0.03537309536199442,0.308173766666666,0.022387814314218206,0,0,0,0,0,0,0,0
0.00790686761235719,-0.03956922692399483,1.78,-0.0144338729139931,-0.09187920379638671,-0.02591684341430664,0,0,2,0,-0.00790686761235719,0.03956922692399483,0.21999999999999997,0.0144338729139931,0.02763890912037304,0.028932398167165904,0.29472273636363633,0.015782536426897788,0,0,0,0,0,0,0,0
0.0024607003662237264,-0.04086678880445831,1.798,-0.014206980111233839,-0.081403076171875,-0.020640499114990236,0,0,2,0,-0.0024607003662237264,0.04086678880445831,0.20199999999999996,0.014206980111233839,0.0275353163785154,0.02800096647069967,0.24681439999999993,0.013143420098299802,0,0,0,0,0,0,0,0
-0.0006471564647226566,-0.04264810022696401,1.81,-0.014049900478554351,-0.04623355484008789,-0.027379251480102538,0,0,2,0,0.0006471564647226566,0.04264810022696401,0.18999999999999995,0.014049900478554351,0.016040552023494192,0.031414978803730745,0.27227151538461536,0.013324917558495176,0,0,0,0,0,0,0,0
-0.000765348471489983,-0.044891044310017114,1.823,-0.015114551322270893,-0.0013000235557556153,-0.033665748596191404,0,0,2,0,0.000765348471489983,0.044891044310017114,0.17700000000000005,0.015114551322270893,0.000011886681812516182,0.035239604677397035,0.2565259500000006,0.020105102152192182,0,0,0,0,0,0,0,0
-0.000976886034122725,-0.04754744494027287,1.841,-0.014782938764391967,-0.002570469379425049,-0.0398894157409668,0,0,2,0,0.000976886034122725,0.04754744494027287,0.15900000000000003,0.014782938764391967,0.0006109763162185535,0.03863630607891657,0.21733012307692307,0.013252419266489233,0,0,0,0,0,0,0,0
-0.0006805325967086794,-0.04978410088646434,1.853,-0.014381513036433277,0.004940762996673584,-0.033480461120605466,0,0,2,0,0.0006805325967086794,0.04978410088646434,0.14700000000000002,0.014381513036433277,-0.002223907831390887,0.03716831729773677,0.24295153283582094,0.012584084403782425,0,0,0,0,0,0,0,0
-0.0014127381330752385,-0.05174664028911797,1.862,-0.015219271077390548,-0.010558597564697266,-0.029592994689941407,0,0,2,0,0.0014127381330752385,0.05174664028911797,0.1379999999999999,0.015219271077390548,0.0035162107373596365,0.03675230515494919,0.25234777462686503,0.018970426484661913,0,0,0,0,0,0,0,0
-0.004385907390340677,-0.05173531526289425,1.872,-0.015341444125030152,-0.0445949592590332,-0.0005088601112365722,0,0,2,0,0.004385907390340677,0.05173531526289425,0.1279999999999999,0.015341444125030152,0.01796458033481418,0.026462715431250745,0.23570468709677414,0.015932604032963718,0,0,0,0,0,0,0,0
-0.007601825042662794,-0.04953016769867571,1.882,-0.015166911199830723,-0.04874052047729492,0.032333297729492186,0,0,2,0,0.007601825042662794,0.04953016769867571,0.1180000000000001,0.015166911199830723,0.02010994001291084,0.013582396358157311,0.23107714615384747,0.014361374621987204,0,0,0,0,0,0,0,0
-0.009268447881847509,-0.04734631680990375,1.892,-0.015201817784870602,-0.025493282318115235,0.03237484741210937,0,0,2,0,0.009268447881847509,0.04734631680990375,0.1080000000000001,0.015201817784870602,0.01260691923750193,0.01263592042594861,0.22377914615384625,0.015362925100439274,0,0,0,0,0,0,0,0
-0.008603686972746554,-0.04623831275877063,1.902,-0.01576032314550879,0.009717616081237793,0.016769718170166016,0,0,2,0,0.008603686972746554,0.04623831275877063,0.09800000000000009,0.01576032314550879,-0.000166451341708675,0.018084014299189696,0.21804309402985084,0.018261093417023058,1427129233064,0,0,0,0,0,0,0
-0.0065897081324101745,-0.04597060013291644,1.912,-0.017016960206944706,0.030142644882202148,0.004491285324096679,0,0,2,0,0.0065897081324101745,0.04597060013291644,0.08800000000000008,0.017016960206944706,-0.00871053851705522,0.022303606611835766,0.20815760000000005,0.022907446432425566,1427129233064,0,0,0,0,0,0,0
-0.004807434492523087,-0.04717795846066443,1.925,-0.01815142422074102,0.027038402557373047,-0.017652841567993165,0,0,2,0,0.004807434492523087,0.04717795846066443,0.07499999999999996,0.01815142422074102,-0.008331460763966484,0.031004273946636497,0.18183134999999934,0.023469224285411233,1427129233064,0,0,0,0,0,0,0
-0.0037509575155998654,-0.048085349229441986,1.936,-0.01745329251994329,0.01609158706665039,-0.013320986747741698,0,0,2,0,0.0037509575155998654,0.048085349229441986,0.06400000000000006,0.01745329251994329,-0.004799174345343173,0.029772434246570223,0.18531033076923142,0.01423114620856915,1427129233064,0,0,0,0,0,0,0
-0.0033392989651502177,-0.04887155304228465,1.947,-0.01754055898254301,0.006379755020141602,-0.011683494567871093,0,0,2,0,0.0033392989651502177,0.04887155304228465,0.052999999999999936,0.01754055898254301,-0.001497115267354279,0.02948110372844448,0.17775756666666603,0.017937224721632655,1427129233064,0,0,0,0,0,0,0
-0.003408860695368635,-0.04802616915651425,1.958,-0.01747074581246323,-0.0012656816244125367,0.012660506248474122,0,0,2,-0.017540558982543013,0.003408860695368635,0.04802616915651425,0.04200000000000004,-0.00006981317007978202,0.0017044303476843176,0.024013084578257127,0.03360000000000003,-0.00006981317007978202,1427129233064,0,0,0,0,0,0,0
-0.0026075264548533587,-0.04763408657091297,1.965,-0.01905899543177808,0.011915434837341308,0.0060903291702270506,0,0,2,-0.017540558982543013,0.0026075264548533587,0.04763408657091297,0.03499999999999992,0.0015184364492350673,-0.003076864583460133,0.021703327460854845,-0.010057250000000705,0.008963356539773423,1427129233453,0,0,0,0,0,0,0
-0.0004819588783557231,-0.047834806776827436,1.971,-0.021729349187329404,0.03193510246276855,-0.002402625322341919,0,0,2,-0.017540558982543013,0.0004819588783557231,0.047834806776827436,0.028999999999999915,0.0041887902047863905,-0.011202402344068907,0.025059782936994252,-0.008695192307692397,0.0165134998457925,1427129233518,0,0,0,0,0,0,0
0.0023777635179374743,-0.04841904846331066,1.977,-0.022636920398366456,0.04307612228393555,-0.007829531192779541,0,0,2,-0.017540558982543013,-0.0023777635179374743,0.04841904846331066,0.02299999999999991,0.005096361415823442,-0.016586950425862883,0.02744849182633801,-0.013345692307692402,0.009285151620609835,1427129233583,0,0,0,0,0,0,0
0.006291336544634717,-0.048391065129751054,1.985,-0.022410027595607188,0.0586790542602539,0.0017483975887298583,0,0,2,-0.017540558982543013,-0.006291336544634717,0.048391065129751054,0.014999999999999902,0.004869468613064174,-0.024222406625525765,0.02416935809012346,-0.03041742307692319,0.0038222710618675522,1427129233648,0,0,0,0,0,0,0
0.010522999149013565,-0.04887699735723034,1.996,-0.02178170906488923,0.06362233352661133,-0.005864797115325927,0,0,2,-0.017540558982543013,-0.010522999149013565,0.04887699735723034,0.0040000000000000036,0.004241150082346216,-0.02737790298090356,0.027134203215083617,-0.05357638656716364,0.0014277835268926707,1427129233715,0,0,0,0,0,0,0
0.01617552354260273,-0.048461316595281065,2.004,-0.021554816262129968,0.08463195037841797,0.008080410957336425,0,0,2,-0.017540558982543013,-0.01617552354260273,0.048461316595281065,-0.0040000000000000036,0.0040142572795869545,-0.03951156888311926,0.02210910396258585,-0.046983344444444484,0.0029338153616857107,1427129233778,0,0,0,0,0,0,0
0.023453329075750904,-0.04625264239099024,1.998,-0.021345376751890653,0.10842766571044922,0.03547531127929687,0,0,2,-0.017540558982543013,-0.023453329075750904,0.04625264239099024,0.0020000000000000018,0.0038048177693476397,-0.05095098665590363,0.01145130754435191,0.03458179230769233,0.0028381738759354173,1427129233843,0,0,0,0,0,0,0
0.028692601757952598,-0.04433553334575701,1.99,-0.020734511513692634,0.07795741271972656,0.03042747116088867,0,0,2,-0.017540558982543013,-0.028692601757952598,0.04433553334575701,0.010000000000000009,0.0031939525311496207,-0.042612557836896874,0.01209153735948943,0.051816023076923116,0.0003745745086972253,1427129233908,0,0,0,0,0,0,0
0.03301468271344361,-0.042309804467604364,1.986,-0.019844393595175522,0.06418728637695313,0.03172354888916016,0,0,2,-0.017540558982543013,-0.03301468271344361,0.042309804467604364,0.014000000000000012,0.0023038346126325084,-0.039504045995573916,0.010686990623742815,0.03324362121212124,-0.001742155926081639,1427129233974,0,0,0,0,0,0,0
0.03633405704612017,-0.03993284598051775,1.979,-0.0192684349420174,0.04907331848144531,0.03663535690307617,0,0,2,-0.017540558982543013,-0.03633405704612017,0.03993284598051775,0.020999999999999908,0.0017278759594743856,-0.0358703300337284,0.0076622857990483375,0.05489131212121148,-0.0008901179185170811,1427129234040,0,0,0,0,0,0,0
0.04009149299361214,-0.03725769230986261,1.98,-0.01865756970381938,0.05557793426513672,0.04120578765869141,0,0,2,-0.017540558982543013,-0.04009149299361214,0.03725769230986261,0.020000000000000018,0.0011170107212763666,-0.04072044172755222,0.0043238901364691384,0.011629350000000614,-0.0017464200827768473,1427129234104,0,0,0,0,0,0,0
0.04216207231648484,-0.0358748989968948,1.972,-0.016859880574265223,0.030666313171386718,0.02131773567199707,0,0,2,-0.017540558982543013,-0.04216207231648484,0.0358748989968948,0.028000000000000025,-0.0006806784082777906,-0.03238393217515441,0.010839748653978767,0.06675702307692313,-0.008977705160066208,1427129234169,0,0,0,0,0,0,0
0.0422792392037643,-0.033331967927522584,1.969,-0.014695672301792261,0.0011141812801361084,0.03816817474365235,0,0,2,-0.017540558982543013,-0.0422792392037643,0.033331967927522584,0.030999999999999917,-0.0028448866807507522,-0.021951622471082236,0.003343053287037226,0.042435446153845494,-0.012833540246010574,1427129234234,0,0,0,0,0,0,0
0.04304370500396003,-0.02990879826400788,1.967,-0.013561208287995948,0.01071118927001953,0.0515105094909668,0,0,2,-0.017540558982543013,-0.04304370500396003,0.02990879826400788,0.03299999999999992,-0.003979350694547065,-0.025847289464366423,-0.0030888371020003913,0.03886533076923071,-0.009215338450530047,1427129234299,0,0,0,0,0,0,0
0.041142834785418955,-0.027706821573945363,1.963,-0.013037609512397642,-0.02895833969116211,0.03263995361328125,0,0,2,-0.017540558982543013,-0.041142834785418955,0.027706821573945363,0.03699999999999992,-0.004502949470145371,-0.011024586343277635,0.0029277636741562255,0.0521359352941176,-0.006812944068373192,1427129234367,0,0,0,0,0,0,0
0.03961053969641651,-0.02606610345160977,1.963,-0.013264502315156912,-0.02330332946777344,0.02430902671813965,0,0,2,-0.017540558982543013,-0.03961053969641651,0.02606610345160977,0.03699999999999992,-0.0042760566673861015,-0.011687941606926095,0.0044851132394670475,0.03178449999999994,-0.0032124966544520243,1427129234431,0,0,0,0,0,0,0
0.03823600997709072,-0.025638665878312462,1.958,-0.013945180723434697,-0.020701175689697267,0.006137520790100098,0,0,2,-0.017540558982543013,-0.03823600997709072,0.025638665878312462,0.04200000000000004,-0.003595378259108316,-0.011887927159067783,0.010922931201533629,0.06339705000000066,-0.00040469822030619754,1427129234495,0,0,0,0,0,0,0
0.03673869091679326,-0.02605091179081047,1.954,-0.014241886696273744,-0.02237137222290039,-0.006496283054351806,0,0,2,-0.017540558982543013,-0.03673869091679326,0.02605091179081047,0.04600000000000004,-0.0032986722862692695,-0.01061761993282227,0.015703322162097886,0.06109076153846159,-0.0019292601039352078,1427129234560,0,0,0,0,0,0,0
0.036079746168939456,-0.02729105104550212,1.951,-0.014800392056911924,-0.00961824893951416,-0.018740966796875,0,0,2,-0.017540558982543013,-0.036079746168939456,0.02729105104550212,0.04899999999999993,-0.0027401669256310896,-0.01482592261475568,0.020799018199819837,0.058424646153845516,-0.00016244987653179837,1427129234625,0,0,0,0,0,0,0
0.03649089881589204,-0.02868473031989824,1.949,-0.01481784534943187,0.00647600793838501,-0.02081162452697754,0,0,2,-0.017540558982543013,-0.03649089881589204,0.02868473031989824,0.050999999999999934,-0.0027227136331111432,-0.020784101904316232,0.02222784027397881,0.05481346060606056,-0.0026433804852932052,1427129234691,0,0,0,0,0,0,0
0.035824806809857834,-0.030357740960003918,1.95,-0.015009831567151247,-0.009618440628051757,-0.025240449905395507,0,0,2,-0.017540558982543013,-0.035824806809857834,0.030357740960003918,0.050000000000000044,-0.002530727415391766,-0.01470733781650373,0.024701873532166022,0.03834778461538524,-0.0016446371797638718,1427129234756,0,0,0,0,0,0,0
0.03469424909547537,-0.03241934614863359,1.95,-0.015166911199830737,-0.016492307662963866,-0.031175127029418947,0,0,2,-0.017540558982543013,-0.03469424909547537,0.03241934614863359,0.050000000000000044,-0.0023736477827122765,-0.011568175041465604,0.028019309051996247,0.04405240000000003,-0.001637337004527169,1427129234820,0,0,0,0,0,0,0
0.03216691434476151,-0.03512941095175497,1.954,-0.015969762655748124,-0.037289134979248045,-0.04122125244140625,0,0,2,-0.017540558982543013,-0.03216691434476151,0.03512941095175497,0.04600000000000004,-0.001570796326794889,-0.002899428080194959,0.03271542882754909,0.019612938461538477,0.0021346719312853603,1427129234885,0,0,0,0,0,0,0
0.029374915712437687,-0.03805313557661296,1.953,-0.01698205362190484,-0.041174301147460936,-0.04451906204223633,0,0,2,-0.017540558982543013,-0.029374915712437687,0.03805313557661296,0.04699999999999993,-0.0005585053606381729,-0.00032548843593779506,0.03511434986060441,0.04756463030302966,0.0040428172128014455,1427129234951,0,0,0,0,0,0,0
0.02788354145124864,-0.040309343306480935,1.95,-0.01776745178530229,-0.02179269027709961,-0.03421811676025391,0,0,2,-0.017540558982543013,-0.02788354145124864,0.040309343306480935,0.050000000000000044,0.0002268928027592751,-0.006495454895688544,0.03272919557020394,0.060900690909091545,0.0037968844545658562,1427129235017,0,0,0,0,0,0,0
0.028323066701263735,-0.042452758597368995,1.952,-0.01794198471050171,0.0071630535125732425,-0.032029022216796876,0,0,2,-0.017540558982543013,-0.028323066701263735,0.042452758597368995,0.04800000000000004,0.0004014257279586972,-0.017045800894649892,0.03358513739177329,0.03276130000000003,0.0012195488148309883,1427129235081,0,0,0,0,0,0,0
0.028643659444702922,-0.04300805798542457,1.951,-0.01876228945893905,0.00495755672454834,-0.008241873741149902,0,0,2,-0.017540558982543013,-0.028643659444702922,0.04300805798542457,0.04899999999999993,0.001221730476396038,-0.01654733055250719,0.025159013579439088,0.05020191538461474,0.005007752392260687,1427129235146,0,0,0,0,0,0,0
0.029787016990640517,-0.04147828364573445,1.951,-0.0200712863979348,0.016716838836669922,0.02326433753967285,0,0,2,-0.017540558982543013,-0.029787016990640517,0.04147828364573445,0.04899999999999993,0.002530727415391787,-0.02156864289997287,0.013193767221486928,0.04513579999999995,0.008572251749218319,1427129235211,0,0,0,0,0,0,0
0.03275104274443345,-0.03948496759526252,1.948,-0.020751964806212584,0.04385134506225586,0.030786035537719726,0,0,2,-0.017540558982543013,-0.03275104274443345,0.03948496759526252,0.052000000000000046,0.0032114058236695706,-0.03263404922443518,0.009889800300179793,0.06378809090909154,0.0063053985885685865,1427129235277,0,0,0,0,0,0,0
0.03327269669677954,-0.036325273883878524,1.954,-0.020961404316451906,0.006839647293090821,0.04754756927490234,2.5,0,2,0,2.4667273033032204,0.036325273883878524,0.04600000000000004,0.020961404316451906,1.2333636516516102,0.018162636941939262,0.036800000000000034,0.020961404316451906,0,0,0,0,0,0,0,0
0.03321807815551016,-0.03422128892324362,1.955,-0.020263272615654176,-0.0014805868864059448,0.03153566932678223,2.5,0,2,0,2.4667819218444897,0.03422128892324362,0.04499999999999993,0.020263272615654176,1.235248469873392,0.005443398536782893,0.030727944444443763,0.016938835945188795,0,0,0,0,0,0,0,0
0.03296020119410017,-0.031903467960894036,1.958,-0.018797196043978937,-0.0045718116760253905,0.03468180084228516,2.5,0,2,0,2.4670397988059,0.031903467960894036,0.04200000000000004,0.018797196043978937,1.2380661161366824,0.0035134562339916194,0.018002653846154466,0.012030688790093221,0,0,0,0,0,0,0,0
0.03549077580395107,-0.030983902704592316,1.957,-0.016807520696705398,0.037692649841308594,0.014504515647888183,2.5,0,2,0,2.464509224196049,0.030983902704592316,0.04299999999999993,0.016807520696705398,1.2233880205976173,0.010602882329010337,0.040620615384614735,0.007624403709289062,0,0,0,0,0,0,0,0
0.04227928291168047,-0.030606007918026704,1.959,-0.015655603390389145,0.10171795654296875,0.007379010200500489,2.5,0,2,0,2.4577207170883195,0.030606007918026704,0.040999999999999925,0.015655603390389145,1.1986639566751298,0.013350515985607141,0.023133269230769162,0.010339061976621827,0,0,0,0,0,0,0,0
0.05521021707580385,-0.030774190861423984,1.961,-0.015009831567151249,0.193979736328125,0.0005140646100044251,2.5,0,2,0,2.4447897829241962,0.030774190861423984,0.038999999999999924,0.015009831567151249,1.169401310094051,0.01628765830746994,0.02313164054054047,0.012391837689159779,0,0,0,0,0,0,0,0
0.07144379125283135,-0.029517972736729764,1.965,-0.014119713648634137,0.243193359375,0.0224959602355957,2.5,0,2,0,2.428556208747169,0.029517972736729764,0.03499999999999992,0.014119713648634137,1.1392692262510535,0.00832153293222826,0.00873007761194022,0.010134111028408261,0,0,0,0,0,0,0,0
0.09399752764985671,-0.027471473264096297,1.967,-0.013439035240356346,0.33783889770507813,0.0354710578918457,2.5,0,2,0,2.4060024723501434,0.027471473264096297,0.03299999999999992,0.013439035240356346,1.0848555884790227,0.002135164192930687,0.01675149016393435,0.01009143651112131,0,0,0,0,0,0,0,0
0.12461492030510171,-0.025989362260401508,1.963,-0.012199851471440376,0.458920654296875,0.0284014949798584,2.5,0,2,0,2.3753850796948983,0.025989362260401508,0.03699999999999992,0.012199851471440376,1.0155711716508546,0.004207619311916669,0.05577943103448271,0.005790280252909495,0,0,0,0,0,0,0,0
0.15851259965032782,-0.02445100983241688,1.961,-0.011501719770642646,0.5081458435058593,0.029276615142822267,2.5,0,2,0,2.3414874003496724,0.02445100983241688,0.038999999999999924,0.011501719770642646,1.0388076109036686,0.0057548198647305315,0.04219937530864192,0.008916046804725127,0,0,0,0,0,0,0,0
0.19867228499518327,-0.023489624494769185,1.957,-0.010541788682045762,0.6021895751953125,0.021348255157470703,2.5,0,2,0,2.301327715004817,0.023489624494769185,0.04299999999999993,0.010541788682045762,0.9569517107059311,0.006914904882042023,0.057941022388059656,0.00624358977788061,0,0,0,0,0,0,0,0
0.2463142230611148,-0.024247671033477983,1.955,-0.008604473212332054,0.714709228515625,-0.0038367371559143064,2.5,0,2,0,2.253685776938885,0.024247671033477983,0.04499999999999993,0.008604473212332054,0.8353467937315042,0.017242448708089154,0.05185146296296291,-0.0021583905082996537,0,0,0,0,0,0,0,0
0.30324010349489217,-0.02538382127076593,1.966,-0.007557275661135466,0.8540032348632812,-0.00969445514678955,2.5,0,2,0,2.1967598965051076,0.02538382127076593,0.03400000000000003,0.007557275661135466,0.7792743802914357,0.019652109967536975,-0.034965137288134975,0.002232542349966374,0,0,0,0,0,0,0,0
0.3660573907513139,-0.026952440826927205,1.966,-0.006894050545377608,0.9424102172851563,-0.01640777587890625,2.5,0,2,0,2.133942609248686,0.026952440826927205,0.03400000000000003,0.006894050545377608,0.8561567720756412,0.01950127495600105,0.030612100000000024,0.004799655442984372,0,0,0,0,0,0,0,0
0.4321002747566981,-0.026804017534618526,1.963,-0.005811946409141135,0.9906043701171875,0.009055787086486817,2.5,0,2,0,2.067899725243302,0.026804017534618526,0.03699999999999992,0.005811946409141135,0.39486236586765655,0.012173087112302874,0.06314159999999885,-0.003463231901457204,0,0,0,0,0,0,0,0
0.5063695898140408,-0.026404533394326603,1.959,-0.0043807764225057754,1.113986083984375,0.012466863632202148,2.5,0,2,0,1.9936304101859592,0.026404533394326603,0.040999999999999925,0.0043807764225057754,0.6428037436646935,0.011449428265718067,0.056914355072463715,-0.0018417017802566573,0,0,0,0,0,0,0,0
0.5847428779459026,-0.025296923682904163,1.956,-0.004049163864626857,1.1755152587890625,0.021764007568359375,2.5,0,2,0,1.9152571220540975,0.025296923682904163,0.04400000000000004,0.004049163864626857,0.5659936570990896,0.007065000343601432,0.05522399090909154,0.0025418340560863176,0,0,0,0,0,0,0,0
0.6710163594716584,-0.023408704565858016,1.955,-0.004642575810304929,1.2939769287109375,0.033563072204589844,2.5,0,2,0,1.8289836405283415,0.023408704565858016,0.04499999999999993,0.004642575810304929,0.4445767390221809,0.00117481384426818,0.04612710491803209,0.007560995215279058,0,0,0,0,0,0,0,0
0.7593955568446084,-0.02101468016594132,1.954,-0.004991641660703794,1.3255069580078125,0.0420645637512207,2.5,0,2,0,1.7406044431553918,0.02101468016594132,0.04600000000000004,0.004991641660703794,0.4206423266155531,-0.0020653953143191517,0.04687301538461602,0.006602714816390864,0,0,0,0,0,0,0,0
0.8499290979618414,-0.01701882730470637,1.95,-0.005462880558742263,1.35768701171875,0.06671568298339844,2.5,0,2,0,1.6500709020381588,0.01701882730470637,0.050000000000000044,0.005462880558742263,0.42428541341890386,-0.010059131271203635,0.06397731891891897,0.007373308523763083,0,0,0,0,0,0,0,0
0.9425422151122895,-0.012430510423038593,1.949,-0.006702064327658241,1.388800048828125,0.07641270446777344,2.5,0,2,0,1.5574577848877105,0.012430510423038593,0.050999999999999934,0.006702064327658241,0.23838875160662,-0.021620775836875966,0.05228945087719225,0.013224084164058122,0,0,0,0,0,0,0,0
1.040109937118427,-0.006668313959696552,1.948,-0.009651670763528651,1.4629036865234375,0.09623950958251953,2.5,0,2,0,1.459890062881573,0.006668313959696552,0.052000000000000046,0.009651670763528651,0.2915571975091545,-0.0239500999549589,0.05212322054794578,0.021773341047927598,0,0,0,0,0,0,0,0
1.1384965027453446,0.0006092862405497361,1.946,-0.011379546723003044,1.4746761474609376,0.12340261840820313,2.5,0,2,0,1.3615034972546554,-0.0006092862405497361,0.05400000000000005,0.011379546723003044,0.10680238511251428,-0.04464929677689066,0.06151720175438602,0.02047363072023669,0,0,0,0,0,0,0,0
1.2451488981370613,0.009604436959295167,1.943,-0.012915436464758052,1.59814697265625,0.15312297058105467,2.5,0,2,0,1.2548511018629387,-0.009604436959295167,0.05699999999999994,0.012915436464758052,0.0751520393746461,-0.05365823069561429,0.06840754999999936,0.020114919629234652,0,0,0,0,0,0,0,0
1.3598339796151313,0.01700860763469066,1.942,-0.014660765716752382,1.7186983642578124,0.13327079772949219,2.5,0,2,0,1.1401660203848687,-0.01700860763469066,0.05800000000000005,0.014660765716752382,-0.006361166876188817,-0.047443852681642494,0.05848713030303093,0.02259408049854479,0,0,0,0,0,0,0,0
1.4804682038795234,0.028228142700872896,1.94,-0.017453292519943302,1.8068516845703124,0.19480284118652344,2.5,0,2,0,1.0195317961204766,-0.028228142700872896,0.06000000000000005,0.017453292519943302,-0.10740602084239015,-0.0742203081726552,0.06594333076923081,0.030341877765439854,0,0,0,0,0,0,0,0
1.5992917395040076,0.037612970772428804,1.942,-0.019826940302655593,1.779624755859375,0.17185733032226563,2.5,0,2,0,0.9007082604959924,-0.037612970772428804,0.05800000000000005,0.019826940302655593,-0.15648246637811375,-0.06905797912990885,0.04318186923076926,0.0307822377613277,0,0,0,0,0,0,0,0
1.7370070574686627,0.04464046620277663,1.946,-0.020839231268812312,2.06323388671875,0.14634613037109376,2.5,0,2,0,0.7629929425313373,-0.04464046620277663,0.05400000000000005,0.020839231268812312,-0.3153260163983979,-0.05933452115824783,0.029895378787878815,0.025440553842251946,0,0,0,0,0,0,0,0
1.8842137554929508,0.049093223489767586,1.95,-0.02179916235740919,2.206229248046875,0.11278864288330079,2.5,0,2,0,0.6157862445070492,-0.049093223489767586,0.050000000000000044,0.02179916235740919,-0.46326338767636377,-0.04867631465646703,0.026352500000000015,0.02629883933520705,0,0,0,0,0,0,0,0
2.030235339328388,0.051823541183958724,1.956,-0.023090706003884992,2.18891064453125,0.0886884765625,2.5,0,2,0,0.46976466067161216,-0.051823541183958724,0.04400000000000004,0.023090706003884992,-0.5172022695505198,-0.040425853053129596,0.011405807692307701,0.029051676679927158,0,0,0,0,0,0,0,0
2.1730425066651264,0.05572634056448959,1.964,-0.024975661596038864,2.140184814453125,0.1079847640991211,2.5,0,2,0,0.32695749333487356,-0.05572634056448959,0.03600000000000003,0.024975661596038864,-0.5710849343167681,-0.04872683779120665,-0.0055294230769230845,0.03367545663674904,0,0,0,0,0,0,0,0
2.3118043158581587,0.06033589882249339,1.973,-0.02604031243975541,2.07905126953125,0.12110142517089843,2.5,0,2,0,0.1881956841418413,-0.06033589882249339,0.026999999999999913,0.02604031243975541,-0.6072380385409633,-0.054500992151735206,-0.017201572727273424,0.030879634456648795,0,0,0,0,0,0,0,0
2.4497065707633197,0.058613138831923796,1.981,-0.02661627109291354,2.06850537109375,0.028026540756225585,2.5,0,2,0,0.05029342923668034,-0.058613138831923796,0.018999999999999906,0.02661627109291354,-0.6715977298945662,-0.020097821267462998,-0.018173142424242533,0.029234264970905036,1427129237427,0,0,0,0,0,0,0
2.5720287434026785,0.05563038397074844,1.991,-0.028029987787028945,1.8353734130859376,0.0041051597595214845,2.5,0,2,0,-0.07202874340267851,-0.05563038397074844,0.008999999999999897,0.028029987787028945,-0.6601636509526505,-0.011717464307273915,-0.03753655384615397,0.03455483406756159,1427129237427,0,0,0,0,0,0,0
2.677135566261338,0.05120745438921715,2.008,-0.028344147052387924,1.5778424072265624,-0.02213152503967285,2.5,0,2,0,-0.17713556626133808,-0.05120745438921715,-0.008000000000000007,0.028344147052387924,-0.6289755139792114,-0.0014118638523392991,-0.09031034999999948,0.029816768608758138,0,0,0,0,0,0,0,0
2.7658489095217758,0.04574292848464132,2.017,-0.027558748888990476,1.3324886474609374,-0.04422245407104492,2.5,0,2,0,-0.26584890952177576,-0.04574292848464132,-0.016999999999999904,0.027558748888990476,-0.576389282833143,0.006527140302842682,-0.053113638461537827,0.023933834288694562,0,0,0,0,0,0,0,0
2.8398701609088506,0.03906380590736713,2.032,-0.028361600344907867,1.1126578369140625,-0.06955367279052735,2.5,0,2,0,-0.3398701609088506,-0.03906380590736713,-0.03200000000000003,0.028361600344907867,-0.4372542428251298,0.007591212068176787,-0.07797381162790751,0.031162244958573185,0,0,0,0,0,0,0,0
2.897271969146235,0.03439054450777454,2.037,-0.02902482546066571,0.862668701171875,-0.04565389633178711,2.5,0,2,0,-0.3972719691462352,-0.03439054450777454,-0.03699999999999992,0.02902482546066571,-0.6113431489420433,0.019077480081256874,-0.059982688888888,0.03344632623238467,0,0,0,0,0,0,0,0
2.9384395514428836,0.028245080651396057,2.043,-0.03014183618194208,0.6199288330078125,-0.07422241973876953,2.5,0,2,0,-0.4384395514428836,-0.028245080651396057,-0.04300000000000015,0.03014183618194208,-0.3945920244885521,0.01695577699004463,-0.056625282608696925,0.03499840453531761,0,0,0,0,0,0,0,0
2.968704169194742,0.02166966761957855,2.042,-0.030944687637859476,0.45673553466796873,-0.08490499877929687,2.5,0,2,0,-0.468704169194742,-0.02166966761957855,-0.041999999999999815,0.030944687637859476,-0.37772808979782513,0.027414414974571186,-0.019809166666664574,0.034958944917446444,0,0,0,0,0,0,0,0
2.982657591293571,0.016406186850819533,2.046,-0.03218387140677545,0.21164389038085937,-0.07243868255615235,2.5,0,2,0,-0.4826575912935711,-0.016406186850819533,-0.04599999999999982,0.03218387140677545,-0.28360873603046066,0.020020734842649195,-0.05067996153846141,0.03790318110946456,0,0,0,0,0,0,0,0
2.98620042644097,0.01203844521636694,2.039,-0.03230604445441505,0.05522320556640625,-0.06377215957641602,2.5,0,2,0,-0.48620042644096984,-0.01203844521636694,-0.039000000000000146,0.03230604445441505,-0.22693154280567762,0.013968236549771511,0.008398942105261535,0.032788306484571386,0,0,0,0,0,0,0,0
2.9807878683610065,0.008766249668624021,2.035,-0.0329692695701729,-0.07956060791015625,-0.05167974090576172,2.5,0,2,0,-0.4807878683610065,-0.008766249668624021,-0.03500000000000014,0.0329692695701729,-0.17714719507204257,0.01425927976604718,0.002099419672131047,0.036231032434555735,0,0,0,0,0,0,0,0
2.969614822378402,0.0075658125154370445,2.031,-0.034086280291449264,-0.1669110565185547,-0.023521278381347658,2.5,0,2,0,-0.4696148223784018,-0.0075658125154370445,-0.03100000000000014,0.034086280291449264,-0.13661262468774732,0.003201379375621295,0.005894513559321933,0.039765995823362994,0,0,0,0,0,0,0,0
2.949963517119728,0.00639227014491393,2.023,-0.03455751918948774,-0.2939984436035156,-0.027638563156127928,2.5,0,2,0,-0.4499635171197278,-0.00639227014491393,-0.02300000000000013,0.03455751918948774,-0.08754550897364886,0.002981832538691161,0.031493123076922994,0.03673246794966532,0,0,0,0,0,0,0,0
2.923783262137579,0.005708677469613989,2.01,-0.034662238944607404,-0.39211508178710935,-0.023815937042236328,2.5,0,2,0,-0.423783262137579,-0.005708677469613989,-0.009999999999999787,0.034662238944607404,-0.06461641944339241,0.00002861986205728289,0.05633213670886245,0.03505990890075803,0,0,0,0,0,0,0,0
2.8902322440782173,0.008065427128391417,1.993,-0.03380702761113018,-0.5041880798339844,0.01788920211791992,2.5,0,2,0,-0.3902322440782173,-0.008065427128391417,0.006999999999999895,0.03380702761113018,0.06622368442301824,-0.020356215646981216,0.12903956666666438,0.028776372708322964,0,0,0,0,0,0,0,0
2.8507032171759907,0.011743764426713516,1.985,-0.033527774930811084,-0.5944615478515625,0.03510196685791016,2.5,0,2,0,-0.35070321717599073,-0.011743764426713516,0.014999999999999902,0.033527774930811084,0.03058765781119102,-0.022327320770474605,0.054334437974683486,0.03246732171440946,0,0,0,0,0,0,0,0
2.814701034760909,0.0150007936182488,1.975,-0.03239331091701477,-0.541366943359375,0.030725276947021485,2.5,0,2,0,-0.31470103476090916,-0.0150007936182488,0.02499999999999991,0.03239331091701477,0.1156188859208902,-0.029589516576510985,0.09432909230769229,0.02584832622203604,0,0,0,0,0,0,0,0
2.783669881256664,0.0190718034702468,1.968,-0.031642819338657216,-0.46720086669921873,0.045957721710205075,2.5,0,2,0,-0.2836698812566638,-0.0190718034702468,0.03200000000000003,0.031642819338657216,0.043769279637387776,-0.03007110915882629,0.0678454000000006,0.02842642685998198,0,0,0,0,0,0,0,0
2.7443589583905825,0.026880929834738124,1.965,-0.031904618726456356,-0.5930745849609375,0.09842274475097657,2.5,0,2,0,-0.24435895839058253,-0.026880929834738124,0.03499999999999992,0.031904618726456356,0.11978434027437783,-0.05568723764812011,0.0516267461538455,0.03311292359322162,0,0,0,0,0,0,0,0
2.7074679304578235,0.03523509902985676,1.968,-0.030857421175259758,-0.5570811767578125,0.10759684753417968,2.5,0,2,0,-0.20746793045782352,-0.03523509902985676,0.03200000000000003,0.030857421175259758,0.10088671949794868,-0.057354216665660845,0.019120510810811342,0.02661202569743571,0,0,0,0,0,0,0,0
2.673360866110681,0.04199823147145209,1.971,-0.030543261909900775,-0.5144923095703124,0.08561435699462891,2.5,0,2,0,-0.17336086611068113,-0.04199823147145209,0.028999999999999915,0.030543261909900775,0.17743533471280284,-0.06765789358611238,0.010469364705881494,0.028695266231318524,0,0,0,0,0,0,0,0
2.6423486418811297,0.04793056731587919,1.976,-0.030560715202420725,-0.46768386840820314,0.0747375259399414,2.5,0,2,0,-0.14234864188112972,-0.04793056731587919,0.02400000000000002,0.030560715202420725,0.1257697312510808,-0.05618490922074038,0.0002905230769236662,0.030641268860205108,0,0,0,0,0,0,0,0
2.6153165200038053,0.054994725610947606,1.983,-0.029199358385865144,-0.4085302734375,0.09352301025390625,2.176385445310163,-0.48387522123810883,2,0,-0.4389310746936421,-0.5388699468490564,0.016999999999999904,0.029199358385865144,-1.7391156848575708,-2.8346809940510207,-0.01483966417910517,0.023103730849049108,0,1,0,0,0,0,0,0
2.594970027178637,0.060218050017981826,1.988,-0.028344147052387924,-0.307354736328125,0.06940616607666016,2.2117499020500135,-0.4965105481734053,2,0,-0.3832201251286236,-0.5567285981913871,0.01200000000000001,0.028344147052387924,0.1424750006633174,-0.377022426499489,-0.009539449999999415,0.02433534392671346,0,1,0,0,0,0,0,0
2.579337891131147,0.061818836297954434,1.996,-0.03104940739297914,-0.235068359375,0.017356845855712892,2.2328869927154353,-0.5207055916101324,2,0,-0.34645089841571153,-0.5825244279080869,0.0040000000000000036,0.03104940739297914,0.04520814476220292,-0.4254246113940475,-0.029744970588235334,0.042984379483822735,0,1,0,0,0,0,0,0
2.563751937773047,0.061881663006792875,2.002,-0.0336150413934108,-0.23370587158203124,-0.006315906524658203,2.213390083182273,-0.549082689289306,2,0,-0.35036185459077407,-0.6109643522960989,-0.0019999999999997797,0.0336150413934108,-0.16526455916534613,-0.44556144740982995,-0.022549566666665445,0.04430518306187606,0,1,0,0,0,0,0,0
2.549333276047288,0.05630024597307935,2.012,-0.03384193419617006,-0.21334397888183593,-0.0909428482055664,2.1639284495188558,-0.6435474618040712,2,0,-0.3854048265284322,-0.6998477077771506,-0.01200000000000001,0.03384193419617006,-0.33439972434411547,-0.784329249980009,-0.05008041111111225,0.03478732087433365,0,1,0,0,0,0,0,0
2.5369073486955727,0.04352581274540002,2.016,-0.03319616237293216,-0.17979875183105468,-0.19781333923339844,2.1513899951162156,-0.7113973413561846,2,0,-0.385517353579357,-0.7549231541015846,-0.016000000000000014,0.03319616237293216,-0.16511376569311764,-0.781749265450081,-0.03391276666666671,0.029160088477695252,0,1,0,0,0,0,0,0
2.5252612095495044,0.02239433661598036,2.012,-0.03541273052296496,-0.1640755157470703,-0.32259555053710937,2.1315833788507645,-0.7888436570079769,2,0,-0.39367783069873985,-0.8112379936239572,-0.01200000000000001,0.03541273052296496,-0.21190857932601623,-0.7074896066688245,0.01958682121212121,0.045488040295841324,0,1,0,0,0,0,0,0
2.5121995198987084,-0.006706835020932989,2.021,-0.039339721339952206,-0.1803474578857422,-0.44318069458007814,2.1315833788507645,-0.7888436570079769,2,0,-0.38061614104794383,-0.7821368219870439,-0.020999999999999908,0.039339721339952206,-0.09201770249827901,-0.23810949278077292,-0.057423338461537826,0.057464294341431806,0,0,0,0,0,0,0,0
2.4956119071146787,-0.04414672850218747,2.022,-0.04141666314982546,-0.2265342559814453,-0.5709496459960938,2.1315833788507645,-0.7888436570079769,2,0,-0.3640285282639142,-0.7446969285057894,-0.021999999999999797,0.04141666314982546,-0.06497477470145462,-0.17497278911260614,-0.015289415384614636,0.05100254842616354,0,0,0,0,0,0,0,0
2.472223721595867,-0.08869291653175793,2.021,-0.04125958351714597,-0.32285552978515625,-0.6821455688476562,2.1315833788507645,-0.7888436570079769,2,0,-0.3406403427451026,-0.700150740476219,-0.020999999999999908,0.04125958351714597,-0.01879516302003699,-0.11853143601876182,-0.003940369696970215,0.04054558518678465,0,0,0,0,0,0,0,0
2.441746914524564,-0.13876150512936242,2.018,-0.03693116697220003,-0.4257846984863281,-0.7692462158203125,2.1315833788507645,-0.7888436570079769,2,0,-0.3101635356737993,-0.6500821518786144,-0.017999999999999794,0.03693116697220003,0.03382970748164704,-0.06464073838244283,0.00894689090909167,0.017256546313354864,0,0,0,0,0,0,0,0
2.403685009308991,-0.19397251624827946,2.014,-0.032358404331974885,-0.5399611206054687,-0.8486807250976562,2.1315833788507645,-0.7888436570079769,2,0,-0.27210163045822666,-0.5948711407596974,-0.01399999999999979,0.032358404331974885,0.07353118111047499,-0.038274404036314436,0.015313682191781005,0.01356622909817292,0,1,0,0,0,0,0,0
2.367122330066119,-0.25566907402049227,2.011,-0.028169614127188495,-0.5182122802734375,-0.9427074584960937,2.1315833788507645,-0.7888436570079769,2,0,-0.2355389512153545,-0.5331745829874845,-0.01100000000000012,0.028169614127188495,0.14617707147427228,0.12746072996424979,0.017920644444442205,0.004898557433930771,0,1,0,0,0,0,0,0
2.3357744373134866,-0.3168949692592287,2.007,-0.024504422698000405,-0.44416461181640626,-0.9312681884765625,2.1315833788507645,-0.7888436570079769,2,0,-0.204191058462722,-0.47194868774874815,-0.007000000000000117,0.024504422698000405,0.08608128749630145,0.0730009401212244,0.022216835294117568,0.008334460510405896,0,1,0,0,0,0,0,0
2.3061538609160013,-0.3774388683502757,2.002,-0.022602013813326587,-0.421923583984375,-0.9187722778320313,2.1315833788507645,-0.7888436570079769,2,0,-0.17457048206523673,-0.4114047886577012,-0.0019999999999997797,0.022602013813326587,0.09650572541447883,0.10893420973263912,0.032130551515153476,0.01395470070117287,0,1,0,0,0,0,0,0
2.281621870972619,-0.43783371900903545,1.997,-0.02158972284716987,-0.34741192626953127,-0.9140077514648437,2.1315833788507645,-0.7888436570079769,2,0,-0.15003849212185427,-0.3510099379989414,0.0029999999999998916,0.02158972284716987,0.09008692229493143,0.15878655043067272,0.03785980645161095,0.01669154075286318,0,1,0,0,0,0,0,0
2.253432923990631,-0.49573766414603054,1.992,-0.02167698930976959,-0.40398516845703125,-0.8774849243164062,2.1315833788507645,-0.7888436570079769,2,0,-0.12184954513986668,-0.29310599286194633,0.008000000000000007,0.02167698930976959,0.11740179117393662,0.15839980484475508,0.04060907692307755,0.022079757598691366,0,1,0,0,0,0,0,0
2.2307221220931814,-0.5500516793136315,1.965,-0.021554816262129985,-0.32292291259765626,-0.8219027709960938,2.1315833788507645,-0.7888436570079769,2,0,-0.0991387432424169,-0.23879197769434535,0.03499999999999992,0.021554816262129985,0.08012513541072788,0.12046435591660098,0.15828277272727226,0.02107881737522244,0,1,0,0,0,0,0,0
2.2165325390153754,-0.601355846323636,1.968,-0.022985986248765338,-0.19620780944824218,-0.77397119140625,2.1315833788507645,-0.7888436570079769,2,0,-0.08494916016461085,-0.18748781068434084,0.03200000000000003,0.022985986248765338,0.05195924398034656,0.14507656911902383,0.019005538356164926,0.028867506741787338,0,1,0,0,0,0,0,0
2.2081626176422953,-0.6470703239756108,1.957,-0.023055799418845113,-0.10975515747070312,-0.688421630859375,2.1315833788507645,-0.7888436570079769,2,0,-0.07657923879153072,-0.14177333303236606,0.04299999999999993,0.023055799418845113,0.028185814197170565,0.14103043292819345,0.09524272602739672,0.02334270285752912,0,1,0,0,0,0,0,0
2.1990770967141358,-0.6907225108555124,1.966,-0.022968532956245395,-0.1211513900756836,-0.6577506103515625,2.1315833788507645,-0.7888436570079769,2,0,-0.06749371786337122,-0.09812114615246448,0.03400000000000003,0.022968532956245395,0.040015270352748926,0.17164559481843442,-0.011484125373133758,0.022577787601321286,1427129240190,1,0,0,0,0,0,0
2.189727457207667,-0.7291874876874037,1.969,-0.022375121010567323,-0.12695650482177734,-0.5800433959960938,2.1315833788507645,-0.7888436570079769,2,0,-0.05814407835690227,-0.05965616932057316,0.030999999999999917,0.022375121010567323,0.08810675472694861,0.3367878474865141,0.0040757333333321585,0.01743002146325005,1427129240190,1,0,0,0,0,0,0
2.1863696980274407,-0.7644128680556538,1.974,-0.02330014551412432,-0.03853218460083008,-0.5293753051757812,2.1315833788507645,-0.7888436570079769,2,0,-0.0547863191766762,-0.02443078895232309,0.026000000000000023,0.02330014551412432,0.014945212709149055,0.14930646064718778,0.0054595972602745,0.02710161607668733,1427129240190,1,0,0,0,0,0,0
2.1830923875737263,-0.7922995310066904,1.979,-0.02323033234404455,-0.0394007453918457,-0.41933172607421876,2.1315833788507645,-0.7888436570079769,2,0,-0.05150900872296171,0.003455873998713499,0.020999999999999908,0.02323033234404455,0.018659852174279106,0.14928906462210126,-0.002213277777778494,0.02289788867699802,1427129240190,1,0,0,0,0,0,0
2.184896592463376,-0.8114723266787194,1.983,-0.022497294058206926,0.033736026763916016,-0.2868857116699219,2.1315833788507645,-0.7888436570079769,2,0,-0.05331321361261132,0.022628669670742507,0.016999999999999904,0.022497294058206926,-0.009258356518557305,0.09716693988910532,0.0030424555555554587,0.01944296786721683,1427129240190,1,0,0,0,0,0,0
2.1910608049492257,-0.8249676541739916,1.987,-0.02340486526924398,0.0969935302734375,-0.20029869079589843,2.1315833788507645,-0.7888436570079769,2,-0.022497294058206926,-0.059477426098461184,0.036123997166014776,0.0129999999999999,0.0009075712110370553,-0.029738713049230592,0.018061998583007388,0.010399999999999921,0.0009075712110370553,1427129240190,1,0,0,0,0,0,0
2.19381693413886,-0.8321492205860865,1.99,-0.02331759880664426,0.04385163879394531,-0.10672647857666015,2.1315833788507645,-0.7888436570079769,2,-0.022497294058206926,-0.06223355528809549,0.04330556357810966,0.010000000000000009,0.0008203047484373338,-0.04869001003349267,0.06737747701689935,-0.011035909090908392,0.00034430586152976223,1427129240551,1,0,0,0,0,0,0
2.2001929151694433,-0.8313090601594394,2.009,-0.023125612588924885,0.09531988525390625,0.014828866958618164,2.1315833788507645,-0.7888436570079769,2,-0.022497294058206926,-0.06860953631867872,0.04246540315146252,-0.008999999999999897,0.0006283185307179584,-0.0637542103979307,0.01741963348253513,-0.09471339999999948,-0.0001295218023848393,1427129240627,1,0,0,0,0,0,0
2.2093889728463294,-0.8283267350655847,1.996,-0.023177972466484717,0.13686955261230468,0.04791259765625,2.1315833788507645,-0.7888436570079769,2,-0.022497294058206926,-0.07780559399556486,0.03948307805760787,0.0040000000000000036,0.0006806784082777906,-0.08568952393615942,0.004697138135706049,0.06915622898550673,0.0009083300498422783,1427129240696,1,0,0,0,0,0,0
2.215021800140478,-0.8206381945927008,1.996,-0.024347343065320916,0.08179688262939454,0.11725531768798828,2.1315833788507645,-0.7888436570079769,2,-0.022497294058206926,-0.08343842128971346,0.03179453758472395,0.0040000000000000036,0.0018500490071139894,-0.08055847970360189,-0.03676767434460723,0.003234600000000004,0.008728699588503395,1427129240747,1,0,0,0,0,0,0
2.217791366973765,-0.8106885318305118,1.99,-0.024486969405480462,0.03789783096313477,0.1502120819091797,2.1315833788507645,-0.7888436570079769,2,-0.022497294058206926,-0.08620798812300068,0.021844874822534943,0.010000000000000009,0.001989675347273536,-0.05781225101381326,-0.04093922646845146,0.039444883582089585,0.0026148679151521033,1427129240814,1,0,0,0,0,0,0
2.2234536267195772,-0.7980963061021901,1.992,-0.022951079663725452,0.0802837142944336,0.1909063262939453,2.1315833788507645,-0.7888436570079769,2,-0.022497294058206926,-0.0918702478688127,0.009252649094213194,0.008000000000000007,0.0004537856055185259,-0.07769037128817605,-0.06521046951522941,-0.004559111111111113,-0.006859975069505331,1427129240877,1,0,0,0,0,0,0
2.231132429044759,-0.7842782917433754,1.993,-0.022462387473167034,0.1103950424194336,0.20985894775390626,2.1315833788507645,-0.7888436570079769,2,-0.022497294058206926,-0.0995490501939944,-0.004565365264601495,0.006999999999999895,-0.000034906585039892746,-0.08966371447901884,-0.07328790427042244,0.0006525411764699302,-0.002190901543385857,1427129240945,1,0,0,0,0,0,0
2.2378239320879705,-0.7704141746504052,1.993,-0.021764255772369304,0.09567630004882813,0.21016371154785157,2.1315833788507645,-0.7888436570079769,2,-0.022497294058206926,-0.10624055323720594,-0.01842948235757169,0.006999999999999895,-0.0007330382858376228,-0.09072816719393018,-0.08613231340032287,0.005843699999999916,-0.004057474956303004,0,1,0,0,0,0,0,0
2.238261634888912,-0.7567221613643828,1.999,-0.02220058808536788,0.002094392776489258,0.2054744415283203,2.1315833788507645,-0.7888436570079769,2,-0.022497294058206926,-0.10667825603814762,-0.03212149564359412,0.0009999999999998899,-0.0002967059728390467,-0.05623396296418453,-0.09085420271975783,-0.03176240000000012,0.0017486017443417786,0,1,0,0,0,0,0,0
2.232716113177855,-0.7425268390813701,1.997,-0.021589722847169868,-0.08788910675048828,0.21103080749511718,2.1315833788507645,-0.7888436570079769,2,-0.022497294058206926,-0.10113273432709047,-0.0463168179266068,0.0029999999999998916,-0.0009075712110370587,-0.024913534235759444,-0.09024797847365468,0.012131759459459381,-0.003384051906434405,0,1,0,0,0,0,0,0
2.225346385354398,-0.7273612577214884,2.001,-0.020542525295973266,-0.11543108367919921,0.22504423522949218,2.1315833788507645,-0.7888436570079769,2,-0.022497294058206926,-0.09376300650363367,-0.061482399286488465,-0.0009999999999998899,-0.0019547687622336607,-0.0022582194359503788,-0.12384776710241975,-0.0250948035087705,-0.007466334821163145,1427129241203,1,0,0,0,0,0,0
2.2153911496302823,-0.7136898885704455,2.001,-0.020071286397934804,-0.1535093994140625,0.20195989990234375,2.1315833788507645,-0.7888436570079769,2,-0.022497294058206926,-0.08380777077951773,-0.07515376843753141,-0.0009999999999998899,-0.0024260076602721226,0.010204287310753311,-0.11011074725071349,-0.0005399999999999123,-0.00456800265135604,1427129241203,1,0,0,0,0,0,0
2.2045646103263348,-0.7019180800392136,1.999,-0.01923352835697753,-0.16590927124023438,0.17328224182128907,2.1315833788507645,-0.7888436570079769,2,-0.022497294058206926,-0.07298123147557023,-0.08692557696876324,0.0009999999999998899,-0.003263765701229396,0.021985569074248944,-0.10792967689886906,0.012003899999998706,-0.007190756518216614,1427129241203,1,0,0,0,0,0,0
2.1965735214894475,-0.6928948587687839,2.005,-0.018517943363659847,-0.12244722747802735,0.13301797485351563,2.1315833788507645,-0.7888436570079769,2,-0.022497294058206926,-0.06499014263868297,-0.095948798239193,-0.004999999999999893,-0.003979350694547079,0.0030465653411581722,-0.08915273234187115,-0.0310448272727262,-0.006767344175005586,1427129241203,1,0,0,0,0,0,0
2.188844936547968,-0.6863189081214374,2.008,-0.016318828506146993,-0.11773538970947266,0.0964757080078125,2.1315833788507645,-0.7888436570079769,2,-0.022497294058206926,-0.057261557697203536,-0.10252474888653951,-0.008000000000000007,-0.0061784655520599335,0.014181333109975044,-0.08861193291300919,-0.023157183870968392,-0.01681934389486407,0,1,0,0,0,0,0,0
2.182778478300253,-0.6821491261577506,2.006,-0.014381513036433292,-0.09200540161132813,0.061053504943847654,2.1315833788507645,-0.7888436570079769,2,-0.022497294058206926,-0.051195099449488524,-0.10669453085022629,-0.005999999999999783,-0.008115781021773634,0.007799848000923107,-0.07717976419299738,0.006631422580646597,-0.01748988813329154,0,1,0,0,0,0,0,0
2.176912054936204,-0.6806279143332548,2.002,-0.013543754995476012,-0.08831539916992187,0.02155034065246582,2.1315833788507645,-0.7888436570079769,2,-0.022497294058206926,-0.04532867608543967,-0.10821574267472212,-0.0019999999999997797,-0.008953539062730914,0.010119080108342043,-0.06319555454456632,0.021479719672131345,-0.013073660575635571,0,1,0,0,0,0,0,0
2.1688161367537133,-0.6784145449692881,2.004,-0.01349139511791618,-0.12187728118896485,0.031552808761596676,2.1315833788507645,-0.7888436570079769,2,-0.022497294058206926,-0.037232757902948777,-0.11042911203868877,-0.0040000000000000036,-0.009005898940290746,0.025461099611003558,-0.06794004146683612,-0.014207411111112355,-0.009255231690575662,0,1,0,0,0,0,0,0
2.157394571530649,-0.6802733389460011,2.003,-0.013875367553354933,-0.17093173217773439,-0.030190694808959962,2.1315833788507645,-0.7888436570079769,2,-0.022497294058206926,-0.02581119267988452,-0.10857031806197581,-0.0030000000000001137,-0.008621926504851994,0.046746430085253275,-0.0449285636363201,0.002986930303029628,-0.0068765972528576635,0,1,0,0,0,0,0,0
2.1497468813091185,-0.6852166426928891,2.002,-0.013648474750595671,-0.11367549133300782,-0.07573408508300782,2.1315833788507645,-0.7888436570079769,2,-0.022497294058206926,-0.018163502458353964,-0.1036270143150878,-0.0019999999999997797,-0.008848819307611255,0.028781467451863805,-0.027310926037471345,0.003542563768117814,-0.009835309754390651,0,1,0,0,0,0,0,0
2.145559244789222,-0.6919063346109897,2.013,-0.013142329267517317,-0.061439178466796876,-0.10119332885742187,2.1315833788507645,-0.7888436570079769,2,-0.022497294058206926,-0.013975865938457677,-0.09693732239698716,-0.0129999999999999,-0.00935496479068961,0.013627162063951653,-0.014674488794778826,-0.06703594705882406,-0.011587959568976468,1427129241861,1,0,0,0,0,0,0
2.1436205815301386,-0.702404295533875,2.016,-0.011519173063162589,-0.02700798225402832,-0.15783798217773437,2.1315833788507645,-0.7888436570079769,2,-0.022497294058206926,-0.012037202679374026,-0.08643936147410192,-0.016000000000000014,-0.010978120995044338,0.0022029279164672315,0.005730806603930903,-0.027125889189189734,-0.017558483985671614,1427129241861,1,0,0,0,0,0,0
2.14080344757306,-0.7155123124234081,2.017,-0.009634217471008706,-0.03998935317993164,-0.19709396362304688,2.1315833788507645,-0.7888436570079769,2,-0.022497294058206926,-0.009220068722295416,-0.0733313445845688,-0.016999999999999904,-0.01286307658719822,0.009605331443722272,0.033166261201384516,-0.01923181538461471,-0.021562871627908445,1427129241861,1,0,0,0,0,0,0
2.140159626462929,-0.7307491692246283,2.016,-0.007731808586334892,-0.00745497465133667,-0.22863528442382813,2.1315833788507645,-0.7888436570079769,2,-0.022497294058206926,-0.008576247612164245,-0.05809448778334858,-0.016000000000000014,-0.014765485471872035,-0.0009129891775877938,0.07272861799445894,-0.00639963076923152,-0.025740921344990196,1427129241861,1,0,0,0,0,0,0
2.141393757838366,-0.7447037236396178,2.009,-0.0061959188445798894,0.020129810333251952,-0.20916893005371093,2.1315833788507645,-0.7888436570079769,2,-0.022497294058206926,-0.00981037898760162,-0.044139933368359086,-0.008999999999999897,-0.016301375213627036,-0.012515165720655629,0.05226134570237927,0.030103407692308404,-0.02339009709865012,1427129241861,1,0,0,0,0,0,0
2.142755030093345,-0.7547052443842579,2.004,-0.0041015237421866925,0.021348215103149413,-0.14989341735839845,2.1315833788507645,-0.7888436570079769,2,-0.022497294058206926,-0.01117165124258035,-0.03413841262371897,-0.0040000000000000036,-0.018395770316020233,-0.012231830973450165,0.023766524522357564,0.01721083333333289,-0.025875752824567364,1427129242201,1,0,0,0,0,0,0
2.14318607544443,-0.7654844853943891,2.003,-0.0008028514559174109,0.007128793716430664,-0.16166073608398437,2.1315833788507645,-0.7888436570079769,2,-0.022497294058206926,-0.011602696593665307,-0.023359171613587804,-0.0030000000000001137,-0.021694442602289515,-0.01028888375107163,0.07521110570296007,0.0053041348837199465,-0.044708435297191484,1427129242244,1,0,0,0,0,0,0
2.143944495873904,-0.7758868005266414,2.004,0.002862339973270682,0.011501575469970703,-0.15602554321289064,2.1315833788507645,-0.7888436570079769,2,-0.022497294058206926,-0.012361117023139467,-0.012956856481335488,-0.0040000000000000036,-0.025359634031477608,-0.011015174614439538,0.04543068142899027,-0.008735463768115381,-0.041295248940991056,1427129242313,1,0,0,0,0,0,0
2.145501419158571,-0.7846312212597093,2.009,0.004241150082346203,0.02297831153869629,-0.1312326202392578,2.1315833788507645,-0.7888436570079769,2,-0.022497294058206926,-0.0139180403078063,-0.004212435748267573,-0.008999999999999897,-0.026738444140553128,-0.016744288350860274,0.04639857890109543,-0.03594460645161221,-0.03341010595866049,1427129242375,1,0,0,0,0,0,0
2.149525591346912,-0.7928398312489373,2.003,0.007260569688296398,0.059839832305908204,-0.12338404846191406,2.1315833788507645,-0.7888436570079769,2,-0.022497294058206926,-0.01794221249614747,0.003996174240960437,-0.0030000000000001137,-0.029757863746503323,-0.03131944030606021,0.044672363460732674,0.028879581818180577,-0.043482498319004206,1427129242441,1,0,0,0,0,0,0
2.1535396048136564,-0.79664855922239,2.037,0.011013027580084194,0.05979381561279297,-0.05756657028198242,2.1315833788507645,-0.7888436570079769,2,-0.022497294058206926,-0.021956225962891818,0.007804902214413101,-0.03699999999999992,-0.033510321638291124,-0.030488415045470275,0.020592346269093204,-0.18699874736842012,-0.04832265542166402,1427129242517,1,0,0,0,0,0,0
2.1544464354574444,-0.7967389361859514,2.06,0.01244419756671956,0.013586705207824706,-0.001505373477935791,2.1315833788507645,-0.7888436570079769,2,-0.022497294058206926,-0.022863056606679866,0.007895279177974501,-0.06000000000000005,-0.03494149162492649,-0.018239557175276293,0.0036768086715915204,-0.19551343636363722,-0.042747873370210306,1427129242572,1,0,0,0,0,0,0
2.1591388154151665,-0.7980625494606303,2.062,0.013892820845874853,0.07013318634033203,-0.020728532791137694,2.1315833788507645,-0.7888436570079769,2,-0.022497294058206926,-0.02755543656440196,0.009218892452653393,-0.06199999999999983,-0.03639011490408178,-0.036733446407127675,0.009947265295017585,-0.060548133333332164,-0.04218460802070295,1427129242647,1,0,0,0,0,0,0
2.165376147122527,-0.7994879128560735,2.066,0.016196655458507358,0.09325392150878906,-0.022678157806396485,2.1315833788507645,-0.7888436570079769,2,-0.022497294058206926,-0.03379276827176225,0.010644255848096584,-0.06599999999999984,-0.03869394951671429,-0.05766503601234091,0.013559433719592626,-0.08023234545454534,-0.05126032013107341,1427129242702,1,0,0,0,0,0,0
2.171538416800034,-0.7993911259669383,2.062,0.01731366617978373,0.0924454345703125,-0.00004544401168823242,2.1315833788507645,-0.7888436570079769,2,-0.022497294058206926,-0.03995503794926947,0.010547468958961415,-0.06199999999999983,-0.03981096023799066,-0.05375913314638652,0.003934243463879629,-0.030774878787878632,-0.04488828169833781,1427129242768,1,0,0,0,0,0,0
2.1765184546829524,-0.7990963821055738,2.073,0.019512781037296596,0.0747659149169922,0.0031272192001342773,2.1315833788507645,-0.7888436570079769,2,-0.022497294058206926,-0.04493507583218781,0.010252725097596893,-0.07299999999999995,-0.04201007509550352,-0.05126563547767856,0.00266912865955913,-0.12235801111111173,-0.05248205060746953,1427129242831,1,0,0,0,0,0,0
2.181904637384862,-0.7971256214610006,2.114,0.022183134792847913,0.0813541488647461,0.02797939109802246,2.1315833788507645,-0.7888436570079769,2,-0.022497294058206926,-0.050321258534097524,0.00828196445302376,-0.11399999999999988,-0.04468042885105484,-0.055327080760408764,-0.007285190575526429,-0.31555713076923025,-0.05700513849206092,0,1,0,0,0,0,0,0
2.188749774280067,-0.7930001816775628,2.121,0.02548180707911719,0.10402440643310547,0.059588859558105466,2.1315833788507645,-0.7888436570079769,2,-0.022497294058206926,-0.05716639542930224,0.004156524669585937,-0.121,-0.04797910113732412,-0.06664271455970558,-0.020947327166250748,-0.1388667076923083,-0.06320374245856696,0,1,0,0,0,0,0,0
2.1960614576870983,-0.7883227540771414,2.129,0.02865830631774686,0.11142729187011718,0.06734421539306641,2.1315833788507645,-0.7888436570079769,2,-0.022497294058206926,-0.06447807883633372,-0.0005209029308355095,-0.129,-0.05115560037595379,-0.06854321216013655,-0.023498537441143982,-0.14687226438356168,-0.06420970683607573,0,1,0,0,0,0,0,0
2.201321989987588,-0.7832956758083577,2.128,0.03157300616857742,0.08103630065917969,0.07311415100097657,2.1315833788507645,-0.7888436570079769,2,-0.022497294058206926,-0.06973861113682345,-0.00554798119961919,-0.1280000000000001,-0.05407030022678434,-0.0668457435615045,-0.032914005857080396,-0.1026507666666674,-0.0686437994809371,0,1,0,0,0,0,0,0
2.205001011823951,-0.7786523681261599,2.102,0.034609879067047544,0.05735650634765625,0.0678728256225586,2.1315833788507645,-0.7888436570079769,2,-0.022497294058206926,-0.07341763297318638,-0.010191288881816973,-0.10199999999999987,-0.05710717312525447,-0.055935810682667474,-0.028490008757841963,0.03797038888889019,-0.06976081020221334,0,1,0,0,0,0,0,0
2.210515248060048,-0.7734483484877948,2.073,0.037786378305677215,0.08536512756347656,0.07515141296386718,2.1315833788507645,-0.7888436570079769,2,-0.022497294058206926,-0.07893186920928352,-0.015395308520182116,-0.07299999999999995,-0.06028367236388414,-0.0753169731963162,-0.04105412812333874,0.11562269999999951,-0.07730063257082881,1427129243222,1,0,0,0,0,0,0
2.211864918514482,-0.7648992901830821,2.052,0.04000294645571002,0.025075021743774413,0.12737953186035156,2.1315833788507645,-0.7888436570079769,2,-0.022497294058206926,-0.08028153966371754,-0.02394436682489476,-0.052000000000000046,-0.06250024051391695,-0.04884747124181367,-0.058852489245878714,0.06391162307692255,-0.07273055505252991,1427129243222,1,0,0,0,0,0,0
2.210261775285345,-0.7573705263935075,2.033,0.04349360495969869,-0.019511524200439452,0.1138028106689453,2.1315833788507645,-0.7888436570079769,2,-0.022497294058206926,-0.0786783964345803,-0.031473130614469325,-0.03299999999999992,-0.06599089901790561,-0.03219727459646693,-0.05714343513251423,0.06812789230769306,-0.08210163057477637,1427129243222,1,0,0,0,0,0,0
2.2056536517099885,-0.7506985959391721,2.017,0.045238934211693,-0.06470506286621094,0.1029897232055664,2.1315833788507645,-0.7888436570079769,2,-0.022497294058206926,-0.07407027285922396,-0.038145061068804775,-0.016999999999999904,-0.06773622826989992,-0.01450286225300779,-0.05481882826715556,0.06208838955223895,-0.07555113536838187,1427129243222,1,0,0,0,0,0,0
2.199114430031146,-0.7426391555165203,2.004,0.047403142484165973,-0.09252082824707031,0.12520381927490234,2.1315833788507645,-0.7888436570079769,2,-0.022497294058206926,-0.0675310511803815,-0.04620450149145661,-0.0040000000000000036,-0.0699004365423729,0.0009809260171213668,-0.06879895828411756,0.061103322222221666,-0.08020619022081571,1427129243222,1,0,0,0,0,0,0
2.196562089243507,-0.7347806758029091,1.959,0.0518886386617914,-0.03265644836425781,0.1195589370727539,2.1315833788507645,-0.7888436570079769,2,-0.022497294058206926,-0.06497871039274239,-0.054062981205067806,0.040999999999999925,-0.07438593271999833,-0.02037077560581406,-0.07030356082957281,0.2674552923076918,-0.09508822277057719,1427129243547,1,0,0,0,0,0,0
2.186046449158565,-0.7275240808385733,1.973,0.053232542185827014,-0.15187681579589843,0.11688338470458984,2.1315833788507645,-0.7888436570079769,2,-0.022497294058206926,-0.05446307030780062,-0.061319576169403534,0.026999999999999913,-0.07572983624403394,0.02773094734950954,-0.0707307981555367,-0.061261515384615495,-0.08193246789342908,1427129243612,1,0,0,0,0,0,0
2.177135089150508,-0.7212842129565129,1.968,0.056182148621697466,-0.12850094604492188,0.10057769012451172,2.1315833788507645,-0.7888436570079769,2,-0.022497294058206926,-0.045551710299743586,-0.06755944405146397,0.03200000000000003,-0.0786794426799044,0.01825639589333018,-0.0647432523828419,0.04232930273972662,-0.09080111296430354,1427129243685,1,0,0,0,0,0,0
2.1659877192198724,-0.7149599753260619,1.952,0.05897467542488837,-0.16161988830566407,0.10410319519042968,2.1315833788507645,-0.7888436570079769,2,-0.022497294058206926,-0.03440434036910789,-0.07388368168191495,0.04800000000000004,-0.08147196948309529,0.03762527327796143,-0.07011864240284382,0.11264732028985519,-0.09361339036653395,1427129243754,1,0,0,0,0,0,0
2.1549461712142004,-0.7098427725188575,1.948,0.06342526501747389,-0.16081112670898437,0.08638651275634765,2.1315833788507645,-0.7888436570079769,2,-0.022497294058206926,-0.023362792363435858,-0.07900088448911935,0.052000000000000046,-0.08592255907568082,0.058154390215638556,-0.07380749327453254,0.060894625925925996,-0.11064805681226708,1427129243808,1,0,0,0,0,0,0
2.1436560163708416,-0.7055396239499047,1.928,0.06476916854150956,-0.16492062377929687,0.07515145874023438,2.1315833788507645,-0.7888436570079769,2,-0.022497294058206926,-0.012072637520077034,-0.08330403305807221,0.07200000000000006,-0.08726646259971649,0.047107883567867964,-0.06377007455222904,0.14870932222222238,-0.09286606061653177,1427129243880,1,0,0,0,0,0,0
2.133337661881282,-0.7022473513194969,1.906,0.06625269840570473,-0.15125445556640624,0.059298202514648436,2.1315833788507645,-0.7888436570079769,2,-0.022497294058206926,-0.0017542830305172785,-0.08659630568847998,0.09400000000000008,-0.08874999246391166,0.05964927843785836,-0.06441551582830804,0.20239092068965536,-0.09642342279595564,1427129243938,1,0,0,0,0,0,0
2.12320127296329,-0.7001847252691509,1.907,0.06658431096358365,-0.1496639404296875,0.040937591552734375,2.1315833788507645,-0.7888436570079769,2,-0.022497294058206926,0.008382105887474456,-0.088658931738826,0.09299999999999997,-0.08908160502179058,0.05540844203570824,-0.05641398011617171,0.06423151940298448,-0.09056643737050216,1427129244005,1,0,0,0,0,0,0
2.115188020759114,-0.7008905184989503,1.891,0.06894050545377599,-0.12063683319091797,-0.002565998077392578,2.1315833788507645,-0.7888436570079769,2,-0.022497294058206926,0.016395358091650714,-0.08795313850902653,0.10899999999999999,-0.09143779951198291,0.049622720827472426,-0.041542915754467155,0.16911774615384623,-0.10231254331287062,0,1,0,0,0,0,0,0
2.108817038728801,-0.7019044740128643,1.878,0.06651449779350388,-0.09638542938232422,-0.008590140342712403,2.1315833788507645,-0.7888436570079769,2,-0.022497294058206926,0.022766340121963324,-0.08693918299511261,0.12200000000000011,-0.0890117918517108,0.038265428368121114,-0.04035437526083489,0.15264883333333398,-0.07968099315835654,0,1,0,0,0,0,0,0
2.1040082698641482,-0.7042533295715746,1.89,0.06635741816082437,-0.07431379699707032,-0.030360668182373048,2.1315833788507645,-0.7888436570079769,2,-0.022497294058206926,0.027575108986616303,-0.08459032743640227,0.1100000000000001,-0.0888547122190313,0.045097491179923746,-0.027653291959877827,0.002923558823529432,-0.08793071437974005,0,1,0,0,0,0,0,0
2.1021373320573096,-0.7094824986486629,1.882,0.06663667084114346,-0.03320339584350586,-0.07640401458740234,2.1315833788507645,-0.7888436570079769,2,-0.022497294058206926,0.029446046793454972,-0.07936115835931401,0.1180000000000001,-0.08913396489935038,0.022681455388625527,-0.014297429142605306,0.13365537058823546,-0.09036596201840517,0,1,0,0,0,0,0,0
2.0977261742538973,-0.7171286104506993,1.898,0.06370451769779299,-0.07365753173828125,-0.11003121948242188,2.1315833788507645,-0.7888436570079769,2,-0.022497294058206926,0.03385720459686725,-0.07171504655727756,0.10200000000000009,-0.08620181175599992,0.03765600694779047,0.0013459276211277016,-0.0007767202898550513,-0.07345331982838921,0,1,0,0,0,0,0,0
2.094082530065659,-0.7254799099441397,1.913,0.06154030942532001,-0.06251863479614257,-0.12153599548339844,2.1315833788507645,-0.7888436570079769,2,-0.022497294058206926,0.0375008487851054,-0.06336374706383718,0.08699999999999997,-0.08403760348352693,0.03705257060630869,0.012367568591685522,-0.01309175000000068,-0.0738928772063098,1427129244400,1,0,0,0,0,0,0
2.091521653360135,-0.7370980799085178,1.927,0.05969026041820604,-0.049058452606201175,-0.17158018493652344,2.1315833788507645,-0.7888436570079769,2,-0.022497294058206926,0.040061725490629474,-0.05174557709945904,0.07299999999999995,-0.08218755447641296,0.033124822324953715,0.03913555061024514,-0.022143068852459105,-0.07308895280208197,1427129244400,1,0,0,0,0,0,0
2.0888150849199505,-0.7469983822917172,1.941,0.057543505438253005,-0.04938523483276367,-0.1458181610107422,2.1315833788507645,-0.7888436570079769,2,-0.022497294058206926,0.04276829393081405,-0.04184527471625965,0.05899999999999994,-0.08004079949645992,0.034165793206803526,0.029898056524648307,-0.026868224242424334,-0.07028282231485522,1427129244400,1,0,0,0,0,0,0
2.085543894582578,-0.7564063217708186,1.956,0.055937802526418244,-0.05710264587402344,-0.13806353759765624,2.1315833788507645,-0.7888436570079769,2,-0.022497294058206926,0.04603948426818638,-0.032437335237158305,0.04400000000000004,-0.07843509658462516,0.03965065844712289,0.034346317635182005,-0.04768193333333274,-0.07078889224255487,1427129244400,1,0,0,0,0,0,0
2.083229989742366,-0.7677292202248375,1.969,0.05476843192758203,-0.044150001525878904,-0.16763731384277344,2.1315833788507645,-0.7888436570079769,2,-0.022497294058206926,0.04835338910839848,-0.0211144367831394,0.030999999999999917,-0.07726572598578896,0.032431894577207576,0.03547107359571093,-0.0293105771084343,-0.07303908526710387,1427129244400,1,0,0,0,0,0,0
2.0839857645538413,-0.7835044330273901,1.978,0.0533023553559068,-0.001633653163909912,-0.2368939666748047,2.1315833788507645,-0.7888436570079769,2,-0.022497294058206926,0.04759761429692322,-0.005339223980586727,0.02200000000000002,-0.07579964941411373,0.01656801150286497,0.11563785486135558,-0.0500683608695644,-0.06623828046840569,1427129244719,1,0,0,0,0,0,0
2.088402632383017,-0.7998323567975111,1.993,0.05337216852598658,0.0531103515625,-0.2481007843017578,2.1315833788507645,-0.7888436570079769,2,-0.022497294058206926,0.04318074646774761,0.010988699789534206,0.006999999999999895,-0.0758694625841935,-0.002934220941904944,0.08907551028464779,-0.0719014089552246,-0.07618205886813277,1427129244786,1,0,0,0,0,0,0
2.0930572228844744,-0.815285600996493,2.01,0.05380850083898516,0.057353713989257815,-0.23519320678710937,2.1315833788507645,-0.7888436570079769,2,-0.022497294058206926,0.038526155966290165,0.02644194398851618,-0.009999999999999787,-0.07630579489719208,-0.007618461105250756,0.09603386026920056,-0.10017594999999806,-0.07835110261437293,1427129244850,1,0,0,0,0,0,0
2.0930393477212923,-0.8262164280682524,2.025,0.052621676947629016,-0.009086053848266601,-0.16371067810058593,2.1315833788507645,-0.7888436570079769,2,-0.022497294058206926,0.038544031129472245,0.03737277106027548,-0.02499999999999991,-0.07511897100583595,0.01796348273873208,0.07327636800439137,-0.09658308235294172,-0.06988298324985302,1427129244918,1,0,0,0,0,0,0
