0,0,0.739,0,0.02734341621398926,0.031064769744873048,0,0,1,0,0,0,0.261,0,0,0,0.2088,0,0,0,0,0,0,0,0,0
0.0019471279144287108,0.00048538249333699546,0.734,0.0008552113334772128,0.029206918716430663,0.007280737400054932,0,0,1,0,-0.0019471279144287108,-0.00048538249333699546,0.266,-0.0008552113334772128,-0.011459364514205638,-0.0028566047863345266,0.24145207692307696,-0.0048023405649105025,0,0,0,0,0,0,0,0
0.002794501450616545,-0.000002259414743285349,0.727,0.0013613568165555812,0.01270434284210205,-0.007325496196746826,0,0,1,0,-0.002794501450616545,0.000002259414743285349,0.273,-0.0013613568165555812,-0.005894008269800087,0.002586795515541951,0.2590520121212122,-0.003662018103275437,0,0,0,0,0,0,0,0
0.0035255248763294846,-0.0010761121298914712,0.721,0.0022514747350727005,0.010943412780761719,-0.016122703552246095,0,0,1,0,-0.0035255248763294846,0.0010761121298914712,0.279,-0.0022514747350727005,-0.005765913137555018,0.006411062805268569,0.2613289000000001,-0.006423902478121697,0,0,0,0,0,0,0,0
0.006873343844252237,-0.003549973291970068,0.72,0.003211405823669633,0.05013360977172852,-0.03722088623046875,0,0,1,0,-0.006873343844252237,0.003549973291970068,0.28,-0.003211405823669633,-0.02120016010503995,0.014896665040706485,0.23646743030303036,-0.00757472895365569,0,0,0,0,0,0,0,0
0.012661320699617604,-0.008772104339612483,0.725,0.003926990816987219,0.08656764984130859,-0.0786103744506836,0,0,1,0,-0.012661320699617604,0.008772104339612483,0.275,-0.003926990816987219,-0.03704273622567097,0.03208767863744239,0.2024642484848485,-0.007179649877521702,0,0,0,0,0,0,0,0
0.018577905930373163,-0.01407122075841408,0.729,0.0055501470213420445,0.08843595123291016,-0.07983464813232422,0,0,1,0,-0.018577905930373163,0.01407122075841408,0.271,-0.0055501470213420445,-0.042188834213186296,0.03649251818388675,0.2052644777777778,-0.013279462280174546,0,0,0,0,0,0,0,0
0.026741153627240513,-0.019696492451800766,0.734,0.005480333851262231,0.121978515625,-0.08505738067626953,0,0,1,0,-0.026741153627240513,0.019696492451800766,0.266,-0.005480333851262231,-0.05606228793820036,0.03926456267253392,0.19914949701492538,-0.005167737567322769,0,0,0,0,0,0,0,0
0.035658847273847154,-0.025939794184906814,0.744,0.006230825429619725,0.1332501678466797,-0.09438119506835937,0,0,1,0,-0.035658847273847154,0.025939794184906814,0.256,-0.006230825429619725,-0.06666876230134688,0.04716012370826898,0.16421979999999997,-0.009748754703170477,0,0,0,0,0,0,0,0
0.04698306345868918,-0.032498268987316635,0.754,0.007470009198535688,0.16924697875976563,-0.09943359375,0,0,1,0,-0.04698306345868918,0.032498268987316635,0.246,-0.007470009198535688,-0.08364590367205404,0.05109754423292179,0.15950059696969693,-0.013102662693608245,0,0,0,0,0,0,0,0
0.054173162316888124,-0.036950599945130766,0.771,0.007400196028455985,0.10734959411621094,-0.0675887451171875,0,0,1,0,-0.054173162316888124,0.036950599945130766,0.22899999999999998,-0.007400196028455985,-0.0665438154695283,0.042916252402499806,0.10742774999999993,-0.007072946793707381,0,0,0,0,0,0,0,0
0.06181139654191893,-0.04161334025846046,0.78,0.0076619954162551185,0.11405280303955079,-0.07078704833984376,0,0,1,0,-0.06181139654191893,0.04161334025846046,0.21999999999999997,-0.0076619954162551185,-0.07221121037841714,0.04603304953040806,0.14616496153846148,-0.008870300283020348,0,0,0,0,0,0,0,0
0.06882447483816644,-0.0435635095771333,0.797,0.008377580409572816,0.10496895599365234,-0.03005768585205078,0,0,1,0,-0.06882447483816644,0.0435635095771333,0.20299999999999996,-0.008377580409572816,-0.07239626120327561,0.03243029896127886,0.0908075384615384,-0.011680280378731417,0,0,0,0,0,0,0,0
0.07593783819035783,-0.044251007806148136,0.813,0.006126105674500115,0.10661031341552735,-0.011205992698669433,0,0,1,0,-0.07593783819035783,0.044251007806148136,0.18700000000000006,-0.006126105674500115,-0.07654229892927755,0.02600381305577872,0.08460765384615442,0.0042653161796815785,0,0,0,0,0,0,0,0
0.08323282499784089,-0.042063468136112135,0.827,0.004625122517784908,0.10962376403808594,0.03214213562011719,0,0,1,0,-0.08323282499784089,0.042063468136112135,0.17300000000000004,-0.004625122517784908,-0.08062753635523752,0.00963530240959961,0.08646087575757574,0.002197528194556945,0,0,0,0,0,0,0,0
0.08893933324731076,-0.03661120026850023,0.84,0.0031590459461097176,0.08597496795654297,0.08138724517822266,0,0,1,0,-0.08893933324731076,0.03661120026850023,0.16000000000000003,-0.0031590459461097176,-0.074227466763269,-0.009528490184979671,0.08447953529411763,0.003308938928927885,0,0,0,0,0,0,0,0
0.09812416410994422,-0.03106165103639879,0.848,0.0019547687622336607,0.13803474426269532,0.0828075942993164,0,0,1,0,-0.09812416410994422,0.03106165103639879,0.15200000000000002,-0.0019547687622336607,-0.0997404918026655,-0.014569339271184128,0.1022141,0.003690280537185356,0,0,0,0,0,0,0,0
0.10402896317303031,-0.0230952155804052,0.853,0.0005235987755983772,0.08880540466308594,0.11932316589355468,0,0,1,0,-0.10402896317303031,0.0230952155804052,0.14700000000000002,-0.0005235987755983772,-0.08533332504034805,-0.03244688440583046,0.11511242222222223,0.006291496398855353,0,0,0,0,0,0,0,0
0.10844895576842607,-0.014123176537189959,0.846,-0.0017802358370342386,0.06637034606933594,0.1345458526611328,0,0,1,0,-0.10844895576842607,0.014123176537189959,0.15400000000000003,0.0017802358370342386,-0.07824981308203915,-0.040244602801544994,0.1866278121212122,0.012252211349000673,0,0,0,0,0,0,0,0
0.11223912682541401,-0.001976982118143006,0.855,-0.0026005405854715442,0.05652812957763672,0.18229383850097655,0,0,1,0,-0.11223912682541401,0.001976982118143006,0.14500000000000002,0.0026005405854715442,-0.0775048749470509,-0.06516194054553445,0.09401585000000001,0.006445719093771414,0,0,0,0,0,0,0,0
0.11571450993263055,0.012226622649838313,0.864,-0.0018500490071139404,0.05157651519775391,0.21318891906738283,0,0,1,0,-0.11571450993263055,-0.012226622649838313,0.136,0.0018500490071139404,-0.0773038843107632,-0.08232813825575314,0.08845706153846153,-0.0016137582776134616,0,0,0,0,0,0,0,0
0.11537307860597328,0.022835975066404543,0.87,-0.0015009831567150962,-0.0054158782958984375,0.1591305389404297,0,0,1,0,-0.11537307860597328,-0.022835975066404543,0.13,0.0015009831567150962,-0.05665608342766945,-0.0682939913402097,0.10065590769230769,-0.00011008999897187707,0,0,0,0,0,0,0,0
0.11435437818795254,0.03684601802821803,0.867,-0.0007155849933176968,-0.015595921516418457,0.21012747192382814,0,0,1,0,-0.11435437818795254,-0.03684601802821803,0.133,0.0007155849933176968,-0.052740257678483865,-0.09138320900170943,0.1519263417910448,-0.0028011232009990165,0,0,0,0,0,0,0,0
0.11059505088479721,0.049116401310575666,0.875,0.0010646508437165418,-0.05652160263061524,0.18401535034179686,0,0,1,0,-0.11059505088479721,-0.049116401310575666,0.125,-0.0010646508437165418,-0.035694123018211316,-0.09146670212355731,0.08690469999999997,-0.009409506329814535,0,0,0,0,0,0,0,0
0.10217481228355044,0.06042514330257445,0.883,0.0016231562043547147,-0.12612290954589844,0.1697655029296875,0,0,1,0,-0.10217481228355044,-0.06042514330257445,0.11699999999999999,-0.0016231562043547147,-0.006769492220297255,-0.09094991699807277,0.08193827692307691,-0.004200873253453974,0,0,0,0,0,0,0,0
0.09034798512185671,0.06870518584446522,0.892,0.0032812189937493357,-0.17720057678222656,0.1244884262084961,0,0,1,0,-0.09034798512185671,-0.06870518584446522,0.10799999999999998,-0.0032812189937493357,0.01742836434185785,-0.07882621498538928,0.0700556615384615,-0.01093381648326297,0,0,0,0,0,0,0,0
0.07320339469979738,0.07723871468304871,0.901,0.005061454830783463,-0.25674746704101564,0.1288460693359375,0,0,1,0,-0.07320339469979738,-0.07723871468304871,0.09899999999999998,-0.005061454830783463,0.054587187209839766,-0.08450811078218583,0.06349916153846151,-0.013277927924787125,1427104406676,0,0,0,0,0,0,0
0.05595238180976601,0.08301259897490144,0.893,0.0044505895925854855,-0.25832351684570315,0.08791687774658204,0,0,1,0,-0.05595238180976601,-0.08301259897490144,0.10699999999999998,-0.0044505895925854855,0.05711156608819522,-0.07037281253736254,0.15910970000000005,-0.001832595714594154,0,0,0,0,0,0,0,0
0.03569143607737992,0.08792788505664474,0.901,0.003804817769347601,-0.3035830383300781,0.07508115386962891,0,0,1,0,-0.03569143607737992,-0.08792788505664474,0.09899999999999998,-0.003804817769347601,0.09721653070093125,-0.07221713125361172,0.06741196065573768,-0.0006288907698170222,1427104406806,0,0,0,0,0,0,0
0.015026889473730584,0.08926918970719645,0.912,0.001797689129554247,-0.309889404296875,0.021298793792724608,0,0,1,0,-0.015026889473730584,-0.08926918970719645,0.08799999999999997,-0.001797689129554247,0.10429709805949301,-0.05207771454324823,0.044920549999999955,0.0076107263694771,1427104406806,0,0,0,0,0,0,0
-0.006059293233770423,0.09072321619221523,0.918,0.001064650843716541,-0.31625302124023436,0.022378957748413086,0,0,1,0,0.006059293233770423,-0.09072321619221523,0.08199999999999996,-0.001064650843716541,0.11537587252475894,-0.05335781144944819,0.06850210769230768,0.0023186027832267173,1427104406806,0,0,0,0,0,0,0
-0.02697204103694624,0.08983839312769949,0.921,-4.336808689942018e-19,-0.3137051696777344,-0.012938366889953614,0,0,1,0,0.02697204103694624,-0.08983839312769949,0.07899999999999996,4.336808689942018e-19,0.12320999948368219,-0.04045307635183723,0.08302210909090907,0.0048393220168933705,1427104406806,0,0,0,0,0,0,0
-0.04600029421077437,0.08861863668340425,0.916,-0.001954768762233661,-0.28542379760742187,-0.01829634666442871,0,0,1,0,0.04600029421077437,-0.08861863668340425,0.08399999999999996,0.001954768762233661,0.12276095413944671,-0.03812552456743356,0.1300007515151515,0.01084008131784121,1427104406806,0,0,0,0,0,0,0
-0.06274668987210656,0.08603053269836193,0.887,-0.003560471674068478,-0.25111956787109374,-0.039312515258789066,0,0,1,-0.001954768762233661,0.06274668987210656,-0.08603053269836193,0.11299999999999999,0.001605702911834817,0.03137334493605328,-0.043015266349180965,0.0904,0.001605702911834817,0,0,0,0,0,0,0,0
-0.07739121620791063,0.07915442455379007,0.877,-0.0044331363000655885,-0.2192992706298828,-0.10392308807373046,0,0,1,-0.001954768762233661,0.07739121620791063,-0.07915442455379007,0.123,0.0024783675378319274,0.11883239188125688,-0.0020241546929821094,0.15387470000000003,0.006568982972193382,0,0,0,0,0,0,0,0
-0.09052053627074799,0.07203638304888386,0.876,-0.006684611035138289,-0.19646453857421875,-0.10764263153076171,0,0,1,-0.001954768762233661,0.09052053627074799,-0.07203638304888386,0.124,0.0047298422729046274,0.11606497566221652,0.0022122417905106675,0.1061778153846154,0.01512126412708632,0,0,0,0,0,0,0,0
-0.10144357284972386,0.06554365209263632,0.88,-0.0071034900556169464,-0.16319087219238282,-0.09848402404785156,0,0,1,-0.001954768762233661,0.10144357284972386,-0.06554365209263632,0.12,0.005148721293383285,0.10971244428403332,0.0020489470943044832,0.07683473846153846,0.007082009080207858,0,0,0,0,0,0,0,0
-0.10774236154209504,0.057166610364507375,0.887,-0.007208209810736555,-0.09358686065673828,-0.12632360076904298,0,0,1,-0.001954768762233661,0.10774236154209504,-0.057166610364507375,0.11299999999999999,0.005253441048502894,0.08702179523735695,0.014998973078202863,0.05696313582089549,0.00572233547441159,0,0,0,0,0,0,0,0
-0.11218374043809247,0.04601520896178961,0.88,-0.0064577182323790625,-0.06541323852539062,-0.16774688720703124,0,0,1,-0.001954768762233661,0.11218374043809247,-0.04601520896178961,0.12,0.004502949470145401,0.07996517279198356,0.035919857557556716,0.13704351212121216,0.001091624113974979,0,0,0,0,0,0,0,0
-0.1141386135805392,0.032791351108768005,0.892,-0.006510078109938867,-0.028041555404663087,-0.1985430908203125,0,0,1,-0.001954768762233661,0.1141386135805392,-0.032791351108768005,0.10799999999999998,0.004555309347705205,0.06832215616397533,0.05684078533423318,0.02433603333333327,0.004804642097989988,0,0,0,0,0,0,0,0
-0.11295968112019028,0.01923941118383192,0.923,-0.006894050545377618,0.01900696563720703,-0.20315966796875,0,0,1,-0.001954768762233661,0.11295968112019028,-0.01923941118383192,0.07699999999999996,0.004939281783143956,0.05059760951618546,0.06311035692939491,-0.1002198769230771,0.006711462254399729,0,0,0,0,0,0,0,0
-0.10982343786716839,0.0034490492169312013,0.946,-0.00774926187885483,0.048675411224365236,-0.23652548217773436,0,0,1,-0.001954768762233661,0.10982343786716839,-0.0034490492169312013,0.05400000000000005,0.005794493116621169,0.038561507317587555,0.08305633779527921,-0.07519195384615329,0.009741622348054459,0,0,0,0,0,0,0,0
-0.10496109335366863,-0.013470281184727876,0.96,-0.007470009198535799,0.07489964294433593,-0.25321714782714844,0,0,1,-0.001954768762233661,0.10496109335366863,0.013470281184727876,0.040000000000000036,0.005515240436302138,0.02730191275370661,0.09622358923305137,-0.036524224242424276,0.0042459100712156335,0,0,0,0,0,0,0,0
-0.09692268620675641,-0.030227400559819727,0.976,-0.007871434926494447,0.12245036315917969,-0.25044908142089845,0,0,1,-0.001954768762233661,0.09692268620675641,0.030227400559819727,0.02400000000000002,0.0059166661642607865,0.005169860913609013,0.10653826921250918,-0.06242820000000006,0.007798349264066952,1427104407783,0,0,0,0,0,0,0
-0.08785370319905296,-0.048132895531429805,0.983,-0.007504915783575593,0.13814463806152344,-0.26750332641601565,0,0,1,-0.001954768762233661,0.08785370319905296,0.048132895531429805,0.017000000000000015,0.005550147021341932,-0.0034396997689734587,0.11883567025203637,-0.017537212121212137,0.0038841509171653192,1427104407783,0,0,0,0,0,0,0
-0.0761312591615659,-0.06475520514785216,0.984,-0.007539822368615499,0.1777029266357422,-0.24800799560546874,0,0,1,-0.001954768762233661,0.0761312591615659,0.06475520514785216,0.016000000000000014,0.005585053606381838,-0.024279197271289334,0.12174027760681674,0.013503384615384627,0.005746160921950638,1427104407783,0,0,0,0,0,0,0
-0.06336614976905826,-0.07596242720653781,0.989,-0.00645771823237906,0.1927386932373047,-0.1666598663330078,0,0,1,-0.001954768762233661,0.06336614976905826,0.07596242720653781,0.01100000000000001,0.004502949470145399,-0.0341818514119459,0.09643522923276557,-0.011157702985074638,-0.0003422929309132841,1427104407783,0,0,0,0,0,0,0
-0.04861991033995232,-0.08855066713910446,1.003,-0.005619960191421745,0.22240834045410157,-0.18739126586914062,0,0,1,-0.001954768762233661,0.04861991033995232,0.08855066713910446,-0.0029999999999998916,0.003665191429188084,-0.0567644856926129,0.11417461255257781,-0.07403497777777714,-0.0003241325753705602,1427104407783,0,0,0,0,0,0,0
-0.03230078808351638,-0.09694118547889177,1.024,-0.004310963252426079,0.24549028015136717,-0.1244801025390625,0,0,1,-0.001954768762233661,0.03230078808351638,0.09694118547889177,-0.02400000000000002,0.002356194490192418,-0.070851695690079,0.09367793133831208,-0.12629012307692378,-0.0036853298436337312,1427104408109,0,0,0,0,0,0,0
-0.014544980011473082,-0.10168715111455223,1.034,-0.0028274333882307694,0.26664154052734373,-0.07004065704345704,0,0,1,-0.001954768762233661,0.014544980011473082,0.10168715111455223,-0.03400000000000003,0.0008726646259971083,-0.08745614603467126,0.07649249624368373,-0.0752803538461539,-0.005974396285673552,0,0,0,0,0,0,0,0
0.005665793464586367,-0.10433536865818199,1.039,-0.0006981317007977977,0.303272705078125,-0.038865936279296874,0,0,1,-0.001954768762233661,-0.005665793464586367,0.10433536865818199,-0.038999999999999924,-0.0012566370614358635,-0.11078426002161687,0.06658885635573036,-0.05261077692307628,-0.0110841833111265,0,0,0,0,0,0,0,0
0.023727331960484318,-0.10470186582777828,1.027,0.001448623279155294,0.27092684936523437,-0.0053083162307739256,0,0,1,-0.001954768762233661,-0.023727331960484318,0.10470186582777828,-0.026999999999999913,-0.003403392041388955,-0.10535500528877252,0.05449715971651089,0.04641796716417923,-0.0130157277725222,0,0,0,0,0,0,0,0
0.039084852125069076,-0.10281765510541949,1.027,0.001623156204354716,0.23040350341796875,0.02792942237854004,0,0,1,-0.001954768762233661,-0.039084852125069076,0.10281765510541949,-0.026999999999999913,-0.003577924966588377,-0.10269389757553841,0.04140204281358436,-0.01644139999999993,-0.004396048053460668,0,0,0,0,0,0,0,0
0.05219516902750532,-0.0991018426923341,1.031,0.001256637061435863,0.19674496459960938,0.055417911529541015,0,0,1,-0.001954768762233661,-0.05219516902750532,0.0991018426923341,-0.030999999999999917,-0.003211405823669524,-0.09699306809505943,0.02959099004020372,-0.04171479999999995,-0.0014933473412374007,1427104408434,0,0,0,0,0,0,0
0.060478483535886425,-0.09139541613778214,1.032,0.0010995574287564498,0.12439488220214844,0.11544017028808594,0,0,1,-0.001954768762233661,-0.060478483535886425,0.09139541613778214,-0.03200000000000003,-0.003054326190990111,-0.07407945354078686,0.004621889931428973,-0.026232415384616008,-0.0023293432709312802,1427104408434,0,0,0,0,0,0,0
0.06599727866456931,-0.08652921770684137,1.03,0.0005759586531580724,0.08286213684082032,0.07290190887451171,0,0,1,-0.001954768762233661,-0.06599727866456931,0.08652921770684137,-0.030000000000000027,-0.0025307274153917336,-0.06111013333602384,0.01832246871325522,-0.009001038805970158,-0.0001862552858467605,1427104408434,0,0,0,0,0,0,0
0.0663955100946718,-0.07954744065485508,1.028,0.0002617993877991349,0.006033788681030274,0.10472319793701172,0,0,1,-0.001954768762233661,-0.0663955100946718,0.07954744065485508,-0.028000000000000025,-0.002216568150032796,-0.03470004351928169,0.002121336860847166,-0.0070905000000000065,-0.0007439465936627762,1427104408434,0,0,0,0,0,0,0
0.06400553169152588,-0.07284848268510248,1.038,0.0007155849933175879,-0.03582336807250976,0.1004937515258789,0,0,1,-0.001954768762233661,-0.06400553169152588,0.07284848268510248,-0.038000000000000034,-0.002670353755551249,-0.01849971530145718,0.0009294904979444685,-0.08012115384615391,-0.004764748857944109,1427104408434,0,0,0,0,0,0,0
0.0569559448913788,-0.06766468723155618,1.029,0.0006457718232378857,-0.10568813323974609,0.07783258056640625,0,0,1,-0.001954768762233661,-0.0569559448913788,0.06766468723155618,-0.028999999999999915,-0.002600540585471547,0.010078255795212463,0.00654014221282883,0.029198038461539174,-0.00227832595433446,1427104408760,0,0,0,0,0,0,0
0.04755922651560057,-0.06028131901312862,1.021,0.0013089969389956675,-0.1408792266845703,0.11084152221679687,0,0,1,-0.001954768762233661,-0.04755922651560057,0.06028131901312862,-0.020999999999999908,-0.0032637657012293286,0.027384102277726433,-0.008956212388387005,0.03007692307692319,-0.006324804697034475,1427104408825,0,0,0,0,0,0,0
0.03500752323946666,-0.05532729558483685,1.02,0.002548180707911742,-0.18817811584472657,0.0745567398071289,0,0,1,-0.001954768762233661,-0.03500752323946666,0.05532729558483685,-0.020000000000000018,-0.004502949470145403,0.04960119744732468,0.0020885536496250585,-0.007028969696970292,-0.010135602965218465,1427104408891,0,0,0,0,0,0,0
0.01830661718366705,-0.050099514346179964,1.017,0.00354301838154847,-0.25031295776367185,0.07905481719970703,0,0,1,-0.001954768762233661,-0.01830661718366705,0.050099514346179964,-0.016999999999999904,-0.005497787143782131,0.08130564403114707,-0.002371027208300569,0.006111346153846845,-0.010089345637490105,1427104408956,0,0,0,0,0,0,0
0.000072870028548022,-0.04470395762344022,1.003,0.004712388980384731,-0.2732177429199219,0.08190187835693359,0,0,1,-0.001954768762233661,-0.000072870028548022,0.04470395762344022,-0.0029999999999998916,-0.006667157742618392,0.10021032004137068,-0.0063975545791988865,0.07770080000000015,-0.012148582424663367,1427104409020,0,0,0,0,0,0,0
-0.020459328360582372,-0.041170579591940225,1.003,0.006335545184739335,-0.30772979736328127,0.05445141220092774,0,0,1,-0.001954768762233661,0.020459328360582372,0.041170579591940225,-0.0029999999999998916,-0.008290313946972995,0.11965698788348508,0.0026322690419587555,0.001118500000000093,-0.015668296694039373,1427104409086,0,0,0,0,0,0,0
-0.04372260458788768,-0.03877077674943211,1.011,0.006736970912698094,-0.3487140808105469,0.038207088470458984,0,0,1,-0.001954768762233661,0.04372260458788768,0.03877077674943211,-0.010999999999999899,-0.008691739674931755,0.14769797051483696,0.00727316409288495,-0.04842992307692302,-0.010544473803972184,1427104409151,0,0,0,0,0,0,0
-0.06551465706777956,-0.03720295948637772,1.01,0.007906341511534245,-0.3267149353027344,0.025718894958496094,0,0,1,-0.001954768762233661,0.06551465706777956,0.03720295948637772,-0.010000000000000009,-0.009861110273767905,0.14893735602443542,0.011121642264840168,0.0006038805970143488,-0.015097098029750667,1427104409217,0,0,0,0,0,0,0
-0.08753702324619338,-0.036981114893587866,1.007,0.008988445647770795,-0.33029885864257813,0.005939282894134521,0,0,1,-0.001954768762233661,0.08753702324619338,0.036981114893587866,-0.006999999999999895,-0.010943214410004455,0.16487546318062712,0.01813535772074914,0.014402566666667387,-0.016096091249226122,1427104409281,0,0,0,0,0,0,0
-0.10754149957294315,-0.03728261090438429,1.006,0.008953539062730888,-0.30009567260742187,-0.001825156569480896,0,0,1,-0.001954768762233661,0.10754149957294315,0.03728261090438429,-0.006000000000000005,-0.010908307824964549,0.16222919927071497,0.021146992098189293,0.003881515384614794,-0.01074720050939575,0,0,0,0,0,0,0,0
-0.12588712884239123,-0.03697101570833116,1.001,0.00874409955249156,-0.2751315612792969,0.0071375823020935055,0,0,1,-0.001954768762233661,0.12588712884239123,0.03697101570833116,-0.0009999999999998899,-0.01069886831472522,0.1625515871537159,0.017713965315798618,0.029413476923077643,-0.009732224421312934,0,0,0,0,0,0,0,0
-0.139618656074634,-0.04019269008203358,1.014,0.007522369076095605,-0.20638758850097655,-0.04652224349975586,0,0,1,-0.001954768762233661,0.139618656074634,0.04019269008203358,-0.014000000000000012,-0.009477137838329265,0.1446629380805649,0.03837622543450225,-0.07800060000000064,-0.0038383817934248598,0,0,0,0,0,0,0,0
-0.15234240786783596,-0.04257748943894699,1.008,0.00698131700797733,-0.19111996459960937,-0.03433530044555664,0,0,1,-0.001954768762233661,0.15234240786783596,0.04257748943894699,-0.008000000000000007,-0.00893608577021099,0.14466080850494525,0.03489591211548851,0.028564781818181846,-0.006476758187855194,0,0,0,0,0,0,0,0
-0.16222933970724077,-0.04538890933115822,1.002,0.0062657320146596324,-0.1485947723388672,-0.04113492202758789,0,0,1,-0.001954768762233661,0.16222933970724077,0.04538890933115822,-0.0020000000000000018,-0.008220500776893293,0.13630281837121924,0.039058960242737174,0.03434630000000004,-0.0048661961207165875,0,0,0,0,0,0,0,0
-0.16600795385233447,-0.049569545686335814,1.004,0.005794493116621171,-0.05707101821899414,-0.06235317993164063,0,0,1,-0.001954768762233661,0.16600795385233447,0.049569545686335814,-0.0040000000000000036,-0.007749261878854831,0.10368460163185819,0.04732601441574724,-0.010387517647058827,-0.005670266740449853,0,1,0,0,0,0,0,0
-0.16762097261629746,-0.05290316265168899,1.011,0.0046076692252650115,-0.024484622955322267,-0.04986321640014649,0,0,1,-0.001954768762233661,0.16762097261629746,0.05290316265168899,-0.010999999999999899,-0.006562437987498672,0.09410917830572035,0.0460282649029718,-0.04465158888888822,-0.0009108956477074381,0,1,0,0,0,0,0,0
-0.16334191741028825,-0.05878333370273599,1.015,0.004555309347705207,0.06377873992919922,-0.08849737548828125,0,0,1,-0.001954768762233661,0.16334191741028825,0.05878333370273599,-0.014999999999999902,-0.006510078109938868,0.0600735410997867,0.06214892484907766,-0.03059866153846147,-0.006268417136585924,0,1,0,0,0,0,0,0
-0.15870236802181648,-0.06432255024384015,1.01,0.004310963252425972,0.06921402740478516,-0.08340440368652344,0,0,1,-0.001954768762233661,0.15870236802181648,0.06432255024384015,-0.010000000000000009,-0.0062657320146596324,0.056664711456691025,0.06223537553439358,0.020992202985074072,-0.0051716450208720115,0,1,0,0,0,0,0,0
-0.15068398670974195,-0.06786134214337267,0.996,0.005270894341022793,0.12004576873779296,-0.05359988784790039,0,0,1,-0.001954768762233661,0.15068398670974195,0.06786134214337267,0.0040000000000000036,-0.007225663103256454,0.0324403408967526,0.05477127331537489,0.08387577777777784,-0.011796763525146081,0,1,0,0,0,0,0,0
-0.14265963698704207,-0.0734243660190382,0.985,0.007993607974134067,0.11992374420166016,-0.08407862854003906,0,0,1,-0.001954768762233661,0.14265963698704207,0.0734243660190382,0.015000000000000013,-0.009948376736367727,0.030515514499082262,0.06744217452651279,0.0733303333333334,-0.02232434779596442,0,0,0,0,0,0,0,0
-0.1315903330607494,-0.07718690833980041,0.98,0.008953539062730888,0.16558311462402345,-0.05776357269287109,0,0,1,-0.001954768762233661,0.1315903330607494,0.07718690833980041,0.020000000000000018,-0.010908307824964549,0.007083194243772163,0.06044836443576422,0.046468750000000045,-0.01540798480276215,0,0,0,0,0,0,0,0
-0.12239112827053568,-0.08036427371406638,0.986,0.011327186845443206,0.13755581665039063,-0.04889403533935547,0,0,1,-0.001954768762233661,0.12239112827053568,0.08036427371406638,0.014000000000000012,-0.013281955607676867,0.015045302339955255,0.05811266519787238,-0.016924483582089558,-0.02391022926161262,0,0,0,0,0,0,0,0
-0.1088395625822243,-0.08250382135944904,0.996,0.012775810124598498,0.2028969268798828,-0.03439362335205078,0,0,1,-0.001954768762233661,0.1088395625822243,0.08250382135944904,0.0040000000000000036,-0.01473057888683216,-0.017715400630536414,0.05433771532366519,-0.04824310000000003,-0.02152100050787259,0,0,0,0,0,0,0,0
-0.09945107862994974,-0.08407897851218522,1.004,0.014451326206513017,0.140513916015625,-0.025424562454223632,0,0,1,-0.001954768762233661,0.09945107862994974,0.08407897851218522,-0.0040000000000000036,-0.01640609496874668,0.0012117503247564207,0.05196090948818992,-0.0430585230769231,-0.024139246116044465,1427104410258,0,0,0,0,0,0,0
-0.08963245102265274,-0.0845678531006344,1.002,0.015707963267948988,0.14715806579589844,-0.009460661888122559,0,0,1,-0.001954768762233661,0.08963245102265274,0.0845678531006344,-0.0020000000000000018,-0.01766273203018265,-0.0051535106692508145,0.046372062884578194,0.01221126060606062,-0.023374718673073416,1427104410258,0,0,0,0,0,0,0
-0.08224430511682468,-0.08418931042392516,1.005,0.01652826801638629,0.110897705078125,0.003936720371246338,0,0,1,-0.001954768762233661,0.08224430511682468,0.08418931042392516,-0.004999999999999893,-0.01848303677861995,0.002869609546278601,0.04157400068471377,-0.017233049999999313,-0.022328215286919806,1427104410258,0,0,0,0,0,0,0
-0.07634911182523475,-0.08148609244358623,1.004,0.01769763861522244,0.08908598327636719,0.03908123779296875,0,0,1,-0.001954768762233661,0.07634911182523475,0.08148609244358623,-0.0040000000000000036,-0.0196524073774561,0.008632214252490743,0.027789723792984375,0.005331815384614797,-0.02504950244900756,1427104410258,0,0,0,0,0,0,0
-0.07126637812669709,-0.07991550100508289,1,0.01586504290062851,0.07664598083496094,0.02220596694946289,0,0,1,-0.001954768762233661,0.07126637812669709,0.07991550100508289,0,-0.01781981166286217,0.010511952973131823,0.03315513145157763,0.024685661538461565,-0.00936167759550556,1427104410258,0,0,0,0,0,0,0
-0.06809554762235795,-0.0767145367932982,1.016,0.011868238913561365,0.048318191528320314,0.04725387191772461,0,0,1,-0.001954768762233661,0.06809554762235795,0.0767145367932982,-0.016000000000000014,-0.013823007675795026,0.019265663180293456,0.022825583476932143,-0.09591064615384623,0.004623779956822557,1427104410583,0,0,0,0,0,0,0
-0.06449755595645194,-0.07409420086786274,1.009,0.007609635538695199,0.054432544708251956,0.038661758422851564,0,0,1,-0.001954768762233661,0.06449755595645194,0.07409420086786274,-0.008999999999999897,-0.00956440430092886,0.01550267961559397,0.024904558010463054,0.03290501212121283,0.009792883766644618,1427104410649,0,0,0,0,0,0,0
-0.059186900436771585,-0.07231506266651715,1.022,0.002914699850830589,0.07986060333251953,0.026080123901367186,0,0,1,-0.001954768762233661,0.059186900436771585,0.07231506266651715,-0.02200000000000002,-0.0048694686130642505,0.0038041068945720152,0.028523613872838884,-0.08370079393939459,0.0164711481499567,1427104410715,0,0,0,0,0,0,0
-0.05343356122836867,-0.07196031375414695,1.012,-0.0020245819323133673,0.08631523132324219,0.005069672584533691,0,0,1,-0.001954768762233661,0.05343356122836867,0.07196031375414695,-0.01200000000000001,0.00006981317007970613,-0.002339371876576655,0.03588708469794644,0.04784930000000004,0.023222696528567,1427104410779,0,0,0,0,0,0,0
-0.04602281297783273,-0.06820548219069211,1.004,-0.004712388980384734,0.11104696655273437,0.056547412872314455,0,0,1,-0.001954768762233661,0.04602281297783273,0.06820548219069211,-0.0040000000000000036,0.002757620218151073,-0.014455286418802959,0.015775711790949113,0.04261272307692312,0.015162883516941996,1427104410844,0,0,0,0,0,0,0
-0.03280328998129063,-0.06436980196326833,0.993,-0.007522369076095607,0.19801951599121093,0.058468994140625,0,0,1,-0.001954768762233661,0.03280328998129063,0.06436980196326833,0.007000000000000006,0.005567600313861946,-0.05232174364169623,0.013464373088680578,0.06761206923076929,0.018536739217142897,1427104410909,0,0,0,0,0,0,0
-0.01664385554160347,-0.06005118153926149,0.984,-0.009389871375729445,0.24189736938476564,0.06660081481933594,0,0,1,-0.001954768762233661,0.01664385554160347,0.06005118153926149,0.016000000000000014,0.007435102613495784,-0.0762209347416035,0.008743648932307373,0.06414683846153853,0.016054343996421194,1427104410974,0,0,0,0,0,0,0
0.0011465011885160741,-0.055681171887651225,0.969,-0.011833332328521576,0.26622808837890627,0.0680529556274414,0,0,1,-0.001954768762233661,-0.0011465011885160741,0.055681171887651225,0.031000000000000028,0.009878563566287916,-0.08340084165974115,0.008901300268037371,0.09982940821917818,0.019920183920228183,1427104411047,0,0,0,0,0,0,0
0.01923831078049459,-0.05095218436212663,0.956,-0.013770647798235228,0.2705187683105469,0.07414106750488281,0,0,1,-0.001954768762233661,-0.01923831078049459,0.05095218436212663,0.04400000000000004,0.011815879036001568,-0.10167285831854499,0.0028193793600484462,0.10651684776119412,0.020490425915316426,1427104411114,0,0,0,0,0,0,0
0.039054909551494134,-0.04419585249780334,0.948,-0.015603243512829271,0.2958252563476563,0.10542855072021484,0,0,1,-0.001954768762233661,-0.039054909551494134,0.04419585249780334,0.052000000000000046,0.01364847475059561,-0.10168677317220605,-0.004656881654867939,0.07957914146341472,0.0203530932186226,1427104411196,0,0,0,0,0,0,0
0.05692120888100261,-0.037820379180648504,0.93,-0.016528268016386294,0.26646975708007814,0.09980187225341797,0,0,1,-0.001954768762233661,-0.05692120888100261,0.037820379180648504,0.06999999999999995,0.014573499254152633,-0.10142394035531194,-0.00585975157500403,0.1363174144578309,0.01791696131520211,1427104411279,0,0,0,0,0,0,0
0.07685118930219206,-0.03053544101870396,0.923,-0.017208946424664195,0.29710284423828126,0.11420004272460937,0,0,1,-0.001954768762233661,-0.07685118930219206,0.03053544101870396,0.07699999999999996,0.015254177662430535,-0.1211791216940378,-0.013686903810348202,0.0965232487804878,0.017744464521983833,1427104411361,0,0,0,0,0,0,0
0.09458979568125805,-0.021497881165066113,0.916,-0.018273597268380626,0.2637069091796875,0.14012203979492188,0,0,1,-0.001954768762233661,-0.09458979568125805,0.021497881165066113,0.08399999999999996,0.016318828506146965,-0.11482418461114649,-0.022633268087281208,0.10052088988764045,0.01990753921530347,1427104411450,0,0,0,0,0,0,0
0.10907367511592851,-0.012663693678718427,0.932,-0.020786871391252456,0.21480056762695313,0.13646055603027343,0,0,1,-0.001954768762233661,-0.10907367511592851,0.012663693678718427,0.06799999999999995,0.018832102629018795,-0.108731924025525,-0.025853172347609664,-0.0014174222222223046,0.027209683038591562,0,0,0,0,0,0,0,0
0.1232585521045978,-0.003930946189758979,0.941,-0.019722220547535915,0.21000448608398437,0.13538548278808593,0,0,1,-0.001954768762233661,-0.1232585521045978,0.003930946189758979,0.05900000000000005,0.017767451785302254,-0.1409619908947251,-0.045967902872235955,0.0023253557377055714,0.012531464029319263,0,0,0,0,0,0,0,0
0.13402402601068147,0.0053462093708335845,0.956,-0.01918116847941775,0.15870639038085937,0.1423148498535156,0,0,1,-0.001954768762233661,-0.13402402601068147,-0.0053462093708335845,0.04400000000000004,0.01722639971718409,-0.20991077667838598,-0.12538672884421975,-0.15984397692307706,0.01098349123889758,0,0,0,0,0,0,0,0
0.14642623224454301,0.017264303561022896,0.964,-0.017767451785302254,0.18257003784179687,0.182306640625,0,0,1,-0.001954768762233661,-0.14642623224454301,-0.017264303561022896,0.03600000000000003,0.015812683023068593,-0.1299594777022779,-0.06284312954441493,-0.0018923378378378347,0.010081399128005769,0,0,0,0,0,0,0,0
0.15286438408022004,0.029691666274297625,0.97,-0.015393804002590047,0.09324517059326172,0.18809677124023438,0,0,1,-0.001954768762233661,-0.15286438408022004,-0.029691666274297625,0.030000000000000027,0.013439035240356386,-0.09302743752186224,-0.0480863814622776,0.014441329268292696,0.007649650404472954,0,0,0,0,0,0,0,0
0.15924193133071485,0.04418924695887387,0.969,-0.012339477811599938,0.09230441284179687,0.21891050720214844,0,0,1,-0.001954768762233661,-0.15924193133071485,-0.04418924695887387,0.031000000000000028,0.010384709049366277,-2.310039396991742,-5.094126439073956,0.38231760000000037,-0.9059131482476663,0,0,0,0,0,0,0,0
0.16178493483632939,0.06179858280476101,0.968,-0.01811651763570121,0.03488288116455078,0.2645906066894531,0,0,1,-0.001954768762233661,-0.16178493483632939,-0.06179858280476101,0.03200000000000003,0.01616174887346755,-0.08473908373192407,-0.0655678053599236,0.03573853333333337,0.026477891416505535,0,0,0,0,0,0,0,0
0.16132479276295572,0.08244289901858354,0.971,-0.055326937288220246,-0.012510738372802734,0.3094888916015625,0,0,1,-0.001954768762233661,-0.16132479276295572,-0.08244289901858354,0.029000000000000026,0.053372168525986585,Infinity,-Infinity,-Infinity,Infinity,0,0,0,0,0,0,0,0
0.15983518093357896,0.09867982634777156,0.976,-0.10665707058937346,-0.03577820587158203,0.2419456329345703,0,0,1,-0.001954768762233661,-0.15983518093357896,-0.09867982634777156,0.02400000000000002,0.1047023018271398,-0.056781137408864826,-0.2841345174948128,-0.045603866666666694,0.7463289680915549,0,0,0,0,0,0,0,0
0.1493870923119831,0.09175951600392186,0.982,-0.09447467241045303,-0.14478024291992186,-0.11989855194091797,0,0,1,-0.001954768762233661,-0.1493870923119831,-0.09175951600392186,0.018000000000000016,0.09251990364821937,-0.05452142727726626,-0.03144686797864747,0.011920900000000016,0.07348490649365619,0,0,0,0,0,0,0,0
0.1308290872198467,0.07969764445164716,0.982,-0.03748967233283816,-0.2600610046386719,-0.2063810577392578,0,0,1,-0.001954768762233661,-0.1308290872198467,-0.07969764445164716,0.018000000000000016,0.0355349035706045,1.018254027681741,0.6655733107572042,0.022869200000000027,-2.813715100310139,0,0,0,0,0,0,0,0
0.12417491707233812,0.07161337546569183,1.001,0.02021091273809429,-0.09519733428955078,-0.12491989135742188,0,0,1,-0.001954768762233661,-0.12417491707233812,-0.07161337546569183,-0.0009999999999998899,-0.022165681500327952,-0.04642513032800916,-0.016198686974071477,-0.034435207594936394,-0.13172375441981996,0,0,0,0,0,0,0,0
0.10787909312060265,0.053974488997243636,1.006,0.0397586003604309,-0.24973454284667967,-0.25958929443359374,0,0,1,-0.001954768762233661,-0.10787909312060265,-0.053974488997243636,-0.006000000000000005,-0.04171336912266456,2.7987495652929435,3.0615166179571323,-0.8713478000000201,-2.9738665124731556,0,0,0,0,0,0,0,0
0.09331159149140918,0.03351947461326144,1.013,0.04386012410261754,-0.2305355682373047,-0.29789727783203124,0,0,1,-0.001954768762233661,-0.09331159149140918,-0.03351947461326144,-0.0129999999999999,-0.0458148928648512,0.11356631391385968,0.20865498676361952,-0.07855189999999876,-0.08426667794785096,1427104412407,0,0,0,0,0,0,0
0.08851998818236828,0.01148884583490764,1.012,0.01984439359517555,-0.08629427337646485,-0.326990234375,0,0,1,-0.001954768762233661,-0.08851998818236828,-0.01148884583490764,-0.01200000000000001,-0.02179916235740921,-0.030584539038142726,0.05524187715474298,0.001346907692307399,0.033621754198226154,1427104412407,0,0,0,0,0,0,0
0.09160045219682077,-0.010834094703048185,1.005,-0.0362330352714023,0.03955352020263672,-0.335695068359375,0,0,1,-0.001954768762233661,-0.09160045219682077,0.010834094703048185,-0.004999999999999893,0.03427826650916864,-0.053833684158820255,0.070111850280336,0.023950664516129462,0.1699494653799215,1427104412407,0,0,0,0,0,0,0
0.10140991983912027,-0.03053571625040542,1,-0.08789478113043435,0.15775083923339844,-0.2900001220703125,0,0,1,-0.001954768762233661,-0.10140991983912027,0.03053571625040542,0,0.08594001236820069,-Infinity,Infinity,Infinity,Infinity,0,0,0,0,0,0,0,0
0.12139308860039841,-0.04101502521753911,0.985,-0.10670943046693337,0.3123887939453125,-0.1302705078125,0,0,1,-0.001954768762233661,-0.12139308860039841,0.04101502521753911,0.015000000000000013,0.10475466170469971,-1.2257272722485066,0.6334894996163726,0.8952016000000007,1.045487128529651,0,0,0,0,0,0,0,0
0.1531147122474676,-0.04767231901808113,0.974,-0.1091528914197254,0.48375357055664064,-0.048612762451171875,0,0,1,-0.001954768762233661,-0.1531147122474676,0.04767231901808113,0.026000000000000023,0.10719812265749173,-0.14641458038085703,0.04034761550922089,0.053779488607594995,0.11183760547924873,0,0,0,0,0,0,0,0
0.19283344984197034,-0.04454541583698002,0.969,-0.10133381637079075,0.5871259155273437,0.11152658081054688,0,0,1,-0.001954768762233661,-0.19283344984197034,0.04454541583698002,0.031000000000000028,0.09937904760855709,-13.997564616117215,-1.0703786738238883,1.7834155000000014,-2.246343467071836,0,0,0,0,0,0,0,0
0.24037265315886144,-0.0326134886132186,0.973,-0.08386307055832753,0.6913244018554687,0.25019709777832033,0,0,1,-0.001954768762233661,-0.24037265315886144,0.0326134886132186,0.027000000000000024,0.08190830179609387,-0.5695601640924973,-0.0947860389059842,-0.007522437837837834,-0.059746393980634915,0,0,0,0,0,0,0,0
0.28855980755674304,-0.004081368273638489,0.982,-0.06941174435181452,0.684417236328125,0.48702349853515625,0,0,1,-0.001954768762233661,-0.28855980755674304,0.004081368273638489,0.018000000000000016,0.06745697558958086,-0.27608968164068626,-0.07419480963153154,-0.001263574999999989,0.03358667979306598,0,0,0,0,0,0,0,0
0.337500728031239,0.041064682596398096,0.996,-0.06007423285364477,0.6853787841796875,0.7264752807617187,0,0,1,-0.001954768762233661,-0.337500728031239,-0.041064682596398096,0.0040000000000000036,0.05811946409141111,-0.3084762993047018,-0.1472652004670171,-0.02764239837398376,0.03534504580319221,0,0,0,0,0,0,0,0
0.3738102779596767,0.1006306585401685,1.02,-0.05907939518000815,0.490017333984375,0.9245772094726562,0,0,1,-0.001954768762233661,-0.3738102779596767,-0.1006306585401685,-0.020000000000000018,0.057124626417774486,-12.895714505486902,-20.896676402670717,-8.407007000000007,-0.2413266756732127,0,0,0,0,0,0,0,0
0.39585351887980597,0.1588599501064814,1.053,-0.06393141050055227,0.27849948120117185,0.8914386596679688,0,0,1,-0.001954768762233661,-0.39585351887980597,-0.1588599501064814,-0.052999999999999936,0.061976641738318614,-1.162817109530934,-2.625243682956429,-1.477199399999996,0.24392721625872338,0,0,0,0,0,0,0,0
0.403914460863614,0.20767819768166196,1.065,-0.06024876577884429,0.07388370513916015,0.738502685546875,0,0,1,-0.001954768762233661,-0.403914460863614,-0.20767819768166196,-0.06499999999999995,0.05829399701661063,-0.22106018880088385,-0.21127784371311487,-0.07082149235668786,0.051257096274493465,0,0,0,0,0,0,0,0
0.40449844134072077,0.2627857959622831,1.078,-0.03801327110843654,-0.041028533935546875,0.8256416015625,0,0,1,-0.001954768762233661,-0.40449844134072077,-0.2627857959622831,-0.07800000000000007,0.03605850234620288,-0.40777913818107925,-19.41766318070385,-4.604477700000042,-6.634589898776122,0,0,0,0,0,0,0,0
0.3959101884373188,0.31106304025400733,1.089,-0.010314895879286454,-0.15625173950195312,0.7187396850585938,0,0,1,-0.001954768762233661,-0.3959101884373188,-0.31106304025400733,-0.08899999999999997,0.008360127117052793,-0.12013996124017122,-0.5989194375903423,-0.16493168947368322,-0.2103112562709742,0,0,0,0,0,0,0,0
0.371321818934875,0.3525054879796245,1.104,-0.024417156235400736,-0.3752179260253906,0.61779931640625,0,0,1,-0.001954768762233661,-0.371321818934875,-0.3525054879796245,-0.10400000000000009,0.022462387473167075,-0.15441629661076592,-0.23232690269837178,-0.09871671556420256,0.038924169990031995,0,0,0,0,0,0,0,0
0.34251068984361654,0.38076605434026073,1.093,-0.035587263448164305,-0.4423877258300781,0.41323089599609375,0,0,1,-0.001954768762233661,-0.34251068984361654,-0.38076605434026073,-0.09299999999999997,0.033632494685930645,1.5071318079572626,-1.8385739384018935,0.5721221666666737,0.5921378553241091,0,0,0,0,0,0,0,0
0.3283558149491976,0.3929801776335017,1.078,-0.03387684078120988,-0.21870732116699218,0.17554144287109374,0,0,1,-0.001954768762233661,-0.3283558149491976,-0.3929801776335017,-0.07800000000000007,0.03192207201897622,2.310656587821417,-2.3336273982654534,2.567439899999983,-0.22464132802418757,0,0,0,0,0,0,0,0
0.3113268498076993,0.3914639866635225,1.071,-0.043545964837258574,-0.2545176086425781,-0.031381473541259766,0,0,1,-0.001954768762233661,-0.3113268498076993,-0.3914639866635225,-0.07099999999999995,0.041591196075024914,-0.11893102841923425,-0.19247448715274385,-0.036807034437085766,0.06080137631883027,0,0,0,0,0,0,0,0
0.2817702532829582,0.37628698832221585,1.061,-0.061924281860758816,-0.43301834106445314,-0.24673912048339844,0,0,1,-0.001954768762233661,-0.2817702532829582,-0.37628698832221585,-0.06099999999999994,0.059969513098525155,Infinity,Infinity,Infinity,Infinity,0,0,0,0,0,0,0,0
0.24176243283318016,0.34718431374147696,1.055,-0.08009315937401984,-0.571951904296875,-0.47284149169921874,0,0,1,-0.001954768762233661,-0.24176243283318016,-0.34718431374147696,-0.05499999999999994,0.07813839061178618,0.2263517927753213,0.08066052823383232,0.012047800000000108,0.21440497196124386,0,0,0,0,0,0,0,0
0.21670121020543984,0.31377228482175124,1.06,-0.09508553764865102,-0.33461502075195315,-0.5296500854492188,0,0,1,-0.001954768762233661,-0.21670121020543984,-0.31377228482175124,-0.06000000000000005,0.09313076888641736,-0.04184456107194638,-0.06486602152296297,-0.05909708888888923,0.12882690763553922,0,0,0,0,0,0,0,0
0.20222758865138646,0.27333192992496785,1.071,-0.10800097411340916,-0.15853109741210938,-0.6244775390625,0,0,1,-0.001954768762233661,-0.20222758865138646,-0.27333192992496785,-0.07099999999999995,0.1060462053511755,1.1622115392819263,3.401063084673095,-1.016536599999991,1.0747039402080358,0,0,0,0,0,0,0,0
0.1824158634600536,0.2395512402624246,1.083,-0.11559315635958457,-0.2408255157470703,-0.5357909545898437,0,0,1,-0.001954768762233661,-0.1824158634600536,-0.2395512402624246,-0.08299999999999996,0.11363838759735091,-0.056344690975346744,-0.05568943611850097,-0.08834331988950274,0.12622211507719966,0,0,0,0,0,0,0,0
0.16888369804219877,0.20555974541737193,1.093,-0.09955358053375653,-0.1428212890625,-0.5298809814453125,0,0,1,-0.001954768762233661,-0.16888369804219877,-0.20555974541737193,-0.09299999999999997,0.09759881177152287,0.8593545609589218,2.2753788968798885,-0.7731854000000006,-0.8647757377781599,0,0,0,0,0,0,0,0
0.1609618947951407,0.17470946273969884,1.093,-0.05181882549171159,-0.07224591064453124,-0.4722731018066406,0,0,1,-0.001954768762233661,-0.1609618947951407,-0.17470946273969884,-0.09299999999999997,0.049864056729477926,0.22411952303656274,1.1111168904562336,-0.07326909999999996,-1.5412944446720203,0,0,0,0,0,0,0,0
0.1605718022286536,0.1459616119650755,1.08,-0.007365289443416093,0.01649166488647461,-0.4309420166015625,0,0,1,-0.001954768762233661,-0.1605718022286536,-0.1459616119650755,-0.08000000000000007,0.005410520681182432,-0.08313084128493003,-0.00997171636576924,-0.0349504333333336,-0.08007704864246275,0,0,0,0,0,0,0,0
0.1642402541391687,0.13009925674885087,1.081,-0.013212142437597066,0.05677773284912109,-0.23752359008789062,0,0,1,-0.001954768762233661,-0.1642402541391687,-0.13009925674885087,-0.08099999999999996,0.011257373675363405,-0.513831258355794,1.784065283675989,-0.18160806666665374,0.5959426730934607,0,0,0,0,0,0,0,0
0.1780011437406773,0.12501268850787706,1.073,-0.05045746867515612,0.2074033660888672,-0.07356478118896484,0,0,1,-0.001954768762233661,-0.1780011437406773,-0.12501268850787706,-0.07299999999999995,0.048502699912922456,-0.21629023046630766,-0.018399606369511268,0.012968771794871908,0.3350052094326074,0,0,0,0,0,0,0,0
0.198948088099443,0.12514288000199872,1.079,-0.06522295414702806,0.3137057800292969,0.017797607421875,0,0,1,-0.001954768762233661,-0.198948088099443,-0.12514288000199872,-0.07899999999999996,0.0632681853847944,-0.15591442777548228,-0.06461407022595171,-0.07973209999999996,0.09490851139594855,0,0,0,0,0,0,0,0
0.2282861723778363,0.1322464301798745,1.08,-0.06033603224144391,0.4321907653808594,0.13500909423828125,0,0,1,-0.001954768762233661,-0.2282861723778363,-0.1322464301798745,-0.08000000000000007,0.05838126347921025,-10.38654788931714,-2.5540842513004116,-0.4155401000000392,-1.407695308196033,0,0,0,0,0,0,0,0
0.2630988487176358,0.1407334044097923,1.064,-0.03665191429188087,0.5135635375976563,0.15856072998046875,0,0,1,-0.001954768762233661,-0.2630988487176358,-0.1407334044097923,-0.06400000000000006,0.03469714552964721,-0.21315711432485457,-0.09110779430788465,-0.018308262025316463,-0.010272698678383888,0,0,0,0,0,0,0,0
0.2975249362405573,0.15790536761565832,1.077,-0.041207223639586184,0.5066058349609375,0.27632894897460936,0,0,1,-0.001954768762233661,-0.2975249362405573,-0.15790536761565832,-0.07699999999999996,0.03925245487735252,-12.20238707826372,-6.091082217647534,-4.614158999999965,1.4058452591889474,0,0,0,0,0,0,0,0
0.33061159715593286,0.183899670508683,1.072,-0.09208357133522083,0.47981585693359374,0.41002890014648435,0,0,1,-0.001954768762233661,-0.33061159715593286,-0.183899670508683,-0.07200000000000006,0.09012880257298717,-0.6733684824697597,-0.48950002277204935,0.015762356521737457,0.7537333377334391,0,0,0,0,0,0,0,0
0.3567468503354218,0.20408363045801375,1.052,-0.15748105840744828,0.3625281066894531,0.33752511596679685,0,0,1,-0.001954768762233661,-0.3567468503354218,-0.20408363045801375,-0.052000000000000046,0.15552628964521462,-0.3239036147597757,-0.21284203956524234,0.06302970769230774,0.45736084536318744,0,0,0,0,0,0,0,0
0.3777488105345532,0.20977010001686114,1.035,-0.18083356379913249,0.29775384521484377,0.13364788818359374,0,0,1,-0.001954768762233661,-0.3777488105345532,-0.20977010001686114,-0.03499999999999992,0.17887879503689882,-0.2391170730800603,-0.11948219424792376,0.0046438878048783855,0.22159679270461383,0,0,0,0,0,0,0,0
0.3811107088366156,0.20619251076850192,1.005,-0.1841147827928817,0.05925761413574219,-0.043719261169433594,0,0,1,-0.001954768762233661,-0.3811107088366156,-0.20619251076850192,-0.004999999999999893,0.18216001403064805,-Infinity,Infinity,Infinity,Infinity,0,0,0,0,0,0,0,0
0.3681366949840736,0.1956783008982978,0.984,-0.16680111661309802,-0.16244749450683593,-0.19067611694335937,0,0,1,-0.001954768762233661,-0.3681366949840736,-0.1956783008982978,0.016000000000000014,0.16484634785086436,-0.06348604220387552,0.001850504177098533,0.2133876666666658,0.020565796352666893,0,0,0,0,0,0,0,0
0.3351841055613236,0.17680883013890902,0.98,-0.1410749634387016,-0.44043545532226563,-0.3611798400878906,0,0,1,-0.001954768762233661,-0.3351841055613236,-0.17680883013890902,0.020000000000000018,0.13912019467646794,-0.08417213040547504,-0.03996809018882741,0.02353171317829461,0.07929193148019721,0,0,0,0,0,0,0,0
0.28542021621594516,0.150906418965715,0.973,-0.12629202467430964,-0.6844114990234375,-0.48963385009765625,0,0,1,-0.001954768762233661,-0.28542021621594516,-0.150906418965715,0.027000000000000024,0.12433725591207598,17.268661980575704,8.987629278457023,2.468281700000002,-4.310544373405512,0,0,0,0,0,0,0,0
0.23363329034792882,0.12250986726764217,0.969,-0.11742575207417846,-0.7169662475585937,-0.5203994750976563,0,0,1,-0.001954768762233661,-0.23363329034792882,-0.12250986726764217,0.031000000000000028,0.1154709833119448,0.06577638522900013,0.039395128948130936,0.03636263333333339,0.08776388143653488,0,0,0,0,0,0,0,0
0.17908519918131036,0.0903963792981762,0.97,-0.1268330767424279,-0.75615234375,-0.5742446899414062,0,0,1,-0.001954768762233661,-0.17908519918131036,-0.0903963792981762,0.030000000000000027,0.12487830798019425,0.5405846016359608,0.3265530189302868,0.00940263333333336,0.21895155466268879,0,0,0,0,0,0,0,0
0.13478820934046176,0.05088903342500351,0.977,-0.12774064795346493,-0.5841563720703125,-0.6718991088867188,0,0,1,-0.001954768762233661,-0.13478820934046176,-0.05088903342500351,0.02300000000000002,0.12578587919123127,0.04015499385586624,0.07325343972301653,-0.002232605882352922,0.12778787450969528,0,0,0,0,0,0,0,0
0.0911936854010445,0.014376850244811452,0.987,-0.12625711808926973,-0.5788186645507812,-0.6265252685546875,0,0,1,-0.001954768762233661,-0.0911936854010445,-0.014376850244811452,0.013000000000000012,0.12430234932703607,Infinity,Infinity,-Infinity,-Infinity,0,0,0,0,0,0,0,0
0.04459205947872242,-0.025725579176327337,0.992,-0.13528047032208043,-0.617713623046875,-0.6847708129882812,0,0,1,-0.001954768762233661,-0.04459205947872242,0.025725579176327337,0.008000000000000007,0.13332570155984677,0.06943587995760206,0.09448344894431347,-0.006627268674698782,0.1496329646311914,0,0,0,0,0,0,0,0
-0.0007207422073051669,-0.06899275657456169,0.992,-0.18051940453377355,-0.5859515380859375,-0.7347468872070313,0,0,1,-0.001954768762233661,0.0007207422073051669,0.06899275657456169,0.008000000000000007,0.1785646357715399,Infinity,Infinity,NaN,Infinity,0,1,0,0,0,0,0,0
-0.039263236929479535,-0.1078712227293604,0.975,-0.24446826832684584,-0.4640390930175781,-0.6774998168945312,0,0,1,-0.001954768762233661,0.039263236929479535,0.1078712227293604,0.025000000000000022,0.24251349956461218,0.5527118298837094,0.5953284496491245,0.25557740000000023,1.0098998650814797,0,1,0,0,0,0,0,0
-0.06910732435140926,-0.13676469334397381,0.964,-0.2883283924294632,-0.3294497985839844,-0.5288674926757813,0,0,1,-0.001954768762233661,0.06910732435140926,0.13676469334397381,0.03600000000000003,0.2863736236672295,0.1022174568801886,0.1373908779651246,0.05418996453900716,0.3796930366515217,0,1,0,0,0,0,0,0
-0.09384293022046213,-0.15429810187544324,0.948,-0.31963959921024143,-0.2809336242675781,-0.35764813232421877,0,0,1,-0.001954768762233661,0.09384293022046213,0.15429810187544324,0.052000000000000046,0.31768483044800777,8.697967184343899,6.211130730267915,5.639690200000005,9.711046864681483,0,1,0,0,0,0,0,0
-0.1096164752696757,-0.15994429786446077,0.935,-0.35271358853553403,-0.19800633239746093,-0.1547496337890625,0,0,1,-0.001954768762233661,0.1096164752696757,0.15994429786446077,0.06499999999999995,0.35075881977330037,0.08067777307947235,0.08902529874368678,0.07766168837209281,0.4084460104569502,0,0,0,0,0,0,0,0
-0.11234568808219923,-0.15644369102814792,0.929,-0.3854908718879876,-0.056557025909423825,0.03513465881347656,0,0,1,-0.001954768762233661,0.11234568808219923,0.15644369102814792,0.07099999999999995,0.3835361031257539,1.0051706572838457,-1.149425185250287,2.1560153000000017,10.216721108861822,0,0,0,0,0,0,0,0
-0.09893243599723203,-0.14217907361742735,0.928,-0.41605158709040824,0.10597815704345703,0.2739204711914062,0,0,1,-0.001954768762233661,0.09893243599723203,0.14217907361742735,0.07199999999999995,0.4140968183281746,-0.42621438287212526,-0.4305924927140113,0.0918873,1.3309182744007941,0,0,0,0,0,0,0,0
-0.07579067468269224,-0.1229418381416199,0.929,-0.44317400366640025,0.20089218139648438,0.4042339782714844,0,0,1,-0.001954768762233661,0.07579067468269224,0.1229418381416199,0.07099999999999995,0.4412192349041666,-0.02184684074332153,0.014646522446365051,0.05484151920529799,0.4951048307505083,0,0,0,0,0,0,0,0
-0.03511018781270817,-0.0964964869397599,0.939,-0.4630183972615757,0.38115826416015625,0.6200214233398438,0,0,1,-0.001954768762233661,0.03511018781270817,0.0964964869397599,0.061000000000000054,0.461063628499342,-Infinity,-Infinity,-Infinity,Infinity,0,1,0,0,0,0,0,0
0.01718477983313001,-0.07245223634933728,0.955,-0.4737696254538609,0.540740478515625,0.6730526733398438,0,0,1,-0.001954768762233661,-0.01718477983313001,0.07245223634933728,0.04500000000000004,0.47181485669162726,-0.43068498238061376,-0.15723786505524684,-0.09071532727272735,0.5451186852753903,0,1,0,0,0,0,0,0
0.06941887467391832,-0.056175471076160645,0.965,-0.4630009439690558,0.5858187255859375,0.574731689453125,0,0,1,-0.001954768762233661,-0.06941887467391832,0.056175471076160645,0.03500000000000003,0.4610461752068221,-0.19199368643404646,-0.021128743572907803,0.00005528016528927315,0.4343469649139168,0,1,0,0,0,0,0,0
0.1262668757139525,-0.04509485329726352,0.971,-0.42216023947238845,0.68870751953125,0.5295648193359375,0,0,1,-0.001954768762233661,-0.1262668757139525,0.04509485329726352,0.029000000000000026,0.4202054707101548,-2.280094289996721,-0.4104963551062639,-0.2091263333333335,-0.9411513458454228,0,1,0,0,0,0,0,0
0.18858636005911916,-0.03344992381783784,0.967,-0.3846356605545104,0.781153564453125,0.5423529052734375,0,0,1,-0.001954768762233661,-0.18858636005911916,0.03344992381783784,0.03300000000000003,0.3826808917922767,-0.2397233035100081,-0.011313423713136652,0.03684229745222935,0.3109778747517453,0,0,0,0,0,0,0,0
0.2539250942446764,-0.030198278867541454,0.957,-0.3961024737401131,0.8901702880859375,0.4129583740234375,0,0,1,-0.001954768762233661,-0.2539250942446764,0.030198278867541454,0.04300000000000004,0.39414770497787943,-23.00202338804202,-1.1250546429378996,3.5359294000000028,3.834191660658695,0,0,0,0,0,0,0,0
0.29173043745786886,-0.04032830308087057,0.957,-0.4286877708748472,0.5817984619140625,0.07860888671875,0,0,1,-0.001954768762233661,-0.29173043745786886,0.04032830308087057,0.04300000000000004,0.42673300211261356,-0.5100951464415886,0.11392557661396892,0.03608850000000005,0.6909381140158632,0,0,0,0,0,0,0,0
0.31310875195979077,-0.06344330500558198,0.965,-0.45277331455236897,0.4357833557128906,-0.18205325317382812,0,0,1,-0.001954768762233661,-0.31310875195979077,0.06344330500558198,0.03500000000000003,0.4508185457901353,-0.22113023417604993,0.09197369799311005,0.008605038461538487,0.5064005696613394,0,0,0,0,0,0,0,0
0.3169359898476394,-0.09778002351556656,0.955,-0.44879396385782194,0.2769385986328125,-0.43803887939453123,0,0,1,-0.001954768762233661,-0.3169359898476394,0.09778002351556656,0.04500000000000004,0.4468391950955883,-1.5050232826447891,12.064761816053329,3.5381480000000027,-0.7469660132685187,0,0,0,0,0,0,0,0
0.2973415590874957,-0.1332872129246311,0.95,-0.4260872302893758,-0.033722728729248044,-0.6073884887695312,0,0,1,-0.001954768762233661,-0.2973415590874957,0.1332872129246311,0.050000000000000044,0.4241324615271421,-0.11436306395478815,0.14066006166546213,0.05363873170731714,0.3825957537799845,0,0,0,0,0,0,0,0
0.2583270535672233,-0.1676711655261594,0.955,-0.4010243022307371,-0.3197242126464844,-0.7115220947265625,0,0,1,-0.001954768762233661,-0.2583270535672233,0.1676711655261594,0.04500000000000004,0.39906953346850343,13.518401154910338,12.11645958683978,-1.7110275000000013,-7.1198088841231035,0,0,0,0,0,0,0,0
0.20826479767793943,-0.20298124999426548,0.964,-0.379521845846167,-0.4846004638671875,-0.7807653198242187,0,0,1,-0.001954768762233661,-0.20826479767793943,0.20298124999426548,0.03600000000000003,0.37756707708393333,0.47235252336197725,0.5117430983751667,-0.07311950000000005,0.16254251323823232,0,0,0,0,0,0,0,0
0.18480651470760084,-0.23909340221206557,0.97,-0.3863984430990246,-0.12615504455566406,-0.633498291015625,0,0,1,-0.001954768762233661,-0.18480651470760084,0.23909340221206557,0.030000000000000027,0.38444367433679094,-0.04116724925988099,0.20911040853701218,0.012389586330935278,0.3992852511415196,0,0,0,0,0,0,0,0
0.13839102952161256,-0.26821379639561704,0.98,-0.43874086736633455,-0.48028826904296873,-0.666979736328125,0,0,1,-0.001954768762233661,-0.13839102952161256,0.26821379639561704,0.020000000000000018,0.4367860986041009,16.168391305528658,10.32488137232466,-3.4805005000000024,16.139513378797087,0,0,0,0,0,0,0,0
0.08064214334537381,-0.28986291238688827,0.981,-0.5018519731184495,-0.6462418212890625,-0.6619558715820313,0,0,1,-0.001954768762233661,-0.08064214334537381,0.28986291238688827,0.019000000000000017,0.4998972043562159,0.07648140535781442,0.19081032545796914,0.016846806172839537,0.616769622415688,0,0,0,0,0,0,0,0
0.022422945241256896,-0.30744776469412843,0.975,-0.5251521186325739,-0.6387177124023438,-0.6513429565429687,0,0,1,-0.001954768762233661,-0.022422945241256896,0.30744776469412843,0.025000000000000022,0.5231973498703403,Infinity,Infinity,Infinity,Infinity,0,0,0,0,0,0,0,0
-0.028942801103120364,-0.3207039233463632,0.964,-0.5318192763751922,-0.5669728393554687,-0.5583270263671875,0,0,1,-0.001954768762233661,0.028942801103120364,0.3207039233463632,0.03600000000000003,0.5298645076129586,0.75559851260067,0.3528539987617773,0.19311036666666684,0.613203979395687,0,0,0,0,0,0,0,0
-0.06837837945346702,-0.33492735530389817,0.951,-0.526024783258571,-0.4016435546875,-0.4838526611328125,2,0,1,0,2.068378379453467,0.33492735530389817,0.049000000000000044,0.526024783258571,1.0341891897267335,0.16746367765194908,0.03920000000000004,0.526024783258571,0,0,0,0,0,0,0,0
-0.09169756929196543,-0.34427823659933093,0.961,-0.5195321584411522,-0.23207388305664062,-0.2969293212890625,2,0,1,0,2.0916975692919655,0.34427823659933093,0.039000000000000035,0.5195321584411522,Infinity,Infinity,-Infinity,-Infinity,0,0,0,0,0,0,0,0
-0.09573043238651559,-0.35056468655275747,0.961,-0.5082224248882287,-0.005695103645324707,-0.1118876190185547,2,0,1,0,2.0957304323865156,0.35056468655275747,0.039000000000000035,0.5082224248882287,1.0751358380914229,0.2162171571645114,0.03141060000000003,0.44539057181643127,0,0,0,0,0,0,0,0
-0.08134443774203302,-0.35598856964713227,0.956,-0.5032133299350051,0.22810739135742186,0.03393334197998047,2,0,1,0,2.081344437742033,0.35598856964713227,0.04400000000000004,0.5032133299350051,0.9644625655326456,0.208073283111241,0.06303595000000005,0.4797331973417697,0,0,0,0,0,0,0,0
-0.06333466461734334,-0.3554767373437031,0.951,-0.47568948763105434,0.23295613098144533,0.1370020751953125,2,0,1,0,2.063334664617343,0.3554767373437031,0.049000000000000044,0.47568948763105434,0.9399865154300321,0.1756758587186564,0.06653075151515157,0.35058111352218724,0,0,0,0,0,0,0,0
-0.03419352785795335,-0.35020416927049663,0.946,-0.4423711522104827,0.35236837768554685,0.2704862976074219,2,0,1,0,2.0341935278579535,0.35020416927049663,0.05400000000000005,0.4423711522104827,0.8677285561098603,0.1480243833819223,0.07088715151515157,0.290924173026066,0,0,0,0,0,0,0,0
0.013709847165472019,-0.3419043701330084,0.944,-0.4088782838647114,0.5960872192382812,0.42011251831054686,2,0,1,0,1.986290152834528,0.3419043701330084,0.05600000000000005,0.4088782838647114,0.745591102032162,0.1280466426293051,0.05694766060606066,0.2566379732021148,0,0,0,0,0,0,0,0
0.07603772711275268,-0.330798016163988,0.942,-0.3776543435465331,0.7916154174804687,0.5245675048828125,2,0,1,0,1.9239622728872474,0.330798016163988,0.05800000000000005,0.3776543435465331,0.6392033904412135,0.10782854701673211,0.05893046060606066,0.23572734210026802,0,0,0,0,0,0,0,0
0.14266249272046513,-0.319446252151765,0.941,-0.34889131747366636,0.8661599731445313,0.5267868041992188,2,0,1,0,1.8573375072795348,0.319446252151765,0.05900000000000005,0.34889131747366636,0.5843303355262347,0.10106208264126906,0.05481683030303036,0.21815028986972665,0,0,0,0,0,0,0,0
0.22621964825128735,-0.3017643219392409,0.94,-0.32237976613587255,1.08717529296875,0.6777174072265625,2,0,1,0,1.7737803517487127,0.3017643219392409,0.06000000000000005,0.32237976613587255,0.41752061249935285,0.05115024438034575,0.05641750491803284,0.19199508742541116,0,0,0,0,0,0,0,0
0.29956847430605066,-0.2825394102725791,0.947,-0.29827676916583085,0.9521890869140625,0.6220985717773437,2,0,1,0,1.7004315256939493,0.2825394102725791,0.05300000000000005,0.29827676916583085,0.4782462815789129,0.04275214485780894,0.008867735820895534,0.1903529021357934,0,0,0,0,0,0,0,0
0.36588040509653097,-0.2628384742980798,0.939,-0.2767917660737806,0.8639144897460938,0.5747752075195313,2,0,1,0,1.634119594903469,0.2628384742980798,0.061000000000000054,0.2767917660737806,0.4666582904552736,0.025759042918367475,0.0959753000000001,0.17608081407979498,0,0,0,0,0,0,0,0
0.4355963640600503,-0.23929086459239093,0.94,-0.2566506665057661,0.909412353515625,0.6255399780273437,2,0,1,0,1.5644036359399496,0.23929086459239093,0.06000000000000005,0.2566506665057661,0.4366753352323949,0.0006865171552960236,0.04668624117647063,0.16779287429393763,0,0,0,0,0,0,0,0
0.5072384230539605,-0.21261110748615336,0.942,-0.23867377521022456,0.93784521484375,0.659875,2,0,1,0,1.4927615769460396,0.21261110748615336,0.05800000000000005,0.23867377521022456,0.37489180944032136,-0.034974462441312415,0.03984106923076927,0.15570350769234045,0,0,0,0,0,0,0,0
0.550625403576995,-0.1835975768474403,0.943,-0.21903882112528833,0.5294677734375,0.5767254638671875,2,0,1,0,1.449374596423005,0.1835975768474403,0.05700000000000005,0.21903882112528833,0.49493536152010165,-0.06949322674822622,0.044518538709677466,0.12403097877882267,0,0,0,0,0,0,0,0
0.6148593275828281,-0.15444377901100476,0.944,-0.20118410287738625,0.8454644165039062,0.6362205810546875,2,0,1,0,1.385140672417172,0.15444377901100476,0.05600000000000005,0.20118410287738625,0.373122597436118,-0.07247654712430676,0.04451501940298511,0.12123760325991427,0,0,0,0,0,0,0,0
0.7060950929993436,-0.12955730385007147,0.944,-0.1842718624255612,1.266338134765625,0.6392421875,2,0,1,0,1.2939049070006563,0.12955730385007147,0.05600000000000005,0.1842718624255612,0.1649375710309724,-0.06863882021961194,0.050097300000000046,0.1049957353076313,0,0,0,0,0,0,0,0
0.8082436919895137,-0.101783099278646,0.948,-0.16879079196037144,1.429951904296875,0.690311279296875,2,0,1,0,1.1917563080104863,0.101783099278646,0.052000000000000046,0.16879079196037144,0.07189830696378219,-0.09364828310827894,0.02602837878787882,0.09842228984587253,0,0,0,0,0,0,0,0
0.9123769711476196,-0.07683016863199107,0.954,-0.15491542440701672,1.4769232177734375,0.6313756713867188,2,0,1,0,1.0876230288523803,0.07683016863199107,0.04600000000000004,0.15491542440701672,0.010024679511384083,-0.09111273940410182,0.010925918181818199,0.091845571891768,0,0,0,0,0,0,0,0
1.0197195950780116,-0.07846626088612264,0.961,-0.1427330262280963,1.5946439208984375,0.22419143676757813,2,0,1,0,0.9802804049219884,0.07846626088612264,0.039000000000000035,0.1427330262280963,-0.08715503159376015,0.05117028924778885,-0.0014990888888888818,0.08472160632847528,0,0,0,0,0,0,0,0
1.1268827261764427,-0.08967639103055539,0.968,-0.13098696036217436,1.6150201416015626,0.06221552276611328,2,0,1,0,0.8731172738235573,0.08967639103055539,0.03200000000000003,0.13098696036217436,-0.1121017606004423,0.10719279918308364,-0.005120212121212123,0.07759575188071098,0,0,0,0,0,0,0,0
1.230335507223953,-0.0999291380353794,0.967,-0.11864748255057454,1.5585853271484376,0.050209976196289065,2,0,1,0,0.769664492776047,0.0999291380353794,0.03300000000000003,0.11864748255057454,-0.16080363061980363,0.10900517765962928,0.03848095000000004,0.0608061803087004,0,0,0,0,0,0,0,0
1.3285972419260736,-0.10869452083879064,0.969,-0.1062905514464547,1.4791270751953125,0.04391121673583984,2,0,1,0,0.6714027580739264,0.10869452083879064,0.031000000000000028,0.1062905514464547,-0.17284233822057787,0.10458702541254011,0.020844469230769252,0.04925856173513237,0,0,0,0,0,0,0,0
1.420602717917992,-0.11521807805761904,0.967,-0.09625490824748727,1.3826749267578125,0.049112518310546874,2,0,1,0,0.5793972820820079,0.11521807805761904,0.03300000000000003,0.09625490824748727,-0.18478092108209515,0.09585232724032261,0.044197430769230814,0.04993655502148372,0,0,0,0,0,0,0,0
1.5052241944902969,-0.11932466063665448,0.967,-0.08721410272215656,1.2693665771484375,0.06067630767822266,2,0,1,0,0.4947758055097031,0.11932466063665448,0.03300000000000003,0.08721410272215656,-0.18010126039176694,0.08463485810145967,0.03364600000000003,0.04611953215247152,0,0,0,0,0,0,0,0
1.5817277927839848,-0.12083949350048778,0.97,-0.07976154681614077,1.145171630859375,0.07731993103027343,2,0,1,0,0.4182722072160152,0.12083949350048778,0.030000000000000027,0.07976154681614077,-0.18127338040444652,0.07185028068934814,0.015287153846153867,0.04536513494222174,0,0,0,0,0,0,0,0
1.653034312352466,-0.08723478692743339,0.97,-0.07330382858376182,1.026034423828125,0.5876903686523437,2,0,1,0,0.346965687647534,0.08723478692743339,0.030000000000000027,0.07330382858376182,-0.18289582455949166,-0.13125806726287376,0.03163900000000003,0.04395056389113022,0,0,0,0,0,0,0,0
1.715148280837723,-0.05139966547262368,0.972,-0.06895795874629596,0.8898399047851563,0.6043200073242188,2,0,1,0,0.28485171916227703,0.05139966547262368,0.028000000000000025,0.06895795874629596,-0.17531563478032616,-0.1669092753790177,0.01928070000000002,0.04858669388317473,0,0,0,0,0,0,0,0
1.7695708487482829,-0.009083952056287745,0.973,-0.06508332780686865,0.7706629638671875,0.6894755859375,2,0,1,0,0.23042915125171715,0.009083952056287745,0.027000000000000024,0.06508332780686865,-0.1557359710750198,-0.2199417485349366,0.024209084615384638,0.047200415778742635,0,0,0,0,0,0,0,0
