0,0,0.722,0,0.023869558334350584,0.04262679672241211,0,0,2,0,0,0,1.278,0,0,0,1.0224,0,0,0,0,0,0,0,0,0
-0.00019196683565775554,0.0026466804504394533,0.722,0.00015707963267946878,-0.002879502534866333,0.0397002067565918,0,0,2,0,0.00019196683565775554,-0.0026466804504394533,1.278,-0.00015707963267946878,0.0011625867772562064,-0.016028787914122686,1.0304514,-0.000905077883534082,0,0,0,0,0,0,0,0
0.00017452222730483726,0.005878436920988394,0.722,0.000209439510239301,0.005504950523376465,0.04847548294067383,0,0,2,0,-0.00017452222730483726,-0.005878436920988394,1.278,-0.000209439510239301,-0.002060656260715356,-0.020346472463824754,1.0387584,-0.0004511004835923727,0,0,0,0,0,0,0,0
0.0024239725494178068,0.008695043513027956,0.73,-0.00027925268031905875,0.03375060272216797,0.04224203109741211,0,0,2,0,-0.0024239725494178068,-0.008695043513027956,1.27,0.00027925268031905875,-0.013325979168584835,-0.019525005115385203,0.9975364769230769,0.002534755098280719,0,0,0,0,0,0,0,0
0.0035232489258673937,0.01166975292918606,0.741,-0.0019198621771937818,0.0164766845703125,0.044625244140625,0,0,2,0,-0.0035232489258673937,-0.01166975292918606,1.259,0.0019198621771937818,-0.007684663145808614,-0.021871268061968062,0.9807661307692299,0.009491906008923273,0,0,0,0,0,0,0,0
0.007716062508210321,0.015458825873173637,0.757,-0.0013264502315156745,0.0627829704284668,0.05695673370361328,0,0,2,0,-0.007716062508210321,-0.015458825873173637,1.2429999999999999,0.0013264502315156745,-0.022211621721162256,-0.02433769963760086,0.9671409,-0.0008988445647772278,0,0,0,0,0,0,0,0
0.012984355454828782,0.01957756412819751,0.782,-0.002216568150032794,0.07894237518310547,0.06188584136962891,0,0,2,0,-0.012984355454828782,-0.01957756412819751,1.218,0.002216568150032794,-0.04196862470033579,-0.03755233168502066,0.8552052692307699,0.007351863833785405,0,0,0,0,0,0,0,0
0.019975791192216874,0.022581090282772588,0.81,-0.0023387411976723838,0.10477141571044922,0.04528523635864258,0,0,2,0,-0.019975791192216874,-0.022581090282772588,1.19,0.0023387411976723838,-0.04885857290585889,-0.028032300546985488,0.8530159444444443,0.002920517615003764,0,0,0,0,0,0,0,0
0.028808243466314425,0.026012096663316383,0.838,-0.0001919862177193754,0.13236605834960938,0.05177480697631836,0,0,2,0,-0.028808243466314425,-0.026012096663316383,1.162,0.0001919862177193754,-0.06201157314799152,-0.03155310492717221,0.8429552692307691,-0.009716113689756048,0,0,0,0,0,0,0,0
0.0366198316757392,0.029233796722628512,0.864,-0.0006806784082778183,0.11716454315185547,0.04834799575805664,0,0,2,0,-0.0366198316757392,-0.029233796722628512,1.1360000000000001,0.0006806784082778183,-0.058007274701322206,-0.031051433357774987,0.8488788420289868,0.002805427062879744,0,0,0,0,0,0,0,0
0.04528582489922446,0.03238414437510133,0.889,0.00013962634015954323,0.12995770263671874,0.04734368515014648,0,0,2,0,-0.04528582489922446,-0.03238414437510133,1.111,-0.00013962634015954323,-0.06801672850602596,-0.03276338771374922,0.8376095850746262,-0.0038126326764462365,0,0,0,0,0,0,0,0
0.055075448990299175,0.03349174474492206,0.915,0.00005235987755983218,0.1468466796875,0.016593502044677733,0,0,2,0,-0.055075448990299175,-0.03349174474492206,1.085,-0.00005235987755983218,-0.08293958044165416,-0.023133495537656132,0.8073594064516127,0.00036989719953554385,0,0,0,0,0,0,0,0
0.06344341504524925,0.03665193046369811,0.94,0.0005061454830783685,0.12552197265625,0.04739621353149414,0,0,2,0,-0.06344341504524925,-0.03665193046369811,1.06,-0.0005061454830783685,-0.07838822616014157,-0.03604068370691093,0.8019227111111117,-0.002667029318880922,0,0,0,0,0,0,0,0
0.07069290773037036,0.0403954368702622,0.96,0.0021118483949131295,0.10877079772949219,0.056097549438476564,0,0,2,0,-0.07069290773037036,-0.0403954368702622,1.04,-0.0021118483949131295,-0.07460595243040846,-0.04053944880681633,0.8238792923076923,-0.009522784911073563,0,0,0,0,0,0,0,0
0.07525412320154876,0.04255713116391175,0.981,0.0016929693744344998,0.06848655700683594,0.032280853271484375,0,0,2,0,-0.07525412320154876,-0.04255713116391175,1.0190000000000001,-0.0016929693744344998,-0.062460136501771756,-0.033130508250127005,0.8083181769230776,0.0002403184123899449,0,0,0,0,0,0,0,0
0.07810514877975439,0.04373263075387117,0.999,0.0015184364492350777,0.04279517364501953,0.017560068130493163,0,0,2,0,-0.07810514877975439,-0.04373263075387117,1.001,-0.0015184364492350777,-0.05472770282926652,-0.028436405081380647,0.8165785230769217,-0.0007128998713915911,0,0,0,0,0,0,0,0
0.08275047701277478,0.04237252850677546,1.018,0.0020594885173532973,0.06964886474609375,-0.020507314682006835,0,0,2,0,-0.08275047701277478,-0.04237252850677546,0.982,-0.0020594885173532973,-0.06566473874976533,-0.014455027828696704,0.8071850823529417,-0.004446482935521913,0,0,0,0,0,0,0,0
0.0827130000850263,0.04172920464364957,1.036,0.0019024088846738283,-0.000582026481628418,-0.009648679733276367,0,0,2,0,-0.0827130000850263,-0.04172920464364957,0.964,-0.0019024088846738283,-0.041575941374179914,-0.017528097306569897,0.7949430967741935,-0.0011423461459022042,0,0,0,0,0,0,0,0
0.08414650341198439,0.04060612977716045,1.059,0.0020769418098732506,0.021470462799072266,-0.016886999130249023,0,0,2,0,-0.08414650341198439,-0.04060612977716045,0.9410000000000001,-0.0020769418098732506,-0.050161704614070324,-0.01466932683867382,0.7623969030303036,-0.0028702732880524426,0,0,0,0,0,0,0,0
0.08366018953283719,0.03933636216161921,1.081,0.00013962634015954323,-0.007334250926971436,-0.019031322479248047,0,0,2,0,-0.08366018953283719,-0.03933636216161921,0.919,-0.00013962634015954323,-0.03979291457933307,-0.013282488936471645,0.7561653333333334,0.008666353067630035,0,0,0,0,0,0,0,0
0.0840972193183436,0.03799623418932272,1.104,0.0002792526803190865,0.006552639961242676,-0.020102834701538085,0,0,2,0,-0.0840972193183436,-0.03799623418932272,0.8959999999999999,-0.0002792526803190865,-0.04503419556984005,-0.012041533834729869,0.7343851499999993,-0.0009337511498169456,0,0,0,0,0,0,0,0
0.08266879242993386,0.03603082858308425,1.124,0.0001745329251994499,-0.021434635162353517,-0.029475099563598634,0,0,2,0,-0.08266879242993386,-0.03603082858308425,0.8759999999999999,-0.0001745329251994499,-0.03429218080209703,-0.00782812265432506,0.7421680923076922,0.00030878902150656515,0,0,0,0,0,0,0,0
0.08110678303953422,0.03237604133829465,1.154,-0.0011519173063162804,-0.023439708709716796,-0.05481771850585938,0,0,2,0,-0.08110678303953422,-0.03237604133829465,0.8460000000000001,0.0011519173063162804,-0.03297285285192557,0.0027763970266733266,0.672353090909092,0.007181236540478689,0,0,0,0,0,0,0,0
0.07881510051755734,0.028670050625428857,1.17,-0.0010297442586766627,-0.03431118011474609,-0.05562942123413086,0,0,2,0,-0.07881510051755734,-0.028670050625428857,0.8300000000000001,0.0010297442586766627,-0.028009550829217546,0.004882003692521749,0.7392735151515152,0.00047441222395112794,0,0,0,0,0,0,0,0
0.07714897243861538,0.025674778079422565,1.195,-0.0016755160819145745,-0.024945642471313475,-0.04495479965209961,0,0,2,0,-0.07714897243861538,-0.025674778079422565,0.8049999999999999,0.0016755160819145745,-0.03026708605936171,0.0030906237904498,0.6725552499999994,0.004702571503342285,0,0,0,0,0,0,0,0
0.07317952542322761,0.022791091089414846,1.219,-0.0018500490071139966,-0.05946914672851562,-0.043355007171630856,0,0,2,0,-0.07317952542322761,-0.022791091089414846,0.7809999999999999,0.0018500490071139966,-0.01606762170743424,0.003664801671084416,0.6659197307692306,0.0026555855849574833,0,0,0,0,0,0,0,0
0.06944669066640734,0.018192348985635032,1.246,-0.0036826447217080394,-0.05586480712890625,-0.06908460235595704,0,0,2,0,-0.06944669066640734,-0.018192348985635032,0.754,0.0036826447217080394,-0.015825648780713814,0.014811889173998696,0.6353450818181823,0.012012625242590051,0,0,0,0,0,0,0,0
0.06774771740389826,0.014219865522966087,1.274,-0.0037699111843077504,-0.02526498794555664,-0.05968069839477539,0,0,2,0,-0.06774771740389826,-0.014219865522966087,0.726,0.0037699111843077504,-0.02537543869577376,0.01447125622827105,0.6051451444444443,0.004185465768115898,0,0,0,0,0,0,0,0
0.06382431729705744,0.011160045838834112,1.309,-0.005951572749300692,-0.05867755508422851,-0.04611883163452148,0,0,2,0,-0.06382431729705744,-0.011160045838834112,0.6910000000000001,0.005951572749300692,-0.012701908387236716,0.00967329657240406,0.5572524411764711,0.015576550241916613,0,0,0,0,0,0,0,0
0.061693243847642375,0.007661585347386632,1.344,-0.008656833089891874,-0.031653217315673825,-0.05266622543334961,0,0,2,0,-0.061693243847642375,-0.007661585347386632,0.6559999999999999,0.008656833089891874,-0.020029912603109674,0.015104519734891155,0.5190878555555547,0.02153902518794512,0,0,0,0,0,0,0,0
0.06303028379114871,0.00430915404134182,1.383,-0.01080358806984491,0.020490163803100585,-0.050110969543457035,0,0,2,0,-0.06303028379114871,-0.00430915404134182,0.617,0.01080358806984491,-0.039669692840135815,0.015120044531876698,0.4795863181818187,0.02056156525144962,0,0,0,0,0,0,0,0
0.06225412082742805,0.0026050860068942156,1.435,-0.012950343049797919,-0.011365619659423828,-0.025685306549072265,0,0,2,0,-0.06225412082742805,-0.0026050860068942156,0.565,0.012950343049797919,-0.027986449450981693,0.007511488552658332,0.36404549999999974,0.023013257018327644,0,0,0,0,0,0,0,0
0.06372046276666792,0.0005676050808440529,1.472,-0.01481784534943184,0.022389064788818358,-0.03027481460571289,0,0,2,0,-0.06372046276666792,-0.0005676050808440529,0.528,0.01481784534943184,-0.040666949543486985,0.009854283733275359,0.4290745179104482,0.02317979594480761,0,0,0,0,0,0,0,0
0.06436985489601205,-0.0016146225534337901,1.508,-0.015323990832510207,0.010224833488464355,-0.03258548736572266,0,0,2,0,-0.06436985489601205,0.0016146225534337901,0.492,0.015323990832510207,-0.03687021765917166,0.012053346470957875,0.402909946153846,0.017660046908256517,0,0,0,0,0,0,0,0
0.06381558026650642,-0.004215119050728877,1.54,-0.016807520696705408,-0.00771541690826416,-0.039130268096923826,0,0,2,0,-0.06381558026650642,0.004215119050728877,0.45999999999999996,0.016807520696705408,-0.030057253812418742,0.01605299651509255,0.3962763222222221,0.02387194862144446,0,0,0,0,0,0,0,0
0.0631245437549235,-0.005215434325005975,1.577,-0.017261306302223917,-0.010111903190612793,-0.015176820755004882,0,0,2,0,-0.0631245437549235,0.005215434325005975,0.42300000000000004,0.017261306302223917,-0.02911110417572109,0.0074956544371300934,0.34797283076923125,0.019355701404617034,0,0,0,0,0,0,0,0
0.06455660340888454,-0.006116530910821101,1.626,-0.018325957145940486,0.021710994720458985,-0.013143665313720703,0,0,2,0,-0.06455660340888454,0.006116530910821101,0.3740000000000001,0.018325957145940486,-0.041184962933254285,0.007342469125635337,0.2506235151515156,0.02316527916283398,0,0,0,0,0,0,0,0
0.06684104295151298,-0.007822850972594646,1.66,-0.01855284994869974,0.03472986221313477,-0.024962570190429686,0,0,2,0,-0.06684104295151298,0.007822850972594646,0.3400000000000001,0.01855284994869974,-0.047077201948245356,0.012610048764823242,0.30240507692307683,0.019600047499896297,0,0,0,0,0,0,0,0
0.06882006607321102,-0.010102829115739217,1.691,-0.019408061282176956,0.0303147029876709,-0.033643070220947265,0,0,2,0,-0.06882006607321102,0.010102829115739217,0.30899999999999994,0.019408061282176956,-0.046306126031004174,0.01665962163125063,0.29832746060605986,0.02329538552525521,0,0,0,0,0,0,0,0
0.06900087632608243,-0.012532698502135804,1.724,-0.0193382481120972,0.0034189844131469727,-0.03638854217529297,0,0,2,0,-0.06900087632608243,0.012532698502135804,0.276,0.0193382481120972,-0.036818980685066734,0.0174429707129145,0.28011702191780863,0.019051344673413264,0,0,0,0,0,0,0,0
0.0716201486101734,-0.013642405388877746,1.752,-0.018605209826259548,0.03960361480712891,-0.01588275623321533,0,0,2,0,-0.0716201486101734,0.013642405388877746,0.248,0.018605209826259548,-0.053672277413231405,0.013291073243538943,0.2423249999999999,0.014678219009272134,0,0,0,0,0,0,0,0
0.07405956406458272,-0.015868029146557307,1.774,-0.018692476288859287,0.037205986022949215,-0.032697830200195316,0,0,2,0,-0.07405956406458272,0.015868029146557307,0.22599999999999998,0.018692476288859287,-0.05150670675356311,0.019281240209597195,0.2845499333333332,0.019089142027949008,0,0,0,0,0,0,0,0
0.0742239043072787,-0.018462286683061113,1.797,-0.01802925117310145,0.0031920270919799805,-0.03886098861694336,0,0,2,0,-0.0742239043072787,0.018462286683061113,0.20300000000000007,0.01802925117310145,-0.039598821799498314,0.02297498051396256,0.2583345500000006,0.014920383442986587,0,0,0,0,0,0,0,0
0.07438546302327304,-0.021040166102676887,1.821,-0.017784905077822214,0.003120107650756836,-0.03861821746826172,0,0,2,0,-0.07438546302327304,0.021040166102676887,0.17900000000000005,0.017784905077822214,-0.03967466715723895,0.023557205513878993,0.24074196567164172,0.016690818084034595,0,0,0,0,0,0,0,0
0.07542403111877756,-0.023887150425872736,1.84,-0.019669860669976117,0.01633551788330078,-0.042420963287353515,0,0,2,0,-0.07542403111877756,0.023887150425872736,0.15999999999999992,0.019669860669976117,-0.044991303128481305,0.026859605628117983,0.24964740769230698,0.028369655710686437,0,0,0,0,0,0,0,0
0.07428975449906068,-0.02676903827376474,1.86,-0.018675022996339333,-0.01616061782836914,-0.04355459976196289,0,0,2,0,-0.07428975449906068,0.02676903827376474,0.1399999999999999,0.018675022996339333,-0.03267634525240123,0.028748090318279396,0.22747609999999988,0.01401172140116691,0,0,0,0,0,0,0,0
0.07201915697966416,-0.02813762561223472,1.879,-0.01668534764906582,-0.03366967010498047,-0.021161245346069335,0,0,2,0,-0.07201915697966416,0.02813762561223472,0.121,0.01668534764906582,-0.025564639873604363,0.021059665713918242,0.22012990769230822,0.007502230661649614,0,0,0,0,0,0,0,0
0.07083433322408565,-0.029066941337174964,1.899,-0.016091935703387714,-0.017537303924560547,-0.014234319686889648,0,0,2,0,-0.07083433322408565,0.029066941337174964,0.10099999999999998,0.016091935703387714,-0.030864744425277035,0.01917790840002047,0.19940179230769228,0.013353111338719527,0,0,0,0,0,0,0,0
0.06781236804816858,-0.0312732433256464,1.913,-0.016650441064025915,-0.04479107666015625,-0.03381965255737305,0,0,2,0,-0.06781236804816858,0.0312732433256464,0.08699999999999997,0.016650441064025915,-0.02067122483771264,0.026330452857263074,0.22650309999999996,0.01904403546676106,1427129175841,0,0,0,0,0,0,0
0.06404652903964803,-0.03343794021463667,1.924,-0.015934856070708214,-0.05593913269042969,-0.033406452178955076,0,0,2,0,-0.06404652903964803,0.03343794021463667,0.07600000000000007,0.015934856070708214,-0.012329926596043827,0.028822080488941724,0.22505194590164004,0.012415585611768703,1427129175841,0,0,0,0,0,0,0
0.05993512655133571,-0.03457435513713127,1.937,-0.01481784534943184,-0.0613915901184082,-0.018026737213134764,0,0,2,0,-0.05993512655133571,0.03457435513713127,0.06299999999999994,0.01481784534943184,-0.009782135092941666,0.02311152656998935,0.20817619999999934,0.009662411251233193,1427129175841,0,0,0,0,0,0,0
0.05754710824025478,-0.03435321035509564,1.947,-0.014538592669112782,-0.035865493774414066,0.002786047697067261,0,0,2,0,-0.05754710824025478,0.03435321035509564,0.052999999999999936,0.014538592669112782,-0.017703802038863587,0.0156943974318705,0.2158278999999999,0.013229595730117194,1427129175841,0,0,0,0,0,0,0
0.05260894082691181,-0.03341779952714023,1.959,-0.013299408900196817,-0.07426866912841797,0.012952807426452637,0,0,2,0,-0.05260894082691181,0.03341779952714023,0.040999999999999925,0.013299408900196817,-0.002141663937467158,0.011497621325907856,0.19754963636363623,0.007666755405124248,1427129175841,0,0,0,0,0,0,0
0.04958891535834101,-0.03470168158349432,1.973,-0.011746065865921805,-0.045040260314941405,-0.019858978271484376,0,0,2,-0.013299408900196815,-0.04958891535834101,0.03470168158349432,0.026999999999999913,-0.0015533430342750103,-0.024794457679170503,0.01735084079174716,0.021599999999999932,-0.0015533430342750103,1427129175841,0,0,0,0,0,0,0
0.04844642532784236,-0.03787269845927438,1.978,-0.012356931104119864,-0.016577476501464843,-0.047763263702392575,0,0,2,-0.013299408900196815,-0.04844642532784236,0.03787269845927438,0.02200000000000002,-0.0009424777960769515,-0.018006226021841515,0.036302086296073316,-0.009602949999999402,0.0019209530079764493,1427129176227,0,0,0,0,0,0,0
0.04664120772383983,-0.0386970760835698,1.983,-0.012007865253720992,-0.026923398971557617,-0.012699316024780274,0,0,2,-0.013299408900196815,-0.04664120772383983,0.0386970760835698,0.016999999999999904,-0.0012915436464758234,-0.013509176175184177,0.02390585783035791,-0.013494150000000704,-0.0029277898202205357,1427129176292,0,0,0,0,0,0,0
0.04224242735895372,-0.03861962768230701,1.986,-0.010960667702524376,-0.06599089813232421,0.0003693618774414062,0,0,2,-0.013299408900196815,-0.04224242735895372,0.03861962768230701,0.014000000000000012,-0.0023387411976724393,0.002476213083896575,0.018966891401900957,-0.0046132461538455575,-0.007171960664733743,1427129176357,0,0,0,0,0,0,0
0.038116803829581464,-0.037266471730882156,1.987,-0.009581857593448869,-0.06210310363769531,0.01961783981323242,0,0,2,-0.013299408900196815,-0.038116803829581464,0.037266471730882156,0.0129999999999999,-0.003717551306747946,0.0030434044271727134,0.011445342131940917,0.005440484615383934,-0.010081290271711823,1427129176422,0,0,0,0,0,0,0
0.03638793137753798,-0.03914029027403378,1.987,-0.008813912722571367,-0.025662580490112306,-0.02835447120666504,0,0,2,-0.013299408900196815,-0.03638793137753798,0.03914029027403378,0.0129999999999999,-0.004485496177625448,-0.00902139422627894,0.029783709101452845,0.01090959999999992,-0.008029857120136994,1427129176487,0,0,0,0,0,0,0
0.037235958188586625,-0.04277801709486132,1.989,-0.009023352232810668,0.013200840950012206,-0.05445166778564453,0,0,2,-0.013299408900196815,-0.037235958188586625,0.04277801709486132,0.010999999999999899,-0.004276056667386147,-0.023345222421275784,0.04112834587200241,-0.0013881307692308609,-0.0033094127739739885,1427129176552,0,0,0,0,0,0,0
0.03589666417459687,-0.04581876049244159,1.988,-0.00863937979737192,-0.019677032470703126,-0.045790565490722655,0,0,2,-0.013299408900196815,-0.03589666417459687,0.04581876049244159,0.01200000000000001,-0.004660029102824896,-0.010921026880403025,0.03946397363993501,0.015643715384615994,-0.006432209574080661,1427129176617,0,0,0,0,0,0,0
0.03093103617121173,-0.047459133941784235,1.986,-0.00893608577021096,-0.07426906585693359,-0.0252481746673584,0,0,2,-0.013299408900196815,-0.03093103617121173,0.047459133941784235,0.014000000000000012,-0.004363323129985854,0.01066266526069131,0.03264119982387996,0.022557560606060623,-0.00301465961708112,1427129176683,0,0,0,0,0,0,0
0.025979268869292062,-0.04791288932441387,1.983,-0.00872664625997166,-0.0742127227783203,-0.007469791412353516,0,0,2,-0.013299408900196815,-0.025979268869292062,0.04791288932441387,0.016999999999999904,-0.004572762640225155,0.013047898874304747,0.02660702845624656,0.03037279090909025,-0.00552476041404016,1427129176749,0,0,0,0,0,0,0
0.02455771057112083,-0.049870692946262445,1.979,-0.006806784082777878,-0.021066289901733398,-0.02955201530456543,0,0,2,-0.013299408900196815,-0.02455771057112083,0.049870692946262445,0.020999999999999908,-0.006492624817418937,-0.004978335388494959,0.03559485831431278,0.03901442121212115,-0.015219271077390671,1427129176815,0,0,0,0,0,0,0
0.024236519350015393,-0.05216437509654377,1.975,-0.007173303225696703,-0.004583569526672363,-0.034437229156494144,0,0,2,-0.013299408900196815,-0.024236519350015393,0.05216437509654377,0.02499999999999991,-0.006126105674500112,-0.010587179845050983,0.03913494962439283,0.043382022222222164,-0.004380776422505706,1427129176878,0,0,0,0,0,0,0
0.0221369176189942,-0.05630651325435928,1.977,-0.0073129295658562465,-0.03104752731323242,-0.06235638809204101,0,0,2,-0.013299408900196815,-0.0221369176189942,0.05630651325435928,0.02299999999999991,-0.0059864793343405685,-0.00003061586637890558,0.05080376017401769,0.008940069230769145,-0.005342050072065754,1427129176943,0,0,0,0,0,0,0
0.01952077298596629,-0.05875855097755547,1.973,-0.007033676885537161,-0.038972148895263674,-0.03706655502319336,0,0,2,-0.013299408900196815,-0.01952077298596629,0.05875855097755547,0.026999999999999913,-0.006265732014659654,0.0038325192235995863,0.042767969179767974,0.04429962121212115,-0.0075350623797464066,1427129177009,0,0,0,0,0,0,0
0.018734737769387572,-0.0614198010862918,1.964,-0.004223696789826316,-0.0115094633102417,-0.04000069427490234,0,0,2,-0.013299408900196815,-0.018734737769387572,0.0614198010862918,0.03600000000000003,-0.009075712110370499,-0.005614927558754989,0.04483474020238197,0.07685582941176534,-0.021472683120859516,1427129177077,0,0,0,0,0,0,0
0.01900597330706139,-0.06570871994117969,1.958,-0.0034382986264288613,0.004340222358703613,-0.06431602478027344,0,0,2,-0.013299408900196815,-0.01900597330706139,0.06570871994117969,0.04200000000000004,-0.009861110273767954,-0.011291797994258442,0.05677866734446643,0.06841360000000005,-0.013542664164693524,1427129177141,0,0,0,0,0,0,0
0.020010510472896426,-0.06988722192882846,1.95,-0.003159045946109747,0.015283472061157226,-0.06262535095214844,0,0,2,-0.013299408900196815,-0.020010510472896426,0.06988722192882846,0.050000000000000044,-0.010140362954087068,-0.015817116582885284,0.05830880391761135,0.08607110000000007,-0.011449359893082916,1427129177205,0,0,0,0,0,0,0
0.019761309960390893,-0.07468978303951002,1.953,-0.0015882496193148372,-0.003510416746139526,-0.07204986572265625,0,0,2,-0.013299408900196815,-0.019761309960390893,0.07468978303951002,0.04699999999999993,-0.011711159280881978,-0.008869949638955087,0.06376739452910507,0.024072753846153174,-0.01896098848147387,1427129177270,0,0,0,0,0,0,0
0.01658626417310433,-0.08038135695203841,1.962,0.0004712388980384879,-0.047490032196044925,-0.08544914245605469,0,0,2,-0.013299408900196815,-0.01658626417310433,0.08038135695203841,0.038000000000000034,-0.013770647798235303,0.00872864078134947,0.07193047594582674,-0.015948949999999414,-0.023424500223329016,1427129177334,0,0,0,0,0,0,0
0.013509925674853516,-0.0845012753208244,1.958,0.0021118483949131277,-0.0461741943359375,-0.06177702331542969,0,0,2,-0.013299408900196815,-0.013509925674853516,0.0845012753208244,0.04200000000000004,-0.015411257295109943,0.009459396535528748,0.06510374195696318,0.05828126153846158,-0.02298330112683905,1427129177399,0,0,0,0,0,0,0
0.008604309495169818,-0.08748452930394329,1.948,0.0027576202181510395,-0.07367858123779297,-0.044593311309814455,0,0,2,-0.013299408900196815,-0.008604309495169818,0.08748452930394329,0.052000000000000046,-0.016057029118347853,0.020967893309495066,0.060053970349614016,0.09733000597014932,-0.018948544744786255,1427129177466,0,0,0,0,0,0,0
0.007000976257980108,-0.09125993061361529,1.939,0.004206243497306332,-0.024206073760986328,-0.05656448364257813,0,0,2,-0.013299408900196815,-0.007000976257980108,0.09125993061361529,0.06099999999999994,-0.017505652397503145,0.0049069547667138875,0.06706264067392914,0.10190034999999939,-0.024296074018543577,1427129177530,0,0,0,0,0,0,0
0.006222312053821648,-0.09543029800438971,1.935,0.004729842272904598,-0.01194298267364502,-0.06250582885742187,0,0,2,-0.013299408900196815,-0.006222312053821648,0.09543029800438971,0.06499999999999995,-0.01802925117310141,0.0007823958146890211,0.07136887051606806,0.07817259999999998,-0.020483620433718285,1427129177594,0,0,0,0,0,0,0
0.004138417949774478,-0.09933630664960241,1.934,0.0047123889803847,-0.03153518295288086,-0.058441627502441404,0,0,2,-0.013299408900196815,-0.004138417949774478,0.09933630664960241,0.06600000000000006,-0.018011797880581513,0.008614245226442507,0.07129442234222685,0.06283623030303094,-0.017932464732763796,1427129177660,0,0,0,0,0,0,0
0.0008619491289050852,-0.10188595178751396,1.93,0.0060737457969402536,-0.04932670974731445,-0.03801265335083008,0,0,2,-0.013299408900196815,-0.0008619491289050852,0.10188595178751396,0.07000000000000006,-0.019373154697137067,0.016843490207941045,0.06565064700529152,0.0827266615384616,-0.025656340004316543,0,0,0,0,0,0,0,0
-0.002297125661709259,-0.1031390546412241,1.927,0.00815068760681353,-0.04749941253662109,-0.018508386611938477,0,0,2,-0.013299408900196815,0.002297125661709259,0.1031390546412241,0.07299999999999995,-0.021450096507010345,0.017792399033554996,0.05936285728734811,0.08021654615384552,-0.03103598178334855,0,0,0,0,0,0,0,0
-0.0014293632968446605,-0.10821670354137894,1.929,0.00912807198793036,0.012395215034484864,-0.07626829528808594,0,0,2,-0.013299408900196815,0.0014293632968446605,0.10821670354137894,0.07099999999999995,-0.022427480888127176,-0.004323522361467123,0.08256573207558354,0.05215496923076918,-0.026938485724051008,0,0,0,0,0,0,0,0
-0.0010064162699317163,-0.1131575377760204,1.931,0.009215338450530044,0.005667446136474609,-0.07416733551025391,0,0,2,-0.013299408900196815,0.0010064162699317163,0.1131575377760204,0.06899999999999995,-0.02251474735072686,-0.0020711797634382742,0.08358110644917568,0.051338738805970105,-0.022905492705650815,0,0,0,0,0,0,0,0
-0.0011381571145114946,-0.11830280876928048,1.939,0.009285151620609857,-0.0026872498989105225,-0.07715757751464844,0,0,2,-0.013299408900196815,0.0011381571145114946,0.11830280876928048,0.06099999999999994,-0.022584560520806672,0.000936726046288204,0.08900278347536461,0.011326355555555473,-0.0229170041878534,0,0,0,0,0,0,0,0
-0.0016455518733295774,-0.12291597125886383,1.943,0.009773843811168244,-0.008253092765808106,-0.06912378692626953,0,0,2,-0.013299408900196815,0.0016455518733295774,0.12291597125886383,0.05699999999999994,-0.02307325271136506,0.003191725077821203,0.0876445269631708,0.03140283846153839,-0.02532875512932685,0,0,0,0,0,0,0,0
-0.0010498904701123151,-0.12691080615955003,1.945,0.01047197551196596,0.008348830223083496,-0.060006988525390624,0,0,2,-0.013299408900196815,0.0010498904701123151,0.12691080615955003,0.05499999999999994,-0.023771384412162776,-0.0030449563751721747,0.08639498018960984,0.04092956923076917,-0.02699353072353685,0,0,0,0,0,0,0,0
0.0004832235735533508,-0.13207837704142986,1.954,0.011065387457644012,0.022183744430541993,-0.07775012969970703,2.5,0,2,0,2.4995167764264465,0.13207837704142986,0.04600000000000004,-0.011065387457644012,1.2497583882132233,0.06603918852071493,0.036800000000000034,-0.011065387457644012,0,0,0,0,0,0,0,0
0.00385658783221584,-0.1365866509276693,1.957,0.013177235852557197,0.04984909439086914,-0.06817987060546875,2.5,0,2,0,2.4961434121677843,0.1365866509276693,0.04299999999999993,-0.013177235852557197,1.2321220700725555,0.09193552300031152,0.019016458208954576,-0.02263327344172071,0,0,0,0,0,0,0,0
0.008644989265855715,-0.13981449493618262,1.96,0.013561208287995948,0.07118179321289063,-0.04935989761352539,2.5,0,2,0,2.4913550107341442,0.13981449493618262,0.040000000000000036,-0.013561208287995948,1.222757818319875,0.08774051372252917,0.01613785000000062,-0.015361079079115093,0,0,0,0,0,0,0,0
0.01482813499254036,-0.14322968090784338,1.952,0.013229595730117002,0.0920439682006836,-0.052480804443359376,2.5,0,2,0,2.4851718650074597,0.14322968090784338,0.04800000000000004,-0.013229595730117002,1.217585181145952,0.08850055863040698,0.07817858888888896,-0.011847876738954726,0,0,0,0,0,0,0,0
0.024976623595692065,-0.14611008536094494,1.95,0.01305506280491758,0.15164242553710938,-0.045216133117675784,2.5,0,2,0,2.475023376404308,0.14611008536094494,0.050000000000000044,-0.01305506280491758,1.1827625292945183,0.09080565724321178,0.053248665517241424,-0.012152306295265397,0,0,0,0,0,0,0,0
0.03861738905493169,-0.14699531303103222,1.957,0.013002702927357748,0.2044207000732422,-0.015948423385620115,2.5,0,2,0,2.4613826109450683,0.14699531303103222,0.04299999999999993,-0.013002702927357748,1.1653326492140386,0.07872867755286916,-0.0018331076923083708,-0.012761041954004676,0,0,0,0,0,0,0,0
0.053560957539243295,-0.14520837994498373,1.965,0.013404128655316452,0.22448309326171875,0.023887210845947266,2.5,0,2,0,2.4464390424607565,0.14520837994498373,0.03499999999999992,-0.013404128655316452,1.1548868372247234,0.06383116501679614,-0.012097344776119495,-0.015201557287967366,0,0,0,0,0,0,0,0
0.0762606857682011,-0.14346649416012297,1.969,0.014974924982111332,0.3408155517578125,0.02156202507019043,2.5,0,2,0,2.423739314231799,0.14346649416012297,0.030999999999999917,-0.014974924982111332,1.0990124449746024,0.06286082787104369,0.0048170999999999145,-0.02233803276396233,0,0,0,0,0,0,0,0
0.1079297516305697,-0.14188174952546112,1.989,0.015865042900628422,0.4753386840820312,0.016655141830444337,2.5,0,2,0,2.3920702483694303,0.14188174952546112,0.010999999999999899,-0.015865042900628422,1.0383461571980597,0.06315337623637471,-0.09692870769230785,-0.019973279447630374,0,0,0,0,0,0,0,0
0.14551825159987805,-0.14036288540705408,2.004,0.017034413499464628,0.5641179809570313,0.013835322380065919,2.5,0,2,0,2.354481748400122,0.14036288540705408,-0.0040000000000000036,-0.017034413499464628,0.9892084443894233,0.06283992129405781,-0.08203163076923024,-0.022431508571016345,0,0,0,0,0,0,0,0
0.19253828942579398,-0.13682576113125003,2.005,0.01734857276482365,0.7061019897460937,0.04103536605834961,2.5,0,2,0,2.307461710574206,0.13682576113125003,-0.004999999999999893,-0.01734857276482365,0.9276522140844394,0.051137113059142564,-0.00724345882352876,-0.018734569523760507,0,0,0,0,0,0,0,0
0.24614064871091265,-0.13229142979894204,1.998,0.017034413499464628,0.8050942993164063,0.05405656814575195,2.5,0,2,0,2.2538593512890874,0.13229142979894204,0.0020000000000000018,-0.017034413499464628,0.8685040630548607,0.04382722218618747,0.039546611764705336,-0.01564841674052777,0,0,0,0,0,0,0,0
0.30403045476434043,-0.1281204748488151,1.991,0.01649336143134638,0.8692868041992188,0.04776417922973633,2.5,0,2,0,2.1959695452356596,0.1281204748488151,0.008999999999999897,-0.01649336143134638,0.8099116005105911,0.04304607382418858,0.04629781212121148,-0.01403403384899071,0,0,0,0,0,0,0,0
0.36759197144292727,-0.12184638546606938,1.982,0.015376350710070007,0.95484521484375,0.07837410736083984,2.5,0,2,0,2.1324080285570726,0.12184638546606938,0.018000000000000016,-0.015376350710070007,0.7217257799622407,0.026103182413489863,0.06812574426229578,-0.009882855359530464,0,0,0,0,0,0,0,0
0.43496345013147886,-0.11415184587529786,1.972,0.013613568165555751,1.0122273559570312,0.09986614990234376,2.5,0,2,0,2.065036549868521,0.11415184587529786,0.028000000000000025,-0.013613568165555751,0.7021802816373995,0.018135911791203572,0.07691280597014931,-0.005720511996088935,0,0,0,0,0,0,0,0
0.5057522310729742,-0.10686062715026207,1.962,0.011100294042683917,1.06322216796875,0.09490327453613281,2.5,0,2,0,1.9942477689270257,0.10686062715026207,0.038000000000000034,-0.011100294042683917,0.6203487991366613,0.01359180638286607,0.08936121290322588,0.0010607097776636643,0,0,0,0,0,0,0,0
0.577221885173401,-0.09711488898974605,1.951,0.00760963553869528,1.0736014404296874,0.1342772979736328,2.5,0,2,0,1.922778114826599,0.09711488898974605,0.04899999999999993,-0.00760963553869528,0.606491350160631,-0.00173880595542672,0.10036633333333274,0.008256994024889434,0,0,0,0,0,0,0,0
0.6499992835010965,-0.08846497107332676,1.941,0.004974188368183829,1.09261669921875,0.12143795013427734,2.5,0,2,0,1.8500007164989034,0.08846497107332676,0.05899999999999994,-0.004974188368183829,0.5459550132915256,-0.002381186726907583,0.10596025555555555,0.007575560062823081,0,0,0,0,0,0,0,0
0.7334009050232881,-0.07984371650224542,1.932,0.0008726646259971322,1.251652099609375,0.12309441375732422,2.5,0,2,0,1.7665990949767119,0.07984371650224542,0.06800000000000006,-0.0008726646259971322,0.46745771127737706,-0.004302791864476976,0.1057807727272734,0.017770625111215126,0,0,0,0,0,0,0,0
0.8229115049825612,-0.0679661699340003,1.923,-0.0034557519189487634,1.34281396484375,0.17699143981933593,2.5,0,2,0,1.677088495017439,0.0679661699340003,0.07699999999999996,0.0034557519189487634,0.3765459806613242,-0.029434625354349403,0.1149650499999994,0.023745204473382648,0,0,0,0,0,0,0,0
0.9097108617286629,-0.056068453002488236,1.917,-0.00628318530717959,1.3013658447265626,0.18296403503417968,2.5,0,2,0,1.590289138271337,0.056068453002488236,0.08299999999999996,0.00628318530717959,0.35630993204564426,-0.034456336161782126,0.1033934923076923,0.019332877868244943,0,0,0,0,0,0,0,0
1.0019328716051936,-0.0414080661578741,1.912,-0.007051130178057119,1.381921142578125,0.22859312438964843,2.5,0,2,0,1.4980671283948064,0.0414080661578741,0.08800000000000008,0.007051130178057119,0.2895126901402963,-0.05543904632034173,0.10218175151515219,0.010541788682045885,0,0,0,0,0,0,0,0
1.1036061010517075,-0.028696384925449497,1.907,-0.010663961729685345,1.523716064453125,0.20142405700683594,2.5,0,2,0,1.3963938989482925,0.028696384925449497,0.09299999999999997,0.010663961729685345,0.17260040695834555,-0.05354905229888826,0.1076055499999994,0.027599109627942653,0,0,0,0,0,0,0,0
1.2056379762471727,-0.015837397924794015,1.905,-0.011850785621041504,1.528334228515625,0.20919448852539063,2.5,0,2,0,1.2943620237528273,0.015837397924794015,0.09499999999999997,0.011850785621041504,0.16095006257070055,-0.055677356910324646,0.09266222753623188,0.017010889496503062,0,0,0,0,0,0,0,0
1.3122543842078886,-0.00399467522081483,1.903,-0.013700834628155472,1.5970286865234375,0.1965802459716797,2.5,0,2,0,1.1877456157921114,0.00399467522081483,0.09699999999999998,0.013700834628155472,0.03362975089068354,-0.06216235987242179,0.09583951111111111,0.022510591804888656,0,0,0,0,0,0,0,0
1.4306055761054428,0.00848970529351139,1.904,-0.01628392192110712,1.77253564453125,0.2115700225830078,2.5,0,2,0,1.0693944238945572,-0.00848970529351139,0.09600000000000009,0.01628392192110712,-0.09006537066458564,-0.07197466425695888,0.07897764444444513,0.028584337601829254,0,0,0,0,0,0,0,0
1.558201055658844,0.02127998456897905,1.907,-0.016545721308906254,1.910554443359375,0.22299369812011718,2.5,0,2,0,0.9417989443411561,-0.02127998456897905,0.09299999999999997,0.016545721308906254,-0.18279690168500717,-0.07789670092083847,0.06658385384615322,0.017754026175671483,0,0,0,0,0,0,0,0
1.6984599531787044,0.03087261051943554,1.911,-0.01734857276482369,2.10121484375,0.17867837524414062,2.5,0,2,0,0.8015400468212956,-0.03087261051943554,0.08899999999999997,0.01734857276482369,-0.30914193562085557,-0.0647126413597047,0.05891297878787875,0.0209978975644484,0,0,0,0,0,0,0,0
1.8438336970184597,0.03520321669625575,1.917,-0.0199142067652553,2.179151123046875,0.10277782440185547,2.5,0,2,0,0.6561663029815403,-0.03520321669625575,0.08299999999999996,0.0199142067652553,-0.4085199228105111,-0.03899652825639648,0.04405471818181812,0.03157617949448989,0,0,0,0,0,0,0,0
1.9844907196481043,0.03791434962338569,1.923,-0.02160717613968983,2.108627197265625,0.08267224884033203,2.5,0,2,0,0.5155092803518957,-0.03791434962338569,0.07699999999999996,0.02160717613968983,-0.4768152318445901,-0.032237532312794505,0.03875319999999994,0.029542970082351697,0,0,0,0,0,0,0,0
2.1204828304749834,0.039330933570604965,1.934,-0.021868975527488937,2.0389464111328124,0.06531645202636718,2.5,0,2,0,0.3795171695250166,-0.039330933570604965,0.06600000000000006,0.021868975527488937,-0.507611720736703,-0.025772640913779267,0.0039639307692313705,0.023077280394254038,0,0,0,0,0,0,0,0
2.2542646072530785,0.04124897664688742,1.945,-0.023247785636564502,2.00561767578125,0.07264532470703125,2.5,0,2,0,0.24573539274692147,-0.04124897664688742,0.05499999999999994,0.023247785636564502,-0.5624410823962434,-0.029458638827850398,-0.004478569230769912,0.02961152460152865,0,0,0,0,0,0,0,0
2.3801720736333603,0.04228831388747042,1.955,-0.023596851486963347,1.8877392578125,0.0594879379272461,2.5,0,2,0,0.11982792636663975,-0.04228831388747042,0.04499999999999993,0.023596851486963347,-0.5086098624796054,-0.024664377416594094,-0.00086450547945216,0.025031368680383255,0,0,0,0,0,0,0,0
2.4701860181182087,0.04036345029179568,1.973,-0.02441715623540068,1.3505145263671876,0.002992812633514404,2.5,0,2,0,0.029813981881791296,-0.04036345029179568,0.026999999999999913,0.02441715623540068,-0.48391433637777176,-0.007323953950986005,-0.07393966101694932,0.028588197329149835,1427129180331,0,0,0,0,0,0,0
2.5427031956733477,0.03917000909149881,1.988,-0.02239257430308726,1.0878704833984374,0.008661027908325195,2.5,0,2,0,-0.04270319567334768,-0.03917000909149881,0.01200000000000001,0.02239257430308726,-0.3766967655397825,-0.01174515435621767,-0.059851230769230226,0.013048350000102234,1427129180331,0,0,0,0,0,0,0
2.5996740066488755,0.039054861509392885,2.003,-0.022200588085367883,0.8543865966796875,0.017407466888427734,2.5,0,2,0,-0.09967400664887549,-0.039054861509392885,-0.0030000000000001137,0.022200588085367883,-0.32153575447242333,-0.017519162630789394,-0.07187073076923152,0.021314497849739995,1427129180331,0,0,0,0,0,0,0
2.6493368898389953,0.04053180091443388,2.01,-0.022357667718047352,0.7442678833007812,0.03868545150756836,2.5,0,2,0,-0.1493368898389953,-0.04053180091443388,-0.009999999999999787,0.022357667718047352,-0.30711388466291245,-0.026856754088541532,-0.03445880769230576,0.02308265063810644,0,0,0,0,0,0,0,0
2.686264013044973,0.040462400406718495,2.014,-0.02272418686096621,0.5537916870117188,0.011342286109924316,2.5,0,2,0,-0.1862640130449731,-0.040462400406718495,-0.01399999999999979,0.02272418686096621,-0.24560193808810232,-0.018545190687560872,-0.020352955072463614,0.02431774835191776,0,0,0,0,0,0,0,0
2.713526833269625,0.04182550005618105,2.019,-0.021729349187329397,0.40837213134765626,0.02973329734802246,2.5,0,2,0,-0.21352683326962518,-0.04182550005618105,-0.019000000000000128,0.021729349187329397,-0.22595725771120936,-0.02729962125920042,-0.032406706451614906,0.0169156185084416,0,0,0,0,0,0,0,0
2.735327370392234,0.04187404037301659,2.023,-0.020978857608971876,0.3269150390625,0.007833045959472656,2.5,0,2,0,-0.23532737039223406,-0.04187404037301659,-0.02300000000000013,0.020978857608971876,-0.2042168602442362,-0.01992502311391904,-0.029748022222222347,0.017405088188221778,0,0,0,0,0,0,0,0
2.7458648508408072,0.04063690470347314,2.025,-0.02090904443889209,0.1584167022705078,-0.01523723030090332,2.5,0,2,0,-0.24586485084080723,-0.04063690470347314,-0.02499999999999991,0.02090904443889209,-0.14441435428084567,-0.012503039264838884,-0.019896860606059365,0.020591711847620337,0,0,0,0,0,0,0,0
2.749259604660034,0.0406579033420175,2.017,-0.021676989309769593,0.05090359115600586,0.0013795490264892577,2.5,0,2,0,-0.24925960466003394,-0.0406579033420175,-0.016999999999999904,0.021676989309769593,-0.1089557391499647,-0.019214963891338,0.04075040000000012,0.02527673089200788,0,0,0,0,0,0,0,0
2.74572075710057,0.03919768327054368,2.011,-0.021572269554649928,-0.052595481872558594,-0.023048738479614257,2.5,0,2,0,-0.24572075710057018,-0.03919768327054368,-0.01100000000000012,0.021572269554649928,-0.07001681527538192,-0.010652296733901466,0.03354598181818057,0.02109627066774236,0,0,0,0,0,0,0,0
2.735392847331698,0.03722665616404855,2.004,-0.022026055160168433,-0.15424485778808594,-0.03290021514892578,2.5,0,2,0,-0.23539284733169819,-0.03722665616404855,-0.0040000000000000036,0.022026055160168433,-0.031393949198272125,-0.007438097277854862,0.042807446376812185,0.02399903605372715,0,0,0,0,0,0,0,0
2.721156889035674,0.036317547344369885,1.994,-0.02265437369088639,-0.21318724060058594,-0.018336374282836913,2.5,0,2,0,-0.2211568890356741,-0.036317547344369885,0.006000000000000005,0.02265437369088639,0.00488290407246135,-0.011787462009869305,0.07271384918032793,0.025744464825564875,0,0,0,0,0,0,0,0
2.705545315967908,0.033564039202987235,1.988,-0.02291617307868555,-0.2331779022216797,-0.04659662628173828,2.5,0,2,0,-0.20554531596790815,-0.033564039202987235,0.01200000000000001,0.02291617307868555,0.012422240954222091,-0.0012653962376497768,0.05156048358208959,0.024088409143457896,0,0,0,0,0,0,0,0
2.6855480486784926,0.03129585313002217,1.981,-0.024713862208239717,-0.29910064697265626,-0.04088716888427734,2.5,0,2,0,-0.18554804867849262,-0.03129585313002217,0.018999999999999906,0.024713862208239717,0.05184691507632092,-0.0019339836034358224,0.06482578888888824,0.033274286634688136,0,0,0,0,0,0,0,0
2.670642619997521,0.02902154236954005,1.979,-0.025185101106278206,-0.22267013549804687,-0.03962924194335937,2.5,0,2,0,-0.17064261999752084,-0.02902154236954005,0.020999999999999908,0.025185101106278206,0.028352782918014616,-0.0011704372541414005,0.0384426307692307,0.02736004986645585,0,0,0,0,0,0,0,0
2.649831508027584,0.02793863847291045,1.972,-0.02544690049407734,-0.31165863037109376,-0.024099525451660157,2.5,0,2,0,-0.14983150802758383,-0.02793863847291045,0.028000000000000025,0.02544690049407734,0.07046078151719337,-0.007062413149270656,0.07114770769230834,0.02665520536084257,0,0,0,0,0,0,0,0
2.629293972426353,0.028161460426786994,1.967,-0.024050637092481852,-0.30804833984375,-0.004497156143188476,2.5,0,2,0,-0.12929397242635288,-0.028161460426786994,0.03299999999999992,0.024050637092481852,0.0758687224097806,-0.014187708567991206,0.06379590298507401,0.017798711413696086,0,0,0,0,0,0,0,0
2.6070273732007663,0.02742368462870743,1.962,-0.025342180738957675,-0.33363626098632815,-0.019095550537109374,2.5,0,2,0,-0.10702737320076627,-0.02742368462870743,0.038000000000000034,0.025342180738957675,0.10141835528087852,-0.008637665149921543,0.06926345000000066,0.0313962915818131,0,0,0,0,0,0,0,0
2.585987627870424,0.02685274054660682,1.966,-0.024294983187761087,-0.31527783203125,-0.01655845069885254,2.5,0,2,0,-0.08598762787042391,-0.02685274054660682,0.03400000000000003,0.024294983187761087,0.10340280786715836,-0.009330044497740086,0.017402238461538468,0.019461763720699913,1427129181502,0,0,0,0,0,0,0
2.5696234156107662,0.02703674337551644,1.968,-0.024068090385001833,-0.24545779418945313,-0.003203709363937378,2.5,0,2,0,-0.06962341561076624,-0.02703674337551644,0.03200000000000003,0.024068090385001833,0.08636371147315343,-0.013504718546982538,0.026779469230769248,0.023020892833805276,1427129181502,0,0,0,0,0,0,0
2.549902028026493,0.02774442409490999,1.973,-0.022671826983406373,-0.2959906005859375,0.0034929816722869874,2.5,0,2,0,-0.04990202802649302,-0.02774442409490999,0.026999999999999913,0.022671826983406373,0.11426906684884883,-0.016696396808023706,0.006801123076922388,0.016227534360658095,1427129181502,0,0,0,0,0,0,0
2.534526828841801,0.027082175633637608,1.982,-0.021834068942449082,-0.23034352111816406,-0.015159483909606933,2.034313709626639,-0.1645362173367683,2,0,-0.5002131192151622,-0.1916183929704059,0.018000000000000016,0.021834068942449082,-2.4689841708645224,-0.9143267700092883,-0.018349799999999465,0.01824367733834641,0,1,0,0,0,0,0,0
2.522011972321775,0.02556148357979836,1.985,-0.02101376419401172,-0.18718009948730469,-0.026903371810913086,2.0496543278891224,-0.16605690939060752,2,0,-0.4723576444326527,-0.1916183929704059,0.014999999999999902,0.02101376419401172,-0.043962621039282945,-0.0950738128515207,0.007128585245900907,0.016979478545959124,0,1,0,0,0,0,0,0
2.515999109585557,0.027183659676569966,1.995,-0.019128808601857845,-0.09068431091308594,0.02243211555480957,2.058126312039809,-0.1703876170746127,2,0,-0.45787279754574817,-0.19757127675118266,0.004999999999999893,0.019128808601857845,-0.12118635642069664,-0.12927978157601697,-0.035863605970149384,0.01068870893549721,0,1,0,0,0,0,0,0
2.5123401969892374,0.02681446030736509,2.008,-0.019896753472735375,-0.05476771926879883,-0.006586772918701172,1.9944968010932873,-0.2425197400058874,2,0,-0.5178433958959501,-0.2693342003132525,-0.008000000000000007,0.019896753472735375,-0.5657035294685288,-0.5393443546555363,-0.067461496774193,0.023612615751175032,0,1,0,0,0,0,0,0
2.50686484444382,0.02303891392855244,2.018,-0.019600047499896363,-0.08098728942871093,-0.05825600433349609,1.9802262219242204,-0.26832358568036013,2,0,-0.5266386225195996,-0.2913624996089126,-0.017999999999999794,0.019600047499896363,-0.2785463772144057,-0.2622542640692399,-0.05522350303030173,0.018251383986991762,0,1,0,0,0,0,0,0
2.5011920546183593,0.018020269839785573,2.038,-0.02080432468377242,-0.08360011291503906,-0.07693289947509765,1.9802262219242204,-0.26832358568036013,2,0,-0.5209658326941389,-0.2863438555201457,-0.03799999999999981,0.02080432468377242,-0.2002247028355097,-0.11729166081826231,-0.12139277647058816,0.0261173122596962,0,0,0,0,0,0,0,0
2.4955811398144605,0.008389756874845689,2.042,-0.023212879051524592,-0.081140380859375,-0.14617727661132812,1.9802262219242204,-0.26832358568036013,2,0,-0.5153549178902401,-0.2767133425552058,-0.041999999999999815,0.023212879051524592,-0.19577035304644802,-0.08497914027562194,-0.04413842222222209,0.03468218556463018,0,0,0,0,0,0,0,0
2.487751340289681,-0.006829613685031266,2.037,-0.024172810140121525,-0.11211654663085938,-0.23095509338378906,1.9802262219242204,-0.26832358568036013,2,0,-0.5075251183654608,-0.26149397199532887,-0.03699999999999992,0.024172810140121525,-0.18053280211922368,-0.04780872819365509,0.009190749999999484,0.028672487117919646,0,0,0,0,0,0,0,0
2.474156817036468,-0.027750863513647143,2.033,-0.02314306588144481,-0.19627313232421875,-0.3186558532714844,1.9802262219242204,-0.26832358568036013,2,0,-0.4939305951122477,-0.240572722166713,-0.03299999999999992,0.02314306588144481,-0.14586952389435143,-0.011450108707517531,0.0057214223880597825,0.018532270693340118,0,0,0,0,0,0,0,0
2.4556806654607026,-0.049724603401655326,2.021,-0.020333085785733965,-0.2694406433105469,-0.3359311828613281,1.9802262219242204,-0.26832358568036013,2,0,-0.47545444353648225,-0.2185989822787048,-0.020999999999999908,0.020333085785733965,-0.10530186412199458,0.012185265543799256,0.060960266666666804,0.0069522281871108906,0,0,0,0,0,0,0,0
2.4289600498259203,-0.07153654705893078,2.021,-0.0168424272817453,-0.39407427978515625,-0.3352606506347656,1.9802262219242204,-0.26832358568036013,2,0,-0.4487338279016999,-0.19678703862142935,-0.020999999999999908,0.0168424272817453,-0.050998281791326316,0.018335920471505854,-0.00584289999999992,0.0007316957248745468,0,0,0,0,0,0,0,0
2.396923332255912,-0.09637842915724515,2.021,-0.014416419621473152,-0.47420693969726563,-0.38066864013671875,1.9802262219242204,-0.26832358568036013,2,0,-0.41669711033169143,-0.17194515652311498,-0.020999999999999908,0.014416419621473152,-0.011783360797673254,0.042963756767180006,-0.005983599999999919,0.0035536987545829353,0,0,0,0,0,0,0,0
2.3599893234966722,-0.12763478020040256,2.014,-0.013334315485236685,-0.5471937255859375,-0.4767831115722656,1.9802262219242204,-0.26832358568036013,2,0,-0.37976310157245186,-0.14068880547995757,-0.01399999999999979,0.013334315485236685,0.04106746829301716,0.09966403533380179,0.037808050000000815,0.008261952346628246,0,0,0,0,0,0,0,0
2.317937416096963,-0.15902561100013035,1.993,-0.012671090369478848,-0.624444091796875,-0.4792313537597656,1.9802262219242204,-0.26832358568036013,2,0,-0.3377111941727424,-0.10929797468022978,0.006999999999999895,0.012671090369478848,0.05099555760631033,0.08702771607011206,0.11183524545454396,0.01008709641198078,0,0,0,0,0,0,0,0
2.276242346976213,-0.18693428072036733,1.981,-0.011047934165124134,-0.6200714721679688,-0.42652105712890626,1.9802262219242204,-0.26832358568036013,2,0,-0.2960161250519926,-0.0813893049599928,0.018999999999999906,0.011047934165124134,0.09199053482944977,0.09980601373780747,0.08698136521739128,0.003990733276625377,0,1,0,0,0,0,0,0
2.2415878627730654,-0.21595815333216295,1.968,-0.011955505376161179,-0.514975830078125,-0.44107431030273436,1.9802262219242204,-0.26832358568036013,2,0,-0.26136164084884506,-0.05236543234819718,0.03200000000000003,0.011955505376161179,0.1452250123253967,0.18003995080817828,0.12952574285714377,0.01751206381108186,0,1,0,0,0,0,0,0
2.1997568495909974,-0.24223319668755044,1.95,-0.01315978256003729,-0.62270849609375,-0.40159896850585936,1.9802262219242204,-0.26832358568036013,2,0,-0.219530627666777,-0.026090388992809688,0.050000000000000044,0.01315978256003729,0.13698162148869247,0.12310430529664135,0.14543345074626876,0.018552068457990022,0,1,0,0,0,0,0,0
2.1662256965445357,-0.2636071784264745,1.954,-0.014922565104551547,-0.4987047119140625,-0.3272007141113281,1.9802262219242204,-0.26832358568036013,2,0,-0.1859994746203153,-0.004716407253885613,0.04600000000000004,0.014922565104551547,0.12139398381908556,0.1152749786536214,0.0262711777777778,0.023316767697476582,0,1,0,0,0,0,0,0
2.1333898044963857,-0.27923608474635686,1.959,-0.015673056682909123,-0.4889853210449219,-0.24175715637207032,1.9802262219242204,-0.26832358568036013,2,0,-0.15316358257216534,0.010912499065996728,0.040999999999999925,0.015673056682909123,0.09688221812087319,0.07359569971859725,0.022665401265822224,0.018523024701988525,0,1,0,0,0,0,0,0
2.106515546430141,-0.2915428755650531,1.962,-0.017994344588061553,-0.40017120361328123,-0.19089695739746093,1.9802262219242204,-0.26832358568036013,2,0,-0.12628932450592067,0.023219289884692962,0.038000000000000034,0.017994344588061553,0.14566263489788528,0.09335334810588411,0.022422592307693074,0.03138639019471019,0,1,0,0,0,0,0,0
2.083630390560995,-0.30088183830236115,1.965,-0.01996656664281511,-0.340701171875,-0.14623847961425782,1.9802262219242204,-0.26832358568036013,2,0,-0.1034041686367746,0.032558252622001016,0.03499999999999992,0.01996656664281511,0.10130780103189199,0.06628195025387576,0.024032649999999323,0.029211357524472417,0,1,0,0,0,0,0,0
2.0662004470941087,-0.30777697636643514,1.969,-0.02082177797629238,-0.25933209228515625,-0.10862635040283203,1.9802262219242204,-0.26832358568036013,2,0,-0.08597422516988829,0.03945339068607501,0.030999999999999917,0.02082177797629238,0.07452405844768302,0.05417357633407142,0.016861464705882276,0.024594769153397974,1427129183067,1,0,0,0,0,0,0
2.0570830322219678,-0.31168629687169075,1.973,-0.020298179200694058,-0.13551068115234374,-0.061474502563476564,1.9802262219242204,-0.26832358568036013,2,0,-0.07685681029774738,0.043362711191330616,0.026999999999999913,0.020298179200694058,0.03997370662363714,0.042384321134024266,0.012197577777777698,0.017804851697844907,1427129183067,1,0,0,0,0,0,0
2.043543916203618,-0.31346170096738946,1.976,-0.020926497731412044,-0.20250437927246093,-0.030747583389282226,1.9802262219242204,-0.26832358568036013,2,0,-0.0633176942793976,0.04513811528702932,0.02400000000000002,0.020926497731412044,0.061860518359126176,0.030216511949773393,0.017609266666667223,0.023544491609403653,1427129183067,1,0,0,0,0,0,0
2.0355736273135654,-0.31223340175809744,1.98,-0.02186897552748894,-0.11991368865966796,0.01591878318786621,1.9802262219242204,-0.26832358568036013,2,0,-0.05534740538934502,0.04390981607773731,0.020000000000000018,0.02186897552748894,0.043582610520755766,0.014282766750288261,0.007245600000000005,0.02628684019659939,1427129183067,1,0,0,0,0,0,0
2.02953102362611,-0.31049523562591347,1.983,-0.023876104167282457,-0.09118751525878906,0.024084232330322267,1.9802262219242204,-0.26832358568036013,2,0,-0.049304801701889556,0.042171649945553336,0.016999999999999904,0.023876104167282457,0.03883325924212996,0.009844671237049529,0.009024289830507733,0.034081843013690175,1427129183067,1,0,0,0,0,0,0
2.02500367060496,-0.30626458399608675,1.986,-0.02511528793619842,-0.06940596771240234,0.06182040786743164,1.9802262219242204,-0.26832358568036013,2,-0.023876104167282454,-0.04477744868073952,0.037940998315726615,0.014000000000000012,0.001239183768915967,-0.02238872434036976,0.018970499157863308,0.01120000000000001,0.001239183768915967,1427129183067,1,0,0,0,0,0,0
2.025414954272436,-0.30055891877513363,1.989,-0.028989918875625832,0.004018043994903565,0.0857129135131836,1.9802262219242204,-0.26832358568036013,2,-0.023876104167282454,-0.04518873234821541,0.0322353330947735,0.010999999999999899,0.005113814708343378,-0.024475117021449087,-0.009459533832973564,-0.004575738461539055,0.020016241398448806,1427129183470,1,0,0,0,0,0,0
2.026024400709477,-0.29578620641916215,2.014,-0.032236231284335316,0.0070627379417419435,0.0718255844116211,1.9802262219242204,-0.26832358568036013,2,-0.023876104167282454,-0.04579817878525683,0.027462620738802013,-0.01399999999999979,0.008360127117052862,-0.027223360752542565,-0.01963880125221608,-0.18618419999999766,0.027838001569309767,1427129183520,1,0,0,0,0,0,0
2.028613851642952,-0.2917440237397913,2.015,-0.03508111796508604,0.03686735153198242,0.06185313415527344,1.9802262219242204,-0.26832358568036013,2,-0.023876104167282454,-0.048387629718731784,0.02342043805943117,-0.015000000000000124,0.011205013797803587,-0.03761292102343762,-0.009040332228394128,-0.01723325882353123,0.02375598444817443,1427129183588,1,0,0,0,0,0,0
2.0274138427965522,-0.2855683350422677,2.015,-0.03811799086355619,-0.021238142013549805,0.0919469985961914,1.9802262219242204,-0.26832358568036013,2,-0.023876104167282454,-0.04718762087233186,0.017244749361907563,-0.015000000000000124,0.014241886696273735,-0.017253946182566322,-0.024565323835178197,-0.012183700000000103,0.02825822315075134,1427129183653,1,0,0,0,0,0,0
2.026411241830407,-0.27957608361938385,2.021,-0.040404372183668706,-0.01845344924926758,0.089245361328125,1.9802262219242204,-0.26832358568036013,2,-0.023876104167282454,-0.04618501990618684,0.01125249793902372,-0.020999999999999908,0.016528268016386252,-0.017760816174627807,-0.027070664545554204,-0.04993059999999874,0.027245680454413675,1427129183717,1,0,0,0,0,0,0
2.0261196952615,-0.2741053479292443,2.021,-0.04396484385773718,-0.007684351921081543,0.08181741333007812,1.9802262219242204,-0.26832358568036013,2,-0.023876104167282454,-0.045893473337279556,0.005781762248884159,-0.020999999999999908,0.02008873969045473,-0.021532993448003867,-0.026950292899339402,-0.017252499999999928,0.036778450662650716,1427129183781,1,0,0,0,0,0,0
2.023019640152305,-0.2699792005078031,2.02,-0.0471238898038469,-0.049176097869873044,0.05978866195678711,1.9802262219242204,-0.26832358568036013,2,-0.023876104167282454,-0.04279341822808469,0.001655614827442975,-0.020000000000000018,0.023247785636564447,-0.00491257247984021,-0.021311921539654735,-0.011197884615385224,0.03782799769553237,1427129183846,1,0,0,0,0,0,0
2.018403674232847,-0.2656400838645559,2.012,-0.04989896331451787,-0.07222863006591797,0.06175286865234375,1.9802262219242204,-0.26832358568036013,2,-0.023876104167282454,-0.03817745230862668,-0.0026835018158042345,-0.01200000000000001,0.026022859147235414,0.005533191806535883,-0.024629981485644898,0.032816423076923104,0.03883089073494757,1427129183911,1,0,0,0,0,0,0
2.016300175769301,-0.2606041114149328,2.008,-0.05387831400906495,-0.035280986785888674,0.07387178039550782,1.9802262219242204,-0.26832358568036013,2,-0.023876104167282454,-0.03607395384508072,-0.007719474265427351,-0.008000000000000007,0.030002209841782493,-0.007778019516426786,-0.028968759357688247,0.012883500000000008,0.04705656996126997,1427129183981,1,0,0,0,0,0,0
2.011890667179717,-0.25665788919153,2.005,-0.0557807228937388,-0.06923434448242187,0.05554550933837891,1.9802262219242204,-0.26832358568036013,2,-0.023876104167282454,-0.03166444525549661,-0.011665696488830146,-0.004999999999999893,0.03190461872645635,0.008003477314960053,-0.027350377051260956,0.011657750000000706,0.04082216037336505,1427129184045,1,0,0,0,0,0,0
2.0082204521262077,-0.25208127766850297,2.003,-0.057438785683133375,-0.05879491424560547,0.06547308349609375,1.9802262219242204,-0.26832358568036013,2,-0.023876104167282454,-0.027994230201987325,-0.016242308011857165,-0.0030000000000001137,0.03356268151585092,0.006765619224761571,-0.03432693428002531,0.008308609836064216,0.04171708867680783,1427129184106,1,0,0,0,0,0,0
2.0016954730066807,-0.24718366682392234,2.002,-0.05928883469024737,-0.10193064880371094,0.06772429656982422,1.9802262219242204,-0.26832358568036013,2,-0.023876104167282454,-0.02146925108246034,-0.02113991885643779,-0.0019999999999997797,0.03541273052296492,0.023557490113544036,-0.03650262432642411,0.002923030303032251,0.0438220441916649,1427129184172,1,0,0,0,0,0,0
1.9955521767955544,-0.243251288596707,2,-0.06197664173831863,-0.09548267364501953,0.053421798706054686,1.9802262219242204,-0.26832358568036013,2,-0.023876104167282454,-0.015325954871334035,-0.025072297083653133,0,0.038100537571036174,0.025096301641629324,-0.033687276012265586,0.009989230769229583,0.05050580086982658,1427129184237,1,0,0,0,0,0,0
1.9861437435074136,-0.2394920332210967,2.039,-0.06380923745291267,-0.1443480987548828,0.04753961944580078,1.9802262219242204,-0.26832358568036013,2,-0.023876104167282454,-0.005917521583193253,-0.028831552459263443,-0.039000000000000146,0.039933133285630217,0.046610532261824315,-0.034347033397994574,-0.23905558181818268,0.04826311380651223,1427129184303,1,0,0,0,0,0,0
1.9770068806373897,-0.23555583431655017,2.051,-0.06344271830999393,-0.14053895568847657,0.050183513641357425,1.9802262219242204,-0.26832358568036013,2,-0.023876104167282454,0.003219341286830657,-0.032767751363809966,-0.051000000000000156,0.039566614142711475,0.049017794488752854,-0.03696387515344254,-0.10486566716417928,0.037925483652030544,1427129184370,1,0,0,0,0,0,0
1.9697793018113898,-0.23405686121457214,2.054,-0.06557201999742701,-0.10962110137939453,0.015565916061401367,1.9802262219242204,-0.26832358568036013,2,-0.023876104167282454,0.010446920112830549,-0.03426672446578799,-0.053999999999999826,0.04169591583014456,0.04323666773654087,-0.025122844442343778,-0.060844590909089016,0.051374559863931295,1427129184436,1,0,0,0,0,0,0
1.9615616764443968,-0.23156020688729761,2.073,-0.06597344572538565,-0.12545337677001953,0.029292428970336914,1.9802262219242204,-0.26832358568036013,2,-0.023876104167282454,0.018664545479823547,-0.03676337879306252,-0.07299999999999995,0.04209734155810319,0.05617910574370916,-0.032769563296058915,-0.16959719344262364,0.04407156644970304,1427129184497,1,0,0,0,0,0,0
1.956363256367563,-0.23063142124578498,2.069,-0.06457718232379016,-0.07872512817382812,0.008760842323303222,1.9802262219242204,-0.26832358568036013,2,-0.023876104167282454,0.023862965556657345,-0.037692164434575154,-0.06899999999999995,0.040701078156507704,0.03727096346818978,-0.02351417250935292,-0.03815239014084501,0.034801373642723954,1427129184568,1,0,0,0,0,0,0
1.9523011583241359,-0.23157860430048643,2.063,-0.06352998477259357,-0.05988760757446289,-0.018110179901123048,1.9802262219242204,-0.26832358568036013,2,-0.023876104167282454,0.02792506360008451,-0.0367449813798737,-0.06300000000000017,0.039653880605311116,0.037789665597204716,-0.01286485722510629,-0.01784917966101838,0.03432914729414202,1427129184627,1,0,0,0,0,0,0
1.948706223413087,-0.2336102462341651,2.055,-0.06201154832335852,-0.05188048934936523,-0.033836639404296875,1.9802262219242204,-0.26832358568036013,2,-0.023876104167282454,0.03151999851113341,-0.034713339446195035,-0.05500000000000016,0.038135444156076066,0.03457479323941785,-0.006716970850986407,-0.004981157575757678,0.031233460295916747,1427129184693,1,0,0,0,0,0,0
1.945936423797886,-0.23430321636123058,2.044,-0.0596379005406462,-0.04082296752929687,-0.012949315071105957,1.9802262219242204,-0.26832358568036013,2,-0.023876104167282454,0.03428979812633437,-0.03402036931912955,-0.04400000000000004,0.03576179637336375,0.03160660683580025,-0.013491956387486298,0.019437533333333937,0.024972488270125937,1427129184759,1,0,0,0,0,0,0
1.945592205793142,-0.23535849534613418,2.039,-0.05899212871740832,-0.004210630893707276,-0.016108787536621094,1.9802262219242204,-0.26832358568036013,2,-0.023876104167282454,0.034634016131078305,-0.032965090334225955,-0.039000000000000146,0.035116024550125864,0.01891174309237269,-0.011148593674805956,-0.00903769701492605,0.03222450892368758,1427129184826,1,0,0,0,0,0,0
1.9441430910437214,-0.2361403436957985,2.027,-0.056915186907535095,-0.02100746726989746,-0.012988876342773438,1.9802262219242204,-0.26832358568036013,2,-0.023876104167282454,0.03608313088049897,-0.03218324198456163,-0.027000000000000135,0.03303908274025264,0.026041004740768953,-0.011876614485252067,0.04201743548387091,0.02298936430538221,1427129184888,1,0,0,0,0,0,0
1.9441760908808552,-0.2360128781615814,2.023,-0.05335471523346662,0.00038543391227722167,0.0019370447397232056,1.9802262219242204,-0.26832358568036013,2,-0.023876104167282454,0.036050131043365186,-0.032310707518778736,-0.02300000000000013,0.029478611066184164,0.017689759487994818,-0.01706136212722914,-0.0011355384615385558,0.013045664878175808,1427129184953,1,0,0,0,0,0,0
1.9466512910325302,-0.23750837402047736,2.011,-0.051609385981472286,0.03827147674560547,-0.020420501708984375,1.9802262219242204,-0.26832358568036013,2,-0.023876104167282454,0.03357493089169017,-0.03081521165988277,-0.01100000000000012,0.027733281814189832,0.003323673731245662,-0.0075946211993665955,0.051469884615384556,0.019677916035754455,1427129185018,1,0,0,0,0,0,0
1.9483136833578203,-0.23872561557175842,2.006,-0.049968776484597674,0.025844581604003908,-0.016947957992553712,1.9802262219242204,-0.26832358568036013,2,-0.023876104167282454,0.031912538566400084,-0.029597970108601712,-0.005999999999999783,0.02609267231731522,0.00798142726045233,-0.00930334937768991,0.014458748648650415,0.019441552735391117,1427129185092,1,0,0,0,0,0,0
1.9514595660523393,-0.23838646691414475,2.003,-0.04520402762665314,0.046875244140625,0.007437837600708008,1.9802262219242204,-0.26832358568036013,2,-0.023876104167282454,0.028766655871881097,-0.02993711876621538,-0.0030000000000001137,0.021327923459370686,-0.005374505196863524,-0.017366591156447606,0.011943299999997839,-0.004197516851046461,1427129185148,1,0,0,0,0,0,0
1.958508587928309,-0.2391789795784308,1.997,-0.04070107815650774,0.10616450500488281,-0.007097511291503906,1.9802262219242204,-0.26832358568036013,2,-0.023876104167282454,0.021717633995911312,-0.029144606101929343,0.0029999999999998916,0.016824973989225285,-0.023487691161369704,-0.011019147712555414,0.0271815666666666,-0.0019373154697138843,1427129185220,1,0,0,0,0,0,0
1.9625510401986221,-0.2396605963508606,1.991,-0.03635520831904189,0.06088051986694336,-0.004750967502593994,1.9802262219242204,-0.26832358568036013,2,-0.023876104167282454,0.017675181725598232,-0.02866298932949954,0.008999999999999897,0.012479104151759436,-0.015213059436745415,-0.011790693958094728,0.03846122033898299,-0.009618539089592336,1427129185279,1,0,0,0,0,0,0
1.9651468670106602,-0.2379838707765284,1.986,-0.03164281933865719,0.037997509002685545,0.026549530029296876,1.9802262219242204,-0.26832358568036013,2,-0.023876104167282454,0.015079354913560161,-0.03033971490383172,0.014000000000000012,0.007766715171374734,-0.006286119652998652,-0.02439785613765412,0.03347555151515213,-0.01365323473946482,1427129185345,1,0,0,0,0,0,0
1.973040409446988,-0.23821670832977937,1.982,-0.026686084262993334,0.11845436096191406,0.0002551689147949219,1.9802262219242204,-0.26832358568036013,2,-0.023876104167282454,0.007185812477232378,-0.030106877350580763,0.018000000000000016,0.0028099800957108803,-0.03896616188916088,-0.014155539629405748,0.03181586153846157,-0.020067258715045368,1427129185410,1,0,0,0,0,0,0
1.98467470024066,-0.23942244559025602,1.954,-0.023160519173964736,0.174934814453125,-0.013423067092895508,1.9802262219242204,-0.26832358568036013,2,-0.023876104167282454,-0.004448478316439575,-0.02890114009010411,0.04600000000000004,-0.000715584993317718,-0.06590749204824789,-0.008231032756944711,0.18609680000000015,-0.01724167134813927,1427129185474,1,0,0,0,0,0,0
1.995429885149582,-0.2383407107873275,1.924,-0.02139773662945048,0.1609087371826172,0.019957771301269533,1.9802262219242204,-0.26832358568036013,2,-0.023876104167282454,-0.015203663225361597,-0.02998287489303264,0.07600000000000007,-0.0024783675378319756,-0.06385404494220188,-0.02103671777595311,0.21419741791044794,-0.0103714237072988,1427129185541,1,0,0,0,0,0,0
2.00700234237916,-0.23854096130105323,1.88,-0.0196698606699761,0.17361138916015625,0.0007110123634338379,1.9802262219242204,-0.26832358568036013,2,-0.023876104167282454,-0.02677612045493971,-0.0297826243793069,0.1200000000000001,-0.004206243497306354,-0.07776476980306384,-0.014191999270283195,0.33788144444444473,-0.012434224256708157,0,1,0,0,0,0,0,0
2.0188256500340747,-0.23986839862670334,1.833,-0.017243853009703977,0.17770693969726561,-0.016419490814208983,1.9802262219242204,-0.26832358568036013,2,-0.023876104167282454,-0.038599428109854284,-0.028455187053656794,0.16700000000000004,-0.006632251157578477,-0.08307404850127462,-0.007511539887266661,0.3851994230769227,-0.017829209589603656,0,1,0,0,0,0,0,0
2.031039081189489,-0.24042405180160165,1.793,-0.014590952546672573,0.1833179473876953,-0.005174615859985352,1.9802262219242204,-0.26832358568036013,2,-0.023876104167282454,-0.050812859265268795,-0.027899533878758487,0.20700000000000007,-0.009285151620609881,-0.08841460112163367,-0.011540444851980856,0.3714124529411767,-0.020989124251630784,0,1,0,0,0,0,0,0
2.0416239814712696,-0.23902896097706658,1.741,-0.010559241974565689,0.15845127868652345,0.02324070930480957,1.9802262219242204,-0.26832358568036013,2,-0.023876104167282454,-0.06139775954704918,-0.029294624703293554,0.2589999999999999,-0.013316862192716765,-0.09063533861202898,-0.022991645227396468,0.5022842870967731,-0.032825139154524265,0,1,0,0,0,0,0,0
2.0506959362963517,-0.2374933773927776,1.689,-0.00645771823237902,0.13582852172851562,0.024469337463378905,1.9802262219242204,-0.26832358568036013,2,-0.023876104167282454,-0.07046971437213134,-0.03083020828758254,0.31099999999999994,-0.017418385934903434,-0.08082694961741015,-0.02358342336763762,0.5125129000000002,-0.03499634482998916,0,1,0,0,0,0,0,0
2.0572334848267695,-0.23552623696657693,1.638,-0.0018500490071139825,0.09787063598632813,0.03013975143432617,1.9802262219242204,-0.26832358568036013,2,-0.023876104167282454,-0.07700726290254911,-0.0327973487137832,0.3620000000000001,-0.02202605516016847,-0.07629344854243483,-0.028195953339881098,0.5881440508196731,-0.04468672348114407,0,1,0,0,0,0,0,0
2.063240375976299,-0.23284781422041473,1.575,0.003228859116189489,0.09002888488769531,0.040342967987060545,1.9802262219242204,-0.26832358568036013,2,-0.023876104167282454,-0.08301415405207857,-0.035475771459945404,0.42500000000000004,-0.027104963283471943,-0.07418512745994368,-0.032693628992027275,0.687914369230769,-0.05054607769871873,0,1,0,0,0,0,0,0
2.069561182876157,-0.2308937514794571,1.512,0.009023352232810714,0.09490625,0.02900465393066406,1.9802262219242204,-0.26832358568036013,2,-0.023876104167282454,-0.08933496095193671,-0.03742983420090304,0.488,-0.03289945640009317,-0.07909391421318443,-0.029794589726712093,0.7414863692307689,-0.05964327078449882,0,1,0,0,0,0,0,0
2.0751976920387585,-0.22763028301118854,1.462,0.01429424657383356,0.08498590087890626,0.04818714141845703,1.9802262219242204,-0.26832358568036013,2,-0.023876104167282454,-0.0949714701145381,-0.040693302669171594,0.538,-0.038170350741116015,-0.0778303147811846,-0.03823757742335586,0.7109579151515154,-0.06212896138212895,0,1,0,0,0,0,0,0
2.080347907169307,-0.22615101134116747,1.413,0.019408061282176942,0.0775625,0.021082569122314453,1.9802262219242204,-0.26832358568036013,2,-0.023876104167282454,-0.10012168524508658,-0.042172574339192664,0.587,-0.0432841654494594,-0.07874416032761954,-0.029787698471159182,0.7567319499999996,-0.06725517189481901,0,1,0,0,0,0,0,0
2.0848609347135763,-0.22362141283124157,1.379,0.0239808239224021,0.06841903686523437,0.03662307739257813,1.9802262219242204,-0.26832358568036013,2,-0.023876104167282454,-0.10463471278935588,-0.044702172849118565,0.621,-0.04785692808968456,-0.07720436521394576,-0.03661270224649349,0.7030766230769233,-0.06896198642918529,0,1,0,0,0,0,0,0
2.086329356885357,-0.22074253110526354,1.355,0.029600784113823872,0.023055469512939453,0.042642650604248045,1.9802262219242204,-0.26832358568036013,2,-0.023876104167282454,-0.10610313496113655,-0.04758105457509659,0.645,-0.053476888281106326,-0.06161351440877591,-0.039963826573698534,0.6726229692307693,-0.07941516608766833,0,1,0,0,0,0,0,0
2.087985474025742,-0.21782074063517518,1.326,0.03338814859065153,0.026127994537353514,0.04307242965698242,1.9802262219242204,-0.26832358568036013,2,-0.023876104167282454,-0.1077592521015216,-0.05050284504518496,0.6739999999999999,-0.05726425275793398,-0.06338824484890472,-0.04145072625626691,0.7248284787878783,-0.07447954583442332,0,1,0,0,0,0,0,0
2.090011105274077,-0.21654159990748797,1.293,0.03824016391119577,0.03100803756713867,0.01816212463378906,1.9802262219242204,-0.26832358568036013,2,-0.023876104167282454,-0.1097848833498567,-0.05178198577287216,0.7070000000000001,-0.062116268078478226,-0.06627383273897174,-0.03331272557681131,0.7745655597014934,-0.08384170981225843,0,1,0,0,0,0,0,0
2.0905592317573642,-0.21438756156985408,1.271,0.04286528642898076,0.009451147079467773,0.031972623825073244,1.9802262219242204,-0.26832358568036013,2,-0.023876104167282454,-0.11033300983314387,-0.05393602411050605,0.7290000000000001,-0.06674139059626322,-0.058862505904630366,-0.03883130484574582,0.7379699941176472,-0.08714634288060877,0,1,0,0,0,0,0,0
2.0869710903266565,-0.21161518420201814,1.236,0.04787438138220445,-0.05199064636230469,0.04385385513305664,1.9802262219242204,-0.26832358568036013,2,-0.023876104167282454,-0.10674486840243613,-0.056708401478341997,0.764,-0.0717504855494869,-0.034380326144669224,-0.044568354278633496,0.851992344444444,-0.09560331866007589,0,1,0,0,0,0,0,0
2.084657329444723,-0.21164961024697626,1.197,0.0519933584169111,-0.03469136047363281,0.0011451144218444823,1.9802262219242204,-0.26832358568036013,2,-0.023876104167282454,-0.10443110752050266,-0.05667397543338387,0.8029999999999999,-0.07586946258419355,-0.04076673254189803,-0.029000511840895665,0.9039673999999995,-0.09488012582130116,0,1,0,0,0,0,0,0
2.082374349686506,-0.21138047662928777,1.152,0.05623450849925731,-0.033988616943359376,0.005811243534088135,1.9802262219242204,-0.26832358568036013,2,-0.023876104167282454,-0.10214812776228577,-0.05694310905107236,0.8480000000000001,-0.08011061266653977,-0.03925949798550639,-0.030875057069164085,0.9892572580645171,-0.10063230661337627,0,1,0,0,0,0,0,0
2.077568604417711,-0.21410432304912,1.097,0.06000441968356506,-0.07426863098144532,-0.03674151611328125,1.9802262219242204,-0.26832358568036013,2,-0.023876104167282454,-0.09734238249349048,-0.054219262631240134,0.903,-0.08388052385084752,-0.027086571400500872,-0.015150896041997187,1.046042335135135,-0.09916394757101407,0,1,0,0,0,0,0,0
2.07485348868349,-0.21816779997669417,1.054,0.0638092374529127,-0.044308643341064456,-0.058400138854980466,1.9802262219242204,-0.26832358568036013,2,-0.023876104167282454,-0.0946272667592698,-0.05015578570366597,0.946,-0.08768534162019515,-0.03184106406647001,-0.0010796296504760883,1.0897344877192978,-0.10771069830097214,0,1,0,0,0,0,0,0
2.0696915419090063,-0.22372448448831114,1.025,0.06595599243286573,-0.08258653259277343,-0.07824329376220703,1.9802262219242204,-0.26832358568036013,2,-0.023876104167282454,-0.08946531998478591,-0.04459910119204899,0.9750000000000001,-0.08983209660014818,-0.01902640212587007,0.005745113494819536,1.0069244373134336,-0.09944443233128118,0,1,0,0,0,0,0,0
2.0614332814703245,-0.2312388427637222,0.989,0.06799802765769908,-0.13103343200683593,-0.10430599212646484,1.9802262219242204,-0.26832358568036013,2,-0.023876104167282454,-0.08120705954610408,-0.037084742916637936,1.0110000000000001,-0.09187413182498153,0.003247723751352412,0.02154524881174333,1.0875773000000004,-0.10144617194138783,0,1,0,0,0,0,0,0
2.0513112301942975,-0.24044508012001617,0.939,0.0700575161750524,-0.1608627471923828,-0.12745819091796876,1.9802262219242204,-0.26832358568036013,2,-0.023876104167282454,-0.07108500827007713,-0.027878505560343964,1.061,-0.09393362034233485,0.01597514792261099,0.03312782676956875,1.1990050298507453,-0.10315521071854376,0,1,0,0,0,0,0,0
2.0397301390249245,-0.2542281118740627,0.888,0.0703716754404114,-0.18776246643066405,-0.19407814025878906,1.9802262219242204,-0.26832358568036013,2,-0.023876104167282454,-0.05950391710070413,-0.014095473806297443,1.112,-0.09424777960769384,0.03422954138490887,0.0697257560770044,1.2734086258064528,-0.09576790508523736,0,1,0,0,0,0,0,0
2.0264461698960035,-0.2690832604835582,0.837,0.07112216701876896,-0.21443414306640626,-0.2082650604248047,1.9802262219242204,-0.26832358568036013,2,-0.023876104167282454,-0.04621994797178308,0.0007596748031980516,1.163,-0.09499827118605142,0.04383633933221283,0.07580673336473241,1.2967137999999996,-0.09830926344351132,0,1,0,0,0,0,0,0
2.0114715103740917,-0.28672090864861827,0.805,0.071104713726249,-0.24285258483886718,-0.24793388366699218,1.9802262219242204,-0.26832358568036013,2,-0.023876104167282454,-0.03124528844987129,0.018397322968258134,1.1949999999999998,-0.09498081789353147,0.06115519755682174,0.10031452795474,1.2349844791044766,-0.0949026688225466,0,1,0,0,0,0,0,0
1.9954377782884682,-0.3076470592564264,0.768,0.06862634618841709,-0.26219866943359377,-0.29601239013671876,1.9802262219242204,-0.26832358568036013,2,-0.023876104167282454,-0.015211556364247869,0.03932347357606625,1.232,-0.09250245035569954,0.08446720717519837,0.1407334411952371,1.3206456333333343,-0.0801106126665399,0,1,0,0,0,0,0,0
1.9788079048733078,-0.3304114135998447,0.731,0.0666192175486236,-0.2722760620117187,-0.3235562744140625,1.9802262219242204,-0.26832358568036013,2,-0.023876104167282454,0.0014183170509125542,0.062087827919484584,1.2690000000000001,-0.09049532171590605,0.08879843419153759,0.15266405619461967,1.34189156923077,-0.08123165107070532,0,1,0,0,0,0,0,0
1.9613286226150748,-0.3561105615731063,0.678,0.06312855904463496,-0.28726950073242186,-0.36717819213867187,1.9802262219242204,-0.26832358568036013,2,-0.023876104167282454,0.018897599309145585,0.08778697589274614,1.322,-0.08700466321191741,0.09666866837625707,0.17335490754202953,1.4630231797101445,-0.07182788710761899,0,1,0,0,0,0,0,0
1.9445362123130325,-0.38276927715296305,0.625,0.059323741275287306,-0.27661154174804686,-0.3831935424804688,1.9802262219242204,-0.26832358568036013,2,-0.023876104167282454,0.035690009611187845,0.11444569147260292,1.375,-0.08319984544256975,0.10971550063045361,0.2045023445954149,1.539689544444444,-0.06508166558853329,0,1,0,0,0,0,0,0
1.9288400318430483,-0.40790394549235454,0.563,0.05459389900238268,-0.25738165283203124,-0.36239764404296876,1.9802262219242204,-0.26832358568036013,2,-0.023876104167282454,0.05138619008117207,0.1395803598119944,1.437,-0.07847000316966513,0.11014379662764467,0.20651025223278874,1.6431044000000004,-0.056298867515424685,0,1,0,0,0,0,0,0
1.9155043484462608,-0.43131716673351606,0.505,0.04930555136883985,-0.21890098571777344,-0.3397597961425781,1.9802262219242204,-0.26832358568036013,2,-0.023876104167282454,0.06472187347795955,0.16299358105315592,1.495,-0.0731816555361223,0.08794682318140092,0.1808297810161827,1.6102618756097564,-0.05383404224267293,0,0,0,0,0,0,0,0
1.9027867427159866,-0.45139611941691915,0.454,0.04405211032033693,-0.2053762969970703,-0.29141635131835936,1.9802262219242204,-0.26832358568036013,2,-0.023876104167282454,0.0774394792082338,0.18307253373655902,1.546,-0.06792821448761938,0.13015473891547094,0.2374316812498286,1.7827966999999996,-0.03509420793447612,0,0,0,0,0,0,0,0
1.8910912488911502,-0.4661759541110641,0.406,0.03960152072775137,-0.18502529907226561,-0.21375677490234374,1.9802262219242204,-0.26832358568036013,2,-0.023876104167282454,0.08913497303307016,0.19785236843070397,1.5939999999999999,-0.06347762489503382,0.10442552774064211,0.17575322138643393,1.7107477686567154,-0.04354961179390447,0,0,0,0,0,0,0,0
1.8816744416907276,-0.470488904770986,0.358,0.03637266161156189,-0.1437026824951172,-0.05905120086669922,1.9802262219242204,-0.26832358568036013,2,-0.023876104167282454,0.09855178023349276,0.20216531909062585,1.642,-0.060248765778844346,0.08395354571620535,0.1172955615912205,1.696116595652174,-0.04971987735648736,0,0,0,0,0,0,0,0
1.8769314068306417,-0.4644309515605117,0.333,0.03530801076784536,-0.06779403686523437,0.09339637756347656,1.9802262219242204,-0.26832358568036013,2,-0.023876104167282454,0.10329481509357863,0.19610736588015154,1.667,-0.05918411493512781,0.09310623558483619,0.04356885563091562,1.7643681743589756,-0.05099449306038524,0,0,0,0,0,0,0,0
1.87341083429668,-0.4579835349124708,0.292,0.035796702958403745,-0.04936170196533203,0.09851515197753906,1.9802262219242204,-0.26832358568036013,2,-0.023876104167282454,0.10681538762754039,0.18965994923211066,1.708,-0.0596728071256862,0.0719268543835009,0.059011898457573396,1.8113473777777775,-0.06199991279501185,0,0,0,0,0,0,0,0
1.870763475914769,-0.45076061091593034,0.241,0.03771656513559753,-0.03580741119384766,0.10969564819335938,1.9802262219242204,-0.26832358568036013,2,-0.023876104167282454,0.10946274600945127,0.1824370252355702,1.759,-0.06159266930287998,0.0668198740450229,0.05574298476199773,1.888266950704225,-0.06970476300933258,0,0,0,0,0,0,0,0
1.868087375257102,-0.4408295571831618,0.213,0.039444441095071905,-0.034495815277099606,0.15037350463867188,1.9802262219242204,-0.26832358568036013,2,-0.023876104167282454,0.11213884666711849,0.17250597150280167,1.787,-0.06332054526235437,0.07104890146564377,0.027572169163909276,1.8359034949152542,-0.07210635522578344,0,0,0,0,0,0,0,0
1.8648656330541487,-0.42835485372155474,0.207,0.04171336912266453,-0.040909591674804686,0.1888807067871094,1.9802262219242204,-0.26832358568036013,2,-0.023876104167282454,0.11536058887007172,0.1600312680411946,1.793,-0.06558947328994699,0.07170924389321572,0.022920179557534545,1.7158601789473684,-0.07454576813570736,0,0,0,0,0,0,0,0
1.860591968251933,-0.41252735151666076,0.173,0.043720497762458,-0.0541488037109375,0.2398792724609375,1.9802262219242204,-0.26832358568036013,2,-0.023876104167282454,0.11963425367228742,0.14420376583630062,1.827,-0.06759660192974046,0.08677338739343166,-0.030052071693087587,1.9456647703703704,-0.07874731659525971,0,0,0,0,0,0,0,0
1.855484014156785,-0.39668177938560634,0.161,0.04487241506877428,-0.06615776062011719,0.2408052215576172,1.9802262219242204,-0.26832358568036013,2,-0.023876104167282454,0.12474220776743539,0.1283581937052462,1.839,-0.06874851923605674,0.088394604734676,-0.018078572133720217,1.8099022671641791,-0.073906357921055,0,0,0,0,0,0,0,0
1.8505504773638202,-0.39549472248756296,0.129,0.04515166774909339,-0.07312983703613281,0.021107511520385744,1.9802262219242204,-0.26832358568036013,2,-0.023876104167282454,0.1296757445604002,0.12717113680720282,1.871,-0.06902777191637585,0.08859035241801534,0.058341878794390144,1.9438462788732398,-0.07020771281913267,0,0,0,0,0,0,0,0
1.853379446225651,-0.39657095957142496,0.112,0.044104470197896775,0.04166262435913086,-0.018042442321777343,1.9802262219242204,-0.26832358568036013,2,-0.023876104167282454,0.1268467756985694,0.12824737389106483,1.888,-0.06798057436517924,0.045557057420648195,0.07141326059541543,1.91484736491228,-0.06246900830624968,0,0,0,0,0,0,0,0
1.8638851472721225,-0.4056401707884078,0.093,0.04277801996638107,0.151434326171875,-0.14285385131835937,1.9802262219242204,-0.26832358568036013,2,-0.023876104167282454,0.11634107465209786,0.13731658510804767,1.907,-0.06665412413366353,0.0020398024349616226,0.11752432373636079,1.9390051757575766,-0.06062480489950125,0,0,0,0,0,0,0,0
1.8702881075075228,-0.413774359501861,0.058,0.04108505059194657,0.09073866271972657,-0.126008544921875,1.9802262219242204,-0.26832358568036013,2,-0.023876104167282454,0.10993811441669754,0.14545077382150084,1.942,-0.06496115475922903,0.021175732120770452,0.11608659879597127,2.062094820895522,-0.05738069487370143,0,0,0,0,0,0,0,0
1.874159579067835,-0.4308464790265288,0.045,0.03886848244191377,0.047504894256591795,-0.25825091552734375,1.9802262219242204,-0.26832358568036013,2,-0.023876104167282454,0.10606664285638545,0.16252289334616865,1.955,-0.06274458660919623,0.031584068633751614,0.17559779626790795,1.9732647500000007,-0.05235442340591744,0,0,0,0,0,0,0,0
1.879673486963591,-0.44565734870539153,0.015,0.03619812868636247,0.07401318359375,-0.22520919799804687,1.9802262219242204,-0.26832358568036013,2,-0.023876104167282454,0.10055273496062944,0.1773337630250314,1.985,-0.060074232853644924,0.019909394726789483,0.17075051462142893,2.1029375,-0.04755694962449819,0,0,0,0,0,0,0,0
1.887435122068769,-0.4580864600868126,-0.036,0.035499996985564726,0.10960107421875,-0.19052796936035157,1.9802262219242204,-0.26832358568036013,2,-0.023876104167282454,0.09279109985545131,0.18976287440645245,2.036,-0.05937610115284718,0.005699075988969293,0.16102346166525394,2.2597341104477606,-0.056250138313454295,0,0,0,0,0,0,0,0
1.899972236834853,-0.4644214107473956,0,0.03289945640009318,0.18456558227539063,-0.10163899993896484,1.9802262219242204,-0.26832358568036013,2,-0.023876104167282454,0.08025398508936732,0.1960978250670355,2,-0.056775560567375635,-0.029623703945771948,0.13458045517836734,1.7771161999999998,-0.044392033969892095,0,0,0,0,0,0,0,0
