0,0,0.717,0,-0.02135707664489746,-0.027197702407836914,0,0,1.5,0,0,0,0.783,0,0,0,0.6264000000000001,0,0,0,0,0,0,0,0,0
-0.0022379104614257813,-0.0012386885325113932,0.71,0.000017453292520008823,-0.03356865692138672,-0.018580327987670897,0,0,1.5,0,0.0022379104614257813,0.0012386885325113932,0.79,-0.000017453292520008823,0.013960790216734088,0.007727329151161965,0.6775733333333335,-0.00010471975512005295,0,0,0,0,0,0,0,0
-0.00477745132313699,-0.0029290308094061315,0.71,0.0003490658503988442,-0.03809355545043945,-0.025354469299316406,0,0,1.5,0,0.00477745132313699,0.0029290308094061315,0.79,-0.0003490658503988442,0.015275116237042969,0.010041491991229553,0.6421910000000001,-0.001790859580306824,0,0,0,0,0,0,0,0
-0.007014110618018267,-0.004355773831498218,0.717,0.0012566370614358613,-0.03355735778808594,-0.021389432907104492,0,0,1.5,0,0.007014110618018267,0.004355773831498218,0.783,-0.0012566370614358613,0.016563104562315165,0.010505944640181833,0.6004556666666667,-0.005794493116620947,0,0,0,0,0,0,0,0
-0.009836019522589869,-0.006008061383121925,0.721,0.001745329251994332,-0.04235974502563476,-0.024731101989746093,0,0,1.5,0,0.009836019522589869,0.006008061383121925,0.779,-0.001745329251994332,0.019043309530983998,0.011275064188209904,0.623542,-0.0038397243543877775,0,0,0,0,0,0,0,0
-0.011012425187834947,-0.006192785471911805,0.733,0.0024609142453120287,-0.017650894165039063,-0.002740058898925781,0,0,1.5,0,0.011012425187834947,0.006192785471911805,0.767,-0.0024609142453120287,0.01239094167645752,0.004187261330377088,0.5685439999999999,-0.006038839211900512,0,0,0,0,0,0,0,0
-0.011918813936748601,-0.00561205635262468,0.749,0.0023212879051524023,-0.013574353218078613,0.008744368553161621,0,0,1.5,0,0.011918813936748601,0.00561205635262468,0.751,-0.0023212879051524023,0.010522056584642055,-0.00008037757086289251,0.551001,-0.0017228893044682887,0,0,0,0,0,0,0,0
-0.01195747208419772,-0.004750843809147557,0.77,0.0038746309394275254,-0.0005498838424682617,0.012919499397277831,0,0,1.5,0,0.01195747208419772,0.004750843809147557,0.73,-0.0038746309394275254,0.006238545014510553,-0.002545823677622463,0.4981621967213113,-0.011514022911272393,0,0,0,0,0,0,0,0
-0.01201108715413963,-0.0032492354151708366,0.791,0.0044505895925854855,-0.0007169475555419922,0.022527072906494142,0,0,1.5,0,0.01201108715413963,0.0032492354151708366,0.709,-0.0044505895925854855,0.006320026617458106,-0.0058610119335235945,0.501817,-0.006918983820405315,0,0,0,0,0,0,0,0
-0.01009276286434862,-0.0026763237836375164,0.814,0.0022340214425528027,0.02881282615661621,0.008465524673461913,0,0,1.5,0,0.01009276286434862,0.0026763237836375164,0.686,-0.0022340214425528027,-0.005907833003715324,-0.0019249911077455512,0.4606343868852465,0.008667133393673507,0,0,0,0,0,0,0,0
-0.005784297059425356,-0.0033434770738900886,0.838,-0.0006632251157578928,0.0646044692993164,-0.010151652336120606,0,0,1.5,0,0.005784297059425356,0.0033434770738900886,0.662,0.0006632251157578928,-0.018905832720930067,0.0050822013149941486,0.4562302695652174,0.013259949282326133,0,0,0,0,0,0,0,0
-0.0005245783991471539,-0.004193668976760625,0.864,-0.003106686068549913,0.07890422058105469,-0.012700550079345703,0,0,1.5,0,0.0005245783991471539,0.004193668976760625,0.636,0.003106686068549913,-0.030362532797346114,0.007085155341974757,0.40931873333333324,0.015323990832510015,0,0,0,0,0,0,0,0
0.006135091927300752,-0.004628927224771542,0.89,-0.0025307274153917314,0.09991485595703126,-0.006218500137329101,0,0,1.5,0,-0.006135091927300752,0.004628927224771542,0.61,0.0025307274153917314,-0.03631332197220252,0.0045228631883473475,0.4144553999999999,0.00006233318757095261,0,0,0,0,0,0,0,0
0.013670963420434857,-0.005281957123479533,0.919,-0.002373647782712318,0.1130625,-0.00950934886932373,0,0,1.5,0,-0.013670963420434857,0.005281957123479533,0.581,0.002373647782712318,-0.05075035904119792,0.006485597147717459,0.3555747333333332,0.0015882496193152518,0,0,0,0,0,0,0,0
0.019873697394703016,-0.007060731323186396,0.947,-0.0022689280275927093,0.09310408020019531,-0.026460691452026366,0,0,1.5,0,-0.019873697394703016,0.007060731323186396,0.553,0.0022689280275927093,-0.039646118943881044,0.012099166956289544,0.37213172465753475,0.0018385728695669195,0,0,0,0,0,0,0,0
0.02580908662074026,-0.00919998770936974,0.976,-0.0020420352248334828,0.08910341644287109,-0.03188675880432129,0,0,1.5,0,-0.02580908662074026,0.00919998770936974,0.524,0.0020420352248334828,-0.04870665128429792,0.0175550674702959,0.31121749999999987,0.0008684517622857596,0,0,0,0,0,0,0,0
0.030887257896558464,-0.014790508831543328,1.005,-0.0019547687622336607,0.07634365081787109,-0.08370209503173828,0,0,1.5,0,-0.030887257896558464,0.014790508831543328,0.4950000000000001,0.0019547687622336607,-0.04120888498480585,0.03580894354089627,0.31933155072463826,0.0015753493596257387,0,0,0,0,0,0,0,0
0.036543874958740626,-0.021787638632955922,1.026,-0.0016057029118347055,0.08505426025390625,-0.10479088592529297,0,0,1.5,0,-0.036543874958740626,0.021787638632955922,0.474,0.0016057029118347055,-0.050756645011857573,0.05111054913773508,0.3320325967213107,-0.00011101438520933643,0,0,0,0,0,0,0,0
0.04003663198413505,-0.028277349056476372,1.051,-0.0012391837689160745,0.052547595977783204,-0.09726140594482421,0,0,1.5,0,-0.04003663198413505,0.028277349056476372,0.44900000000000007,0.0012391837689160745,-0.0377915327256587,0.04714627063553731,0.308810905797102,-0.0003543777220344946,0,0,0,0,0,0,0,0
0.04419584561648655,-0.034332570295343985,1.072,-0.0014311699866353944,0.06250070953369141,-0.09075093841552734,0,0,1.5,0,-0.04419584561648655,0.034332570295343985,0.42799999999999994,0.0014311699866353944,-0.0460455560590071,0.052019075816006705,0.30094149672131076,0.002375364500009099,0,0,0,0,0,0,0,0
0.04709472676248231,-0.0399476206287674,1.094,-0.0020943951023931757,0.04360371398925781,-0.08416343688964843,0,0,1.5,0,-0.04709472676248231,0.0399476206287674,0.4059999999999999,0.0020943951023931757,-0.03836762106111681,0.04859323153136261,0.2950404971014492,0.004977982562209616,0,0,0,0,0,0,0,0
0.049532595577088834,-0.04771191658989861,1.113,-0.0026878070480712553,0.03681187438964844,-0.1163875961303711,0,0,1.5,0,-0.049532595577088834,0.04771191658989861,0.387,0.0026878070480712553,-0.03890007265767078,0.06857158352985505,0.28477900655737765,0.005606226453045417,0,0,0,0,0,0,0,0
0.051390371523189905,-0.05381551087238536,1.133,-0.003368485456349046,0.02811261749267578,-0.09147868347167969,0,0,1.5,0,-0.051390371523189905,0.05381551087238536,0.367,0.003368485456349046,-0.035300149275860705,0.058071535105549424,0.27887842463768114,0.006327956796687266,0,0,0,0,0,0,0,0
0.05392517343674376,-0.05905316786147934,1.15,-0.0038746309394274143,0.03828645706176758,-0.07843633270263672,0,0,1.5,0,-0.05392517343674376,0.05905316786147934,0.3500000000000001,0.0038746309394274143,-0.04172088881819591,0.05981825544459157,0.27132171639344327,0.006363871020140702,0,0,0,0,0,0,0,0
0.054952346104598954,-0.06466073294981597,1.169,-0.0037873644768275923,0.015733382225036622,-0.08405314636230468,0,0,1.5,0,-0.054952346104598954,0.06466073294981597,0.33099999999999996,0.0037873644768275923,-0.032864859728035836,0.06065299567821458,0.26097969999999937,0.003413365351399783,0,0,0,0,0,0,0,0
0.054208196164828804,-0.07011708407351246,1.187,-0.003961897402027126,-0.010852191925048828,-0.08188695526123047,0,0,1.5,0,-0.054208196164828804,0.07011708407351246,0.31299999999999994,0.003961897402027126,-0.02312027564936234,0.06669304989661154,0.24021031147540972,0.004820256050549422,0,0,0,0,0,0,0,0
0.05442986671226721,-0.07614779581155008,1.207,-0.003996803987066921,0.003683427095413208,-0.09044679260253906,0,0,1.5,0,-0.05442986671226721,0.07614779581155008,0.2929999999999999,0.003996803987066921,-0.028617578357446296,0.06777225933935055,0.23237637777777764,0.004142248091399403,0,0,0,0,0,0,0,0
0.05460505278618776,-0.08044967425464636,1.223,-0.003926990816987219,0.0028856759071350098,-0.06451715850830078,0,0,1.5,0,-0.05460505278618776,0.08044967425464636,0.2769999999999999,0.003926990816987219,-0.02871643450648765,0.06661351082882996,0.22185347586206883,0.0035658882131266905,0,0,0,0,0,0,0,0
0.05388638599193066,-0.08338808591278299,1.236,-0.003944444109507117,-0.01060683250427246,-0.044118167877197266,0,0,1.5,0,-0.05388638599193066,0.08338808591278299,0.264,0.003944444109507117,-0.02374433026564391,0.056873535314173884,0.24485320000000055,0.0040192439345923935,0,0,0,0,0,0,0,0
0.05249297300560307,-0.0847580720958311,1.249,-0.005131268000863387,-0.020819974899291993,-0.020632076263427734,0,0,1.5,0,-0.05249297300560307,0.0847580720958311,0.2509999999999999,0.005131268000863387,-0.01867798591279652,0.050778748999105346,0.22639413606557307,0.010968106810812256,0,0,0,0,0,0,0,0
0.05157771179981625,-0.08373766513454167,1.262,-0.003944444109507117,-0.013807276725769042,0.015235456466674804,0,0,1.5,0,-0.05157771179981625,0.08373766513454167,0.238,0.003944444109507117,-0.021608307170831773,0.03728977070741748,0.22628447101449334,-0.0012156597659549262,0,0,0,0,0,0,0,0
0.05029319029729465,-0.08243666367175835,1.274,-0.004485496177625503,-0.019344648361206054,0.01943886947631836,0,0,1.5,0,-0.05029319029729465,0.08243666367175835,0.22599999999999998,0.004485496177625503,-0.018145809540422404,0.034275534114533386,0.21398249999999996,0.007190756518217434,0,0,0,0,0,0,0,0
0.04975460955500589,-0.0800148868149169,1.287,-0.004834562028024236,-0.008241572380065919,0.036290050506591794,0,0,1.5,0,-0.04975460955500589,0.0800148868149169,0.21300000000000008,0.004834562028024236,-0.02271148578256541,0.028600947022245256,0.21007350000000058,0.0063305585297330925,0,0,0,0,0,0,0,0
0.05032785679610679,-0.07597723651603107,1.297,-0.0057421332390612525,0.008305805206298828,0.06060561752319336,0,0,1.5,0,-0.05032785679610679,0.07597723651603107,0.20300000000000007,0.0057421332390612525,-0.029065152068392597,0.015183632422085137,0.20995816666666675,0.010279989294246334,0,0,0,0,0,0,0,0
0.05144921464493728,-0.07116318594612708,1.308,-0.0050090949532236575,0.01640544891357422,0.07230615234375,0,0,1.5,0,-0.05144921464493728,0.07116318594612708,0.19199999999999995,0.0050090949532236575,-0.03184623807700923,0.0126488578722369,0.20662934788732334,0.0019117500834873406,0,0,0,0,0,0,0,0
0.050849324300636344,-0.06567629060062354,1.32,-0.004729842272904627,-0.00941050624847412,0.08225732421875,0,0,1.5,0,-0.050849324300636344,0.06567629060062354,0.17999999999999994,0.004729842272904627,-0.022489802090648804,0.001126015246450146,0.18113025932203386,0.003309913389926503,0,0,0,0,0,0,0,0
0.048925858864237164,-0.0601757582299109,1.333,-0.004852015320544133,-0.029241907119750978,0.08237059783935546,0,0,1.5,0,-0.048925858864237164,0.0601757582299109,0.16700000000000004,0.004852015320544133,-0.01550366182564687,0.0034645894065329745,0.17808570000000057,0.005375614096142019,0,0,0,0,0,0,0,0
0.04736164850697696,-0.05635945931634903,1.348,-0.004241150082346267,-0.02374062919616699,0.057129966735839845,0,0,1.5,0,-0.04736164850697696,0.05635945931634903,0.1519999999999999,0.004241150082346267,-0.015392796974912228,0.007196684028471088,0.14594732622950746,0.001236894812520695,0,0,0,0,0,0,0,0
0.04707931051351991,-0.05495842450345998,1.358,-0.005951572749300691,-0.004324161529541016,0.020997371673583985,0,0,1.5,0,-0.04707931051351991,0.05495842450345998,0.1419999999999999,0.005951572749300691,-0.022826940919954304,0.021324186653712253,0.1742680623188405,0.013388193040406882,0,0,0,0,0,0,0,0
0.045813680097904715,-0.052285585421278744,1.368,-0.004956735075663852,-0.01922273254394531,0.03997888946533203,0,0,1.5,0,-0.045813680097904715,0.052285585421278744,0.1319999999999999,0.004956735075663852,-0.016392407439092645,0.011790397699035893,0.160420850819672,0.00006409077908923425,0,0,0,0,0,0,0,0
0.04303980767563535,-0.04808767327997387,1.377,-0.004153883619746444,-0.04191969299316406,0.06276166915893555,0,0,1.5,0,-0.04303980767563535,0.04808767327997387,0.123,0.004153883619746444,-0.00899931582169939,0.004935531556864478,0.1683451150684937,0.0008544940748803826,0,0,0,0,0,0,0,0
0.04177893391335906,-0.04546034864198951,1.385,-0.004502949470145399,-0.01907664680480957,0.03933096694946289,0,0,1.5,0,-0.04177893391335906,0.04546034864198951,0.11499999999999999,0.004502949470145399,-0.014213157230795345,0.00818984273988992,0.15831667288135592,0.0062778605738689,0,0,0,0,0,0,0,0
0.04011409651451869,-0.04423903790481176,1.396,-0.0041015237421866396,-0.025054800033569337,0.018207025527954102,0,0,1.5,0,-0.04011409651451869,0.04423903790481176,0.10400000000000009,0.0041015237421866396,-0.012564391011457272,0.017089425135581725,0.14270230000000061,0.002381127765220527,0,0,0,0,0,0,0,0
0.037430584525192975,-0.043852670855943444,1.404,-0.00350811179650856,-0.0402761116027832,0.005630360126495361,0,0,1.5,0,-0.037430584525192975,0.043852670855943444,0.09600000000000009,0.00350811179650856,-0.0044211709691437725,0.020848879644839377,0.14673620967741943,0.0006367636722597885,1427120948819,0,0,0,0,0,0,0
0.03425613064154811,-0.043350640152805965,1.413,-0.0030194196059502004,-0.0476429328918457,0.007363369464874267,0,0,1.5,0,-0.03425613064154811,0.043350640152805965,0.08699999999999997,0.0030194196059502004,-0.0019041364533785715,0.02026234799095704,0.13964562608695594,0.0008946709513486368,1427120948819,0,0,0,0,0,0,0
0.030537048003799937,-0.04575018086348925,1.421,-0.0030892327760299026,-0.05567730712890625,-0.0361613883972168,0,0,1.5,0,-0.030537048003799937,0.04575018086348925,0.07899999999999996,0.0030892327760299026,0.00517347369904771,0.03780441504547939,0.13347806065573764,0.003432576235438274,1427120948819,0,0,0,0,0,0,0
0.02577180266916641,-0.04901012835279151,1.427,-0.00350811179650856,-0.07132727813720703,-0.049119792938232425,0,0,1.5,0,-0.02577180266916641,0.04901012835279151,0.07299999999999995,0.00350811179650856,0.009045350882138415,0.0413321948698028,0.14634547671232873,0.005229532428612632,1427120948819,0,0,0,0,0,0,0
0.019838418299824908,-0.05347940490630168,1.437,-0.0025656340004316363,-0.0887650375366211,-0.06735095977783204,0,0,1.5,-0.00350811179650856,-0.019838418299824908,0.05347940490630168,0.06299999999999994,-0.0009424777960769237,-0.009919209149912454,0.02673970245315084,0.05039999999999996,-0.0009424777960769237,1427120948819,0,0,0,0,0,0,0
0.013859054753244985,-0.05680248289970259,1.444,-0.002007128639793463,-0.08956227111816406,-0.05007611846923828,0,0,1.5,-0.00350811179650856,-0.013859054753244985,0.05680248289970259,0.05600000000000005,-0.001500983156715097,0.023837184367659612,0.04554394504543366,0.009151388235294704,-0.003964977394824685,1427120949147,0,0,0,0,0,0,0
0.007408936589195615,-0.06178142751883635,1.45,-0.0025830872929516447,-0.09660167694091797,-0.07487821197509766,0,0,1.5,-0.00350811179650856,-0.007408936589195615,0.06178142751883635,0.050000000000000044,-0.0009250245035569153,0.03520493721697031,0.06101052813604081,0.004463903448275873,0.0020540719782957484,1427120949205,0,0,0,0,0,0,0
0.0008832897705223536,-0.06546946684725147,1.455,-0.0028623399732706756,-0.0977414779663086,-0.05557324981689453,0,0,1.5,-0.00350811179650856,-0.0008832897705223536,0.06546946684725147,0.04499999999999993,-0.0006457718232378844,0.032172249564811815,0.05129521760882712,0.01198579999999937,0.0005510253781293908,1427120949275,0,0,0,0,0,0,0
-0.0046079991164240984,-0.06719134817521918,1.459,-0.002443460952792018,-0.08229506683349609,-0.02606388282775879,0,0,1.5,-0.00350811179650856,0.0046079991164240984,0.06719134817521918,0.040999999999999925,-0.0010646508437165418,0.03379986604735121,0.043636595316871474,0.011085080327868771,-0.0031247116001689554,1427120949336,0,0,0,0,0,0,0
-0.01294047467208314,-0.0697114454181761,1.463,-0.002548180707911738,-0.12489439392089843,-0.038106746673583984,0,0,1.5,-0.00350811179650856,0.01294047467208314,0.0697114454181761,0.03699999999999992,-0.000959931088596822,0.048733817854525255,0.04784819982896711,0.010801344927536153,-0.0005046278054676052,1427120949405,0,0,0,0,0,0,0
-0.019722622716637196,-0.0713239129992739,1.464,-0.002356194490192418,-0.10167025756835937,-0.0244461669921875,0,0,1.5,-0.00350811179650856,0.019722622716637196,0.0713239129992739,0.03600000000000003,-0.0011519173063161419,0.04878470651193145,0.04516670241965102,0.024773095081967872,-0.0020961118196898463,1427120949466,0,0,0,0,0,0,0
-0.02528388042213877,-0.07214468576089131,1.468,-0.0029496064358704977,-0.0833896255493164,-0.012508108139038085,0,0,1.5,-0.00350811179650856,0.02528388042213877,0.07214468576089131,0.03200000000000003,-0.0005585053606380623,0.04087809526842159,0.0405383455585622,0.00724174492753624,0.0020215465770927177,1427120949535,0,0,0,0,0,0,0
-0.030147550436908904,-0.06829511473915517,1.47,-0.002565634000431636,-0.07312505340576173,0.057528125762939454,0,0,1.5,-0.00350811179650856,0.030147550436908904,0.06829511473915517,0.030000000000000027,-0.0009424777960769242,0.04302534542869603,0.012404177388792334,0.014639190163934439,-0.0028308668228254246,1427120949596,0,0,0,0,0,0,0
-0.03389637214157103,-0.06569484375937214,1.471,-0.003089232776029902,-0.056332210540771484,0.038859664916992186,0,0,1.5,-0.00350811179650856,0.03389637214157103,0.06569484375937214,0.028999999999999915,-0.00041887902047865787,0.035761288901401615,0.02023637597434914,0.020517599999999372,0.0018251157320853402,1427120949666,0,0,0,0,0,0,0
-0.03696942296597195,-0.061945287347459625,1.47,-0.0033161255787893507,-0.04626929092407227,0.056100677490234375,0,0,1.5,-0.00350811179650856,0.03696942296597195,0.061945287347459625,0.030000000000000027,-0.0001919862177192093,0.0362085159668306,0.009886891027518215,0.03223830491803345,0.0009238800253600458,1427120949727,0,0,0,0,0,0,0
-0.039553373319441774,-0.05692334774456554,1.473,-0.003647738136668186,-0.039008842468261716,0.07520014953613281,0,0,1.5,-0.00350811179650856,0.039553373319441774,0.05692334774456554,0.026999999999999913,0.00013962634015962606,0.032815671443708345,0.0038199178200937316,0.009289599999999367,0.001560823016783206,1427120949797,0,0,0,0,0,0,0
-0.04041864822166914,-0.050468347464521605,1.472,-0.003804817769347599,-0.013332228660583496,0.09677701568603515,0,0,1.5,-0.00350811179650856,0.04041864822166914,0.050468347464521605,0.028000000000000025,0.0002967059728390389,0.02531790456484844,-0.011303985466215551,0.03099810491803345,0.0010692287565082824,1427120949858,0,0,0,0,0,0,0
-0.04182437536974432,-0.04428746185236554,1.468,-0.004171336912266452,-0.02143851089477539,0.09263238525390625,0,0,1.5,-0.00350811179650856,0.04182437536974432,0.04428746185236554,0.03200000000000003,0.0006632251157578919,0.028215434922399144,-0.008679301393435115,0.04897105507246381,0.002256786606709427,1427120949927,0,0,0,0,0,0,0
-0.042168868157212366,-0.03865932235205643,1.466,-0.004363323129985772,-0.005519498825073242,0.08439980316162109,0,0,1.5,-0.00350811179650856,0.042168868157212366,0.03865932235205643,0.03400000000000003,0.0008552113334772118,0.02329202387078945,-0.012948670979450821,0.042151866666666704,0.0018151424220738113,1427120949987,0,0,0,0,0,0,0
-0.0428129959761865,-0.03531370857233666,1.468,-0.0060562925044202985,-0.009880794525146484,0.050141571044921875,0,0,1.5,-0.00350811179650856,0.0428129959761865,0.03531370857233666,0.03200000000000003,0.0025481807079117385,0.024810221728047754,0.0017419463211855966,0.019253245070422552,0.009701572430874527,1427120950058,0,0,0,0,0,0,0
-0.04267148360374262,-0.028748521134319412,1.464,-0.006038839211900401,0.0015262398719787598,0.09848886108398437,0,0,1.5,-0.00350811179650856,0.04267148360374262,0.028748521134319412,0.03600000000000003,0.0025307274153918407,0.020764301611873707,-0.023327862712516523,0.055861733333333385,0.0024434609527923517,1427120950118,0,0,0,0,0,0,0
-0.042556768967273596,-0.023628690018412567,1.462,-0.007260569688296466,0.0012569234371185302,0.07680645751953125,0,0,1.5,-0.00350811179650856,0.042556768967273596,0.023628690018412567,0.038000000000000034,0.0037524578917879064,0.020970928753967027,-0.01392685595959889,0.044680917647058865,0.0091424452876529,1427120950186,0,0,0,0,0,0,0
-0.04313741223914789,-0.019965209449742186,1.462,-0.006894050545377613,-0.009108400344848633,0.054887523651123045,0,0,1.5,-0.00350811179650856,0.04313741223914789,0.019965209449742186,0.038000000000000034,0.0033859387488690534,0.025156263489189316,-0.010075084588073477,0.034622400000000025,0.0016124590250681519,1427120950248,0,0,0,0,0,0,0
-0.04353571160350187,-0.015164607286801204,1.464,-0.007382742735935973,-0.006470778465270996,0.07196613311767579,0,0,1.5,-0.00350811179650856,0.04353571160350187,0.015164607286801204,0.03600000000000003,0.003874630939427413,0.024099560069387665,-0.01578684256504112,0.02327440000000002,0.005969026041820383,1427120950318,0,0,0,0,0,0,0
-0.04354645126157696,-0.013874593398935705,1.464,-0.009110618695410296,-0.00030394679307937624,0.019348491668701173,0,0,1.5,-0.00350811179650856,0.04354645126157696,0.013874593398935705,0.03600000000000003,0.005602506898901736,0.022202208952850272,0.000054405049221651486,0.03349040000000003,0.014241886696273352,1427120950378,0,0,0,0,0,0,0
-0.04361750872192935,-0.010327640735738192,1.464,-0.009337511498169745,-0.001550534963607788,0.0531923713684082,0,0,1.5,-0.00350811179650856,0.04361750872192935,0.010327640735738192,0.03600000000000003,0.005829399701661185,0.02256562215169839,-0.01217865306901243,0.03373880000000003,0.006815890148441396,1427120950447,0,0,0,0,0,0,0
-0.044017937559640966,-0.01025646934261998,1.462,-0.010437068926926082,-0.006016139030456543,0.0010114400386810303,0,0,1.5,-0.00350811179650856,0.044017937559640966,0.01025646934261998,0.038000000000000034,0.006928957130417522,0.024729793630833854,0.005375446099701585,0.04704600983606561,0.012336616616104426,1427120950508,0,0,0,0,0,0,0
-0.04539948439609751,-0.009862368964658195,1.46,-0.012374384396639845,-0.02078377151489258,0.005694898128509521,0,0,1.5,-0.00350811179650856,0.04539948439609751,0.009862368964658195,0.040000000000000036,0.008866272600131285,0.02996570032306962,0.003651010302938072,0.047313754929577505,0.01705211261300634,1427120950579,0,0,0,0,0,0,0
-0.04631405895665444,-0.010107466554101838,1.458,-0.013351768777756564,-0.013672075271606444,-0.003845937490463257,0,0,1.5,-0.00350811179650856,0.04631405895665444,0.010107466554101838,0.04200000000000004,0.009843656981248004,0.02906531305497471,0.007176239595928814,0.05116680677966107,0.014813408071672,1427120950638,0,0,0,0,0,0,0
-0.04633967208122098,-0.01066581534001763,1.458,-0.015585790220309367,-0.000272341787815094,-0.00837961483001709,0,0,1.5,-0.00350811179650856,0.04633967208122098,0.01066581534001763,0.04200000000000004,0.012077678423800807,0.023813180702158966,0.008800655238266822,0.03959640000000003,0.021652056034741386,1427120950708,0,0,0,0,0,0,0
-0.04590572796387494,-0.007495082778940374,1.464,-0.01722639971718398,0.0057671256065368656,0.04765665817260742,0,0,1.5,-0.00350811179650856,0.04590572796387494,0.007495082778940374,0.03600000000000003,0.013718287920675419,0.020964345772913007,-0.014067897861800738,0.000012399999999995748,0.02192133540504848,1427120950768,0,0,0,0,0,0,0
-0.043747763535922496,-0.004933829788377598,1.463,-0.017732545200262347,0.031702878952026364,0.03897067642211914,0,0,1.5,-0.00350811179650856,0.043747763535922496,0.004933829788377598,0.03699999999999992,0.014224433403753787,0.011657505538168291,-0.009655395689426804,0.04107139999999939,0.01639362833123251,1427120950838,0,0,0,0,0,0,0
-0.04196688561071193,-0.004012369314164553,1.467,-0.019006635554218217,0.026463884353637696,0.01429340171813965,0,0,1.5,-0.00350811179650856,0.04196688561071193,0.004012369314164553,0.03299999999999992,0.015498523757709657,0.011364336485651053,-0.002594481723102826,0.010121880327868774,0.021764541891918853,1427120950899,0,0,0,0,0,0,0
-0.03969551967949285,-0.004148212657243546,1.469,-0.02071705822117275,0.03410306167602539,-0.0013897557258605957,0,0,1.5,-0.00350811179650856,0.03969551967949285,0.004148212657243546,0.030999999999999917,0.01720894642466419,0.009117762757618471,0.0034426287073567215,0.021689699999999923,0.02453932928304075,1427120950969,0,0,0,0,0,0,0
-0.037254731951884786,-0.0057194187984861014,1.47,-0.021258110289290914,0.037092185974121096,-0.02280459976196289,0,0,1.5,-0.00350811179650856,0.037254731951884786,0.0057194187984861014,0.030000000000000027,0.017749998492782353,0.005038622978033919,0.012717815871110363,0.02523636666666733,0.020455258833373173,1427120951029,0,0,0,0,0,0,0
-0.034370866833565654,-0.007798430606575481,1.472,-0.0218864288200089,0.04391109085083008,-0.030258617401123046,0,0,1.5,-0.00350811179650856,0.034370866833565654,0.007798430606575481,0.028000000000000025,0.01837831702350034,0.003642785646616945,0.014846139261824567,0.01980934507042255,0.021033184054703096,1427120951100,0,0,0,0,0,0,0
-0.030368229183503025,-0.010082376110791443,1.472,-0.02197369528260861,0.06077493667602539,-0.03293703079223633,0,0,1.5,-0.00350811179650856,0.030368229183503025,0.010082376110791443,0.028000000000000025,0.01846558348610005,-0.007868840060404572,0.01929424011994891,0.029833700000000022,0.018909311262030784,1427120951159,0,0,0,0,0,0,0
-0.030459520988088826,-0.009558486941076994,1.473,-0.022724186860966108,-0.001541709303855896,0.007826352596282959,0,0,1.5,-0.00350811179650856,0.030459520988088826,0.009558486941076994,0.026999999999999913,0.01921607506445755,0.016399047165473746,0.0028707113650801174,0.024222699999999372,0.022432467543132547,1427120951229,0,0,0,0,0,0,0
-0.02842616793855714,-0.00875871893014895,1.476,-0.02462659574563996,0.03021983337402344,0.012686457633972168,0,0,1.5,-0.00350811179650856,0.02842616793855714,0.00875871893014895,0.02400000000000002,0.0211184839491314,0.0030817411962738624,0.0004302150424661689,0.00946670000000065,0.030630528372500646,1427120951289,0,0,0,0,0,0,0
-0.02660811130723801,-0.007322859894489067,1.476,-0.025167647813758125,0.026732229232788087,0.0222028751373291,0,0,1.5,-0.00350811179650856,0.02660811130723801,0.007322859894489067,0.02400000000000002,0.021659536017249563,0.0049622815242018805,-0.0027965702546567826,0.02713470000000002,0.023978330594898838,1427120951359,0,0,0,0,0,0,0
-0.02476446216477752,-0.007778930285089598,1.481,-0.025289820861397964,0.027818134307861328,-0.006142958164215088,0,0,1.5,-0.00350811179650856,0.02476446216477752,0.007778930285089598,0.018999999999999906,0.021781709064889403,0.0023909787891799577,0.007275838088950375,-0.005917966666667416,0.0223925743030886,1427120951419,0,0,0,0,0,0,0
-0.025306296609037986,-0.008208634682721826,1.48,-0.026127578902355054,-0.007961927890777588,-0.006649026393890381,0,0,1.5,-0.00350811179650856,0.025306296609037986,0.008208634682721826,0.020000000000000018,0.022619467105846496,0.01610549834566153,0.006954368921643246,0.029120277464789297,0.026159289814115902,1427120951490,0,0,0,0,0,0,0
-0.02473731969582881,-0.009369248294824321,1.479,-0.026703537555513236,0.008986549377441406,-0.0171802978515625,0,0,1.5,-0.00350811179650856,0.02473731969582881,0.009369248294824321,0.020999999999999908,0.023195425759004677,0.009845805421081513,0.012192282232180825,0.030950033333332613,0.026075219024795586,1427120951550,0,0,0,0,0,0,0
-0.02303930877468496,-0.009588990868644794,1.48,-0.029426251188624398,0.02554909133911133,-0.002614900827407837,0,0,1.5,-0.00350811179650856,0.02303930877468496,0.009588990868644794,0.020000000000000018,0.02591813939211584,0.003718630201916975,0.006653160096209426,0.01938223623188463,0.03775602475346872,1427120951619,0,0,0,0,0,0,0
-0.020145630302493556,-0.01039574660539873,1.48,-0.02843141351498767,0.043742431640625,-0.010819029808044434,0,0,1.5,-0.00350811179650856,0.020145630302493556,0.01039574660539873,0.020000000000000018,0.02492330171847911,-0.00570589452542508,0.010577169484423025,0.024576700000000014,0.02003065742190504,1427120951680,0,0,0,0,0,0,0
-0.016812514068216614,-0.009073988910240475,1.484,-0.028640853025226887,0.049412921905517576,0.021239639282226563,0,0,1.5,-0.00350811179650856,0.016812514068216614,0.009073988910240475,0.016000000000000014,0.02513274122871833,-0.007664890140047094,-0.0014109426881509486,0.0011972449275362285,0.0260433477949758,1427120951749,0,0,0,0,0,0,0
-0.014784184963401843,-0.007348394768460239,1.487,-0.029845130209103052,0.029671222686767577,0.02674457359313965,0,0,1.5,-0.00350811179650856,0.014784184963401843,0.007348394768460239,0.0129999999999999,0.02633701841259449,-0.0034008788864227195,-0.005465639213134642,0.0019532852459009063,0.032259693087395284,1427120951810,0,0,0,0,0,0,0
-0.012128454256354757,-0.0005851313004945225,1.486,-0.038816122564353954,0.03679091262817383,0.1025925064086914,0,0,1.5,-0.00350811179650856,0.012128454256354757,0.0005851313004945225,0.014000000000000012,0.03530801076784539,-0.0063609539771174945,-0.032762228701214716,0.02506440000000057,0.07375512086177782,1427120951880,0,0,0,0,0,0,0
-0.009221559498581697,0.02672289490060287,1.487,-0.05436700619962341,0.027674694061279297,0.4110039367675781,0,0,1.5,-0.00350811179650856,0.009221559498581697,-0.02672289490060287,0.0129999999999999,0.05085889440311485,-0.011487100972078963,-0.17191277770527663,0.013509066666665934,0.12861331257946212,1427120951940,0,0,0,0,0,0,0
-0.004345547912970546,0.08051371457745464,1.495,-0.041556289489984896,0.02918702697753906,0.8096445922851563,0,0,1.5,-0.00350811179650856,0.004345547912970546,-0.08051371457745464,0.004999999999999893,0.038048177693476334,-0.0203431861671301,-0.29747133328042374,-0.02537726438356177,-0.014598603305038114,1427120952013,0,0,0,0,0,0,0
0.0053739752252225485,0.1548694219984238,1.496,-0.02206096174520832,0.09933110809326172,1.1204295654296874,0,0,1.5,-0.00350811179650856,-0.0053739752252225485,-0.1548694219984238,0.0040000000000000036,0.01855284994869976,-0.06048022170206681,-0.5255360554610691,0.0061676172413799735,-0.08228505217945492,0,0,0,0,0,0,0,0
0.016844257505618278,0.2313063508700928,1.487,-0.017383479349863496,0.1467203369140625,1.1500703125,0,0,1.5,-0.00350811179650856,-0.016844257505618278,-0.2313063508700928,0.0129999999999999,0.013875367553354936,-0.06575728185787211,-0.5029394390897175,0.06514397391304287,-0.006461512426405169,0,0,0,0,0,0,0,0
0.028322393446376878,0.3002494740812537,1.483,-0.017662732030182527,0.15416986083984374,1.0369833984375,0,0,1.5,-0.00350811179650856,-0.028322393446376878,-0.3002494740812537,0.016999999999999904,0.014154620233673967,-0.07610294080871104,-0.5269123131721497,0.04467559999999994,0.015463617172669425,0,1,0,0,0,0,0,0
0.038301983047786446,0.3619641904701691,1.482,-0.018971728969178415,0.13332058715820314,0.92822021484375,0,0,1.5,-0.00350811179650856,-0.038301983047786446,-0.3619641904701691,0.018000000000000016,0.015463617172669855,-0.07047952649700961,-0.5033697918075205,0.028945080597015515,0.021324797496532037,0,1,0,0,0,0,0,0
0.047718479697949505,0.41344921769952175,1.476,-0.019634954084936197,0.1265715103149414,0.7748159790039062,0,0,1.5,-0.00350811179650856,-0.047718479697949505,-0.41344921769952175,0.02400000000000002,0.01612684228842764,-0.0780137852175524,-0.5072993909630396,0.06366520000000005,0.019442967867216554,0,1,0,0,0,0,0,0
0.0561962191765823,0.4553206449872783,1.475,-0.01900663555421821,0.11481021881103516,0.6304470825195313,0,0,1.5,-0.00350811179650856,-0.0561962191765823,-0.4553206449872783,0.02499999999999991,0.01549852375770965,-0.07036489289637379,-0.4406112481838481,0.0347101637681153,0.01276670405893579,0,1,0,0,0,0,0,0
0.06236821933390586,0.4858059970006379,1.473,-0.017802358370342154,0.08387244415283203,0.45895721435546877,0,0,1.5,-0.00350811179650856,-0.06236821933390586,-0.4858059970006379,0.026999999999999913,0.014294246573833594,-0.06589902690471273,-0.4186749221872662,0.04287780983606551,0.008371571899033314,0,1,0,0,0,0,0,0
0.06652322786642097,0.5060537177422578,1.472,-0.017540558982543024,0.056908679962158204,0.30477716064453125,0,0,1.5,-0.00350811179650856,-0.06652322786642097,-0.5060537177422578,0.028000000000000025,0.014032447186034464,-0.05338502443627785,-0.3554756696935811,0.037398400000000574,0.01291044980975248,0,1,0,0,0,0,0,0
0.07088901496016253,0.5113065107357303,1.472,-0.017505652397503117,0.0640947494506836,0.07992839050292969,0,0,1.5,-0.00350811179650856,-0.07088901496016253,-0.5113065107357303,0.028000000000000025,0.013997540600994557,-0.06030250010970832,-0.287811538850582,0.03256640000000001,0.013823007675795024,0,1,0,0,0,0,0,0
0.07268238878244741,0.5064643654639274,1.473,-0.01670280094158571,0.02816789436340332,-0.07215016174316406,0,0,1.5,-0.00350811179650856,-0.07268238878244741,-0.5064643654639274,0.026999999999999913,0.013194689145077149,-0.04474984242426373,-0.23089297244956786,0.026955399999999366,0.009753897191145399,0,1,0,0,0,0,0,0
0.07195169264605714,0.49271658814983293,1.477,-0.016947147036864944,-0.0075146775245666505,-0.20637095642089845,0,0,1.5,-0.00350811179650856,-0.07195169264605714,-0.49271658814983293,0.02299999999999991,0.013439035240356384,-0.03126899696180425,-0.1696496777632075,0.005944880327868753,0.01464073734828705,0,1,0,0,0,0,0,0
0.07114191190389538,0.46716292890948014,1.479,-0.017400932642383397,-0.005649353504180908,-0.3834556884765625,0,0,1.5,-0.00350811179650856,-0.07114191190389538,-0.46716292890948014,0.020999999999999908,0.013892820845874837,-0.030998129850557547,-0.10645586943160715,0.01729567246376803,0.01586580173943333,0,1,0,0,0,0,0,0
0.0722438388659047,0.433592267947766,1.481,-0.018622663118779463,0.02528837203979492,-0.5031960754394531,0,0,1.5,-0.00350811179650856,-0.0722438388659047,-0.433592267947766,0.018999999999999906,0.015114551322270903,-0.04202327729723779,-0.026936494372030495,0.014481090163934333,0.021123061861923684,0,1,0,0,0,0,0,0
0.07332997712596696,0.3941769021683966,1.483,-0.01954768762233649,0.027298898696899415,-0.5908245849609375,0,0,1.5,-0.00350811179650856,-0.07332997712596696,-0.3941769021683966,0.016999999999999904,0.016039575825827927,-0.04172583696233459,-0.0030464529186552403,0.014475499999999907,0.02000396655535803,0,1,0,0,0,0,0,0
0.07329694976514547,0.3494877965049674,1.478,-0.020734511513692648,0.012607379913330078,-0.6702182006835937,0,0,1.5,-0.00350811179650856,-0.07329694976514547,-0.3494877965049674,0.02200000000000002,0.017226399717184086,-0.0361299505466796,0.08269802804164655,0.05777416666666734,0.02316051917396488,0,1,0,0,0,0,0,0
0.07268266012086609,0.2982906466216721,1.482,-0.021048670779051586,0.006709713459014893,-0.7679832153320313,0,0,1.5,-0.00350811179650856,-0.07268266012086609,-0.2982906466216721,0.018000000000000016,0.017540558982543024,-0.03294965440107932,0.10710002054760501,0.00524184492753622,0.01890646883192971,0,1,0,0,0,0,0,0
0.07068564065363453,0.24513770895830153,1.48,-0.022148228207807923,-0.01316791534423828,-0.7977479248046875,0,0,1.5,-0.00350811179650856,-0.07068564065363453,-0.24513770895830153,0.020000000000000018,0.01864011641129936,-0.023837434735968558,0.17388572235010802,0.03854602258064518,0.023960555582700993,0,1,0,0,0,0,0,0
0.06781719468944365,0.19277818788217713,1.481,-0.02356194490192342,-0.025622499465942382,-0.786153076171875,0,0,1.5,-0.00350811179650856,-0.06781719468944365,-0.19277818788217713,0.018999999999999906,0.020053833105414857,-0.019173414386488452,0.1654673333488869,0.02151433623188341,0.026200427427656145,0,1,0,0,0,0,0,0
0.06391782155308212,0.1378272155762397,1.478,-0.02525491427635795,-0.03905488204956055,-0.825413818359375,0,0,1.5,-0.00350811179650856,-0.06391782155308212,-0.1378272155762397,0.02200000000000002,0.021746802479849392,-0.009439353491865199,0.24255943537627067,0.046334114754099015,0.030072881370511038,0,1,0,0,0,0,0,0
0.05845185002878052,0.08327637574693085,1.479,-0.027768188399229784,-0.06130047225952148,-0.8200720825195312,0,0,1.5,-0.00350811179650856,-0.05845185002878052,-0.08327637574693085,0.020999999999999908,0.024260076602721226,-0.001394209413407406,0.23119208909566424,0.023393436231883405,0.03518735539781615,1427120953312,1,0,0,0,0,0,0
0.054225355569190184,0.03218469528101548,1.475,-0.030857421175259688,-0.0420948600769043,-0.7678399658203126,0,0,1.5,-0.00350811179650856,-0.054225355569190184,-0.03218469528101548,0.02499999999999991,0.02734930937875113,-0.0027896041182529883,0.27316012438987763,0.05476921967213109,0.042542257457586725,1427120953312,0,0,0,0,0,0,0
0.050465584861529605,-0.007645135065253668,1.481,-0.032323497746935104,-0.03793695068359375,-0.5989030151367187,0,0,1.5,-0.00350811179650856,-0.050465584861529605,0.007645135065253668,0.018999999999999906,0.028815385950426542,-0.006396569182352676,0.19908055660906132,-0.0028486000000001073,0.035098571257606875,1427120953312,0,0,0,0,0,0,0
0.0462056078059699,-0.03843387566927453,1.482,-0.03441789284932817,-0.04894087982177735,-0.46365496826171876,0,0,1.5,-0.00350811179650856,-0.0462056078059699,0.03843387566927453,0.018000000000000016,0.030909781052819607,0.001756708599872335,0.19494982236191596,0.02062606666666731,0.04138175656478493,1427120953312,0,0,0,0,0,0,0
0.039407667876841995,-0.06398656261519511,1.488,-0.03715805977495935,-0.08871926879882812,-0.38657217407226563,0,0,1.5,-0.00350811179650856,-0.039407667876841995,0.06398656261519511,0.01200000000000001,0.033649947978450785,0.014267926685130376,0.15593340430152142,-0.008256600000000024,0.045393520516870116,1427120953312,0,0,0,0,0,0,0
0.033069311531624096,-0.0817234181436856,1.491,-0.04036946559862875,-0.08512598419189453,-0.26940118408203123,0,0,1.5,-0.00350811179650856,-0.033069311531624096,0.0817234181436856,0.008999999999999897,0.03686135380212019,0.020401308972285256,0.14055242196991113,0.0018973999999992441,0.05291838292046721,1427120953633,0,0,0,0,0,0,0
0.026838538487401295,-0.10338873626600806,1.501,-0.04125958351714598,-0.08026975250244141,-0.32848696899414065,0,0,1.5,-0.00350811179650856,-0.026838538487401295,0.10338873626600806,-0.0009999999999998899,0.03775147172063742,0.018129802069909558,0.15788796987642112,-0.03933413768115825,0.04162154962723407,0,0,0,0,0,0,0,0
0.019732791127044007,-0.12050718067385797,1.505,-0.043563418129778486,-0.09590400695800781,-0.26095458984375,0,0,1.5,-0.00350811179650856,-0.019732791127044007,0.12050718067385797,-0.004999999999999893,0.040055306333269924,0.03083594980914759,0.1548447429283621,-0.014790819672131092,0.051385640493757656,0,0,0,0,0,0,0,0
0.016380727038327554,-0.14662970844691656,1.51,-0.046321038347929555,-0.03316885757446289,-0.3936558837890625,0,0,1.5,-0.00350811179650856,-0.016380727038327554,0.14662970844691656,-0.010000000000000009,0.04281292655142099,0.008490154212340742,0.20040070380810582,-0.02091000000000059,0.054631298914925575,0,0,0,0,0,0,0,0
0.018352564244071036,-0.18087956870974714,1.509,-0.04773475504204494,0.05333465957641602,-0.5118272705078125,0,0,1.5,-0.00350811179650856,-0.018352564244071036,0.18087956870974714,-0.008999999999999897,0.04422664324553638,-0.020581099931256546,0.2835389232831199,0.010572804918033502,0.05117934829856287,0,0,0,0,0,0,0,0
0.02094494513533143,-0.21811228532564542,1.514,-0.04756022211684541,0.06549071502685547,-0.5559990844726562,0,0,1.5,-0.00350811179650856,-0.02094494513533143,0.21811228532564542,-0.014000000000000012,0.044052110320336846,-0.023540036261829038,0.29195595159830956,-0.024262900000000594,0.043304112069481704,0,0,0,0,0,0,0,0
0.021320300387703984,-0.2507369354247706,1.517,-0.04953244417159908,0.02888972282409668,-0.4885487060546875,0,0,1.5,-0.00350811179650856,-0.021320300387703984,0.2507369354247706,-0.016999999999999904,0.046024332375090515,-0.012968173917452537,0.31256559464119926,-0.0192648999999993,0.05588544264885886,0,0,0,0,0,0,0,0
0.021203821790862214,-0.26306129753780544,1.519,-0.04900884539600071,0.007408056735992432,-0.18472520446777344,0,0,1.5,-0.00350811179650856,-0.021203821790862214,0.26306129753780544,-0.018999999999999906,0.045500733599492145,-0.010152812004569838,0.19022327025960373,-0.01349789999999994,0.0432567388469277,0,0,0,0,0,0,0,0
0.018646098018353593,-0.25931527845590086,1.518,-0.04839798015780284,-0.041072509765625,0.05424330520629883,0,0,1.5,-0.00350811179650856,-0.018646098018353593,0.25931527845590086,-0.018000000000000016,0.04488986836129428,0.005452524578298231,0.10503226134277407,0.00302743333333267,0.04183554217030495,0,0,0,0,0,0,0,0
0.014156495002637694,-0.25392965477917906,1.521,-0.04799655442984397,-0.0711734619140625,0.0774317169189453,0,0,1.5,-0.00350811179650856,-0.014156495002637694,0.25392965477917906,-0.020999999999999908,0.04448844263333541,0.015215376278600205,0.09744085985692637,-0.02035289999999939,0.04276804665636882,0,0,0,0,0,0,0,0
0.011146279586531298,-0.25085409697212213,1.533,-0.04876449930072158,-0.047314624786376956,0.04391387176513672,0,0,1.5,-0.00350811179650856,-0.011146279586531298,0.25085409697212213,-0.03299999999999992,0.04525638750421302,0.011825371067609301,0.10504095792069142,-0.0851509,0.049096111858601084,0,0,0,0,0,0,0,0
0.010105665734558561,-0.25008829577798064,1.533,-0.049602257341678786,-0.01615058898925781,0.010712489128112793,0,0,1.5,-0.00350811179650856,-0.010105665734558561,0.25008829577798064,-0.03299999999999992,0.046094145545170224,-0.000017916639842149515,0.11894486703445654,-0.015381899999999943,0.049684537149272526,0,0,0,0,0,0,0,0
0.00900345805691706,-0.2526825001182618,1.534,-0.050125856117277164,-0.014583395957946778,-0.0396849479675293,0,0,1.5,-0.00350811179650856,-0.00900345805691706,0.2526825001182618,-0.03400000000000003,0.0466177443207686,0.0017542606505228592,0.13935544332701577,-0.022219233333334018,0.04923573819876049,0,0,0,0,0,0,0,0
0.009422396464276341,-0.270874261245206,1.525,-0.04954989746411898,0.019948619842529297,-0.27221881103515627,0,0,1.5,-0.00350811179650856,-0.009422396464276341,0.270874261245206,-0.02499999999999991,0.04604178566761042,-0.006986041053720266,0.2244668828564403,0.03563910000000065,0.04357339143978964,0,0,0,0,0,0,0,0
0.010404463358082946,-0.28424940869865367,1.522,-0.048450340035362534,0.024649913787841798,-0.19965135192871095,0,0,1.5,-0.00350811179650856,-0.010404463358082946,0.28424940869865367,-0.02200000000000002,0.04494222823885397,-0.011023539232906939,0.21711169241080955,0.010118014754097718,0.03953456875316652,0,0,0,0,0,0,0,0
0.012035663184096504,-0.29284432332995763,1.519,-0.04829326040268312,0.030683238983154296,-0.12758740997314452,0,0,1.5,-0.00350811179650856,-0.012035663184096504,0.29284432332995763,-0.018999999999999906,0.04478514860617456,-0.014142438375651944,0.18665818332948197,0.009751433333333956,0.044130650136677003,0,0,0,0,0,0,0,0
0.011829528077857285,-0.28467961790197416,1.517,-0.04548328030697225,-0.00900062656402588,0.12217852783203124,0,0,1.5,-0.00350811179650856,-0.011829528077857285,0.28467961790197416,-0.016999999999999904,0.041975168510463685,-0.004872869605593466,0.09169033564620721,0.008738465517241459,0.027440788705062617,0,0,0,0,0,0,0,0
0.012559323492661954,-0.2675739608336525,1.513,-0.04389503068765733,-0.0007306874990463257,0.2568172302246094,0,0,1.5,-0.00350811179650856,-0.012559323492661954,0.2675739608336525,-0.0129999999999999,0.04038691889114877,-0.010088186207949835,0.04827359715421865,0.019495509859155026,0.03367600500671953,0,0,0,0,0,0,0,0
0.011412658246054213,-0.23785654478971396,1.511,-0.04298745947662031,-0.03674383163452148,0.4445771179199219,0,0,1.5,-0.00350811179650856,-0.011412658246054213,0.23785654478971396,-0.010999999999999899,0.03947934768011175,0.0008782474406433772,-0.058410870094777634,0.013176706779661106,0.034864578810432,0,0,0,0,0,0,0,0
0.011151260644394154,-0.20093124309761962,1.511,-0.04351105825221857,-0.02771988296508789,0.5531993408203125,0,0,1.5,-0.00350811179650856,-0.011151260644394154,0.20093124309761962,-0.010999999999999899,0.04000294645571001,-0.004475069727805451,-0.08774737715013066,0.0012364000000000784,0.04227946287135462,0,0,0,0,0,0,0,0
0.013376641301805174,-0.1590530008098863,1.505,-0.043371431912059166,0.006025240421295166,0.6290310668945313,0,0,1.5,-0.00350811179650856,-0.013376641301805174,0.1590530008098863,-0.004999999999999893,0.039863320115550605,-0.019690427213720364,-0.16157221773650055,0.040432129508196836,0.03917663319673386,0,0,0,0,0,0,0,0
0.01813431921872359,-0.11406695851713525,1.497,-0.04354596483725859,0.04204059600830078,0.6772503051757812,0,0,1.5,-0.00350811179650856,-0.01813431921872359,0.11406695851713525,0.0029999999999998916,0.04003785304075003,-0.03310177223770251,-0.16863060674277322,0.05242689999999883,0.04078585129160469,0,0,0,0,0,0,0,0
0.021988269468479323,-0.07319338220954061,1.495,-0.04223696789826281,0.031064699172973633,0.6150390014648438,0,0,1.5,-0.00350811179650856,-0.021988269468479323,0.07319338220954061,0.004999999999999893,0.03872885610175425,-0.033366599924241215,-0.19861305526734166,0.025532809836065495,0.03229116623784059,1427120955066,0,0,0,0,0,0,0
0.0257429613282756,-0.03622898534357102,1.497,-0.04010766621082973,0.03285815048217773,0.5563495483398437,0,0,1.5,-0.00350811179650856,-0.0257429613282756,0.03622898534357102,0.0029999999999998916,0.03659955441432117,-0.031922595924173375,-0.1673713579427597,0.0024783999999998998,0.02747397575389367,1427120955066,0,0,0,0,0,0,0
0.029402041576974482,-0.003382763835050505,1.495,-0.0384146968363952,0.03508658218383789,0.49449786376953125,0,0,1.5,-0.00350811179650856,-0.029402041576974482,0.003382763835050505,0.004999999999999893,0.03490658503988664,-0.03634095275856444,-0.190573413508574,0.02577506666666659,0.026441738167714002,1427120955066,0,0,0,0,0,0,0
0.03316877913066467,0.025034531880865067,1.498,-0.03665191429188086,0.04008877944946289,0.4281148986816406,0,0,1.5,-0.00350811179650856,-0.03316877913066467,-0.025034531880865067,0.0020000000000000018,0.0331438024953723,-0.03573659266517511,-0.15528310531872325,-0.0032775999999994573,0.02558902016173941,1427120955066,0,0,0,0,0,0,0
0.036394924860371165,0.046349059488529396,1.506,-0.034365532971768364,0.036644035339355466,0.32127645874023436,0,0,1.5,-0.00350811179650856,-0.036394924860371165,-0.046349059488529396,-0.006000000000000005,0.030857421175259803,-0.03646193839594222,-0.14229713271525715,-0.039159844444444494,0.01996989107948601,1427120955066,0,0,0,0,0,0,0
0.03994935263421917,0.06206913169435189,1.514,-0.032114058236695664,0.04518310165405273,0.23749374389648437,0,0,1.5,-0.00350811179650856,-0.03994935263421917,-0.06206913169435189,-0.014000000000000012,0.028605946440187102,-0.03837339160371009,-0.11152545095043673,-0.04179171014492758,0.018816925852914494,1427120955398,0,0,0,0,0,0,0
0.04020320889112873,0.07316132484665383,1.515,-0.030333822399661425,-0.0015364311933517456,0.16641937255859374,0,0,1.5,-0.00350811179650856,-0.04020320889112873,-0.07316132484665383,-0.014999999999999902,0.026825710603152864,-0.02202582269958144,-0.10431013273165426,-0.008133482758619952,0.017617594204699907,1427120955456,0,0,0,0,0,0,0
0.04096949810524432,0.0783410730788834,1.518,-0.02912954521578537,0.009132588386535644,0.07800909423828126,0,0,1.5,-0.00350811179650856,-0.04096949810524432,-0.0783410730788834,-0.018000000000000016,0.025621433419276807,-0.02468364648622011,-0.06555395083567667,-0.019415532394366775,0.02053293827613854,1427120955527,0,0,0,0,0,0,0
0.042583482310941646,0.0781462458519645,1.516,-0.02855358656262719,0.024284608840942384,-0.0022160489559173583,0,0,1.5,-0.00350811179650856,-0.042583482310941646,-0.0781462458519645,-0.016000000000000014,0.025045474766118632,-0.031153614503608193,-0.03883296265382336,0.00854386666666666,0.022165681500327758,1427120955587,0,0,0,0,0,0,0
0.04228570073275465,0.0737214114637431,1.511,-0.02621484536495478,-0.0025699870586395265,-0.06647298431396484,0,0,1.5,-0.00350811179650856,-0.04228570073275465,-0.0737214114637431,-0.010999999999999899,0.02270673356844622,-0.020192964514064774,-0.016595894851526013,0.02476950273972666,0.0130954683725322,1427120955660,0,0,0,0,0,0,0
0.0399112383486776,0.06711882546280407,1.513,-0.025237460983838056,-0.03300870895385742,-0.09993834686279297,0,0,1.5,-0.00350811179650856,-0.0399112383486776,-0.06711882546280407,-0.0129999999999999,0.021729349187329494,-0.005876170440372848,0.005994375765455737,-0.0131579017543859,0.016585220865662515,1427120955717,0,0,0,0,0,0,0
0.04025112170169166,0.05607542588512448,1.512,-0.025359634031477677,0.009276793479919434,-0.16546958923339844,0,0,1.5,-0.00350811179650856,-0.04025112170169166,-0.05607542588512448,-0.01200000000000001,0.02185152223496912,-0.02235373685007058,0.026151625901965767,0.004838799999999434,0.02237512101056751,1427120955787,0,0,0,0,0,0,0
0.0397507806355364,0.042952634356305884,1.512,-0.025394540616517365,-0.0025113999843597414,-0.19696888732910156,0,0,1.5,-0.00350811179650856,-0.0397507806355364,-0.042952634356305884,-0.01200000000000001,0.021886428820008803,-0.017509343801065006,0.05401986944880516,-0.000233200000000015,0.022060961745207226,1427120955847,0,0,0,0,0,0,0
0.03884490361868547,0.02709864747389696,1.513,-0.024748768793279596,-0.0075453524589538575,-0.23807815551757813,0,0,1.5,-0.00350811179650856,-0.03884490361868547,-0.02709864747389696,-0.0129999999999999,0.021240656996771037,-0.015537050465309414,0.06353146206144056,-0.006055077464788115,0.018512043659146674,1427120955918,0,0,0,0,0,0,0
0.03469104031982141,0.007200650471139568,1.513,-0.024923301718479125,-0.05490285873413086,-0.2999204406738281,0,0,1.5,-0.00350811179650856,-0.03469104031982141,-0.007200650471139568,-0.0129999999999999,0.021415189921970564,0.006695384484609445,0.11336172098705677,-0.0012021999999999242,0.02230264547383256,1427120955977,0,0,0,0,0,0,0
0.03164900307535751,-0.013916253222140382,1.513,-0.02546435378659729,-0.037722660064697267,-0.31779232788085937,0,0,1.5,-0.00350811179650856,-0.03164900307535751,0.013916253222140382,-0.0129999999999999,0.021956241990088728,-0.0012371269154057406,0.11147546740675729,-0.001293199999999925,0.024275036567738002,1427120956047,0,0,0,0,0,0,0
0.02991728913933636,-0.03489438161743348,1.513,-0.02635447170511441,-0.017955236434936524,-0.31523129272460937,0,0,1.5,-0.00350811179650856,-0.02991728913933636,0.03489438161743348,-0.0129999999999999,0.022846359908605847,-0.0054977419164082796,0.1387733654061843,-0.0013711999999999232,0.027296949501191443,1427120956107,0,0,0,0,0,0,0
0.028129244912386928,-0.05237381943605252,1.513,-0.026197392072434995,-0.01990222930908203,-0.2628072814941406,0,0,1.5,-0.00350811179650856,-0.028129244912386928,0.05237381943605252,-0.0129999999999999,0.022689280275926434,-0.005911053666395853,0.11134409685592403,-0.0014634999999999232,0.022025563518126096,1427120956178,0,0,0,0,0,0,0
0.026114978588093366,-0.06942752100473669,1.515,-0.02528982086139798,-0.023502956390380858,-0.2565091857910156,0,0,1.5,-0.00350811179650856,-0.026114978588093366,0.06942752100473669,-0.014999999999999902,0.021781709064889417,-0.001984005126905006,0.1332262872023529,-0.014820166666666601,0.01724385300970433,1427120956238,0,0,0,0,0,0,0
0.023101392287862718,-0.0866325623639591,1.513,-0.02518510110627826,-0.03866334915161133,-0.25913616943359374,0,0,1.5,-0.00350811179650856,-0.023101392287862718,0.0866325623639591,-0.0129999999999999,0.021676989309769697,0.003043268490829783,0.12968060745626284,0.008501727536231971,0.02122168602664048,1427120956307,0,0,0,0,0,0,0
0.019508757535347716,-0.09986362098150368,1.515,-0.02518510110627826,-0.048874576568603514,-0.199760009765625,0,0,1.5,-0.00350811179650856,-0.019508757535347716,0.09986362098150368,-0.014999999999999902,0.021676989309769697,0.009822185752570173,0.12377756322420347,-0.014626522580645092,0.021676989309769697,1427120956369,0,0,0,0,0,0,0
0.01796550559585839,-0.11273510021171043,1.517,-0.023369958684204002,-0.018279409408569335,-0.19359390258789064,0,0,1.5,-0.00350811179650856,-0.01796550559585839,0.11273510021171043,-0.016999999999999904,0.01986184688769544,-0.001756198944578272,0.1218487635134103,-0.015345917647058756,0.011853865613838428,0,0,0,0,0,0,0,0
0.01261011579933479,-0.11994637171941726,1.517,-0.021345376751890528,-0.07778123474121093,-0.11001669311523438,0,0,1.5,-0.00350811179650856,-0.01261011579933479,0.11994637171941726,-0.016999999999999904,0.017837264955381966,0.023698241644464595,0.10065345380534052,-0.005155499999999924,0.007880304632528817,0,0,0,0,0,0,0,0
0.007106215038993809,-0.12645590763978393,1.521,-0.020856684561332283,-0.08045563507080078,-0.09938290405273438,0,0,1.5,-0.00350811179650856,-0.007106215038993809,0.12645590763978393,-0.020999999999999908,0.017348572764823725,0.022849405395071798,0.09471111904418125,-0.028222909859154873,0.015283676185000167,0,0,0,0,0,0,0,0
0.0028515757559157418,-0.12895192108129408,1.52,-0.020734511513692665,-0.06302488708496094,-0.03876302719116211,0,0,1.5,-0.00350811179650856,-0.0028515757559157418,0.12895192108129408,-0.020000000000000018,0.017226399717184107,0.023082523027886125,0.07875280521789103,-0.0018903966101701582,0.016605180830880965,0,0,0,0,0,0,0,0
-0.001735356922452203,-0.12944602618055862,1.524,-0.020228366030614297,-0.06863553619384766,-0.008836498260498047,0,0,1.5,-0.00350811179650856,0.001735356922452203,0.12944602618055862,-0.02400000000000002,0.01672025423410574,0.02274947585668893,0.06672063440989409,-0.030911309859154967,0.01458161134785911,0,0,0,0,0,0,0,0
0.000588311105757704,-0.12648553145355754,1.525,-0.026912977065752585,0.033949661254882815,0.04510334777832031,0,0,1.5,-0.00350811179650856,-0.000588311105757704,0.12648553145355754,-0.02499999999999991,0.023404865269244027,-0.014579081272422915,0.045610996428521094,-0.017976333333332623,0.05682792044493547,0,0,0,0,0,0,0,0
0.01746279884173449,-0.12386713741692525,1.521,-0.006492624817418868,0.25196875,0.046073005676269534,0,0,1.5,-0.00350811179650856,-0.01746279884173449,0.12386713741692525,-0.020999999999999908,0.0029845130209103076,-0.09506887195331337,0.048375111427727435,0.01120195507246386,-0.08579962718923627,0,0,0,0,0,0,0,0
0.046582845036297,-0.1207365512383595,1.521,0.02352703831688351,0.4364866027832031,0.04979376602172852,0,0,1.5,-0.00350811179650856,-0.046582845036297,0.1207365512383595,-0.020999999999999908,-0.027035150113392067,-0.19114431520369096,0.04220279680308593,-0.009215999999999922,-0.17467283765914143,0,0,0,0,0,0,0,0
0.08386612723341685,-0.11824940986819944,1.522,0.04701917004872723,0.5599721069335938,0.024140531539916993,0,0,1.5,-0.00350811179650856,-0.08386612723341685,0.11824940986819944,-0.02200000000000002,-0.05052728184523579,-0.2291788413130303,0.046568673567195545,-0.015170000000000572,-0.1512078464102803,0,0,0,0,0,0,0,0
0.11120771765611362,-0.11270386279812152,1.525,0.060405845411523704,0.4135803527832031,0.06381469345092773,0,0,1.5,-0.00350811179650856,-0.11120771765611362,0.11270386279812152,-0.02499999999999991,-0.06391395720803227,-0.21599256096843755,0.023950204625181146,-0.030219999999999296,-0.13084733402201465,0,0,0,0,0,0,0,0
0.20792894759690897,-0.11275208898908698,1.529,0.06660176425610352,1.448128662109375,-0.08830670166015625,0,0,1.5,-0.00350811179650856,-0.20792894759690897,0.11275208898908698,-0.028999999999999915,-0.07010987605261208,-0.6028318168135245,0.056645766843867476,-0.03640995507246371,-0.09704865363774172,0,0,0,0,0,0,0,0
0.3274534620103212,-0.1127267438089354,1.532,0.06359979794267343,1.7889180908203124,-0.11894055938720703,0,0,1.5,-0.00350811179650856,-0.3274534620103212,0.1127267438089354,-0.03200000000000003,-0.06710790973918199,-0.8397023971884873,0.05631180879636442,-0.03592841475409904,-0.05234414098460774,0,0,0,0,0,0,0,0
0.45806116775089106,-0.11791467461968923,1.54,0.05895722213236851,1.950208740234375,-0.202177001953125,0,0,1.5,-0.00350811179650856,-0.45806116775089106,0.11791467461968923,-0.040000000000000036,-0.06246533392887707,-0.8836302595678489,0.08507339169254843,-0.06539530000000005,-0.042568580456141716,0,0,0,0,0,0,0,0
0.5754226160682802,-0.11948032090991946,1.546,0.05265658353266886,1.755979248046875,-0.12717334747314454,0,0,1.5,-0.00350811179650856,-0.5754226160682802,0.11948032090991946,-0.04600000000000004,-0.05616469532917742,-0.9742261571114382,0.06912118566945004,-0.06547130000000007,-0.02466150233067918,0,0,0,0,0,0,0,0
0.6785948029803507,-0.1169532702053649,1.555,0.04710643651132693,1.547432861328125,-0.04359954833984375,0,0,1.5,-0.00350811179650856,-0.6785948029803507,0.1169532702053649,-0.05499999999999994,-0.05061454830783549,-0.8650092124521904,0.04598704824155992,-0.0837029739130429,-0.026483474302000997,0,0,0,0,0,0,0,0
0.7726820482422425,-0.11159847490472534,1.562,0.04181808887778413,1.413525390625,0.013775690078735352,0,0,1.5,-0.00350811179650856,-0.7726820482422425,0.11159847490472534,-0.062000000000000055,-0.045326200674292695,-0.9203323928298014,0.025968531635954188,-0.08355132903225876,-0.019737421802311434,0,0,0,0,0,0,0,0
0.853901280547184,-0.10392316021216293,1.568,0.03570943649580403,1.2220364990234376,0.06409741973876953,0,0,1.5,-0.00350811179650856,-0.853901280547184,0.10392316021216293,-0.06800000000000006,-0.03921754829231259,-0.8423751391413385,0.01349850873208032,-0.07973918260869572,-0.012658190109790388,0,0,0,0,0,0,0,0
0.9241265139839897,-0.09465710080821714,1.568,0.02909463863074544,1.057669189453125,0.10129472351074219,0,0,1.5,-0.00350811179650856,-0.9241265139839897,0.09465710080821714,-0.06800000000000006,-0.032602750427254,-0.8625118705587271,-0.004451477741464968,-0.04972600000000005,-0.0005956639834221386,0,1,0,0,0,0,0,0
0.9808910238436869,-0.08295116122742878,1.573,0.021903882112528784,0.8562152709960937,0.15074513244628907,0,0,1.5,-0.00350811179650856,-0.9808910238436869,0.08295116122742878,-0.07299999999999995,-0.025411993909037346,-0.7830740904718789,-0.017316765764931213,-0.07959201884057913,0.005852164865817681,0,1,0,0,0,0,0,0
1.0188402245047898,-0.06788991818708216,1.582,0.014957471689591363,0.574049560546875,0.21339692687988282,0,0,1.5,-0.00350811179650856,-1.0188402245047898,0.06788991818708216,-0.08200000000000007,-0.018465583486099925,-0.7360944125487267,-0.0532859500075776,-0.11442170000000075,0.01626646862858718,0,1,0,0,0,0,0,0
1.0456242206878614,-0.054233907937295864,1.566,0.008726646259971639,0.40477877807617185,0.1988081512451172,0,0,1.5,-0.00350811179650856,-1.0456242206878614,0.054233907937295864,-0.06600000000000006,-0.012234758056480199,-0.6627679913203346,-0.04049879157715753,0.030416300000000014,0.014468779499032908,0,1,0,0,0,0,0,0
1.0541054301669341,-0.038599149874291146,1.556,0.005742133239061343,0.1292598571777344,0.2334022674560547,0,0,1.5,-0.00350811179650856,-1.0541054301669341,0.038599149874291146,-0.05600000000000005,-0.009250245035569902,-0.5831948003638707,-0.07121571523733135,0.016413633333333344,0.005672320068981584,0,0,0,0,0,0,0,0
1.0516784945500202,-0.024758867749755064,1.537,0.0023038346126324828,-0.035211349487304686,0.20780984497070312,0,0,1.5,-0.00350811179650856,-1.0516784945500202,0.024758867749755064,-0.03699999999999992,-0.005811946409141042,-0.5211091074557713,-0.05611718034732745,0.0680213000000007,0.008923619132696924,0,0,0,0,0,0,0,0
1.0411901435283446,-0.011730894936642644,1.521,-0.001029744258676768,-0.1568746337890625,0.19578152465820312,0,0,1.5,-0.00350811179650856,-1.0411901435283446,0.011730894936642644,-0.020999999999999908,-0.002478367537831792,-0.4674422764891797,-0.06941922567073039,0.0790286333333335,0.014189526818714458,0,1,0,0,0,0,0,0
1.0177473834704902,0.0002671446970344011,1.506,-0.002199114857512918,-0.3518265380859375,0.1796083984375,0,0,1.5,-0.00350811179650856,-1.0177473834704902,-0.0002671446970344011,-0.006000000000000005,-0.0013089969389956419,-0.4020626430353088,-0.05856719288363111,0.0715963619718305,0.003632005591297951,0,1,0,0,0,0,0,0
0.9793748954434884,0.00892494991698329,1.494,-0.0012042771838761898,-0.5758715209960937,0.12860098266601563,0,0,1.5,-0.00350811179650856,-0.9793748954434884,-0.00892494991698329,0.006000000000000005,-0.0023038346126323704,-0.2751874121618788,-0.054260048446774505,0.07728870000000007,-0.007278022980816014,0,1,0,0,0,0,0,0
0.9303640450099001,0.015003855601488439,1.491,-0.00012217304763963957,-0.7352720336914063,0.09029817962646484,0,0,1.5,-0.00350811179650856,-0.9303640450099001,-0.015003855601488439,0.008999999999999897,-0.0033859387488689207,-0.22655768855805888,-0.03764101900080333,0.024968191304347197,-0.008090739341201747,0,1,0,0,0,0,0,0
0.8658536749574738,0.018220289859569836,1.488,0.0010821041362364173,-0.9676614379882813,0.04812829208374023,0,0,1.5,-0.00350811179650856,-0.8658536749574738,-0.018220289859569836,0.01200000000000001,-0.0045902159327449775,-0.07329496982857453,-0.02688027233333473,0.029437114754099027,-0.010512890607545258,0,1,0,0,0,0,0,0
0.7988115664478136,0.019930993615218127,1.481,0.0027576202181510473,-1.005603271484375,0.02674873924255371,0,0,1.5,-0.00350811179650856,-0.7988115664478136,-0.019930993615218127,0.018999999999999906,-0.006265732014659607,-0.08459138882688244,-0.017610944899840476,0.0519885777777772,-0.013247049022637231,0,1,0,0,0,0,0,0
0.7292489480635864,0.01960945912115643,1.476,0.0038571776469073843,-1.0434486083984376,-0.0019455934762954712,0,0,1.5,-0.00350811179650856,-0.7292489480635864,-0.01960945912115643,0.02400000000000002,-0.007365289443415944,0.02297571753270461,-0.00730134834057714,0.05079572459016462,-0.012772948929102848,0,1,0,0,0,0,0,0
0.651811686167922,0.017761145427248232,1.46,0.00499164166070385,-1.1616572265625,-0.023244171142578124,0,0,1.5,-0.00350811179650856,-0.651811686167922,-0.017761145427248232,0.040000000000000036,-0.008499753457212409,0.06665086693911093,0.0014214085338497481,0.1187572895522389,-0.013579443071226431,0,1,0,0,0,0,0,0
0.5757346369293855,0.015490652161031213,1.448,0.004677482395344801,-1.1413115234375,-0.02836075782775879,0,0,1.5,-0.00350811179650856,-0.5757346369293855,-0.015490652161031213,0.052000000000000046,-0.00818559419185336,0.13632284309250037,0.0059192562062697195,0.11394485901639355,-0.006640548624513777,0,1,0,0,0,0,0,0
0.4911151177002113,0.01586432445644761,1.439,0.001588249619314786,-1.269252685546875,0.011542096138000488,0,0,1.5,-0.00350811179650856,-0.4911151177002113,-0.01586432445644761,0.06099999999999994,-0.005096361415823346,0.17101551907587775,-0.009201385884895538,0.0983654739130429,0.008335085436481062,0,1,0,0,0,0,0,0
0.41080991425533686,0.01979411228260722,1.431,0.0005934119456780578,-1.20448291015625,0.06085991287231445,0,0,1.5,-0.00350811179650856,-0.41080991425533686,-0.01979411228260722,0.06899999999999995,-0.004101523742186618,0.24245564213452253,-0.0318308779638007,0.1054358393442623,0.0007911205543874554,0,0,0,0,0,0,0,0
0.32941553519419964,0.024272238356579334,1.427,0.0019198621771937324,-1.2208756103515626,0.0678963851928711,0,0,1.5,-0.00350811179650856,-0.32941553519419964,-0.024272238356579334,0.07299999999999995,-0.005427973973702292,0.23502801291244085,-0.03425385816755026,0.08352775507246375,-0.01119514889333566,0,0,0,0,0,0,0,0
0.25574092576733776,0.02912285856120351,1.425,0.0026529004630314384,-1.1049774169921875,0.07488084411621093,0,0,1.5,-0.00350811179650856,-0.25574092576733776,-0.02912285856120351,0.07499999999999996,-0.006161012259539998,0.28156244578789047,-0.041813228357887186,0.07677080983606556,-0.009766118583331995,0,0,0,0,0,0,0,0
0.19385937371376666,0.03200289782973911,1.434,0.004084070449666833,-0.9281054077148437,0.04566291809082031,0,0,1.5,-0.00350811179650856,-0.19385937371376666,-0.03200289782973911,0.06600000000000006,-0.007592182246175393,0.05236840961964735,-0.023043435149359852,0.035288989473684536,-0.010820385223548463,0,1,0,0,0,0,0,0
0.1341853351396919,0.03201227578289617,1.446,0.002949606435870367,-0.8951025390625,0.0037963526248931886,0,0,1.5,-0.00350811179650856,-0.1341853351396919,-0.03201227578289617,0.05400000000000005,-0.006457718232378927,0.2507971390535234,-0.015541340892770398,-0.016953266666666675,-0.0010555086428719485,0,0,0,0,0,0,0,0
0.07821105606699955,0.030268551154552417,1.461,0.0018325957145940213,-0.8396876831054687,-0.023679227828979493,0,0,1.5,-0.00350811179650856,-0.07821105606699955,-0.030268551154552417,0.038999999999999924,-0.005340707511102581,0.22313585694196442,-0.006043043877476341,-0.03595336197183165,-0.0006209439000757679,1427120958979,0,0,0,0,0,0,0
0.031062755310138145,0.026333942122039482,1.476,0.0004537856055185424,-0.7073314819335937,-0.05772298049926758,0,0,1.5,-0.00350811179650856,-0.031062755310138145,-0.026333942122039482,0.02400000000000002,-0.003961897402027102,0.25045544514482376,0.010653799020578617,-0.06285115084745703,0.003049001457678723,1427120958979,0,0,0,0,0,0,0
-0.011653614367209778,0.019787550335616147,1.485,-0.0007330382858376167,-0.6407900390625,-0.09790510559082032,0,0,1.5,-0.00350811179650856,0.011653614367209778,-0.019787550335616147,0.014999999999999902,-0.0027750735106709433,0.21199191232360376,0.02426730194582178,-0.027289629411765392,0.0024609142453121107,1427120958979,0,0,0,0,0,0,0
-0.04973492679630414,0.006627357609272171,1.482,-0.002617993877991464,-0.5710748291015625,-0.19782156372070311,0,0,1.5,-0.00350811179650856,0.04973492679630414,-0.006627357609272171,0.018000000000000016,-0.0008901179185170959,0.2261748875452305,0.07144003629262713,0.038480983870968405,0.008230634946743455,1427120958979,0,0,0,0,0,0,0
-0.08327132018138947,-0.01289913252604357,1.455,-0.005096361415823502,-0.5022773742675781,-0.2942133178710937,0,0,1.5,-0.00350811179650856,0.08327132018138947,0.01289913252604357,0.04499999999999993,0.0015882496193149421,0.1981375309984231,0.10596818493964863,0.18041252173912992,0.012363760653367278,1427120958979,0,0,0,0,0,0,0
-0.11133201556182389,-0.03233218576425036,1.438,-0.008761552845011586,-0.41941940307617187,-0.2936371154785156,0,0,1.5,-0.00350811179650856,0.11133201556182389,0.03233218576425036,0.062000000000000055,0.005253441048503026,0.20312764074674303,0.12815814559945782,0.15497518360655815,0.02327897266746081,0,0,0,0,0,0,0,0
-0.1297853108221401,-0.045379336318823627,1.402,-0.011013027580084286,-0.27507412719726565,-0.19812490844726563,0,0,1.5,-0.00350811179650856,0.1297853108221401,0.045379336318823627,0.09800000000000009,0.007504915783575726,0.14370762450831923,0.08844811404778191,0.2669202000000002,0.017154093219601582,0,0,0,0,0,0,0,0
-0.1452429495241026,-0.057280437646751586,1.371,-0.01410226035611419,-0.22988455200195312,-0.18105917358398438,0,0,1.5,-0.00350811179650856,0.1452429495241026,0.057280437646751586,0.129,0.01059414855960563,0.14249781463932362,0.0932829975275774,0.27948177692307646,0.02485214598743596,0,0,0,0,0,0,0,0
-0.15417228410890654,-0.06781994386589767,1.333,-0.015882496193148434,-0.1316973114013672,-0.15996566772460938,0,0,1.5,-0.00350811179650856,0.15417228410890654,0.06781994386589767,0.16700000000000004,0.012374384396639874,0.1159093312158004,0.09599104224426133,0.3656273666666669,0.021275563581811093,0,0,0,0,0,0,0,0
-0.16170599750243858,-0.07526854272364313,1.286,-0.017435839227423335,-0.11121698760986329,-0.11350962829589843,0,0,1.5,-0.00350811179650856,0.16170599750243858,0.07526854272364313,0.21399999999999997,0.013927727430914775,0.10591446820088118,0.07606957185173818,0.4214430971014489,0.020681392797327388,0,0,0,0,0,0,0,0
-0.1673080468271009,-0.08138199234186783,1.24,-0.0193557014046172,-0.08241915130615235,-0.09315287780761719,0,0,1.5,-0.00350811179650856,0.1673080468271009,0.08138199234186783,0.26,0.015847589608108642,0.10172890495277637,0.07535842847701951,0.4770308555555558,0.02498979045188896,0,0,0,0,0,0,0,0
-0.16889817470009502,-0.08547621943411018,1.193,-0.020402898955813844,-0.022658824920654297,-0.061863544464111325,0,0,1.5,-0.00350811179650856,0.16889817470009502,0.08547621943411018,0.30699999999999994,0.016894787159305286,0.07936004887403073,0.06368543075844711,0.49294514084507,0.021319565544643218,0,0,0,0,0,0,0,0
-0.16954788206408078,-0.08732349041598271,1.141,-0.020176006153054395,-0.00917827606201172,-0.027902122497558593,0,0,1.5,-0.00350811179650856,0.16954788206408078,0.08732349041598271,0.359,0.016667894356545837,0.07586522968489748,0.05562422915478928,0.6187303034482761,0.015494310893996966,0,0,0,0,0,0,0,0
-0.16830955703610395,-0.08643426580405707,1.094,-0.02083923126881229,0.018301998138427734,0.013710395812988281,0,0,1.5,-0.00350811179650856,0.16830955703610395,0.08643426580405707,0.4059999999999999,0.01733111947230373,0.06516019404157941,0.03958137197591142,0.5837443971014489,0.020214706932120654,0,0,0,0,0,0,0,0
-0.16633133502289088,-0.08157438288847232,1.042,-0.020001473227854977,0.02814785385131836,0.07350074005126953,0,0,1.5,-0.00350811179650856,0.16633133502289088,0.08157438288847232,0.45799999999999996,0.016493361431346415,0.05920344981272709,0.013827176411576696,0.6880930557377052,0.012373239918441588,0,0,0,0,0,0,0,0
-0.16344352132441337,-0.07297738448821976,0.99,-0.01911135530933797,0.04072942352294922,0.1297955322265625,0,0,1.5,-0.00350811179650856,0.16344352132441337,0.07297738448821976,0.51,0.015603243512829408,0.054574442812779456,-0.006144357187270445,0.6986195159420292,0.011733165606233728,0,0,0,0,0,0,0,0
-0.15920082368766192,-0.05844139325749461,0.943,-0.017941984710501707,0.05946205902099609,0.2192162322998047,0,0,1.5,-0.00350811179650856,0.15920082368766192,0.05844139325749461,0.557,0.014433872913993147,0.04285518975533444,-0.05317196902592729,0.7455212311475413,0.008682869968896782,0,0,0,0,0,0,0,0
-0.1530664100610711,-0.045434038527003645,0.892,-0.018762289458939124,0.08850091552734375,0.19672978210449218,0,0,1.5,-0.00350811179650856,0.1530664100610711,0.045434038527003645,0.608,0.015254177662430564,0.033566408392242585,-0.04127738784364552,0.7759050999999997,0.018769769441448064,0,0,0,0,0,0,0,0
-0.14548087206247617,-0.03178957572129863,0.844,-0.018273597268380654,0.10992324829101563,0.206765625,0,0,1.5,-0.00350811179650856,0.14548087206247617,0.03178957572129863,0.656,0.014765485471872094,0.016284024390666223,-0.06263647154855634,0.8432411000000003,0.01232202451907974,0,0,0,0,0,0,0,0
-0.13727633099610326,-0.018257657981576844,0.795,-0.018151424220741036,0.119338623046875,0.2051936492919922,0,0,1.5,-0.00350811179650856,0.13727633099610326,0.018257657981576844,0.705,0.014643312424232476,0.015504113615782897,-0.057456539056493144,0.8523760999999996,0.014119713648634114,0,0,0,0,0,0,0,0
-0.1276531221418444,-0.00025978045582230117,0.745,-0.018151424220741036,0.13942431640625,0.27254367065429685,0,0,1.5,-0.00350811179650856,0.1276531221418444,0.00025978045582230117,0.755,0.014643312424232476,-0.0034220498453130938,-0.10206224104835704,0.9388668459016396,0.014643312424232476,0,0,0,0,0,0,0,0
-0.11352704477243077,0.018820600767011635,0.697,-0.018186330805780943,0.2066614990234375,0.2900044860839844,0,0,1.5,-0.00350811179650856,0.11352704477243077,-0.018820600767011635,0.803,0.014678219009272383,-0.02582087367540973,-0.10375100180080697,0.9360026000000004,0.014827818659443411,0,0,0,0,0,0,0,0
-0.09842646007368064,0.0324397925033163,0.645,-0.019844393595175452,0.2227562713623047,0.20837322998046875,0,0,1.5,-0.00350811179650856,0.09842646007368064,-0.0324397925033163,0.855,0.01633628179866689,-0.050768467377714815,-0.0946234405587355,1.046065933333333,0.024626595745639433,0,0,0,0,0,0,0,0
-0.08173095952113403,0.04625183751061494,0.593,-0.02104867077905162,0.2462720947265625,0.21210923767089843,0,0,1.5,-0.00350811179650856,0.08173095952113403,-0.04625183751061494,0.907,0.01754055898254306,-0.05444976466901393,-0.09117677925669158,1.0506816000000003,0.022701746913440922,0,0,0,0,0,0,0,0
-0.07225978779393392,0.05993477974944045,0.541,-0.022444934180647108,0.13771630859375,0.20818878173828126,0,0,1.5,-0.00350811179650856,0.07225978779393392,-0.05993477974944045,0.959,0.018936822384138546,-0.030912993639205216,-0.10881114926727625,1.141368933333333,0.025918139392115985,0,0,0,0,0,0,0,0
-0.0638839707487229,0.07530001896209372,0.488,-0.023527038316883547,0.12043296813964843,0.23324021911621093,0,0,1.5,-0.00350811179650856,0.0638839707487229,-0.07530001896209372,1.012,0.020018926520374986,-0.021686766866341117,-0.11355551189032725,1.1525196000000002,0.02465651567567401,0,0,0,0,0,0,0,0
-0.05490106389052794,0.09301228806458359,0.436,-0.02654645792283375,0.12845613098144532,0.26878033447265626,0,0,1.5,-0.00350811179650856,0.05490106389052794,-0.09301228806458359,1.064,0.023038346126325188,-0.036666484437186425,-0.1489628275156688,1.2388369333333338,0.0381354441560762,0,0,0,0,0,0,0,0
-0.04608650282583741,0.11264045846868595,0.385,-0.027733281814189912,0.12435687255859375,0.29782833862304686,0,0,1.5,-0.00350811179650856,0.04608650282583741,-0.11264045846868595,1.115,0.024225170017681354,-0.03271401973486902,-0.15367504329463566,1.2391085999999998,0.029311558123493495,0,0,0,0,0,0,0,0
-0.03814807483239884,0.1306324285964019,0.334,-0.02902482546066579,0.11154694366455079,0.27307772827148435,0,0,1.5,-0.00350811179650856,0.03814807483239884,-0.1306324285964019,1.166,0.025516713664157233,-0.038895036191627826,-0.16956171487348268,1.3294045999999997,0.03197443189653663,0,0,0,0,0,0,0,0
-0.028838917858785788,0.1478227553170368,0.29,-0.029705503868943578,0.13209539794921876,0.2617986755371094,0,0,1.5,-0.00350811179650856,0.028838917858785788,-0.1478227553170368,1.21,0.026197392072435016,-0.043767715675606826,-0.15925882868735364,1.2955746000000001,0.029114585250768373,0,0,0,0,0,0,0,0
-0.019872007985003243,0.16613617076526477,0.245,-0.03544763710800472,0.12628536987304687,0.278574951171875,0,0,1.5,-0.00350811179650856,0.019872007985003243,-0.16613617076526477,1.255,0.03193952531149616,-0.05400043680337335,-0.18939184129208192,1.3816045999999997,0.06065019150680187,0,0,0,0,0,0,0,0
-0.012309798373144843,0.18073668607527904,0.216,-0.037664205258037625,0.10560020446777343,0.22289024353027342,0,0,1.5,-0.00350811179650856,0.012309798373144843,-0.18073668607527904,1.284,0.03415609346152906,-0.04382510784774341,-0.16404913538502075,1.2982656492753633,0.043793346287759084,0,0,0,0,0,0,0,0
-0.006089345597170737,0.19070536036357844,0.181,-0.03621558197888233,0.08761001586914062,0.15293756103515624,0,0,1.5,-0.00350811179650856,0.006089345597170737,-0.19070536036357844,1.319,0.03270747018237377,-0.04368798379761903,-0.15136589915486812,1.3849226451612897,0.025698002702590098,0,0,0,0,0,0,0,0
-0.001047836485418646,0.19606982163581047,0.128,-0.03626794185644225,0.07265953063964843,0.08315227508544921,0,0,1.5,-0.00350811179650856,0.001047836485418646,-0.19606982163581047,1.3719999999999999,0.03275983005993369,-0.0349374792638444,-0.1232908992141125,1.4905704756756752,0.032972099833825236,0,0,0,0,0,0,0,0
0.001953667291762897,0.1978271688756378,0,-0.0284139602224677,0.044037128448486326,0.027975391387939454,0,0,1.5,-0.00350811179650856,-0.001953667291762897,-0.1978271688756378,1.5,0.024905848425959137,-0.03135374828494601,-0.10989132433425783,2.150694800000001,-0.017169053184618803,0,0,0,0,0,0,0,0
