0,0,0.719,0,-0.012848447799682618,0.03272726821899414,0,0,2,0,0,0,1.2810000000000001,0,0,0,1.0248000000000002,0,0,0,0,0,0,0,0,0
-0.0007113807042439779,0.00174417724609375,0.722,0.0002617993877991054,-0.010670710563659667,0.02616265869140625,0,0,2,0,0.0007113807042439779,-0.00174417724609375,1.278,-0.0002617993877991054,0.004246508862106958,-0.01041167421105957,1.0141729499999994,-0.0014889840181074119,0,0,0,0,0,0,0,0
-0.0006108198388685741,0.0023443607589617495,0.721,0.0004886921905583874,0.0015107698440551757,0.009002357482910157,0,0,2,0,0.0006108198388685741,-0.0023443607589617495,1.279,-0.0004886921905583874,-0.00021904350107655675,-0.00431015438214628,1.0451723805970143,-0.0015046301133611426,0,0,0,0,0,0,0,0
0.00036337447057819145,0.003058895674297568,0.722,0.00027925268031905875,0.01461815071105957,0.010710881233215333,0,0,2,0,-0.00036337447057819145,-0.003058895674297568,1.278,-0.00027925268031905875,-0.005593242236300388,-0.005503700355101921,1.0416443444444452,0.0007180783208206015,0,0,0,0,0,0,0,0
0.002290574415232426,0.005541679582833257,0.731,-0.0002967059728390675,0.028918397903442382,0.03723368453979492,0,0,2,0,-0.002290574415232426,-0.005541679582833257,1.2690000000000001,0.0002967059728390675,-0.011065620671030249,-0.015558257056299223,1.002305570588236,0.002837700030889624,0,0,0,0,0,0,0,0
0.0054831626062896936,0.008286208212711534,0.752,-0.0002967059728390676,0.04787660598754883,0.04118213653564453,0,0,2,0,-0.0054831626062896936,-0.008286208212711534,1.248,0.0002967059728390676,-0.020768578119634284,-0.019649930778555702,0.921018312903225,0.00029670597283906785,0,0,0,0,0,0,0,0
0.01089942948204732,0.011350436371544141,0.773,0.000017453292519897746,0.08123036193847656,0.045987525939941404,0,0,2,0,-0.01089942948204732,-0.011350436371544141,1.2269999999999999,-0.000017453292519897746,-0.03333929211092178,-0.021468218955360392,0.9230220647058817,-0.0014034500514565093,0,0,0,0,0,0,0,0
0.015114187245033476,0.015184335871435112,0.801,0.0004363323129985552,0.06322237014770508,0.05750738906860352,0,0,2,0,-0.015114187245033476,-0.015184335871435112,1.1989999999999998,-0.0004363323129985552,-0.03099366962239951,-0.028922413920739173,0.8607084444444444,-0.0024309943152778764,0,0,0,0,0,0,0,0
0.023411048673270828,0.018697987522462378,0.826,-0.0001745329251994499,0.12447590637207032,0.052650466918945316,0,0,2,0,-0.023411048673270828,-0.018697987522462378,1.174,0.0001745329251994499,-0.05508427826474127,-0.027747222416302703,0.8735327850746274,0.002909750409668129,0,0,0,0,0,0,0,0
0.032616398160771436,0.022122902239330965,0.852,0.0001919862177193476,0.13807127380371093,0.051397819519042966,0,0,2,0,-0.032616398160771436,-0.022122902239330965,1.1480000000000001,-0.0001919862177193476,-0.0675065183943567,-0.03014602450128024,0.8461177555555568,-0.0019373154697136215,0,0,0,0,0,0,0,0
0.04322318242629349,0.024385327329626845,0.882,0.0009773843811168024,0.1591082763671875,0.03390583038330078,0,0,2,0,-0.04322318242629349,-0.024385327329626845,1.1179999999999999,-0.0009773843811168024,-0.07710661409461274,-0.02408490976453216,0.817336382089551,-0.004494092575433764,0,0,0,0,0,0,0,0
0.05221818514696795,0.026360487186897794,0.905,0.00122173047639601,0.13495393371582032,0.02949551010131836,0,0,2,0,-0.05221818514696795,-0.026360487186897794,1.095,-0.00122173047639601,-0.07321934730024234,-0.02358951194258695,0.8428400462686573,-0.0023158174701835062,0,0,0,0,0,0,0,0
0.06259573387821742,0.027258155905391657,0.922,0.0011519173063162524,0.1556795654296875,0.013274842262268067,0,0,2,0,-0.06259573387821742,-0.027258155905391657,1.0779999999999998,-0.0011519173063162524,-0.08821158237694185,-0.018646918071476164,0.8633197499999993,-0.0008246680715673891,0,0,0,0,0,0,0,0
0.06994364157931915,0.02804552889245896,0.944,0.0011868238913561036,0.11023214721679687,0.011683624267578125,0,0,2,0,-0.06994364157931915,-0.02804552889245896,1.056,-0.0011868238913561036,-0.07599909054823237,-0.01852344181654489,0.823119077777779,-0.0013530457248792042,0,0,0,0,0,0,0,0
0.07908815334473733,0.027567670661704086,0.963,0.0022340214425527194,0.13715907287597656,-0.007330662250518799,0,0,2,0,-0.07908815334473733,-0.027567670661704086,1.037,-0.0022340214425527194,-0.08552755751480849,-0.011540224544260135,0.8424002999999993,-0.006722010947681072,0,0,0,0,0,0,0,0
0.0881792560919888,0.02525663177196006,0.977,0.002478367537831927,0.13628875732421875,-0.03497014236450195,0,0,2,0,-0.0881792560919888,-0.02525663177196006,1.0230000000000001,-0.002478367537831927,-0.0974348903072988,0.0006919099579478158,0.8506716333333347,-0.003700098014227965,0,0,0,0,0,0,0,0
0.09525782079920085,0.022633270375800537,1,0.0018500490071139686,0.10608061981201172,-0.03961344909667969,0,0,2,0,-0.09525782079920085,-0.022633270375800537,1,-0.0018500490071139686,-0.08444130422092766,0.002009735263407853,0.8023559470588228,0.0009219445107593771,0,0,0,0,0,0,0,0
0.09857145317128488,0.01831729355565334,1.027,0.0008726646259971105,0.04958462905883789,-0.0648314971923828,0,0,2,0,-0.09857145317128488,-0.01831729355565334,0.9730000000000001,-0.0008726646259971105,-0.06843143497100476,0.01501815680509213,0.752751545161291,0.003856614637471557,0,0,0,0,0,0,0,0
0.10136751872538917,0.01470455861306037,1.046,0.0021467549799529806,0.0418936767578125,-0.05422760391235352,0,0,2,0,-0.10136751872538917,-0.01470455861306037,0.954,-0.0021467549799529806,-0.06537636335519992,0.010775459956030384,0.8001766884057965,-0.007686278258021981,0,0,0,0,0,0,0,0
0.10330609644416068,0.009885949656683693,1.063,0.003508111796508534,0.02892343330383301,-0.07234139251708985,0,0,2,0,-0.10330609644416068,-0.009885949656683693,0.937,-0.003508111796508534,-0.06334871462792965,0.02250102321189816,0.7911282163934432,-0.01020330925497847,0,0,0,0,0,0,0,0
0.10372545062024156,0.004132897275573246,1.081,0.0034557519189487296,0.005987539291381836,-0.08631732177734375,0,0,2,0,-0.10372545062024156,-0.004132897275573246,0.919,-0.0034557519189487296,-0.0546047835008246,0.02649216197283343,0.7907022,-0.003231352443692425,0,0,0,0,0,0,0,0
0.10354622317896409,-0.0016985399899453807,1.106,0.0005585053606381729,-0.0029906749725341795,-0.08746174621582031,0,0,2,0,-0.10354622317896409,0.0016985399899453807,0.8939999999999999,-0.0005585053606381729,-0.05145320792465641,0.034102721087000264,0.7227129770491795,0.013690248204823582,0,0,0,0,0,0,0,0
0.10406090106690964,-0.006281136453377497,1.124,-0.0011693705988362055,0.00768177604675293,-0.06874324798583985,0,0,2,0,-0.10406090106690964,0.006281136453377497,0.8759999999999999,0.0011693705988362055,-0.05549723767615963,0.02687809815184644,0.7635949492537313,0.008906128626333422,0,0,0,0,0,0,0,0
0.10215160531538892,-0.012011102216269203,1.155,-0.002443460952792076,-0.028538909912109375,-0.08598291778564453,0,0,2,0,-0.10215160531538892,0.012011102216269203,0.845,0.002443460952792076,-0.04147788985412074,0.03714758165525248,0.6687015500000006,0.008415759486960217,0,0,0,0,0,0,0,0
0.10084330093647313,-0.01968343288989692,1.181,-0.003961897402027154,-0.019343301773071288,-0.115132568359375,0,0,2,0,-0.10084330093647313,0.01968343288989692,0.819,0.003961897402027154,-0.044498337957411434,0.049740523966134834,0.6870992044776119,0.010760866577706606,0,0,0,0,0,0,0,0
0.09806880312587872,-0.026344848575665266,1.211,-0.004310963252425998,-0.041221263885498044,-0.10008533477783203,0,0,2,0,-0.09806880312587872,0.026344848575665266,0.7889999999999999,0.004310963252425998,-0.03506965603864551,0.048878178005653375,0.6425101384615384,0.005922036408112971,0,0,0,0,0,0,0,0
0.09625645621343164,-0.03395851090717488,1.239,-0.0043458698374659035,-0.02669261932373047,-0.11432106781005859,0,0,2,0,-0.09625645621343164,0.03395851090717488,0.7609999999999999,0.0043458698374659035,-0.039555684842720915,0.05721374246473628,0.6381863515151514,0.0045045361331018385,0,0,0,0,0,0,0,0
0.09512608437286611,-0.04352649461300874,1.263,-0.004188790204786407,-0.016331701278686522,-0.14359208679199217,0,0,2,0,-0.09512608437286611,0.04352649461300874,0.7370000000000001,0.004188790204786407,-0.04238151539320598,0.0748051389806339,0.638780966666668,0.0034407919539316614,0,0,0,0,0,0,0,0
0.09419079729220123,-0.049943547913253734,1.292,-0.0038571776469074883,-0.013625988960266113,-0.096313720703125,0,0,2,0,-0.09419079729220123,0.049943547913253734,0.708,0.0038571776469074883,-0.04337099521243265,0.058413583000608366,0.6021653626865666,0.0023723452981959125,0,0,0,0,0,0,0,0
0.09290555339051677,-0.05664787652935078,1.329,-0.0053058009260627806,-0.0188906192779541,-0.10063854217529297,0,0,2,0,-0.09290555339051677,0.05664787652935078,0.671,0.0053058009260627806,-0.040532487895303504,0.06552578533513798,0.5227296444444449,0.012204007017278458,0,0,0,0,0,0,0,0
0.09257275938088304,-0.060657497905345206,1.369,-0.005619960191421774,-0.004672727584838867,-0.060169960021972654,0,0,2,0,-0.09257275938088304,0.060657497905345206,0.631,0.005619960191421774,-0.04585637392140955,0.050963330114607075,0.49469364705882346,0.007005956950358508,0,0,0,0,0,0,0,0
0.09157695238971758,-0.06384023381365297,1.414,-0.005881759579220907,-0.014668567657470703,-0.047824230194091794,0,0,2,0,-0.09157695238971758,0.06384023381365297,0.5860000000000001,0.005881759579220907,-0.041596813187505084,0.04963902649100468,0.4182678000000006,0.0071284233306453506,0,0,0,0,0,0,0,0
0.09140321606894691,-0.06964684717419808,1.459,-0.005689773361501531,-0.002093706130981445,-0.08711302185058593,0,0,2,0,-0.09140321606894691,0.06964684717419808,0.5409999999999999,0.005689773361501531,-0.04618120323797172,0.06569908054209816,0.3972020363636356,0.004817108735504371,0,0,0,0,0,0,0,0
0.0899702416926525,-0.07440355922403975,1.494,-0.0046425758103049155,-0.021088300704956056,-0.0714718246459961,0,0,2,0,-0.0899702416926525,0.07440355922403975,0.506,0.0046425758103049155,-0.038846318842170276,0.06255888445025529,0.42557193939393995,-0.00011741305877061101,0,0,0,0,0,0,0,0
0.08688849538585398,-0.07762886987191812,1.534,-0.00644026493985908,-0.04600109100341797,-0.04859374618530273,0,0,2,0,-0.08688849538585398,0.07762886987191812,0.46599999999999997,0.00644026493985908,-0.02756146813913194,0.05720208034908352,0.35626074838709665,0.015138760728024388,0,0,0,0,0,0,0,0
0.08314054002124834,-0.07971300271964982,1.576,-0.00783652834145454,-0.05601683044433594,-0.03162340927124024,0,0,2,0,-0.08314054002124834,0.07971300271964982,0.42399999999999993,0.00783652834145454,-0.024130444595699397,0.050663438284217016,0.3383493217391303,0.013907238783173934,0,0,0,0,0,0,0,0
0.0814702186417897,-0.07975605898774077,1.613,-0.007976154681614112,-0.02504899024963379,-0.0008421649932861328,0,0,2,0,-0.0814702186417897,0.07975605898774077,0.387,0.007976154681614112,-0.0330784147159777,0.04040272586675964,0.3186753444444449,0.008641042015707307,0,0,0,0,0,0,0,0
0.07842450449100224,-0.07995665720802674,1.646,-0.008063421144213795,-0.04566025924682617,-0.003373270034790039,0,0,2,0,-0.07842450449100224,0.07995665720802674,0.3540000000000001,0.008063421144213795,-0.025211979629093516,0.04135068485411708,0.33038515882353,0.00844842024391828,0,0,0,0,0,0,0,0
0.07577691163411338,-0.07925910800070456,1.676,-0.00916297857297027,-0.03979697036743164,0.010142671585083007,0,0,2,0,-0.07577691163411338,0.07925910800070456,0.32400000000000007,0.00916297857297027,-0.024419770454585113,0.0360154359492069,0.30608335245901636,0.014570638058657857,0,0,0,0,0,0,0,0
0.07395529954903542,-0.07882872753526786,1.708,-0.009930923443847772,-0.027382186889648438,0.006205068588256836,0,0,2,0,-0.07395529954903542,0.07882872753526786,0.29200000000000004,0.009930923443847772,-0.029374416016110908,0.03764098719653423,0.28989421764705875,0.013318915521248514,0,0,0,0,0,0,0,0
0.07103980855235202,-0.07822269331913138,1.735,-0.010576695267085656,-0.04382048416137695,0.008655769348144531,0,0,2,0,-0.07103980855235202,0.07822269331913138,0.2649999999999999,0.010576695267085656,-0.020878242837858885,0.03618050083287988,0.28222374516128956,0.013701397637591546,0,0,0,0,0,0,0,0
0.06839470457218051,-0.076895698813463,1.763,-0.010960667702524407,-0.039884864807128904,0.01948416519165039,0,0,2,0,-0.06839470457218051,0.076895698813463,0.2370000000000001,0.010960667702524407,-0.022446110383348778,0.032160334773607975,0.26973705294117767,0.012654663741224778,0,0,0,0,0,0,0,0
0.06595950458946813,-0.07614802974106819,1.79,-0.012304571226560035,-0.03664872741699219,0.01081399917602539,0,0,2,0,-0.06595950458946813,0.07614802974106819,0.20999999999999996,0.012304571226560035,-0.021355681867331916,0.034510875206462815,0.2435776999999993,0.018704111817205882,0,0,0,0,0,0,0,0
0.06326125871832367,-0.07389016599983561,1.811,-0.014433872913993116,-0.04088734436035156,0.03336739349365234,0,0,2,0,-0.06326125871832367,0.07389016599983561,0.18900000000000006,0.014433872913993116,-0.019690435161408802,0.025964548225948278,0.26997466470588294,0.02382785094678612,0,0,0,0,0,0,0,0
0.06117914536501486,-0.07077300298244368,1.833,-0.014573499254152687,-0.031903314590454104,0.046301795959472654,0,0,2,0,-0.06117914536501486,0.07077300298244368,0.16700000000000004,0.014573499254152687,-0.020821474069844033,0.01847431546933364,0.23730475161290318,0.01524911057750545,0,0,0,0,0,0,0,0
0.060607079483083325,-0.06807317525156993,1.852,-0.014172073526193981,-0.009170245170593262,0.04036806488037109,0,0,2,0,-0.060607079483083325,0.06807317525156993,0.1479999999999999,0.014172073526193981,-0.029552068115323692,0.021646139710847632,0.2550027888888882,0.012499466326366039,0,0,0,0,0,0,0,0
0.05877604247007287,-0.06628325080115104,1.869,-0.015009831567151242,-0.02784328842163086,0.026456939697265626,0,0,2,0,-0.05877604247007287,0.06628325080115104,0.131,0.015009831567151242,-0.020402154242988177,0.023112516116452722,0.23193749310344897,0.0193430628134819,0,0,0,0,0,0,0,0
0.05683849454021649,-0.06483881806341393,1.887,-0.01518436449235072,-0.029385143280029297,0.021227832794189452,0,0,2,0,-0.05683849454021649,0.06483881806341393,0.11299999999999999,0.01518436449235072,-0.02083478886036417,0.026014791466829473,0.23091469999999997,0.015932362743205624,0,0,0,0,0,0,0,0
0.0549763096640966,-0.06289898660202517,1.904,-0.01729621288726385,-0.028371362686157225,0.028669992446899415,0,0,2,0,-0.0549763096640966,0.06289898660202517,0.09600000000000009,0.01729621288726385,-0.018940304298481807,0.02117522729048281,0.2103593163934433,0.027682352534377612,1427130424231,0,0,0,0,0,0,0
0.05178953017574793,-0.05997572404258156,1.918,-0.017505652397503124,-0.04855292510986328,0.043015632629394535,0,0,2,0,-0.05178953017574793,0.05997572404258156,0.08200000000000007,0.017505652397503124,-0.011664257272678821,0.015838355669197578,0.22519907647058832,0.018429650236794035,1427130424231,0,0,0,0,0,0,0
0.050189950427229686,-0.05592024541053001,1.934,-0.01761037215262279,-0.02505487251281738,0.06040285491943359,0,0,2,0,-0.050189950427229686,0.05592024541053001,0.06600000000000006,0.01761037215262279,-0.018268240974713017,0.005997660268016,0.19454451935483874,0.018117080645137295,1427130424231,0,0,0,0,0,0,0
0.04992921660890317,-0.05260153418862425,1.955,-0.01797689129554164,-0.0047870116233825685,0.04970407867431641,0,0,2,0,-0.04992921660890317,0.05260153418862425,0.04499999999999993,0.01797689129554164,-0.025859699309752918,0.010186302810242982,0.16028486470588166,0.019593887514301286,1427130424231,0,0,0,0,0,0,0
0.0490382433116423,-0.04967786085903374,1.965,-0.017924531417981785,-0.014150775909423829,0.043607772827148436,0,0,2,0,-0.0490382433116423,0.04967786085903374,0.03499999999999992,0.017924531417981785,-0.021837267403169543,0.009594735466408908,0.2050380444444444,0.017675198667696755,1427130424231,0,0,0,0,0,0,0
0.04784533291734492,-0.04764998310419592,1.973,-0.018046704465621403,-0.018435983657836913,0.030092561721801758,0,0,2,-0.01792453141798179,-0.04784533291734492,0.04764998310419592,0.026999999999999913,0.0001221730476396142,-0.02392266645867246,0.02382499155209796,0.021599999999999932,0.0001221730476396142,1427130424231,0,0,0,0,0,0,0
0.04693898972067031,-0.045020278381790325,1.977,-0.01963495408493621,-0.014304758071899414,0.03919381332397461,0,0,2,-0.01792453141798179,-0.04693898972067031,0.045020278381790325,0.02299999999999991,0.0017104226669544219,-0.01846382644233356,0.007929031286244597,-0.0036773222222223137,0.00927351609226303,1427130424622,0,0,0,0,0,0,0
0.04609130648848006,-0.044651594793382175,1.978,-0.020001473227855063,-0.01282137680053711,0.005279540538787842,0,0,2,-0.01792453141798179,-0.04609130648848006,0.044651594793382175,0.02200000000000002,0.002076941809873275,-0.018743491436373473,0.02048688713972446,0.01274744117647117,0.0036939380286329206,1427130424690,0,0,0,0,0,0,0
0.04530487380578401,-0.043594223295249666,1.98,-0.020158552860534532,-0.01211134433746338,0.015621468544006348,0,0,2,-0.01792453141798179,-0.04530487380578401,0.043594223295249666,0.020000000000000018,0.0022340214425527437,-0.018301900238787503,0.01591383327515988,0.005128177419354844,0.0029940841813243667,1427130424752,0,0,0,0,0,0,0
0.046493201799397116,-0.04483084944360813,1.981,-0.021188297119211167,0.018195201873779297,-0.018186323165893553,0,0,2,-0.01792453141798179,-0.046493201799397116,0.04483084944360813,0.018999999999999906,0.0032637657012293785,-0.029145673092086932,0.0285448343217624,0.010894188888888268,0.00755436677904869,1427130424824,0,0,0,0,0,0,0
0.04802116921648612,-0.04705917485327742,1.982,-0.020874137853852177,0.023622529983520508,-0.032931789398193356,0,0,2,-0.01792453141798179,-0.04802116921648612,0.04705917485327742,0.018000000000000016,0.002949606435870389,-0.033075018355116836,0.03667442031117071,0.009229966666667321,0.0013788101090754406,1427130424884,0,0,0,0,0,0,0
0.047779976762740956,-0.05029853801428786,1.984,-0.020978857608971897,-0.002602888584136963,-0.04865537643432617,0,0,2,-0.01792453141798179,-0.047779976762740956,0.05029853801428786,0.016000000000000014,0.0030543261909901087,-0.022813330867056947,0.0422512833858953,0.0031227388059701534,0.003523220616899302,1427130424951,0,0,0,0,0,0,0
0.04886677946545079,-0.054262187205060236,1.996,-0.020734511513692662,0.017545654296875,-0.05909968185424805,0,0,2,-0.01792453141798179,-0.04886677946545079,0.054262187205060236,0.0040000000000000036,0.0028099800957108734,-0.03078216674850175,0.04972014315402792,-0.06374663548387101,0.0016276602798436055,1427130425013,0,0,0,0,0,0,0
0.0492518504970366,-0.057281731256343636,1.991,-0.02012364627549463,0.006713888168334961,-0.04516366958618164,0,0,2,-0.01792453141798179,-0.0492518504970366,0.057281731256343636,0.008999999999999897,0.0021991148575128405,-0.026855000225886452,0.04443519862895126,0.03379179411764643,-0.000495878840419657,1427130425081,0,0,0,0,0,0,0
0.049327432120628165,-0.061337260830810196,1.983,-0.020664698343612904,0.0023575928211212157,-0.06079781341552734,0,0,2,-0.01792453141798179,-0.049327432120628165,0.061337260830810196,0.016999999999999904,0.0027401669256311156,-0.025368061250546543,0.0538533402312427,0.0597231903225806,0.00535816080362277,1427130425143,0,0,0,0,0,0,0
0.04923125009954031,-0.06499146716351797,1.969,-0.020909044438892084,-0.00030980682373046874,-0.05483120346069336,0,0,2,-0.01792453141798179,-0.04923125009954031,0.06499146716351797,0.030999999999999917,0.0029845130209102955,-0.02443938952970016,0.05136699816828243,0.09699029275362317,0.004046887348211077,1427130425212,0,0,0,0,0,0,0
0.04853933524511463,-0.06884265725984341,1.964,-0.021048670779051655,-0.009168671607971192,-0.05797221755981445,0,0,2,-0.01792453141798179,-0.04853933524511463,0.06884265725984341,0.03600000000000003,0.0031241393610698664,-0.020705435355048575,0.05654003569351626,0.058424806451613576,0.0037997506844226294,1427130425274,0,0,0,0,0,0,0
0.047754962638651074,-0.07305951284265827,1.961,-0.020821777976292373,-0.010431693077087403,-0.06348645401000977,0,0,2,-0.01792453141798179,-0.047754962638651074,0.07305951284265827,0.038999999999999924,0.0028972465583105844,-0.020214481433781073,0.058661958435283115,0.04830537647058761,0.0018962488990784579,1427130425342,0,0,0,0,0,0,0
0.04560150192392248,-0.07643838351099648,1.953,-0.020455258833373572,-0.031239673614501952,-0.05134460830688477,0,0,2,-0.01792453141798179,-0.04560150192392248,0.07643838351099648,0.04699999999999993,0.0025307274153917834,-0.01104660288562639,0.057768651734061816,0.08471689032258062,0.0007572476915911335,1427130425404,0,0,0,0,0,0,0
0.04362474689114031,-0.07852467190382345,1.946,-0.01984439359517554,-0.029005033493041992,-0.03189426231384277,0,0,2,-0.01792453141798179,-0.04362474689114031,0.07852467190382345,0.05400000000000005,0.0019198621771937506,-0.012070048830699887,0.05052917188618771,0.08155221176470653,-0.0007751315207387469,1427130425472,0,0,0,0,0,0,0
0.04206097588305896,-0.0801398805671606,1.944,-0.019425514574696937,-0.0229711856842041,-0.024688810348510743,0,0,2,-0.01792453141798179,-0.04206097588305896,0.0801398805671606,0.05600000000000005,0.0015009831567151487,-0.0128015194633401,0.049622396724870746,0.05858671111111116,-0.000493678845563908,1427130425535,0,0,0,0,0,0,0
0.04008381630922895,-0.08094766978855115,1.939,-0.019285888234537366,-0.02941643714904785,-0.012690626144409179,0,0,2,-0.01792453141798179,-0.04008381630922895,0.08094766978855115,0.06099999999999994,0.0013613568165555777,-0.010499143919205253,0.04520624532251406,0.07725881884057911,0.00075428577238353,1427130425604,0,0,0,0,0,0,0
0.039044655151208627,-0.08196630745166228,1.935,-0.019268434942017416,-0.015289856910705566,-0.015577322006225585,0,0,2,-0.01792453141798179,-0.039044655151208627,0.08196630745166228,0.06499999999999995,0.0013439035240356278,-0.014166608984762012,0.04741927561157108,0.0780801451612903,0.0012594521086165156,1427130425666,0,0,0,0,0,0,0
0.03807626775399285,-0.08372487762194045,1.933,-0.019565140914856456,-0.014014872550964355,-0.026653528213500977,0,0,2,-0.01792453141798179,-0.03807626775399285,0.08372487762194045,0.06699999999999995,0.0016406094968746676,-0.014515418594503136,0.05179084305106264,0.06799616119402982,0.002969143703616637,1427130425733,0,0,0,0,0,0,0
0.0369250901503338,-0.0845673715296371,1.932,-0.01926843494201742,-0.017017122268676757,-0.01297281265258789,0,0,2,-0.01792453141798179,-0.0369250901503338,0.0845673715296371,0.06800000000000006,0.0013439035240356313,-0.012918210770508358,0.04754911460174895,0.06410023030303094,-0.000004759988869079083,1427130425799,0,0,0,0,0,0,0
0.0351452577927363,-0.0853168705032232,1.935,-0.018692476288859294,-0.026475917816162108,-0.01175478458404541,0,0,2,-0.01792453141798179,-0.0351452577927363,0.0853168705032232,0.06499999999999995,0.0007679448708775051,-0.008422059067459369,0.047609518674829286,0.04040694999999934,-0.0019318613158012116,1427130425863,0,0,0,0,0,0,0
0.03333246808872181,-0.08549322167418419,1.935,-0.01911135530933795,-0.027137651443481445,-0.0031530587673187257,0,0,2,-0.01792453141798179,-0.03333246808872181,0.08549322167418419,0.06499999999999995,0.0011868238913561625,-0.007199067964767762,0.044632461205726566,0.05722269999999996,0.0031814858936354837,1427130425926,0,0,0,0,0,0,0
0.03134608754926221,-0.08536468540826996,1.94,-0.01783726495538208,-0.029827112197875975,0.001358290195465088,0,0,2,-0.01792453141798179,-0.03134608754926221,0.08536468540826996,0.06000000000000005,-0.00008726646259970758,-0.006074229463250383,0.042984928609668654,0.02789540588235353,-0.0057082533182873695,1427130425994,0,0,0,0,0,0,0
0.02999977166801617,-0.08577844730485565,1.938,-0.01607448241086785,-0.020080825805664063,-0.006565640926361084,0,0,2,-0.01792453141798179,-0.02999977166801617,0.08577844730485565,0.062000000000000055,-0.0018500490071139374,-0.008505334938742257,0.046104198930633306,0.06624596060606067,-0.009862696936724072,1427130426060,0,0,0,0,0,0,0
0.029179606394342174,-0.08583704952389863,1.939,-0.015219271077390581,-0.012286760330200196,-0.0010766671895980834,0,0,2,-0.01792453141798179,-0.029179606394342174,0.08583704952389863,0.06099999999999994,-0.0027052603405912073,-0.010768202325291631,0.044314724761408186,0.04976154999999934,-0.00671406346626591,1427130426124,0,0,0,0,0,0,0
0.02876229265618163,-0.08643420195971005,1.941,-0.01518436449235073,-0.006122663021087647,-0.009051513671875,0,0,2,-0.01792453141798179,-0.02876229265618163,0.08643420195971005,0.05899999999999994,-0.0027401669256310584,-0.012706853557479164,0.047717431114202055,0.04270577741935479,-0.002909069756469048,1427130426186,0,0,0,0,0,0,0
0.028056678357245946,-0.08639992038203077,1.94,-0.014713125594312213,-0.010590802192687989,0.0003534559905529022,0,0,2,-0.01792453141798179,-0.028056678357245946,0.08639992038203077,0.06000000000000005,-0.0032114058236695758,-0.01115000591104573,0.04421499239466958,0.06028256376811655,-0.0052602705977500865,1427130426255,0,0,0,0,0,0,0
0.027713766256998524,-0.08710684243542338,1.944,-0.014817845349431877,-0.004987114906311035,-0.010678359985351563,0,0,2,-0.01792453141798179,-0.027713766256998524,0.08710684243542338,0.05600000000000005,-0.0031066860685499114,-0.012729317004041821,0.04860546829406263,0.030835638461538487,-0.002623364121843768,1427130426320,0,0,0,0,0,0,0
0.027243348477426127,-0.08787173628914999,1.943,-0.013264502315156922,-0.0068854870796203616,-0.011576703071594238,0,0,2,-0.01792453141798179,-0.027243348477426127,0.08787173628914999,0.05699999999999994,-0.004660029102824866,-0.011863898754657116,0.04929566248736885,0.05885333030302967,-0.011720679258620114,1427130426386,0,0,0,0,0,0,0
0.026855531705684325,-0.08918295667897555,1.945,-0.012897983172238123,-0.005555857181549073,-0.019743736267089845,0,0,2,-0.01792453141798179,-0.026855531705684325,0.08918295667897555,0.05499999999999994,-0.0050265482457436655,-0.0119558337847648,0.05347281468026899,0.04081039016393437,-0.006829101407639399,1427130426447,0,0,0,0,0,0,0
0.025766565457542204,-0.08984326442799306,1.951,-0.013700834628155531,-0.016205389022827147,-0.010114468574523926,2.5,0,2,0,2.474233434542458,0.08984326442799306,0.04899999999999993,0.013700834628155531,1.237116717271229,0.04492163221399653,0.03919999999999995,0.013700834628155531,0,0,0,0,0,0,0,0
0.0259659790858403,-0.09060306953681926,1.953,-0.014311699866353509,0.00314706826210022,-0.011355026245117188,2.5,0,2,0,2.47403402091416,0.09060306953681926,0.04699999999999993,0.014311699866353509,1.2375513668798381,0.04945168504190349,0.02713626923076917,0.01713107788880571,0,0,0,0,0,0,0,0
0.02393190525962224,-0.09085055739902578,1.949,-0.014189526818713947,-0.03045485496520996,-0.00414858865737915,2.5,0,2,0,2.476068094740378,0.09085055739902578,0.050999999999999934,0.014189526818713947,1.252204318963462,0.04687585050736399,0.06297546153846151,0.01362565121422366,0,0,0,0,0,0,0,0
0.024837754831194117,-0.09212455398994492,1.947,-0.01415462023367404,0.013857527732849121,-0.01891522789001465,2.5,0,2,0,2.475162245168806,0.09212455398994492,0.052999999999999936,0.01415462023367404,1.2376285483133558,0.05299706658571558,0.05399286060606056,0.0139959539380381,0,0,0,0,0,0,0,0
0.028396744827920456,-0.09081370311542553,1.949,-0.015393804002590059,0.05310119247436523,0.02041641044616699,2.5,0,2,0,2.4716032551720795,0.09081370311542553,0.050999999999999934,0.015393804002590059,1.2227714005817396,0.038475003670820386,0.031175699999999938,0.0212024779193839,0,0,0,0,0,0,0,0
0.03635209919051385,-0.08840680624239232,1.948,-0.015463617172669817,0.11876042938232421,0.037936050415039065,2.5,0,2,0,2.463647900809486,0.08840680624239232,0.052000000000000046,0.015463617172669817,1.1948751531450306,0.030907762116756454,0.04888076129032325,0.015801422834346063,0,0,0,0,0,0,0,0
0.04997733062426316,-0.0864263699946584,1.945,-0.015515977050229621,0.2038946838378906,0.03286329650878906,2.5,0,2,0,2.4500226693757368,0.0864263699946584,0.05499999999999994,0.015515977050229621,1.165548818788649,0.033518808133937546,0.06123249130434723,0.01574362869179399,0,0,0,0,0,0,0,0
0.06539793556464046,-0.08319872202897607,1.943,-0.015323990832510244,0.23053005981445313,0.05199773406982422,2.5,0,2,0,2.4346020644353596,0.08319872202897607,0.05699999999999994,0.015323990832510244,1.141409660295524,0.023781665115789843,0.05925882258064512,0.014395025262900355,0,0,0,0,0,0,0,0
0.0870303880910728,-0.07956269340427669,1.945,-0.015638150097869237,0.3236129455566406,0.05950626373291015,2.5,0,2,0,2.412969611908927,0.07956269340427669,0.05499999999999994,0.015638150097869237,1.1079425498004234,0.021523493574248848,0.03644838235294112,0.01702414685680597,0,0,0,0,0,0,0,0
0.11921498803128093,-0.07605973374581654,1.947,-0.015760323145508855,0.4818883056640625,0.060087276458740235,2.5,0,2,0,2.3807850119687193,0.07605973374581654,0.052999999999999936,0.015760323145508855,1.0340891648151465,0.01996076516554867,0.03488623939393934,0.01631565518023439,0,0,0,0,0,0,0,0
0.15766455210100716,-0.07165206254631959,1.951,-0.016091935703387746,0.5756298828125,0.07519614410400391,2.5,0,2,0,2.342335447898993,0.07165206254631959,0.04899999999999993,0.016091935703387746,0.9892309116527382,0.013695411248851305,0.022037264705882284,0.017554932282265207,0,0,0,0,0,0,0,0
0.20238186113591686,-0.06666493748024975,1.955,-0.015865042900628464,0.6694690551757813,0.08559054565429687,2.5,0,2,0,2.2976181388640833,0.06666493748024975,0.04499999999999993,0.015865042900628464,0.8962612132786947,0.0038323370918586543,0.015548568965517161,0.014691459438080453,0,0,0,0,0,0,0,0
0.25380374871346023,-0.06153167750602768,1.958,-0.01781981166286212,0.7700097045898437,0.0892258529663086,2.5,0,2,0,2.24619625128654,0.06153167750602768,0.04200000000000004,0.01781981166286212,0.8848589993611815,0.005737199634174989,0.022580500000000576,0.026197392072434936,0,0,0,0,0,0,0,0
0.3133812586673128,-0.05563713102005465,1.958,-0.019408061282176987,0.8919452514648437,0.10432821655273437,2.5,0,2,0,2.186618741332687,0.05563713102005465,0.04200000000000004,0.019408061282176987,0.7716753478378158,-0.005331003449919252,0.03783670000000003,0.02721912498372551,0,0,0,0,0,0,0,0
0.3756472432193147,-0.049457888514292475,1.959,-0.01972222054753598,0.9320150756835938,0.1107969741821289,2.5,0,2,0,2.1243527567806852,0.049457888514292475,0.040999999999999925,0.01972222054753598,0.7680043802042671,-0.005909314122465759,0.03224713623188343,0.021088130396922908,0,0,0,0,0,0,0,0
0.44335666086667475,-0.042721576243361835,1.964,-0.020525072003453333,1.0134510498046876,0.12105443572998047,2.5,0,2,0,2.056643339133325,0.042721576243361835,0.03600000000000003,0.020525072003453333,0.6627495158111605,-0.016558398417865376,0.0048506754098367015,0.024473521786653428,0,0,0,0,0,0,0,0
0.5164805403846819,-0.0365086342953156,1.963,-0.019774580425095785,1.0947144775390625,0.11568601226806641,2.5,0,2,0,1.983519459615318,0.0365086342953156,0.03699999999999992,0.019774580425095785,0.6606490654829389,-0.011189412265208368,0.03946671111111051,0.016647532181939335,0,0,0,0,0,0,0,0
0.5970977508191962,-0.031975213916680796,1.961,-0.01895427567665848,1.2076771240234374,0.0918990249633789,2.5,0,2,0,1.9029022491808036,0.031975213916680796,0.038999999999999924,0.01895427567665848,0.49868878678692724,-0.010128627679643194,0.048300106779660956,0.014783234582909465,0,0,0,0,0,0,0,0
0.6764546267736674,-0.026702346142283083,1.96,-0.018535396656179825,1.1886402587890625,0.10163973999023437,2.5,0,2,0,1.8235453732263327,0.026702346142283083,0.040000000000000036,0.018535396656179825,0.5300335400926028,-0.012993492837318822,0.04265475882353001,0.01668740097759753,0,0,0,0,0,0,0,0
0.7622230301984776,-0.01993657743281657,1.959,-0.0183783170235003,1.284424072265625,0.12531400299072265,2.5,0,2,0,1.7377769698015224,0.01993657743281657,0.040999999999999925,0.0183783170235003,0.4125047977441535,-0.02741811152848221,0.04420706129032189,0.017618254284728407,0,0,0,0,0,0,0,0
0.855073846491415,-0.00896655576061028,1.959,-0.018622663118779536,1.3895030517578124,0.1901177215576172,2.5,0,2,0,1.6449261535085848,0.00896655576061028,0.040999999999999925,0.018622663118779536,0.38040845810420026,-0.05034811729086748,0.038844799999999936,0.01968503744608056,0,0,0,0,0,0,0,0
0.9547801309261232,0.003094252611644848,1.956,-0.01745329251994333,1.491966064453125,0.20873109436035156,2.5,0,2,0,1.5452198690738768,-0.003094252611644848,0.04400000000000004,0.01745329251994333,0.23039506293309597,-0.06993673101631434,0.05872631475409904,0.011702289574847237,0,0,0,0,0,0,0,0
1.058280816527749,0.016445858297328655,1.951,-0.017889624832941885,1.548778564453125,0.227338623046875,2.5,0,2,0,1.441719183472251,-0.016445858297328655,0.04899999999999993,0.017889624832941885,0.21898621066965296,-0.07614385738264347,0.07158169411764645,0.019814620331464923,0,0,0,0,0,0,0,0
1.1708242583015191,0.03004688130817746,1.948,-0.017575465567582948,1.68423193359375,0.23418148803710936,2.5,0,2,0,1.3291757416984809,-0.03004688130817746,0.052000000000000046,0.017575465567582948,0.0808173321243415,-0.0886226936299002,0.06498545000000067,0.016102844011212928,0,0,0,0,0,0,0,0
1.2997927694268858,0.04273327974800611,1.946,-0.017540558982543045,1.930884521484375,0.22426506042480468,2.5,0,2,0,1.2002072305731142,-0.04273327974800611,0.05400000000000005,0.017540558982543045,-0.012197386803468824,-0.08404720375420197,0.06055720000000005,0.01739095933237203,0,0,0,0,0,0,0,0
1.4499231118189653,0.05341061864613025,1.947,-0.017540558982543048,2.248799560546875,0.19963397216796874,2.5,0,2,0,1.0500768881810347,-0.05341061864613025,0.052999999999999936,0.017540558982543048,-0.2758159116668959,-0.0853060791278909,0.04453554444444377,0.017540558982543066,0,0,0,0,0,0,0,0
1.5994783498151224,0.0634755261518158,1.948,-0.018762289458939114,2.24033544921875,0.190297607421875,2.5,0,2,0,0.9005216501848776,-0.0634755261518158,0.052000000000000046,0.018762289458939114,-0.33383994686656554,-0.08610307070516564,0.044155150000000636,0.024489151067045672,0,0,0,0,0,0,0,0
1.7510899143566456,0.07115065233214782,1.95,-0.0213104701668508,2.27161328125,0.1577728271484375,2.5,0,2,0,0.7489100856433544,-0.07115065233214782,0.050000000000000044,0.0213104701668508,-0.44717293240779477,-0.07826960948961145,0.037043577419354864,0.03364037681803637,0,0,0,0,0,0,0,0
1.9024655102975339,0.0753973491176987,1.951,-0.024068090385001868,2.268760986328125,0.11207060241699218,2.5,0,2,0,0.5975344897024661,-0.0753973491176987,0.04899999999999993,0.024068090385001868,-0.44572176836476235,-0.05897490102915888,0.042720041176469964,0.036234061935668346,0,0,0,0,0,0,0,0
2.0599067061230953,0.07668065625137217,1.955,-0.02525491427635803,2.360470703125,0.07607817840576171,2.5,0,2,0,0.44009329387690466,-0.07668065625137217,0.04499999999999993,0.02525491427635803,-0.6196993208898371,-0.04493634932447406,0.022728377777777697,0.03090645661614928,0,0,0,0,0,0,0,0
2.2028040915079656,0.0787758202021454,1.962,-0.026459191460234087,2.141983642578125,0.08554460144042969,2.5,0,2,0,0.29719590849203437,-0.0787758202021454,0.038000000000000034,0.026459191460234087,-0.5517738585269687,-0.049691946881202445,0.003579588235294681,0.031772179036157866,0,0,0,0,0,0,0,0
2.3071708683684116,0.08164934805481501,1.973,-0.026947883650792502,1.5638133544921875,0.0845049057006836,2.5,0,2,0,0.19282913163158844,-0.08164934805481501,0.026999999999999913,0.026947883650792502,-0.43908839896403185,-0.056111639735011244,-0.029174450000000726,0.029238628294035073,0,0,0,0,0,0,0,0
2.3881848411497346,0.08079931911395478,1.984,-0.026546457922833798,1.2151119384765625,0.01999755859375,2.5,0,2,0,0.11181515885026538,-0.08079931911395478,0.016000000000000014,0.026546457922833798,-0.325747223524392,-0.035651814396981674,-0.034327047058822995,0.024775462064192455,0,0,0,0,0,0,0,0
2.45668075913324,0.07637972905084114,1.995,-0.026581364507873705,1.02883642578125,-0.03899883651733398,2.5,0,2,0,0.0433192408667602,-0.07637972905084114,0.004999999999999893,0.026581364507873705,-0.342545029108791,-0.012082054128335778,-0.05064606666666746,0.026755897433073238,1427130428663,0,0,0,0,0,0,0
2.5224645731406463,0.07321140148010603,2.007,-0.02439970294288082,0.9876717529296875,-0.0212818603515625,2.5,0,2,0,-0.022464573140646316,-0.07321140148010603,-0.007000000000000117,0.02439970294288082,-0.30481220978027834,-0.020488442505158317,-0.05612840000000015,0.015049724807197034,1427130428663,0,0,0,0,0,0,0
2.5763149876912883,0.06871857867521067,2.025,-0.02377138441216278,0.8091599731445313,-0.04766522598266602,2.5,0,2,0,-0.0763149876912883,-0.06871857867521067,-0.02499999999999991,0.02377138441216278,-0.31184268756638134,-0.008347095785880058,-0.11395958852458891,0.020681293277483886,1427130428663,0,0,0,0,0,0,0
2.620549801553782,0.0629441205102053,2.034,-0.02347467843932379,0.6653935546875,-0.070821044921875,2.5,0,2,0,-0.12054980155378203,-0.0629441205102053,-0.03399999999999981,0.02347467843932379,-0.24312683802708188,-0.002817409690861871,-0.06248849718309794,0.02222099123014497,0,0,0,0,0,0,0,0
2.6568171712393145,0.05534888434487336,2.039,-0.02314306588144485,0.5465348510742187,-0.10112785339355469,2.5,0,2,0,-0.1568171712393145,-0.05534888434487336,-0.039000000000000146,0.02314306588144485,-0.25138870517742357,0.016060030630223536,-0.05104872459016599,0.021512184449253326,0,0,0,0,0,0,0,0
2.6859982617000253,0.04936121486095116,2.039,-0.023247785636564516,0.43967755126953123,-0.07966179656982422,2.5,0,2,0,-0.1859982617000253,-0.04936121486095116,-0.039000000000000146,0.023247785636564516,-0.20392343608573027,0.005378436041947415,-0.022633200000000124,0.02369658458707738,0,0,0,0,0,0,0,0
2.7064677482975243,0.04468994340456842,2.035,-0.024137903555081636,0.308588134765625,-0.06291272735595703,2.5,0,2,0,-0.20646774829752434,-0.04468994340456842,-0.03500000000000014,0.024137903555081636,-0.18980370083419518,0.005460289652291235,0.004089113559321934,0.028663926869575463,0,0,0,0,0,0,0,0
2.7188626753615077,0.03846398905268303,2.03,-0.024050637092481925,0.18812374877929688,-0.0888747329711914,2.5,0,2,0,-0.21886267536150772,-0.03846398905268303,-0.029999999999999805,0.024050637092481925,-0.13946826356786307,0.013360205723911226,0.010278702985076535,0.023659891737557847,0,0,0,0,0,0,0,0
2.724815721128592,0.03479585695584558,2.024,-0.024521875990520386,0.09059304809570312,-0.05285865783691406,2.5,0,2,0,-0.22481572112859194,-0.03479585695584558,-0.02400000000000002,0.024521875990520386,-0.1089437942694165,0.0018092004994115889,0.020141783582088395,0.026631900907110515,0,0,0,0,0,0,0,0
2.7241907837638197,0.03229031085792629,2.016,-0.024417156235400722,-0.008449724197387695,-0.03780173873901367,2.5,0,2,0,-0.22419078376381973,-0.03229031085792629,-0.016000000000000014,0.024417156235400722,-0.07441893496215592,-0.003032871402013311,0.036882344776119416,0.023948261809491778,0,0,0,0,0,0,0,0
2.71965321156196,0.031069538421964655,2.013,-0.024661502330679902,-0.06759622192382812,-0.01996788215637207,2.5,0,2,0,-0.21965321156196005,-0.031069538421964655,-0.0129999999999999,0.024661502330679902,-0.049513485155922854,-0.008525679238701029,0.014625114754099089,0.025863204438610295,0,0,0,0,0,0,0,0
2.7122864261717674,0.030474421004216587,2.003,-0.02480112867083953,-0.11024805450439454,-0.011648910522460938,2.5,0,2,0,-0.2122864261717674,-0.030474421004216587,-0.0030000000000001137,0.02480112867083953,-0.03293916568052658,-0.012096739957126557,0.058422503030301796,0.025435793853383286,0,0,0,0,0,0,0,0
2.702494261408818,0.030909636496045285,1.991,-0.022916173078685566,-0.14699919128417968,0.002883747100830078,2.5,0,2,0,-0.20249426140881788,-0.030909636496045285,0.008999999999999897,0.022916173078685566,-0.015314869201507243,-0.01779863470482327,0.0786879636363636,0.014348193114349376,0,0,0,0,0,0,0,0
2.6905280011317187,0.03140108389740674,1.98,-0.02174680247984936,-0.17961569213867187,0.0032568221092224123,2.5,0,2,0,-0.19052800113171875,-0.03140108389740674,0.020000000000000018,0.02174680247984936,-0.0015619537484411403,-0.018215615229523644,0.0789916000000006,0.016735214199122765,0,0,0,0,0,0,0,0
2.6777987341773564,0.03237993615712896,1.974,-0.02036799237077388,-0.191213134765625,0.010527326583862304,2.5,0,2,0,-0.17779873417735637,-0.03237993615712896,0.026000000000000023,0.02036799237077388,0.01789969872239352,-0.021883921538268996,0.06337642950819677,0.013586959047451833,0,0,0,0,0,0,0,0
2.666086088120497,0.03358434440626413,1.97,-0.018168877513261038,-0.17602119445800782,0.014484177589416504,2.5,0,2,0,-0.16608608812049708,-0.03358434440626413,0.030000000000000027,0.018168877513261038,0.011793430940915749,-0.02318394663249502,0.05324672238805973,0.008322094569173693,0,0,0,0,0,0,0,0
2.655225250642343,0.035886924101894604,1.969,-0.014887658519511647,-0.16351316833496093,0.031573219299316405,2.5,0,2,0,-0.15522525064234305,-0.035886924101894604,0.030999999999999917,0.014887658519511647,0.018259978413329506,-0.031276965464251905,0.03907800491803208,-0.0012494840726984709,0,0,0,0,0,0,0,0
2.6423282071266496,0.0400027350021081,1.974,-0.013299408900196838,-0.19435330200195314,0.05885032653808594,2.5,0,2,0,-0.14232820712664962,-0.0400027350021081,0.026000000000000023,0.013299408900196838,0.026777807392295523,-0.040730404486146204,0.004522300000000552,0.006492624817419084,0,0,0,0,0,0,0,0
2.629883952222746,0.04324889130824365,1.972,-0.011693705988362021,-0.18729487609863282,0.04620559310913086,2.5,0,2,0,-0.12988395222274596,-0.04324889130824365,0.028000000000000025,0.011693705988362021,0.04225993685882104,-0.04105680442719532,0.04315190677966105,0.003529114911235835,0,0,0,0,0,0,0,0
2.6186034477230447,0.046203800407875195,1.975,-0.00912807198793041,-0.16971429443359376,0.04234198760986328,2.5,0,2,0,-0.11860344772304465,-0.046203800407875195,0.02499999999999991,0.00912807198793041,0.03121645196569426,-0.038297949502072666,0.013842608695651525,-0.0020268584487287637,0,0,0,0,0,0,0,0
2.6092774703240784,0.04892437833484098,1.977,-0.00420624349730638,-0.14025633239746094,0.03953006362915039,2.5,0,2,0,-0.10927747032407842,-0.04892437833484098,0.02299999999999991,0.00420624349730638,0.032102537434987165,-0.04030928634182573,0.016124890163934334,-0.019999470391008523,0,0,0,0,0,0,0,0
2.6014229289383013,0.05083952824834756,1.987,-0.000785398163397474,-0.11793791198730469,0.02823142433166504,2.5,0,2,0,-0.1014229289383013,-0.05083952824834756,0.0129999999999999,0.000785398163397474,0.02116766167239574,-0.03513396386750645,-0.029603174647887455,-0.013668877895372552,0,0,0,0,0,0,0,0
2.594082138014545,0.05202155430485074,1.991,0.0012915436464757488,-0.1101257553100586,0.017643903732299803,2.5,0,2,0,-0.0940821380145449,-0.05202155430485074,0.008999999999999897,-0.0012915436464757488,0.02888331802846677,-0.03321046196929537,-0.006786733333333444,-0.011676252695841865,1427130430098,0,0,0,0,0,0,0
2.590524237237793,0.052109266238216295,2.009,0.003089232776029913,-0.05336676788330078,0.001384605646133423,2.5,0,2,0,-0.09052423723779279,-0.052109266238216295,-0.008999999999999897,-0.003089232776029913,0.006092156133166271,-0.026846058721309594,-0.09056165882352826,-0.011020214229945343,1427130430098,0,0,0,0,0,0,0
2.5870907944585846,0.05021575981462605,2.013,0.006283185307179537,-0.05158913803100586,-0.02824336051940918,2.5,0,2,0,-0.08709079445858459,-0.05021575981462605,-0.0129999999999999,-0.006283185307179537,0.008824494913705707,-0.014789831634612744,-0.023775845161290266,-0.02173779432887127,1427130430098,0,0,0,0,0,0,0
2.584831095669982,0.046080130833326245,2.011,0.007103490055616871,-0.034284584045410155,-0.061820240020751954,2.5,0,2,0,-0.08483109566998204,-0.046080130833326245,-0.01100000000000012,-0.007103490055616871,0.0021451234816231186,-0.002156175159315165,0.010624117647057583,-0.010722481592840402,1427130430098,0,0,0,0,0,0,0
2.5833625591485743,0.04150432444266302,2.006,0.009651670763528583,-0.022515050888061522,-0.06847888946533204,2.5,0,2,0,-0.08336255914857427,-0.04150432444266302,-0.005999999999999783,-0.009651670763528583,-0.0006453930282889035,0.004240401287370139,0.03206997777777981,-0.021785864610727214,1427130430098,0,0,0,0,0,0,0
2.5836479551318803,0.03539461277591205,2.011,0.012252211349000185,0.0033962202072143556,-0.09168272399902344,2.5,0,2,0.009651670763528583,-0.08364795513188028,-0.03539461277591205,-0.01100000000000012,-0.002600540585471602,-0.04182397756594014,-0.017697306387956024,-0.008800000000000098,-0.002600540585471602,1427130430098,0,0,0,0,0,0,0
2.582731032358497,0.028626683303205024,2.014,0.01708677337702445,-0.014996609687805175,-0.10134281158447266,2.5,0,2,0.009651670763528583,-0.0827310323584971,-0.028626683303205024,-0.01399999999999979,-0.007435102613495866,-0.03624063247279288,0.023874963279708512,-0.028222283870965703,-0.03082814468458101,1427130430489,0,0,0,0,0,0,0
2.5845183828222362,0.0202498070353425,2.013,0.020542525295973234,0.024659440994262694,-0.12609288024902343,2.5,0,2,0.009651670763528583,-0.08451838282223623,-0.0202498070353425,-0.0129999999999999,-0.010890854532444651,-0.05143507280356966,0.03233477693054931,-0.005504036231884537,-0.02591586287570024,1427130430558,0,0,0,0,0,0,0
2.584201745151636,0.009903771613463801,2.01,0.023404865269243912,-0.007936344146728516,-0.1550602264404297,2.5,0,2,0.009651670763528583,-0.08420174515163614,-0.009903771613463801,-0.009999999999999787,-0.013753194505715329,-0.04044507304473363,0.054372850304336355,0.008975614754099187,-0.02783027634147276,1427130430619,0,0,0,0,0,0,0
2.5851310714145628,-0.00008656229943627275,2.005,0.025342180738957647,0.010429059982299805,-0.15014019775390625,2.5,0,2,0.009651670763528583,-0.08513107141456278,0.00008656229943627275,-0.004999999999999893,-0.015690509975429062,-0.04749922393276348,0.05068118547108374,0.021090318840579256,-0.02411362071331486,1427130430688,0,0,0,0,0,0,0
2.587169641852076,-0.010678161867275405,2,0.02759365547403032,0.02654295539855957,-0.1595978240966797,2.5,0,2,0.009651670763528583,-0.08716964185207621,0.010678161867275405,0,-0.017941984710501735,-0.05536663945346134,0.06509928679375827,0.027953806451612304,-0.028836217299563052,1427130430750,0,0,0,0,0,0,0
2.5878493730248215,-0.021128169828615213,1.994,0.02926917155594484,0.005867326259613037,-0.1569717559814453,2.5,0,2,0.009651670763528583,-0.08784937302482154,0.021128169828615213,0.006000000000000005,-0.019617500792416254,-0.0478081396828044,0.06513675259314503,0.035911483582089586,-0.027119811606958873,1427130430817,0,0,0,0,0,0,0
2.5869812617115695,-0.028799599713323874,1.982,0.03143337982841783,-0.016383657455444334,-0.11464108276367188,2.5,0,2,0.009651670763528583,-0.0869812617115695,0.028799599713323874,0.018000000000000016,-0.02178170906488925,-0.039055207107388114,0.05702007237047235,0.08094826666666674,-0.03208746274333209,1427130430880,0,0,0,0,0,0,0
2.5838139623341485,-0.03708423603623618,1.98,0.03235840433197483,-0.0513915901184082,-0.12271501922607422,2.5,0,2,0.009651670763528583,-0.0838139623341485,0.03708423603623618,0.020000000000000018,-0.022706733568446248,-0.026049115334928888,0.06121006338296307,0.02631171764705885,-0.026787724025315356,1427130430948,0,0,0,0,0,0,0
2.5806311460526135,-0.044672771185843264,1.982,0.033143802495372285,-0.05139990234375,-0.11222384643554688,2.5,0,2,0.009651670763528583,-0.08063114605261346,0.044672771185843264,0.018000000000000016,-0.023492131731843703,-0.022842463445297816,0.06522902246713798,0.003238877419354849,-0.027292445425702357,1427130431010,0,0,0,0,0,0,0
2.578209439635645,-0.05015180398982199,1.982,0.03413864016900904,-0.03902908706665039,-0.08093660736083984,2.5,0,2,0.009651670763528583,-0.07820943963564497,0.05015180398982199,0.018000000000000016,-0.02448696940548046,-0.027187638541040508,0.05336504135715203,0.014651600000000018,-0.028875959142113206,1427130431078,0,0,0,0,0,0,0
2.57546894061476,-0.055367392094853814,1.984,0.03689626038716008,-0.04375381088256836,-0.07678515625,2.5,0,2,0.009651670763528583,-0.07546894061476017,0.055367392094853814,0.016000000000000014,-0.0272445896236315,-0.023104605284169712,0.05678230220096093,0.002041288888888897,-0.04037611447196979,1427130431141,0,0,0,0,0,0,0
2.5733290692108564,-0.05994764824248206,1.989,0.037472219040318236,-0.03461056518554687,-0.06747305297851562,2.5,0,2,0.009651670763528583,-0.07332906921085636,0.05994764824248206,0.010999999999999899,-0.027820548276789654,-0.02719291425706259,0.05180467573329015,-0.014414848648649269,-0.030155515789592982,1427130431215,0,0,0,0,0,0,0
2.568485992054122,-0.06360869042112191,2,0.03790855135331679,-0.0746524887084961,-0.052155506134033205,2.5,0,2,0.009651670763528583,-0.06848599205412187,0.06360869042112191,0,-0.02825688058978821,-0.0046615090014974735,0.05488895763453028,-0.06831619999999937,-0.03059437512370904,1427130431271,0,0,0,0,0,0,0
2.564386716643793,-0.06617826057503895,2.006,0.0379434579383567,-0.06290573501586914,-0.03618545532226562,2.5,0,2,0.009651670763528583,-0.06438671664379303,0.06617826057503895,-0.005999999999999783,-0.028291787174828116,-0.01151011734823772,0.04675969619929089,-0.03574968358208824,-0.028448085316797846,1427130431338,0,0,0,0,0,0,0
2.559652308061107,-0.06996170456720022,2.013,0.03728023282259883,-0.07311785125732422,-0.05401686096191406,2.5,0,2,0.009651670763528583,-0.05965230806110711,0.06996170456720022,-0.0129999999999999,-0.02762856205907025,-0.004292349384999797,0.056291499689317806,-0.04897718888888945,-0.024470347222128038,1427130431401,0,0,0,0,0,0,0
2.553539148303477,-0.0714806943634922,2.019,0.037367499285198544,-0.09248291015625,-0.019351306915283202,2.5,0,2,0.009651670763528583,-0.053539148303476836,0.0714806943634922,-0.019000000000000128,-0.027715828521669962,0.0038903468393141002,0.04389879800370198,-0.04589985294117774,-0.028100827621374568,1427130431469,0,0,0,0,0,0,0
2.547720785280522,-0.07462746381194861,2.019,0.035552356863124454,-0.08897791290283204,-0.043908084869384766,2.5,0,2,0.009651670763528583,-0.04772078528052193,0.07462746381194861,-0.019000000000000128,-0.025900686099595872,0.007628910402325179,0.05518292068770036,-0.015137200000000099,-0.01725715075638592,1427130431532,0,0,0,0,0,0,0
2.5404110074616515,-0.07737737169849135,2.021,0.034365532971768295,-0.1110435562133789,-0.03732517623901367,2.5,0,2,0.009651670763528583,-0.040411007461651494,0.07737737169849135,-0.020999999999999908,-0.024713862208239713,0.01655593723092695,0.05328237640362514,-0.027174117647057613,-0.01947787445225666,1427130431600,0,0,0,0,0,0,0
2.5363565346362567,-0.08022631670326058,2.018,0.03269001688985375,-0.06224947738647461,-0.04061934280395508,2.5,0,2,0.009651670763528583,-0.036356534636256654,0.08022631670326058,-0.017999999999999794,-0.023038346126325167,0.0038249292180770195,0.05668540563022402,0.0023438838709685557,-0.01493101024609349,1427130431662,0,0,0,0,0,0,0
2.5310978662864394,-0.08330778159890916,2.017,0.03134611336581812,-0.0803486099243164,-0.04361914825439453,2.5,0,2,0.009651670763528583,-0.031097866286439402,0.08330778159890916,-0.016999999999999904,-0.02169444260228954,0.0102190574916503,0.05783148542406897,-0.008836436231884535,-0.015851383802134637,1427130431731,0,0,0,0,0,0,0
2.5257953004172293,-0.08605587951484706,2.014,0.030019663134302446,-0.08079133605957031,-0.03870840454101562,2.5,0,2,0.009651670763528583,-0.025795300417229328,0.08605587951484706,-0.01399999999999979,-0.020367992370773864,0.01611378225126101,0.05914172596850735,0.00533978387096856,-0.013949684798923827,1427130431793,0,0,0,0,0,0,0
2.520807271272364,-0.08597759404991731,2.012,0.02796017461694912,-0.07475148010253906,0.0034194998741149903,2.5,0,2,0.009651670763528583,-0.020807271272364147,0.08597759404991731,-0.01200000000000001,-0.01830850385342054,0.014333487717078168,0.043244652129906885,0.00021681764705768804,-0.009222525100391165,1427130431861,0,0,0,0,0,0,0
